17.174297 0.731735336781
34.034535 0.727470219135
51.19618 0.737972557545
68.157089 0.733652186394
85.320412 0.736814749241
102.332999 0.733868455887
119.525925 0.735649740696
136.419793 0.728685534
153.399736 0.723893535137
170.461325 0.73509953022
187.705872 0.737266659737
204.767547 0.73613601923
221.8286 0.731334292889
238.75362 0.727776813507
256.084783 0.738533890247
273.026734 0.731109440327
290.087489 0.730582714081
306.9321 0.725414800644
323.961493 0.729778707027
340.887473 0.729872882366
357.882175 0.726903510094
374.977061 0.736184597015
392.205893 0.740432608128
409.333468 0.739871752262
426.564678 0.739011561871
443.55618 0.731131410599
460.55294 0.72786706686
477.514366 0.731567847729
494.62589 0.733297920227
511.634195 0.733530437946
528.846558 0.739139616489
545.892767 0.735901868343
562.954927 0.730946779251
580.029091 0.737947273254
597.092347 0.731437861919
613.969144 0.728212964535
631.064165 0.732829189301
648.224324 0.739231264591
665.422741 0.736595892906
682.280088 0.726076495647
699.375441 0.73225055933
716.369535 0.733002984524
733.381081 0.727958464622
750.460462 0.737372684479
767.689868 0.737559914589
784.718227 0.734149515629
801.695575 0.726403093338
818.820614 0.737864923477
835.949299 0.73156812191
852.91055 0.731084048748
869.921241 0.727237021923
886.849777 0.730320250988
903.946705 0.731244146824
920.87154 0.729709136486
938.033417 0.734571874142
955.061028 0.734523522854
972.22528 0.734677815437
989.385827 0.74221997261
1006.578233 0.737268579006
1023.442853 0.727278900146
1040.617882 0.736154508591
1057.565166 0.73136690855
1074.623383 0.729845774174
1091.551345 0.728590583801
1108.78232 0.735463821888
1125.823751 0.735966265202
1142.985588 0.735098266602
1159.915975 0.728209555149
1176.977414 0.728483772278
1194.052622 0.737768959999
1211.347372 0.741327738762
1228.508903 0.739615058899
1245.572942 0.730479669571
1262.648 0.737553429604
1279.677609 0.729763901234
1296.654254 0.733713304996
1313.948634 0.74049166441
1331.147266 0.743685126305
1348.341268 0.735651385784
1365.31883 0.731333351135
1382.527773 0.737304747105
1399.558374 0.734322738647
1416.584857 0.728273653984
1433.529335 0.731066441536
1450.672495 0.730764222145
1467.600456 0.728852856159
1484.861315 0.73852366209
1502.140097 0.745464754105
1519.237067 0.729566776752
1536.195645 0.729960906506
1553.440825 0.739035224915
1570.517972 0.73624266386
1587.830654 0.739938020706
1604.79473 0.730518460274
1621.820585 0.727818894386
1638.963672 0.738889122009
1655.976638 0.727714371681
1673.019702 0.73683784008
1690.297661 0.738193416595
1707.325434 0.734944462776
1724.406238 0.730506682396
1741.417877 0.733682870865
1758.627782 0.73565466404
1775.637407 0.734220659733
1792.949121 0.73848503828
1809.8598 0.728387355804
1826.988151 0.732578074932
1843.96849 0.73178242445
1861.010771 0.727779698372
1877.988387 0.731465673447
1894.969585 0.722806501389
1912.044595 0.735630059242
1929.359952 0.739780938625
1946.38384 0.734280347824
1963.595982 0.733990240097
1980.723853 0.739148342609
1997.984482 0.735948348045
2015.182896 0.741717147827
2032.474206 0.737562453747
2049.654987 0.742143201828
2066.983087 0.735717284679
2083.96122 0.731901586056
2101.13964 0.73120405674
2118.164317 0.734170782566
2135.344754 0.731187736988
2152.353582 0.730817532539
2169.582286 0.73531755209
2186.559801 0.73188508749
2203.874156 0.73885756731
2221.015968 0.738890230656
2238.393786 0.737708079815
2255.305253 0.728288090229
2272.649883 0.738434422016
2289.494077 0.725332129002
2306.522309 0.724626529217
2323.617254 0.737904596329
2340.811327 0.732873678207
2357.80928 0.73371489048
2375.084397 0.73468362093
2392.182077 0.736473572254
2409.457121 0.736124408245
2426.50177 0.736028170586
2443.666676 0.732794141769
2460.641352 0.731169247627
2477.904066 0.732285189629
2494.997715 0.737153542042
2512.408384 0.743164849281
2529.489532 0.736043941975
2546.648206 0.730611467361
2563.775534 0.738497591019
2581.13761 0.739741539955
2598.119033 0.731634962559
2615.329306 0.733101117611
2632.504767 0.742448306084
2649.802146 0.73684874773
2666.813552 0.733036911488
2684.106967 0.734176981449
2701.1683 0.736555969715
2718.194448 0.724251532555
2735.056202 0.7263438344
2752.067501 0.727326607704
2769.212245 0.741127645969
2786.273596 0.727800488472
2803.284525 0.733555185795
2820.563596 0.737896859646
2837.473618 0.728757679462
2854.768387 0.740838754177
2871.929963 0.740632402897
2889.076897 0.732627820969
2906.03572 0.731425261497
2923.19793 0.731249928474
2940.108198 0.728650796413
2957.254693 0.732400548458
2974.164193 0.727917027473
2991.32691 0.730877149105
3008.270477 0.730788385868
3025.331782 0.725463938713
3042.212269 0.727061617374
3059.290325 0.729770457745
3076.331566 0.734726560116
3093.643326 0.737736403942
3110.538042 0.729456579685
3127.766087 0.737567698956
3144.861295 0.737494170666
3161.955045 0.729041302204
3178.783144 0.725455307961
3195.947631 0.730344307423
3212.922035 0.730279946327
3230.053519 0.73163176775
3247.098104 0.735549139977
3264.425271 0.739173531532
3281.300973 0.725920188427
3298.44827 0.729664123058
3315.423307 0.732459652424
3332.685753 0.738679206371
3349.796761 0.737291967869
3366.908985 0.728957283497
3383.919343 0.73357155323
3401.248733 0.740215408802
3418.159783 0.729625475407
3435.522243 0.740279757977
3452.297635 0.722991979122
3469.508642 0.734981918335
3486.553722 0.734356343746
3503.599556 0.725908076763
3520.859775 0.746129739285
3538.037972 0.730850255489
3554.931836 0.728249537945
3572.113069 0.732700061798
3589.02108 0.729449605942
3606.249302 0.735592401028
