16.245864 0.691162800789
32.420641 0.694349563122
48.581444 0.68925216198
64.711572 0.688438034058
81.038697 0.696563100815
97.213333 0.692431497574
113.542069 0.698332953453
129.570247 0.688145005703
145.812459 0.692274236679
162.075417 0.699499213696
178.233067 0.688677620888
194.511124 0.699228405952
210.721196 0.690311825275
226.949115 0.69768897295
243.410302 0.698791563511
259.470804 0.689793777466
275.733015 0.692623400688
291.878214 0.692599868774
308.253065 0.695624613762
324.64752 0.705199992657
340.827396 0.689224088192
356.871316 0.687677097321
373.179438 0.696840333939
389.206743 0.687751173973
405.50395 0.695503616333
421.761042 0.69910902977
438.055205 0.69481613636
454.049345 0.685735428333
470.310896 0.692899537086
486.473123 0.694167435169
502.78196 0.695278275013
518.958907 0.694717478752
535.238982 0.695194900036
551.414124 0.694790017605
567.694135 0.694715344906
583.902702 0.69704965353
600.328731 0.697657632828
616.493134 0.693480920792
632.802395 0.696027398109
649.031752 0.697031271458
665.3754 0.697200894356
681.519473 0.691608595848
697.877669 0.692608833313
714.105103 0.696597480774
730.301269 0.689971780777
746.477608 0.695102310181
762.770653 0.695821070671
778.830724 0.688406407833
795.275174 0.697554028034
811.302685 0.686870932579
827.512992 0.68804397583
843.590834 0.690076124668
860.135008 0.700772976875
876.228898 0.690367484093
892.739977 0.703504598141
908.80346 0.688563096523
925.127433 0.694227862358
941.258116 0.690791332722
957.682554 0.697135078907
973.91009 0.698027122021
990.273779 0.698390877247
1006.465209 0.695526134968
1022.860627 0.694579362869
1039.02274 0.693588232994
1055.26737 0.693181478977
1071.340938 0.68889901638
1087.618826 0.692195999622
1103.745746 0.692251205444
1120.057081 0.693711459637
1136.250974 0.69279654026
1152.514997 0.691833686829
1168.73872 0.69691644907
1184.96921 0.688887798786
1201.143717 0.695218229294
1217.438359 0.693599104881
1233.6818 0.698442959785
1249.942458 0.692493271828
1266.070438 0.690836346149
1282.414688 0.696873295307
1298.724784 0.701812458038
1315.069231 0.694942188263
1331.24787 0.69517519474
1347.527303 0.692214810848
1363.685046 0.693824803829
1380.029055 0.694692337513
1396.206392 0.694919729233
1412.484141 0.69201618433
1428.778174 0.700480854511
1445.005007 0.688160896301
1461.151882 0.692966902256
1477.461474 0.694077301025
1493.587315 0.690738415718
1509.934316 0.696663236618
1525.97614 0.687706208229
1542.303487 0.693636703491
1558.463678 0.693268430233
1574.727296 0.692690074444
1590.971472 0.698389267921
1607.262768 0.693001914024
1623.308283 0.687574243546
1639.450952 0.685479784012
1655.564719 0.689975833893
1672.005497 0.698603343964
1688.103009 0.690645051003
1704.393407 0.689332616329
1720.738339 0.701670956612
1737.015382 0.688504099846
1753.275449 0.697563970089
1769.603752 0.692480146885
1785.964492 0.702662599087
1802.27512 0.691427314281
1818.471753 0.694887685776
1834.863583 0.696047091484
1851.110005 0.697506165504
1867.638191 0.701960062981
1883.798701 0.692495262623
1900.189933 0.69553784132
1916.534645 0.702167141438
1932.945379 0.695711827278
1949.173386 0.696395111084
1965.63332 0.697945976257
1981.777449 0.691811692715
1998.22113 0.697405076027
2014.535694 0.700597679615
2030.829277 0.689851617813
2046.920694 0.689863717556
2063.367495 0.697728276253
2079.561281 0.694436883926
2095.836864 0.688745260239
2112.014052 0.694336891174
2128.274392 0.69007486105
2144.554376 0.697894716263
2161.046103 0.70225559473
2177.173063 0.692653787136
2193.787197 0.706391465664
2209.979316 0.695893239975
2226.358524 0.696257579327
2242.533006 0.694115436077
2258.828195 0.690504157543
2274.921088 0.690505135059
2291.298769 0.695375370979
2307.613541 0.700341641903
2324.087252 0.700073599815
2340.134267 0.68903567791
2356.525627 0.695406758785
2372.569439 0.689002358913
2388.983428 0.696296525002
2405.174574 0.695201098919
2421.468759 0.690620934963
2437.64629 0.694232356548
2453.989763 0.693426060677
2470.086726 0.689653635025
2486.360926 0.690604507923
2502.573254 0.695926713943
2518.869397 0.691001832485
2535.126673 0.697250699997
2551.457398 0.69158577919
2567.582956 0.692325079441
2584.012007 0.697613847256
2600.103447 0.690783953667
2616.581798 0.700545811653
2632.711427 0.692490172386
2649.18924 0.701092135906
2665.346448 0.6927257061
2681.723196 0.697447609901
2697.817949 0.690573263168
2714.16323 0.69388769865
2730.406674 0.697923147678
2746.800538 0.697018826008
2762.929185 0.692263662815
2779.222196 0.689644229412
2795.333906 0.69220417738
2811.877309 0.7034304142
2828.107013 0.696695208549
2844.565539 0.697457790375
2860.595167 0.686008536816
2877.036648 0.69685498476
2893.314259 0.699388599396
2909.66096 0.694507229328
2925.802826 0.691624557972
2942.29687 0.700446403027
2958.443516 0.692530357838
2974.718253 0.690681862831
2990.862067 0.692975878716
3007.259122 0.695051050186
3023.420038 0.694189143181
3039.763117 0.691572284698
3056.005629 0.696427631378
3072.28598 0.689373147488
3088.362705 0.68989225626
3104.637506 0.688533854485
3120.86505 0.694763195515
3137.142205 0.69112136364
3153.422395 0.700473332405
3169.830911 0.694131422043
3185.991499 0.694310510159
3202.335886 0.694366276264
3218.512818 0.69260956049
3234.693654 0.684895992279
3250.85375 0.693277680874
3267.23109 0.694853138924
3283.372555 0.692848670483
3299.769331 0.695779263973
3316.060628 0.700724875927
3332.405144 0.694180631638
3348.534693 0.69038028717
3364.862606 0.694157981873
3381.036903 0.694230091572
3397.414499 0.69478482008
3413.425324 0.687320756912
3429.902591 0.70011510849
3446.130054 0.696584367752
3462.457733 0.693412947655
3478.735137 0.70021777153
3494.913766 0.687330949306
3511.125704 0.69694904089
3527.467638 0.693828058243
3543.680633 0.696228289604
3560.058579 0.695350658894
3576.118508 0.689152431488
3592.510354 0.695270729065
3608.672101 0.694196236134
