81.654101 3.99104120731
158.228199 3.73777073622
234.88956 3.73997216225
311.458554 3.73635466099
388.079404 3.74528551102
464.615958 3.73795126677
541.535808 3.74973055124
618.17383 3.73954364061
694.829486 3.73906466961
773.446015 3.832097435
856.865922 4.08065841198
933.317079 3.73562024832
1013.262975 3.91018494368
1089.764798 3.73632470369
1166.266733 3.73334867954
1243.074821 3.7413516283
1319.479958 3.72857758999
1395.88934 3.73002337217
1472.452217 3.73719273806
1553.623291 3.96878129244
1630.006731 3.72912527323
1711.21423 3.96975008249
1788.344373 3.76780883074
1864.972859 3.74357186556
1941.456383 3.730215168
2018.070215 3.73806802034
2095.195259 3.76394206285
2099.31615 9999
2175.497166 3.73402668238
2255.409453 3.90635596514
2336.701675 3.97546597719
2418.085944 3.97738832235
2494.687882 3.73531676531
2571.197787 3.73546788692
2651.189888 3.90809315443
2732.377542 3.97058228254
2808.820616 3.72974251509
2885.369316 3.73528325558
2962.101645 3.74364588261
3038.669173 3.73412015438
3120.01731 3.9712569356
3196.64996 3.74338788986
3273.740287 3.76235501766
3352.135444 3.82895514965
3432.12182 3.90810410976
3508.686317 3.7379928112
3585.21477 3.73370615244
3662.487102 3.7696441412
