2.823406 0.0270876089732
5.546741 0.0280609130859
8.31755 0.0303333600362
11.047468 0.031701485316
13.798261 0.0323003927867
16.557814 0.0319128036499
19.229728 0.0137376785278
21.938812 0.0305409431458
24.70752 0.0317033926646
27.529773 0.0393881797791
30.289238 0.0335456530253
33.134021 0.0328226089478
35.91196 0.0333046118418
38.663836 0.0162159601847
41.437635 0.0331117312113
44.205746 0.0339683691661
46.965686 0.0329943497976
49.744483 0.0352543195089
52.543127 0.0349187056224
55.261749 0.0346799691518
58.029398 0.034698565801
60.821528 0.034931341807
63.687618 0.0355957349141
66.461062 0.034605662028
69.236888 0.0335056781769
72.013007 0.0340373516083
74.812081 0.0340087413788
77.537867 0.0331292152405
80.297763 0.0351293881734
83.055184 0.0352849960327
85.786393 0.0349696477254
88.541814 0.0333872636159
91.374774 0.0347069104513
94.22686 0.033898750941
97.035652 0.0344573656718
99.783114 0.0167276859283
102.54203 0.0340326627096
105.291186 0.0349717140198
108.035791 0.0332411130269
110.774294 0.0339422225952
113.553531 0.016216357549
116.316096 0.036094268163
119.095057 0.033265988032
121.855828 0.03431169192
124.754375 0.0344316164653
127.581332 0.0334943930308
130.355418 0.0359710057576
133.069988 0.0338030656179
135.907419 0.0349869728088
138.588212 0.015798330307
141.381308 0.0340692996979
144.076729 0.0154483318329
146.929383 0.0342965920766
149.742857 0.034339984258
152.498905 0.0337967077891
155.473442 0.0339349110921
158.234611 0.0330700874329
160.98827 0.0354816118876
163.783667 0.0355243682861
166.516422 0.0341010093689
169.383032 0.0334340731303
172.14882 0.0345559914907
174.910654 0.0342189470927
177.655234 0.0357796351115
180.461609 0.0339543024699
183.231803 0.0328950087229
186.121687 0.0353212356567
188.884404 0.0325296719869
191.620132 0.0336679617564
194.378073 0.0346436500549
197.123259 0.0343052546183
199.877097 0.0168759822845
202.649222 0.0346707503001
205.419762 0.0361759662628
208.164066 0.0356653531392
210.931416 0.0368972619375
213.6723 0.0348676045736
216.526042 0.0164443651835
219.329326 0.0342592398326
222.116495 0.0361260573069
224.927525 0.0344603061676
227.709307 0.0359659989675
230.460262 0.035001595815
233.194122 0.0344670613607
235.962385 0.0339449246724
238.696603 0.034716685613
241.365422 0.0167559782664
244.149445 0.0355566342672
247.090844 0.0354106426239
249.84454 0.0357263088226
252.589614 0.0337646802266
255.337589 0.0349016984304
258.050978 0.0174023310343
260.773437 0.0344547430674
263.526121 0.0356945991516
266.248655 0.017162322998
269.000712 0.033318678538
271.808121 0.0358122984568
274.600334 0.0350921154022
277.451326 0.0331226189931
280.148667 0.0169628461202
282.885585 0.0352133115133
285.681804 0.0345833301544
288.451768 0.0355240503947
291.283424 0.0334160327911
294.049738 0.034140586853
296.85103 0.0347409248352
299.561492 0.0165832837423
302.330389 0.0351073741913
305.073334 0.0343937079112
308.025789 0.0344859759013
310.73024 0.016840616862
313.460899 0.0169847011566
316.226316 0.0355672836304
318.966594 0.0161389509837
321.719861 0.0356884002686
324.541881 0.0347379843394
327.289712 0.0334503650665
330.049 0.0357890129089
332.829139 0.0344657103221
335.632226 0.034797112147
338.541701 0.0353399912516
341.24635 0.0172709623973
343.965599 0.0334533850352
346.781766 0.0339916547139
349.540415 0.0343483289083
352.28891 0.0412216981252
355.073432 0.0483764012655
357.837263 0.036026318868
360.650296 0.0351259708405
363.320411 0.0177470048269
366.113325 0.0344686508179
369.076955 0.0345593293508
371.809163 0.0339546203613
374.604428 0.0349707603455
377.350862 0.0344533920288
380.14156 0.0353176593781
382.898316 0.0352073510488
385.646459 0.0165643692017
388.420903 0.0334817568461
391.112237 0.0170180002848
393.856158 0.035163640976
396.624212 0.0353167851766
399.496484 0.0167287190755
402.27937 0.0366376241048
405.040719 0.0349617004395
407.775729 0.0334267616272
410.456897 0.0174300670624
413.218939 0.0341636339823
415.98982 0.0352249940236
418.760795 0.0340926647186
421.5708 0.0351784229279
424.395727 0.0343415737152
427.180768 0.0351303418477
430.110239 0.0361114343007
432.88333 0.0358933607737
435.644503 0.0352460543315
438.392987 0.0346533457438
441.142433 0.0352896054586
443.935267 0.034999370575
446.738852 0.0352426369985
449.501285 0.0353597005208
452.238642 0.0354016621908
454.994663 0.0371046861013
457.79198 0.0345140298208
460.714964 0.0396420955658
463.442345 0.0332353115082
466.144616 0.0150338808695
468.865709 0.0158317089081
471.649005 0.0332993666331
474.378827 0.0150473912557
477.114418 0.0164870421092
479.862841 0.035035610199
482.673369 0.0334672927856
485.386469 0.0334743658702
488.139906 0.0336053371429
491.087194 0.0346490542094
493.858383 0.0347536404928
496.609746 0.0350913206736
499.294611 0.0163503487905
502.062086 0.0348045825958
504.768745 0.0161030292511
507.533232 0.0341459910075
510.318614 0.0330173969269
513.098922 0.035137017568
515.8376 0.0338956514994
518.544458 0.0169942378998
521.538444 0.0332839488983
524.325914 0.0349133014679
527.099668 0.0352267424266
529.882941 0.0338699817657
532.629271 0.0341786543528
535.390231 0.0358429749807
538.14883 0.0352003574371
540.906887 0.0352346897125
543.689818 0.0334116617839
546.421936 0.0171562830607
549.134014 0.0163593292236
552.009699 0.0157056649526
554.694583 0.0156450271606
557.453027 0.0329146385193
560.228172 0.0347603956858
563.018798 0.0347452958425
565.841095 0.0346384048462
568.607827 0.0364940961202
571.370096 0.0343563556671
574.108698 0.0347519715627
576.885076 0.0340530077616
579.648011 0.0353260040283
582.585868 0.0345044136047
585.319264 0.0337862968445
588.081462 0.0348019599915
590.800408 0.0169800122579
593.593043 0.0340146223704
596.356489 0.0356219609578
599.131263 0.0344885985057
601.853997 0.0167786280314
604.596693 0.0358476638794
607.358159 0.035008986791
610.106922 0.0339789390564
613.028598 0.0168236891429
615.750791 0.0343125661214
618.506718 0.0364503065745
621.267913 0.0339922904968
624.035233 0.0341733296712
626.764418 0.0328089396159
629.542377 0.0345949331919
632.308127 0.0173186461131
635.075075 0.0357174078623
637.844035 0.0362453460693
640.646279 0.0487049420675
643.603126 0.0356070200602
646.309591 0.014940738678
649.055282 0.0344146092733
651.743082 0.015628973643
654.564021 0.0343514283498
657.398277 0.03489112854
660.152908 0.0334040323893
662.929044 0.0349233150482
665.696601 0.0337143739065
668.399012 0.0168729623159
671.144883 0.0331160227458
674.142437 0.0335287253062
676.926417 0.0347243150075
679.735412 0.0345260302226
682.531617 0.0347802639008
685.290347 0.035485903422
688.050275 0.0341926415761
690.789528 0.0171476999919
693.491259 0.0337289969126
696.199962 0.0162660280863
698.956784 0.0337397257487
701.708519 0.0163559913635
704.648353 0.0330506960551
707.40634 0.0339846611023
710.161964 0.0356619358063
712.966817 0.0331286589305
715.702648 0.0334777037303
718.424457 0.0332555770874
721.223863 0.0324796835581
723.923187 0.0155916213989
726.636059 0.0155925750732
729.396856 0.0336866378784
732.146168 0.0347079435984
735.109829 0.0163379510244
737.927495 0.0329511960347
740.775981 0.0319459438324
743.504661 0.0336139996847
746.224664 0.0168926715851
748.965898 0.0341529846191
751.707011 0.035796324412
754.46915 0.0344142913818
757.257702 0.0356233119965
760.087175 0.0351552963257
762.79207 0.017861366272
765.726311 0.0357240041097
768.50232 0.035812775294
771.284954 0.0329676469167
773.990126 0.0166045824687
776.763963 0.0340287685394
779.534359 0.0344105561574
782.30805 0.0349327723185
785.047918 0.0341993172963
787.84184 0.0357953707377
790.658666 0.0361106395721
793.389543 0.0347156524658
796.425772 0.0356710751851
799.198503 0.0343951384226
801.92436 0.0180849234263
804.691077 0.0358096758525
807.48374 0.0344676971436
810.266301 0.0365205605825
812.943558 0.016966342926
815.686016 0.0346579551697
818.461175 0.0354104042053
821.174927 0.0175433953603
823.961773 0.0354890823364
826.912081 0.0340669949849
829.661134 0.0345757802327
832.492313 0.0339894294739
835.215782 0.0170880158742
837.971157 0.035809357961
840.711547 0.0346161524455
843.479898 0.0365509986877
846.274586 0.0390887260437
849.022535 0.0358803272247
851.814324 0.0359567006429
854.601059 0.0357696215312
857.51958 0.0177139441172
860.292359 0.0348576704661
863.030244 0.0352260271708
865.729502 0.0174125830332
868.477762 0.0338146686554
871.286917 0.0343843301137
873.979131 0.0178986390432
876.703877 0.0167246659597
879.521338 0.0353213151296
882.361597 0.0355297724406
885.036338 0.0169308980306
887.989642 0.0352983474731
890.78006 0.0346269607544
893.598222 0.0357396602631
896.355914 0.0356292724609
899.139203 0.0366383393606
901.932697 0.0364720026652
904.749417 0.0480753580729
907.521727 0.0350182851156
910.321377 0.0346116224925
913.14254 0.0347580909729
915.990524 0.0355996290843
918.921857 0.0180153052012
921.678849 0.0173309644063
924.459985 0.0359384218852
927.229362 0.0333240826925
929.937507 0.0165833632151
932.736247 0.0336286226908
935.513636 0.0346100330353
938.253399 0.0345659255981
940.989354 0.0368300278982
943.761522 0.0353658994039
946.521323 0.0344359874725
949.493312 0.0356199741364
952.279945 0.0365436077118
954.960529 0.0172252655029
957.74931 0.0346227486928
960.586416 0.036137342453
963.38301 0.0345106124878
966.154117 0.0357036590576
968.893833 0.0341619650523
971.67703 0.0355482896169
974.450225 0.0345679918925
977.170079 0.0169440110524
980.202177 0.0338453451792
982.968539 0.0353446801503
985.745515 0.0350783665975
988.517379 0.0348687171936
991.225642 0.0169543425242
994.004152 0.0366133848826
996.781588 0.0353943506877
999.588678 0.0353775819143
1002.335454 0.0340023040771
1005.099711 0.0346930027008
1007.860144 0.0362333456675
1010.773812 0.033859650294
1013.549723 0.0354050000509
1016.352968 0.0340202649434
1019.213579 0.0562733014425
1022.008353 0.0349092483521
1024.854056 0.0346542199453
1027.642844 0.0350369612376
1030.405995 0.03271595637
1033.176203 0.0357316335042
1035.923866 0.034464597702
1038.708762 0.0337243874868
1041.72256 0.0350653330485
1044.444231 0.0353132883708
1047.235346 0.0347183545431
1049.925228 0.0170450210571
1052.682653 0.0347227255503
1055.52226 0.0347656408946
1058.253288 0.0334023634593
1061.019364 0.0337820053101
1063.786759 0.034950653712
1066.574867 0.0349229971568
1069.356392 0.0355066458384
1072.303021 0.0352169672648
1075.044928 0.0353676478068
1077.821549 0.0368541876475
1080.551367 0.0168485641479
1083.358887 0.0343453884125
1086.136855 0.0359466870626
1088.921922 0.0357090632121
1091.718729 0.0356196562449
1094.465416 0.0336093902588
1097.221153 0.0362100601196
1100.025433 0.0332034428914
1103.026668 0.0173776944478
1105.807441 0.0360811551412
1108.576584 0.0335779984792
1111.342544 0.0348190466563
1114.060534 0.0167982578278
1116.863026 0.0350979963938
1119.624819 0.0322586695353
1122.412232 0.0346239407857
1125.249402 0.0343899726868
1128.006124 0.0353046258291
1130.767337 0.0343159834544
1133.742876 0.036035378774
1136.506576 0.0340456167857
1139.255228 0.0167000293732
1142.05015 0.0346732139587
1144.738884 0.0162257353465
1147.572376 0.0353847344716
1150.32329 0.0344115893046
1153.147701 0.0341165065765
1155.902463 0.0337999661764
1158.687073 0.0357307593028
1161.43902 0.0340490341187
1164.324797 0.0163773695628
1167.15796 0.035259326299
1169.930611 0.035696665446
1172.713062 0.0349146525065
1175.518056 0.0361210505168
1178.343559 0.0357468922933
1181.110033 0.0339027245839
1183.954325 0.0347249507904
1186.783152 0.0339930057526
1189.528551 0.0346943537394
1192.324884 0.0347712834676
1195.30399 0.0338096618652
1198.05574 0.0171896616618
1200.862368 0.0356703599294
1203.639701 0.0359196662903
1206.40126 0.0354939301809
1209.177914 0.0346972942352
1211.991328 0.0354866981506
1214.839172 0.051310300827
1217.63015 0.0336199601491
1220.428827 0.0347926616669
1223.204029 0.0351334412893
1226.209979 0.0338451067607
1228.972789 0.0354784329732
1231.768563 0.033810377121
1234.579531 0.0363283157349
1237.33643 0.0339033603668
1240.112898 0.0342223644257
1242.892497 0.0352183977763
1245.702226 0.0352173646291
1248.464401 0.0343152681986
1251.196622 0.0344213644663
1253.982269 0.0354660352071
1257.009354 0.0331086317698
1259.793437 0.0346916516622
1262.550497 0.0349676609039
1265.373516 0.0342383384705
1268.168405 0.0350366433462
1270.969729 0.0340139865875
1273.668183 0.0166050593058
1276.435203 0.0353997548421
1279.210902 0.0354302724202
1282.004403 0.0351756413778
1284.738708 0.0335320631663
1287.755476 0.0360987186432
1290.50947 0.0348683198293
1293.241139 0.0326000054677
1295.989158 0.0348230202993
1298.799164 0.0346659819285
1301.622506 0.0345499515533
1304.378936 0.0167124271393
1307.155256 0.0336220264435
1309.886859 0.0347054004669
1312.646136 0.0351670583089
1315.409238 0.0346043904622
1318.451125 0.0338737169902
1321.201803 0.0344914595286
1323.960881 0.0336583455404
1326.712734 0.0349903106689
1329.433535 0.0163350105286
1332.198846 0.034795999527
1334.941589 0.0347386201223
1337.676873 0.0179402828217
1340.459537 0.0353747208913
1343.197304 0.0343736807505
1345.947994 0.0341126124064
1349.021428 0.0329556465149
1351.802668 0.0335846741994
1354.569758 0.0161809126536
1357.320753 0.0336793263753
1360.016213 0.0162966251373
1362.772878 0.0354243119558
1365.544707 0.034775575002
1368.338867 0.0348603725433
1371.146714 0.0365943113963
1373.91797 0.0354386965434
1376.655201 0.0355243682861
1379.621239 0.0165599187215
1382.422324 0.0473610560099
1385.153498 0.034777879715
1387.985032 0.0470232963562
1390.801409 0.0353039900462
1393.635113 0.0342053572337
1396.369133 0.0343166987101
1399.117553 0.0337997277578
1401.918574 0.0359782377879
1404.717024 0.0420900185903
1407.517441 0.0163602828979
1410.59351 0.0352570215861
1413.368252 0.0335559844971
1416.128528 0.0357534885406
1418.884576 0.033766746521
1421.597934 0.0171356201172
1424.376188 0.0332634449005
1427.123657 0.0343367258708
1429.840666 0.015869696935
1432.642767 0.0341594219208
1435.379723 0.0360986391703
1438.108345 0.0167310237885
1441.044302 0.0338984330495
1443.802902 0.0348597367605
1446.597328 0.0353670120239
1449.39018 0.0347663561503
1452.197545 0.0340133508046
1454.940814 0.0334519545237
1457.725755 0.0355569521586
1460.55604 0.0348403453827
1463.327231 0.0361007849375
1466.08111 0.0349570115407
1468.90979 0.0349672635396
1471.934983 0.0354036490122
1474.710087 0.0332655906677
1477.537738 0.0342296759288
1480.337402 0.0359443823497
1483.100347 0.0346873601278
1485.909233 0.0348233381907
1488.695779 0.0356523990631
1491.483933 0.034511645635
1494.228968 0.0334423383077
1497.005307 0.0334979693095
1499.793227 0.0346387227376
1502.810256 0.0345119635264
1505.53393 0.0337580045064
1508.295964 0.034988005956
1511.017086 0.0170753796895
1513.790968 0.0346300601959
1516.526262 0.0342790285746
1519.306835 0.0333647727966
1522.075741 0.033486366272
1524.774125 0.016687075297
1527.554854 0.0358736515045
1530.304687 0.0346976121267
1533.302572 0.0348169803619
1535.977205 0.0158709685008
1538.777925 0.0336039861043
1541.562932 0.0353129704793
1544.345109 0.0360599358877
1547.05297 0.0156723658244
1549.796764 0.0155633290609
1552.564234 0.0356290340424
1555.390947 0.034228960673
1558.151254 0.0348196029663
1560.894756 0.0345949331919
1563.858974 0.0365849335988
1566.615125 0.0341172218323
1569.375539 0.033744096756
1572.184286 0.0343074003855
1574.877459 0.0169166723887
1577.641157 0.0179158846537
1580.380361 0.0344550609589
1583.139637 0.0343716144562
1585.92587 0.0338516235352
1588.65888 0.0337732632955
1591.394383 0.0357266267141
1594.402705 0.0357739925385
1597.153544 0.0349433422089
1599.902201 0.0163563887278
1602.715076 0.0339010556539
1605.464648 0.0350897312164
1608.212872 0.035218000412
1610.982296 0.0339007377625
1613.743207 0.0341733296712
1616.525464 0.0352036952972
1619.281834 0.0351423422496
1622.036733 0.0165620644887
1625.042297 0.034551302592
1627.800216 0.0332599480947
1630.555686 0.0350104173024
1633.364336 0.0344672997793
1636.257898 0.0507603486379
1639.097033 0.0393017133077
1641.876121 0.0415213902791
1644.63515 0.0363969008128
1647.484565 0.0490663051605
1650.254542 0.0358633200328
1653.033323 0.0354086558024
1656.1026 0.0342233181
1658.87609 0.016078710556
1661.679498 0.0337720712026
1664.41406 0.034597714742
1667.179279 0.033984263738
1669.913552 0.0349356333415
1672.654234 0.0322447617849
1675.452174 0.0332833925883
1678.127592 0.0160669485728
1680.967048 0.0342172781626
1683.748531 0.0355750719706
1686.756369 0.0340353647868
1689.560124 0.0345470905304
1692.292682 0.0335766474406
1695.122087 0.0391321182251
1697.801785 0.0158425966899
1700.566712 0.0344412326813
1703.352242 0.0335987408956
1706.143337 0.0365424950918
1708.88046 0.0348276297251
1711.563065 0.0165019830068
1714.335588 0.0330506165822
1717.511305 0.0361850261688
1720.322827 0.0329620043437
1723.103593 0.0411496162415
1725.939943 0.0359889666239
1728.756531 0.0342779954274
1731.552002 0.0333642959595
1734.278275 0.0345060825348
1737.043812 0.0334485371908
1739.844812 0.0352736314138
1742.579311 0.0155223210653
1745.303063 0.0346128940582
1748.354901 0.0329903761546
1751.164863 0.0346872806549
1753.961465 0.0335239569346
1756.648431 0.0165584087372
1759.401255 0.0334859689077
1762.191563 0.035182317098
1765.020638 0.0335073471069
1767.777893 0.0338613986969
1770.551989 0.035880724589
1773.305151 0.033961057663
1776.131138 0.0351992448171
1779.15095 0.0353413422902
1781.952675 0.0358383655548
1784.787265 0.035507996877
1787.594915 0.0341749986013
1790.384805 0.0346163113912
1793.130885 0.03484694163
1795.88104 0.0368423461914
1798.627532 0.0346603393555
1801.434393 0.0359953244527
1804.213396 0.0344559351603
1806.992717 0.0360933144887
1809.947546 0.0333387056986
1812.761019 0.0338567097982
1815.564348 0.0331857204437
1818.376864 0.0341289838155
1821.170148 0.0351289908091
1823.900865 0.0339704354604
1826.649851 0.0340920289358
1829.399736 0.0334417025248
1832.217908 0.0355113347371
1835.01524 0.0342976252238
1837.749393 0.0336425304413
1840.902351 0.0333126386007
1843.616238 0.0327791372935
1846.381084 0.034211953481
1849.151347 0.0345106919607
1851.919675 0.0171376069387
1854.693955 0.0346399943034
1857.416895 0.0162649154663
1860.196288 0.0332293510437
1862.928862 0.0338587760925
1865.677187 0.0328729947408
1868.448764 0.0331389904022
1871.493255 0.0337456862132
1874.316591 0.0349400838216
1877.022204 0.016401052475
1879.780927 0.0352996190389
1882.486234 0.0166579882304
1885.31902 0.0350292523702
1888.060294 0.0352377096812
1890.758825 0.0179894765218
1893.517931 0.0357491175334
1896.292615 0.0364769299825
1899.094376 0.0347199440002
1902.051894 0.0170056819916
1904.883842 0.0339194138845
1907.660689 0.0343799591064
1910.458153 0.0353053410848
1913.218896 0.0353852907817
1916.06082 0.0354243119558
1918.861952 0.035807689031
1921.567847 0.0157707532247
1924.281595 0.0347017447154
1927.055778 0.0346510410309
1929.830931 0.0352173646291
1932.884993 0.0342267354329
1935.650823 0.0346082051595
1938.444676 0.0334108670553
1941.224238 0.0356640021006
1943.954944 0.0178370475769
1946.743142 0.0345673561096
1949.477553 0.0349616209666
1952.211786 0.0169409910838
1954.966013 0.0173386732737
1957.686563 0.0344866116842
1960.45571 0.0343349774679
1963.541701 0.0369073549906
1966.299049 0.0348692735036
1968.985454 0.0173879464467
1971.740004 0.035636027654
1974.533326 0.0352626641591
1977.338405 0.0352396170298
1980.100009 0.0348003705343
1982.81311 0.0170433521271
1985.608802 0.0342223644257
1988.376822 0.0365200837453
1991.185765 0.0357290903727
1994.211327 0.0170612335205
1996.983863 0.0340976715088
1999.825097 0.0350182851156
2002.582404 0.0344734191895
2005.362047 0.0358557701111
2008.119452 0.036751349767
2010.919132 0.0343462626139
2013.702671 0.0353047053019
2016.47094 0.0351456006368
2019.254683 0.0342140197754
2022.028467 0.0363927682241
2025.16999 0.0476106802622
2027.904656 0.0363436539968
2030.653314 0.0348279476166
2033.4128 0.0359531243642
2036.18738 0.0357516606649
2038.910546 0.0171729723612
2041.702843 0.0364139874776
2044.522073 0.0348323980967
2047.264637 0.034986893336
2050.072744 0.035884698232
2052.835945 0.0358163515727
2055.941224 0.0354897181193
2058.794249 0.0363500118256
2061.647043 0.0350986321767
2064.369593 0.017388343811
2067.142007 0.0369261105855
2069.862903 0.0172473589579
2072.640616 0.0359952449799
2075.431794 0.0357084274292
2078.195734 0.035342613856
2080.96807 0.0176736513774
2083.729413 0.0353206793467
2086.7711 0.0356162389119
2089.496704 0.0344196160634
2092.324909 0.0347319444021
2095.088189 0.0364042123159
2097.826247 0.0174683729808
2100.553599 0.0180780887604
2103.377452 0.037091255188
2106.146523 0.0355467001597
2108.952352 0.0358149210612
2111.739147 0.0350906054179
2114.563392 0.0360512733459
2117.539753 0.033789952596
2120.379037 0.0359773635864
2123.145786 0.034454981486
2125.871004 0.0338582197825
2128.688204 0.0353180567424
2131.482942 0.0366582870483
2134.217374 0.0351710319519
2137.033138 0.0169990062714
2139.799922 0.035417397817
2142.585622 0.037116765976
2145.394491 0.036319732666
2148.373397 0.0365809599559
2151.108718 0.0349247455597
2153.916403 0.0356849829356
2156.651992 0.0172766844432
2159.387155 0.0346783796946
2162.177735 0.0357882976532
2164.884545 0.016563018163
2167.646174 0.0165923436483
2170.420575 0.0347714424133
2173.188386 0.0370663801829
2175.953362 0.0359163284302
2179.056799 0.0357433160146
2181.814842 0.034351348877
2184.566236 0.035530646642
2187.36127 0.0362580617269
2190.023127 0.0176572799683
2192.783625 0.0351483821869
2195.544715 0.0362863540649
2198.377286 0.0349373022715
2201.107691 0.0170690218608
2203.953493 0.0345145861308
2206.695215 0.0350902875264
2209.801148 0.0352919101715
2212.554778 0.0347463289897
2215.350287 0.0343557198842
2218.128397 0.0335142612457
2220.881317 0.0336412588755
2223.639231 0.0348327159882
2226.398513 0.0369030634562
2229.108456 0.0176309744517
2231.97189 0.0344884395599
2234.749444 0.0359120368958
2237.525114 0.0343676408132
2240.616962 0.0348813533783
2243.405175 0.0348807175954
2246.086913 0.0165909926097
2248.868091 0.0168940226237
2251.666822 0.0347979863485
2254.457028 0.0351039568583
2257.220909 0.0352786382039
2260.0459 0.0353246529897
2262.757933 0.0172605514526
2265.518528 0.0342293580373
2268.234672 0.0336490472158
2271.202251 0.0347447395325
2273.989371 0.0339716275533
2276.827404 0.0354373455048
2279.608982 0.0353854497274
2282.331854 0.0171886285146
2285.12805 0.0357373555501
2287.944235 0.0340158939362
2290.683569 0.0352796713511
2293.419835 0.0353207588196
2296.166914 0.0173836549123
2298.979126 0.0346008936564
2302.026861 0.0370290279388
2304.901765 0.036480585734
2307.645434 0.0350701014201
2310.448009 0.0347802639008
2313.276228 0.0377097129822
2316.052715 0.0349606672923
2318.824242 0.0363797346751
2321.646041 0.0352396965027
2324.440227 0.0361166795095
2327.26313 0.0351123809814
2330.169476 0.0508222579956
2333.268313 0.0361022949219
2336.032526 0.0356883207957
2338.751245 0.0174373785655
2341.546872 0.0357996622721
2344.33706 0.0364076296488
2347.076136 0.0354000727336
2349.895177 0.0354976654053
2352.663989 0.0355743567149
2355.472575 0.0335323810577
2358.247836 0.0175523757935
2361.009823 0.0353066921234
2364.042054 0.0351986090342
2366.876829 0.0352272987366
2369.63358 0.0170783201853
2372.369623 0.0349610646566
2375.064568 0.0177013079325
2377.816283 0.0333143870036
2380.614258 0.0354909896851
2383.408911 0.0359622637431
2386.210396 0.0344619750977
2389.000577 0.0354687372843
2391.81431 0.0366233189901
2394.901951 0.0337376594543
2397.710938 0.0355863571167
2400.508573 0.0361063480377
2403.310862 0.0361007054647
2406.054459 0.0365926424662
2408.797958 0.0349533557892
2411.576469 0.0357019901276
2414.339034 0.0359410444895
2417.094136 0.0352747440338
2419.897891 0.0344536304474
2422.687491 0.0356124242147
2425.665173 0.0351929664612
2428.400629 0.0330549875895
2431.170336 0.0346578756968
2433.930097 0.0365826288859
2436.726878 0.0348246892293
2439.46739 0.0172333717346
2442.200435 0.0186869303385
2444.965034 0.0345117251078
2447.742477 0.036634683609
2450.51199 0.0345189571381
2453.264565 0.0341733296712
2456.441476 0.0355143547058
2459.214604 0.0347706476847
2461.962077 0.0179719924927
2464.723835 0.03519932429
2467.491518 0.035281419754
2470.238541 0.0174523194631
2473.015917 0.0354165236155
2475.753526 0.0351569652557
2478.547484 0.0370656649272
2481.364769 0.0353150367737
2484.187923 0.0350856781006
2487.202952 0.0174113114675
2490.003422 0.0356466770172
2492.740428 0.0355162620544
2495.477263 0.0347533226013
2498.253405 0.0353333950043
2501.040462 0.0356376171112
2503.872239 0.034810702006
2506.665571 0.0344303448995
2509.399142 0.0344343980153
2512.068255 0.0172766844432
2514.816007 0.0336967309316
2517.890798 0.0165510177612
2520.665399 0.0350649356842
2523.413866 0.0357909997304
2526.171519 0.0354987780253
2528.985041 0.0351543426514
2531.741482 0.0346437295278
2534.544886 0.0352256298065
2537.326672 0.033927599589
2540.096014 0.0355876286825
2542.91663 0.0353053410848
2545.681364 0.01704676946
2548.719161 0.033997297287
2551.565608 0.0355562369029
2554.30885 0.0173769791921
2557.092172 0.0350016752879
2559.881199 0.0339589913686
2562.646383 0.0363233884176
2565.452598 0.0344396432241
2568.207136 0.0171469847361
2570.892515 0.0169180234273
2573.643956 0.0353274345398
2576.406877 0.032474676768
2579.590411 0.0340348879496
2582.357171 0.0328749815623
2585.140724 0.0332055886587
2587.896963 0.0335436662038
2590.630603 0.034694592158
2593.390979 0.0333519776662
2596.21984 0.0351130167643
2599.04131 0.0350342591604
2601.830311 0.0343489646912
2604.678912 0.0357373555501
2607.504371 0.0346039930979
2610.602235 0.033984263738
2613.385189 0.0343866348267
2616.184801 0.0405393441518
2618.901643 0.0178470611572
2621.70524 0.0351336797078
2624.499508 0.0360483328501
2627.320554 0.0356140136719
2630.113477 0.0342942873637
2632.852288 0.0159119764964
2635.62486 0.035055398941
2638.40458 0.0344920953115
2641.586144 0.0335454146067
2644.37224 0.0346659819285
2647.192554 0.0350429217021
2649.987237 0.034085671107
2652.773391 0.0356663068136
2655.545139 0.0353356202443
2658.399709 0.0485092798869
2661.460455 0.0357110500336
2664.238566 0.0338352521261
2666.977856 0.0330782731374
2669.753108 0.0365000565847
2672.862696 0.0341382821401
2675.668559 0.0357023874919
2678.434308 0.032612323761
2681.242079 0.035144329071
2683.985163 0.033199707667
2686.744077 0.0355875492096
2689.475266 0.0338020324707
2692.248454 0.0350492795308
2695.064776 0.0348320802053
2697.856764 0.0347414016724
2700.645098 0.0359779993693
2703.723048 0.0171223481496
2706.484667 0.035621325175
2709.254511 0.0360399881999
2712.094554 0.033695936203
2714.910154 0.0337673823039
2717.641436 0.0353219509125
2720.440823 0.035133600235
2723.210245 0.03400127093
2725.937266 0.0172019004822
2728.68765 0.0171246528625
2731.473013 0.0346173445384
2734.542442 0.0345870653788
2737.3419 0.0331076780955
2740.121162 0.0348729292552
2742.891438 0.036069393158
2745.639405 0.0345949331919
2748.38979 0.0341249306997
2751.130816 0.0340840021769
2753.954789 0.0352090199788
2756.7263 0.0336983203888
2759.522218 0.0357203483582
2762.291157 0.03311363856
2765.402548 0.0355495611827
2768.142406 0.035076379776
2770.915984 0.0356605847677
2773.633927 0.0347440242767
2776.439257 0.0335399309794
2779.217783 0.0349024136861
2781.990084 0.0345447063446
2784.81098 0.0338679949443
2787.605211 0.0346590677897
2790.354047 0.0357303619385
2793.192952 0.0338572661082
2796.337969 0.0352629025777
2799.138049 0.0347907543182
2801.960597 0.0344644387563
2804.745768 0.034704764684
2807.507267 0.0342369874318
2810.237406 0.0173672835032
2813.009195 0.0359879334768
2815.824409 0.0343867937724
2818.558956 0.0173033078512
2821.275894 0.0170953273773
2824.022659 0.0347383022308
2827.204261 0.0355366071065
2830.024037 0.0356404781342
2832.733393 0.0163502693176
2835.499037 0.0346519947052
2838.240651 0.0346114635468
2841.054802 0.0352830886841
2843.802809 0.0341056187948
2846.608036 0.0344602266947
2849.346804 0.0338020324707
2852.121373 0.0350993474325
2854.941058 0.035477399826
2858.082136 0.0352736314138
2860.849639 0.0361296335856
2863.614507 0.0358776251475
2866.3982 0.0351180235545
2869.189789 0.0349226792653
2871.941105 0.0333590507507
2874.678866 0.0352399349213
2877.433335 0.0174796581268
2880.178966 0.0344217618306
2882.948563 0.0354947249095
2885.75252 0.0344766775767
2888.961841 0.0335882504781
2891.712451 0.0333030223846
2894.478047 0.0346066157023
2897.242719 0.033966700236
2899.980991 0.0356616973877
2902.748627 0.0350053310394
2905.561868 0.0342256228129
2908.330968 0.0352756182353
2911.07001 0.0355863571167
2913.82586 0.0353820323944
2916.562801 0.0169409910838
2919.739073 0.0371006329854
2922.432811 0.01753226916
2925.202155 0.0331569512685
2928.006166 0.033388376236
2930.808001 0.035306374232
2933.613122 0.040091753006
2936.355702 0.0189716815948
2939.122213 0.0348383585612
2941.89908 0.0346267223358
2944.682052 0.0340400536855
2947.496271 0.0353806018829
2950.58849 0.0359369119008
2953.360542 0.0348556836446
2956.164831 0.0335534413656
2958.933144 0.0342276096344
2961.725543 0.0378166039785
2964.560119 0.0498232841492
2967.41068 0.0497913360596
2970.192097 0.0388940175374
2973.055661 0.0508406162262
2975.878516 0.0399710337321
2978.676972 0.049009958903
2981.807823 0.0355716546377
2984.576257 0.0344657103221
2987.385285 0.0341560045878
2990.195413 0.0351956685384
2992.914617 0.0336614449819
2995.696592 0.0358366171519
2998.457748 0.0370096365611
3001.216088 0.0334950288137
3003.986822 0.0341846148173
3006.743082 0.0361449718475
3009.527013 0.0354823271434
3012.583139 0.0353236993154
3015.330334 0.0361470381419
3018.151204 0.0347676277161
3020.897946 0.0346809228261
3023.602342 0.0169259707133
3026.384145 0.0346194108327
3029.157511 0.0356759230296
3031.937499 0.0359640916189
3034.880357 0.0345676740011
3037.676999 0.0349786281586
3040.459162 0.0355423291524
3043.560644 0.0362777709961
3046.322328 0.0358400344849
3049.143987 0.0361999670664
3051.950758 0.034752925237
3054.769995 0.0347372690837
3057.561322 0.0341303348541
3060.400961 0.0355712572734
3063.166301 0.0359792709351
3065.934856 0.0174531936646
3068.713412 0.0339593092601
3071.533058 0.0343736807505
3074.683818 0.0361792246501
3077.460332 0.035133600235
3080.302074 0.0349067052205
3083.076854 0.035329023997
3085.882011 0.0354467233022
3088.655937 0.0351540247599
3091.362507 0.0171465873718
3094.081267 0.033904949824
3096.792374 0.0183672904968
3099.599717 0.0338190396627
3102.344799 0.0171999931335
3105.490305 0.0332496960958
3108.264849 0.0353020826976
3111.007137 0.0349189440409
3113.788976 0.0360824267069
3116.539756 0.0355346997579
3119.329228 0.0339363416036
3122.141157 0.0352096557617
3124.892853 0.0170093377431
3127.654706 0.0364027023315
3130.49572 0.0337693691254
3133.289613 0.0367743968964
3136.356561 0.035018046697
3139.169427 0.0352239608765
3141.935257 0.0352045694987
3144.702307 0.0357276598612
3147.47777 0.0351309776306
3150.249101 0.0352127552032
3153.038148 0.0350019137065
3155.822053 0.033806403478
3158.581076 0.0369986693064
3161.32033 0.0351977348328
3164.147851 0.0357133547465
3167.273218 0.0366770426432
3170.036113 0.0344340801239
3172.846041 0.0348800818125
3175.598099 0.0345060030619
3178.386727 0.0359246730804
3181.160178 0.0365053812663
3183.917213 0.0347530047099
3186.746917 0.0343230565389
3189.515453 0.0358893871307
3192.262474 0.0181519985199
3195.053218 0.0353302955627
3198.181149 0.0351710319519
3200.942333 0.0173287391663
3203.715521 0.0361876487732
3206.52036 0.0351719856262
3209.230058 0.0172290007273
3212.057542 0.0358684062958
3214.812754 0.034765958786
3217.578031 0.0364113648733
3220.338663 0.035790125529
3223.072703 0.0168106555939
3225.868898 0.0334259668986
3229.014184 0.0346150398254
3231.797003 0.0356326897939
3234.584401 0.0360660552979
3237.465753 0.0493756135305
3240.267314 0.0356353918711
3243.063688 0.0347227255503
3245.793574 0.0355862776438
3248.574868 0.0344239075979
3251.305152 0.0346657435099
3254.066912 0.0349617004395
3256.818586 0.0175750255585
3259.900713 0.0184756120046
3262.607711 0.0175763765971
3265.414201 0.0355790456136
3268.192756 0.0348382790883
3270.960016 0.0359358787537
3273.723902 0.0347819328308
3276.49204 0.0336490472158
3279.279896 0.0343546867371
3282.060041 0.0344039599101
3284.828736 0.0359692573547
3287.57694 0.0335949261983
3290.691641 0.0351649920146
3293.457413 0.0348430474599
3296.268101 0.0355419317881
3299.068172 0.0360330740611
3301.929158 0.0353150367737
3304.696596 0.0354413191477
3307.496419 0.0351339181264
3310.270565 0.0352052847544
3313.012218 0.0351159572601
3315.716664 0.0162546634674
3318.557007 0.0361510117849
3321.702837 0.0177456537882
3324.473162 0.0346229871114
3327.227055 0.035436073939
3330.066962 0.035232702891
3332.810746 0.0363705952962
3335.5672 0.0176502863566
3338.33341 0.0331916014353
3341.131365 0.0350938638051
3343.896063 0.0339530309041
3346.667688 0.0351823965708
3349.482854 0.034673611323
3352.624033 0.0356890360514
3355.395606 0.0331553618113
3358.199892 0.0343373616536
3360.982542 0.0346779823303
3363.702034 0.0168075561523
3366.514038 0.034840742747
3369.237818 0.0171013673147
3372.029425 0.0345265865326
3374.773757 0.0356949965159
3377.547071 0.0354437033335
3380.337115 0.0353902975718
3383.37663 0.0361673037211
3386.096795 0.0172599951426
3388.880174 0.0170988241831
3391.612713 0.0350173314412
3394.386992 0.0363437334696
3397.120869 0.0337657133738
3399.864677 0.017235994339
3402.701017 0.0363624095917
3405.471608 0.0346123377482
3408.209255 0.035843372345
3411.016016 0.0349699656169
3414.170891 0.0348119735718
3416.932335 0.0358645915985
3419.726933 0.03524629275
3422.570571 0.0343110561371
3425.354643 0.0350337028503
3428.150239 0.0355246861776
3430.926303 0.0370006561279
3433.665046 0.0164403120677
3436.376487 0.0178790092468
3439.174833 0.0340820153554
3441.963065 0.0354850292206
3445.146595 0.0349163214366
3447.916542 0.0361022949219
3450.716946 0.0349586804708
3453.528811 0.0352403322856
3456.316876 0.0354089736938
3459.125885 0.0346582730611
3461.911216 0.0356016953786
3464.686213 0.0365169843038
3467.500601 0.0338353315989
3470.292758 0.0366268157959
3472.999734 0.017275094986
3476.130665 0.03511206309
3478.926653 0.0358236630758
3481.667006 0.0351549784342
3484.434796 0.0358622868856
3487.175088 0.0168363253276
3489.930396 0.0359659989675
3492.727715 0.0364563465118
3495.558823 0.0351622104645
3498.366294 0.0347560246785
3501.242165 0.035981019338
3503.989721 0.0357084274292
3507.010322 0.0178448359172
3509.807018 0.0338633855184
3512.644722 0.0353713035583
3515.426117 0.034586985906
3518.187991 0.0351923306783
3520.935956 0.0349463621775
3523.749972 0.034198363622
3526.534332 0.0360163052877
3529.288137 0.0339503288269
3532.076138 0.0359013080597
3534.845999 0.0359265804291
3537.862004 0.0171104272207
3540.656885 0.0349361896515
3543.45263 0.0357920328776
3546.17094 0.0178033510844
3549.000752 0.0374310016632
3551.765922 0.0169672966003
3554.475837 0.0179182688395
3557.287013 0.0333499908447
3560.021728 0.0340340137482
3562.758774 0.0174086093903
3565.547044 0.0337766806285
3568.838903 0.0342342853546
3571.641536 0.0362203121185
3574.485794 0.0533430576324
3577.215475 0.0181360244751
3580.035405 0.0358406702677
3582.773554 0.0344807306925
3585.522793 0.0354034105937
3588.306461 0.0350603262583
3591.113597 0.0345286528269
3593.863534 0.0343153476715
3596.623561 0.0172619819641
3599.788319 0.0365902582804
3602.546131 0.0343186855316
3605.3452 0.0339002609253
3608.112034 0.0341540177663
3610.896099 0.0352309544881
3613.614829 0.0163950125376
3616.384466 0.0352057615916
3619.103386 0.0347142219543
3621.872677 0.0332040786743
3624.688677 0.0342760880788
3627.471613 0.033940076828
3630.601681 0.033153295517
3633.391677 0.0349243481954
3636.193589 0.0330300331116
3638.955094 0.0348196824392
3641.70458 0.0348779360453
3644.554604 0.0351182619731
3647.378989 0.0363233884176
3650.119882 0.0332760810852
3652.843829 0.0163873036702
3655.643879 0.0349407196045
3658.441467 0.0354886849721
3661.569991 0.0367013613383
3664.336124 0.0341646671295
3667.081149 0.0335750579834
3669.847 0.0336232980092
3672.626881 0.0342740217845
3675.424516 0.0346217155457
3678.104489 0.0179568131765
3680.852382 0.0172486305237
3683.604086 0.0352753003438
3686.408647 0.0359884103139
3689.209945 0.0356126626333
3692.34108 0.0336790084839
3695.100702 0.033477306366
3697.905933 0.0338599681854
3700.676175 0.0350580215454
3703.471134 0.0337710380554
3706.231248 0.0357662041982
3709.024474 0.0348494052887
3711.864096 0.0361199378967
3714.682937 0.0349676609039
3717.426309 0.0345267454783
3720.192864 0.0338590145111
3723.366567 0.0346180597941
3726.184297 0.0350774129232
3728.946144 0.0337409973145
3731.72854 0.0340562661489
3734.463684 0.0346825917562
3737.272963 0.0339503288269
3740.077918 0.0346829891205
3742.84081 0.0338049729665
3745.600387 0.0347682634989
3748.441274 0.0340330600739
3751.2016 0.0360370477041
3754.281149 0.0349660714467
3757.096487 0.0431396961212
3759.882278 0.0353586673737
3762.627871 0.0346883932749
3765.412691 0.0357607205709
3768.207011 0.0342690149943
3770.93692 0.0164403120677
3773.731514 0.0345680713654
3776.515884 0.03511206309
3779.31007 0.0369803110758
3782.183509 0.0354463259379
3785.322507 0.0360962549845
3788.055824 0.0358243783315
3790.820241 0.0350963274638
3793.594089 0.03573234876
3796.344812 0.0339156786601
3799.098835 0.0344835917155
3801.887006 0.0338683128357
3804.675031 0.0370529492696
3807.464155 0.0350060462952
3810.178676 0.017505645752
3812.948297 0.0343543688456
3816.057511 0.016889333725
3818.84798 0.0354766845703
3821.655011 0.0355237325033
3824.429295 0.033088684082
3827.201937 0.0349124272664
3829.996644 0.0347390174866
3832.786509 0.0344036420186
3835.513761 0.0345243612925
3838.30083 0.0333536465963
3841.030216 0.0345403353373
3843.793665 0.0169739723206
3846.989422 0.0350219408671
3849.75998 0.0345727602641
3852.538196 0.0355926354726
3855.238614 0.0163950125376
3858.001593 0.036156018575
3860.782139 0.0344517230988
3863.588685 0.0358175436656
3866.342117 0.0350333849589
3869.018858 0.0177856286367
3871.813841 0.035982688268
3874.587102 0.035390218099
3877.707924 0.0343317190806
3880.496889 0.0347569783529
3883.328338 0.034272034963
3886.073126 0.0172119935354
3888.831935 0.0177516937256
3891.61658 0.0346059799194
3894.446655 0.0366280078888
3897.294355 0.0346103509267
3900.085292 0.0350759029388
3902.859241 0.0165705680847
3905.665189 0.0349039236705
3908.751587 0.0363893508911
3911.587944 0.0355394681295
3914.33475 0.0348513126373
3917.352404 0.0337332884471
3920.126971 0.0357574621836
3922.894573 0.0357302824656
3925.698002 0.035653034846
3928.518614 0.0357360045115
3931.28654 0.016926129659
3934.161565 0.0366239547729
3937.052992 0.0351500511169
3940.186093 0.0178852876027
3943.063029 0.0356263319651
3945.817763 0.0361214478811
3948.587195 0.0356950759888
3951.366687 0.0333193937937
3954.140854 0.0350453058879
3956.898596 0.0342162450155
3959.668942 0.0348383585612
3962.37522 0.017450650533
3965.144227 0.0331263542175
3967.919288 0.0350085894267
3971.046159 0.0339626471202
3973.8132 0.0169996420542
3976.566517 0.035717010498
3979.328982 0.0342509746552
3982.123872 0.0345350106557
3984.967475 0.03298163414
3987.7208 0.0341989994049
3990.468219 0.0348007678986
3993.250756 0.0349147319794
3996.093237 0.0359346866608
3998.815168 0.0167276859283
4002.001322 0.0342316627502
4004.78488 0.0356781482697
4007.535494 0.0348513126373
4010.281292 0.0176069736481
4013.045244 0.0343629519145
4015.839912 0.0353236993154
4018.59888 0.0344733397166
4021.383066 0.0348022778829
4024.254046 0.048761288325
4027.06659 0.0333019892375
4029.867466 0.0350073178609
4033.073393 0.0334996382395
4035.763104 0.0165057182312
4038.463459 0.0167723496755
4041.270982 0.034200668335
4044.019237 0.0360687573751
4046.795456 0.0345039367676
4049.561624 0.0336093107859
4052.349334 0.0348513921102
4055.102854 0.0341366926829
4057.830743 0.0173287391663
4060.618129 0.0341246128082
4063.808893 0.0340650081635
4066.590559 0.0351366202037
4069.389295 0.0175449848175
4072.186785 0.0335500240326
4074.985911 0.0341636339823
4077.74509 0.0351920127869
4080.523688 0.0336150328318
4083.257389 0.0340573787689
4085.967087 0.0178716182709
4088.727205 0.0348476568858
4091.431502 0.015864054362
4094.628178 0.0345023473104
4097.434783 0.0342535972595
4100.19857 0.0346419811249
4102.960105 0.0363380114237
4105.646188 0.0172379811605
4108.396532 0.0325329303741
4111.116211 0.0168137550354
4113.935883 0.0346879959106
4116.704016 0.0363056659698
4119.423967 0.0330969492594
4122.24746 0.0341199239095
4125.433195 0.0355687936147
4128.195005 0.0351240634918
4131.057148 0.0347590446472
4133.911369 0.0340143839518
4136.617319 0.0168066819509
4139.432419 0.0345276991526
4142.231667 0.0345020294189
4145.005468 0.0328829288483
4147.76061 0.0373077392578
4150.542107 0.0336346626282
4153.273354 0.0167719523112
4156.371316 0.0351519584656
4159.104671 0.0346589883169
4161.80518 0.0173966089884
4164.648615 0.0334162712097
4167.412597 0.0356773535411
4170.241074 0.0356210072835
4172.994434 0.0338166554769
4175.747169 0.0339934031169
4178.455985 0.0174547831217
4181.261023 0.0357179641724
4184.033004 0.034873008728
4187.307906 0.0341653823853
4190.086525 0.0331049760183
4192.802986 0.0163949330648
4195.569785 0.0356969833374
4198.358196 0.0340720017751
4201.168156 0.0338253180186
4203.925407 0.0336095492045
4206.690324 0.0340802669525
4209.453447 0.0352940559387
4212.238373 0.0345012346903
4215.087648 0.0334722995758
4218.268821 0.0342086156209
4221.033886 0.034592628479
4223.824955 0.0347851117452
4226.540036 0.0173689524333
4229.317975 0.0354573726654
4232.14523 0.0347397327423
4234.925453 0.0335461298625
4237.747077 0.0333060423533
4240.528302 0.0339749654134
4243.322587 0.0344422658285
4246.067209 0.0170032183329
4249.198207 0.0350726445516
4252.014747 0.0343635876973
4254.787852 0.0338746706645
4257.625895 0.0333383083344
4260.38242 0.0360326766968
4263.157793 0.0342636108398
4265.933229 0.0343006451925
4268.691897 0.0353910128276
4271.492128 0.0331606864929
4274.230021 0.0348079999288
4276.975477 0.0346131324768
4280.226495 0.0340703328451
4283.021088 0.033279021581
4285.82069 0.0360519886017
4288.621001 0.0367317199707
4291.367515 0.0344299475352
4294.128391 0.0358690420787
4296.908959 0.0330893993378
4299.808909 0.0500806967417
4302.618708 0.0488126277924
4305.427152 0.0479523340861
4308.182828 0.034698009491
4311.501929 0.0339417457581
4314.28792 0.0335176785787
4317.070336 0.0176564057668
4319.809317 0.0347763697306
4322.552091 0.0173366069794
4325.306952 0.035538037618
4328.122912 0.0353846549988
4330.909328 0.0336297353109
4333.725731 0.0343285401662
4336.416072 0.0171652634939
4339.217953 0.0452466011047
4342.305108 0.0344803333282
4345.057878 0.033539056778
4347.843214 0.0350680351257
4350.567189 0.0356671015422
4353.290734 0.0342953205109
4356.037983 0.0341766675313
4358.761919 0.0167923768361
4361.521312 0.0352300008138
4364.294492 0.0357233683268
4367.11488 0.0330659548442
4369.906138 0.0346233844757
4373.086071 0.0353630383809
4375.858499 0.0333057244619
4378.645174 0.0349507331848
4381.42484 0.0341419378916
4384.183138 0.0351979732513
4387.010897 0.0348269939423
4389.859186 0.0341353416443
4392.591525 0.0349343617757
4395.330124 0.036717414856
4398.086567 0.0337467193604
4400.869348 0.0361566543579
4404.087604 0.0349020957947
4406.858939 0.0329070091248
4409.599084 0.0362332661947
4412.376926 0.0345180034637
4415.091488 0.0176543394725
4417.912525 0.0344356695811
4420.660069 0.03497838974
4423.386839 0.0165767669678
4426.14658 0.0360647837321
4428.926116 0.0343816280365
4431.704149 0.0372575918833
4434.992492 0.0365156332652
4437.765088 0.0344220797221
4440.529084 0.0365856488546
4443.238312 0.0169213612874
4446.020802 0.0345757007599
4448.823131 0.0344660282135
4451.608621 0.0343766212463
4454.353732 0.0346684455872
4457.088617 0.0171449979146
4459.904013 0.0341523488363
4462.67295 0.0358317693075
4465.911646 0.0174686908722
4468.680571 0.0346896648407
4471.434096 0.0365560054779
4474.228404 0.0351370970408
4476.981574 0.034424940745
4479.753047 0.0353852113088
4482.506298 0.0334289868673
4485.289633 0.0344209671021
4488.112391 0.0354205767314
4490.872912 0.0356426239014
4493.630841 0.0176569620768
4496.864499 0.0348999500275
4499.585151 0.0177505811056
4502.385891 0.0346539815267
4505.14482 0.0169553756714
4507.881729 0.0355869928996
4510.6612 0.0355500380198
4513.502218 0.0347922643026
4516.257966 0.0353027184804
4519.001034 0.0344259738922
4521.854055 0.0356126626333
4524.679282 0.0350320339203
4527.847915 0.0159887472788
4530.618088 0.033486366272
4533.44187 0.034583012263
4536.227003 0.0348526636759
4538.916936 0.0168900489807
4541.694555 0.0336813926697
4544.432282 0.0358688831329
4547.230078 0.0346059799194
4550.029514 0.0348473389943
4552.695915 0.0157462755839
4555.498311 0.0342369874318
4558.742467 0.0436466534932
4561.452381 0.0174036026001
4564.223818 0.0338619550069
4566.980715 0.0162042776744
4569.778611 0.0349570115407
4572.570215 0.0357916355133
4575.255905 0.0165936946869
4578.052565 0.0347139835358
4580.772119 0.0164113044739
4583.540114 0.0352770487467
4586.294823 0.0338570276896
4589.416276 0.0178755919139
4592.185013 0.0349836349487
4594.956605 0.0339159965515
4597.698135 0.0345280170441
4600.504783 0.0344306627909
4603.216555 0.0177707672119
4606.00101 0.0342623392741
4608.718603 0.0163726806641
4611.485147 0.0370653470357
4614.30607 0.0359023412069
4617.065035 0.034837325414
4620.21285 0.0341379642487
4623.015306 0.0343563556671
4625.705535 0.0167093276978
4628.432022 0.0354066689809
4631.206927 0.0346027215322
4633.92066 0.0171759923299
4636.676177 0.0347189903259
4639.491464 0.0362323125203
4642.311883 0.0347609519958
4645.109112 0.034795443217
4647.926296 0.0350730419159
4651.067003 0.0175552368164
4653.874525 0.0351673762004
4656.645427 0.0344994068146
4659.461153 0.0353639920553
4662.225453 0.0349857012431
4665.044751 0.0361480712891
4667.801384 0.0349849859873
4670.631096 0.0360686779022
4673.338124 0.0179634094238
4676.148806 0.0336116949717
4678.969102 0.0356823603312
4682.229863 0.0357863108317
4684.975646 0.017098903656
4687.772728 0.0363446076711
4690.551694 0.0352437496185
4693.294412 0.0181412696838
4696.116419 0.0363454023997
4698.881301 0.0340496699015
4701.615559 0.0331326325734
4704.35968 0.0177307128906
4707.090154 0.017320394516
4709.855639 0.0360016028086
4712.946245 0.0348839759827
4715.881373 0.0173226197561
4718.806401 0.0362399419149
4721.643609 0.033708969752
4724.416884 0.0356392860413
4727.1952 0.0361526807149
4730.071709 0.0367821057638
4732.927827 0.0355400244395
4735.730778 0.035858074824
4738.493417 0.0359576543172
4741.334722 0.0347683429718
4744.404642 0.0354789098104
4747.144508 0.0349780718486
4750.00257 0.0345319906871
4752.8934 0.034875313441
4755.659486 0.0359098911285
4758.441137 0.0349192619324
4761.26212 0.0359223683675
4764.10115 0.0343510309855
4766.925726 0.0357472896576
4769.744301 0.0341559251149
4772.59967 0.0351346333822
4775.754954 0.0337006251017
4778.481942 0.0168532530467
4781.235254 0.0349493821462
4784.029786 0.034151951472
4786.813031 0.0348482926687
4789.599312 0.0328453381856
4792.36198 0.035408337911
4795.178289 0.0354276498159
4797.902512 0.0350910027822
4800.60904 0.0167382558187
4803.377013 0.0359532833099
4806.57443 0.0342149734497
4809.356252 0.0353677272797
4812.125013 0.0337793032328
4814.871911 0.0368599891663
4817.698392 0.035594701767
4820.48414 0.036687930425
4823.498151 0.033599615097
4826.304578 0.0330486297607
4829.090052 0.0351133346558
4831.853043 0.0348207155863
4834.633762 0.035152276357
4837.792224 0.017418384552
4840.527277 0.0175407727559
4843.32306 0.0340646107992
4846.09707 0.0344352722168
4848.84298 0.0347862243652
4851.534639 0.0169617335002
4854.238045 0.0178533395131
4856.972497 0.0348473389943
4859.762095 0.0348073641459
4862.535396 0.0338124434153
4865.338928 0.0340060393016
4868.389731 0.034051656723
4871.17715 0.0345176060994
4874.016592 0.0343050161997
4876.786766 0.034556388855
4879.561061 0.0366934140523
4882.33741 0.0348390738169
4885.142605 0.0352670351664
4887.937965 0.036113580068
4890.742776 0.0339586734772
4893.533571 0.0349989732107
4896.258454 0.0159533023834
4899.398439 0.0158493518829
4902.20193 0.0334633986155
4905.049728 0.035434961319
4907.84486 0.0353272755941
4910.671289 0.0370180606842
4913.375868 0.0170319875081
4916.136852 0.0358882745107
4918.914575 0.0353763898214
4921.680909 0.0347103277842
4924.449553 0.0351146856944
4927.262112 0.0342286427816
4930.546883 0.0365849335988
4933.351742 0.0343153476715
4936.214336 0.034389257431
4939.019168 0.0349160035451
4941.807496 0.0351420243581
4944.542482 0.0341200033824
4947.353237 0.0340147018433
4950.15694 0.0339812437693
4952.935477 0.0348416169484
4955.754457 0.035325050354
4958.485257 0.0332976182302
4961.674929 0.0165639718374
4964.438656 0.0343733628591
4967.252408 0.0347343285878
4970.037133 0.0349583625793
4972.775545 0.0338040192922
4975.629524 0.0350096225739
4978.396587 0.036727031072
4981.159114 0.0348998705546
4983.931706 0.0352300008138
4986.703936 0.0355507532756
4989.488232 0.0344587167104
4992.709471 0.034458955129
4995.494984 0.0343233744303
4998.334315 0.0347619056702
5001.089815 0.0361236731211
5003.88224 0.0341120560964
5006.64861 0.0339177449544
5009.500467 0.035683631897
5012.280955 0.0355830192566
5014.966127 0.0166517098745
5017.716792 0.0334510008494
5020.505081 0.0348896185557
5023.716661 0.0342701276143
5026.509629 0.0357373555501
5029.316389 0.0342236359914
5032.1103 0.0352455774943
5034.807486 0.0178773403168
5037.587447 0.0338493188222
5040.418035 0.0354346434275
5043.21594 0.0351186593374
5046.000374 0.0365739663442
5048.732148 0.0345719655355
5051.529726 0.0360536575317
5054.790127 0.0343947410583
5057.596373 0.0338374773661
5060.416766 0.0351663430532
5063.234145 0.0365490118663
5066.009141 0.0346150398254
5068.793097 0.0364279747009
5071.537084 0.0172166029612
5074.386787 0.0502846240997
5077.166969 0.0353047053019
5079.96263 0.0351603031158
5082.824441 0.0353750387828
5086.070123 0.0169086456299
5088.879493 0.035321076711
5091.637817 0.0342519283295
5094.432395 0.0363783041636
5097.16075 0.0183533827464
5099.887329 0.0358719825745
5102.632302 0.0174337228139
5105.408902 0.0364490350087
5108.193613 0.0372527440389
5110.956354 0.0357058842977
5113.809166 0.0347189903259
5117.02782 0.0358033180237
5119.80219 0.0341186523438
5122.611022 0.0339756011963
5125.368954 0.0171894232432
5128.156456 0.0357473691305
5130.862842 0.0354863802592
5133.646269 0.0351159572601
5136.366094 0.0350677172343
5139.09946 0.0186269283295
5141.781789 0.0177553494771
5144.554018 0.0360992749532
5147.707343 0.0366883277893
5150.463035 0.0347203413645
5153.229122 0.0353093147278
5155.994629 0.0349540710449
5158.781569 0.0369433561961
5161.56383 0.0337857405345
5164.349992 0.0369074344635
5167.13381 0.035847345988
5169.89087 0.0355619589488
5172.657428 0.0358720620473
5175.432041 0.0344036420186
5178.712823 0.0167086919149
5181.415285 0.0168036619822
5184.108536 0.0178506374359
5186.872345 0.0352653662364
5189.670329 0.034339984258
5192.453583 0.0347754160563
5195.231035 0.0355266729991
5198.007458 0.0362929503123
5200.78917 0.0343262354533
5203.545568 0.0176220734914
5206.338514 0.0348882675171
5209.55312 0.0354603926341
5212.369175 0.0358519554138
5215.069755 0.0168073177338
5217.884894 0.0345056851705
5220.702691 0.0358870029449
5223.539077 0.0349013010661
5226.285963 0.0344643592834
5229.074039 0.0350282986959
5231.836751 0.0337260564168
5234.623292 0.0359003543854
5237.371788 0.0359240372976
5240.460338 0.0357693831126
5243.212269 0.0365947087606
5246.010284 0.0346223513285
5248.804637 0.0338087081909
5251.575023 0.0362783273061
5254.369933 0.0348176956177
5257.202175 0.035026550293
5259.945596 0.0344056288401
5262.712079 0.0179564158122
5265.496986 0.0353709856669
5268.335662 0.0357892513275
5271.536222 0.0351729393005
5274.377325 0.0337456067403
5277.169815 0.0332753658295
5279.950479 0.0336073239644
5282.694092 0.0356280008952
5285.503095 0.0352986653646
5288.273615 0.0367479324341
5291.017751 0.0339024066925
5293.766892 0.0346303780874
5296.46571 0.0184586048126
5299.170077 0.0173626740774
5302.45574 0.0342783133189
5305.248338 0.0348113377889
5308.027201 0.0359388987223
5310.785447 0.0190145969391
5313.591194 0.0346270402273
5316.343348 0.0352032979329
5319.100107 0.0347653230031
5321.832141 0.0177872180939
5324.570347 0.0339516003927
5327.385213 0.0355039437612
5330.166764 0.0347992579142
5333.44219 0.0343744754791
5336.19526 0.0173356533051
5338.960537 0.0356713930766
5341.782634 0.0339394410451
5344.581768 0.0354119936625
5347.425939 0.0349637667338
5350.191391 0.0352369944255
5352.965307 0.0356163978577
5355.732061 0.0365053017934
5358.500118 0.0345233281453
5361.289367 0.0345853964488
5364.601452 0.0353287061056
5367.357749 0.0354189872742
5370.09922 0.0335133075714
5372.86046 0.0335466861725
5375.601352 0.0340467294057
5378.386199 0.0364909172058
5381.099306 0.0185393492381
5383.855144 0.0364027818044
5386.631095 0.0342473189036
5389.442507 0.0345901648204
5392.201509 0.0352654457092
5395.489781 0.0357630252838
5398.2842 0.0346347490946
5401.06794 0.0355628331502
5403.798726 0.0180904070536
5406.607205 0.0346755981445
5409.403315 0.0350509484609
5412.289201 0.0689487457275
5415.095989 0.0335733890533
5417.869287 0.0336039861043
5420.609874 0.0167895952861
5423.462565 0.0350149472555
5426.720925 0.0359863440196
5429.487771 0.0346699555715
5432.269787 0.035193045934
5435.081241 0.0339862505595
5437.851662 0.0343190034231
5440.620604 0.0175909201304
5443.397475 0.0367702643077
5446.196344 0.0364026228587
5449.001112 0.0361139774323
5451.791091 0.0351115862528
5454.60613 0.0349503358205
5457.786273 0.0343435605367
5460.552111 0.0177396138509
5463.29218 0.0348389943441
5466.028041 0.0356727441152
5468.840875 0.0348890622457
5471.584606 0.0349940458934
5474.343657 0.0356327692668
5477.134825 0.0331780115763
5479.916012 0.0352873007456
5482.698142 0.0357617537181
5485.469997 0.0347220102946
5488.75777 0.0343295733134
5491.546763 0.0351246992747
5494.369856 0.0341620445251
5497.127992 0.0344149271647
5499.933591 0.0350849628448
5502.654877 0.0347680250804
5505.507154 0.0355316003164
5508.25669 0.035530646642
5511.052318 0.0354460080465
5513.839847 0.0338909626007
5516.628691 0.0348463058472
5519.927941 0.0339443683624
5522.734356 0.035088300705
5525.511436 0.0341589450836
5528.281231 0.0350919564565
5531.03951 0.034552415212
5533.832925 0.0336443583171
5536.585766 0.0355045795441
5539.324838 0.0342772801717
5542.086576 0.0345079104106
5544.874732 0.0346259276072
5547.648764 0.0343163808187
5550.997989 0.0331275463104
5553.806681 0.0352687040965
5556.586114 0.034255027771
5559.353857 0.0344089667002
5562.320438 0.0503396987915
5565.117969 0.0354549884796
5567.886958 0.0352759361267
5570.719898 0.0350417296092
5573.503197 0.0359330177307
5576.283493 0.0339987277985
5579.108044 0.035212914149
5582.246898 0.0335793495178
5585.114062 0.0352013111115
5587.915979 0.0353803634644
5590.651611 0.0350243250529
5593.439391 0.0351246198018
5596.220574 0.0344879627228
5598.936034 0.0335619449615
5601.728544 0.035873969396
5604.492651 0.0173290570577
5607.322121 0.0351053078969
5610.281786 0.0340954462687
5613.429524 0.0356673399607
5616.187531 0.0338136355082
5618.962848 0.0354307492574
5621.72655 0.0365751584371
5624.491809 0.0352579752604
5627.32152 0.0365299383799
5630.105383 0.0358242988586
5632.840889 0.034387032191
5635.633342 0.0352506637573
5638.46985 0.0335133075714
5641.30533 0.0346846580505
5644.429099 0.0356242656708
5647.130306 0.0174283981323
5649.853417 0.0169492562612
5652.587658 0.0162419478099
5655.34889 0.0356794198354
5658.096932 0.0338476498922
5660.856526 0.034818649292
5663.665155 0.0341276327769
5666.386565 0.01664630572
5669.138194 0.0346974531809
5671.911228 0.0344607035319
5675.196955 0.0353163083394
5677.961867 0.0334537029266
5680.732854 0.034172296524
5683.498097 0.0357673962911
5686.284632 0.0340112050374
5689.024954 0.0337998867035
5691.786153 0.0351306597392
5694.539868 0.03373670578
5697.264711 0.0170690218608
5700.041038 0.0346210002899
5702.845717 0.0360020001729
5705.87638 0.0174796581268
5708.682001 0.0336897373199
5711.414324 0.0177652041117
5714.194828 0.0341953436534
5716.873609 0.0172413190206
5719.649922 0.0360840161641
5722.421307 0.0336407025655
5725.21174 0.034162680308
5727.99795 0.0343472957611
5730.761855 0.034287293752
5733.515241 0.0171826680501
5736.819859 0.0343496799469
5739.589625 0.0349239508311
5742.364714 0.0344839890798
5745.151106 0.0362063248952
5747.914192 0.0352467695872
5750.678471 0.0345637003581
5753.46379 0.0341289838155
5756.236805 0.0349001089732
5758.989787 0.0338989893595
5761.723125 0.0162861347198
5764.53229 0.0344003041585
5767.843678 0.0339612960815
5770.597773 0.0358506043752
5773.346106 0.0338373184204
5776.135856 0.0361123085022
5778.853148 0.0167730649312
5781.573535 0.0167923768361
5784.37478 0.0349226792653
5787.125143 0.0359266599019
5789.806657 0.0167090098063
5792.599945 0.0344316959381
5795.376991 0.0174152851105
5798.721551 0.034600019455
5801.476795 0.0171768665314
5804.241978 0.0350071589152
5807.021065 0.0353730519613
5809.842381 0.0349079767863
5812.649297 0.0348817507426
5815.421481 0.035054286321
5818.228707 0.0366916656494
5821.02909 0.0333819389343
5823.822352 0.0347005526225
5826.579166 0.0343680381775
5829.8832 0.0339202880859
5832.650587 0.0352235635122
5835.442096 0.035496711731
5838.210242 0.0350830554962
5840.927813 0.0172277291616
5843.71182 0.0174892743429
5846.495919 0.0343829790751
5849.280298 0.0358932813009
5852.101599 0.0349310239156
5854.91869 0.0362900098165
5857.728826 0.0357863108317
5860.931326 0.0171813170115
5863.71078 0.0352141062419
5866.509952 0.0168233712514
5869.278321 0.0339593887329
5871.973575 0.0156246821086
5874.772726 0.0346946716309
5877.567329 0.034600019455
5880.318354 0.0354677041372
5883.0225 0.0168936252594
5885.854487 0.034739335378
5888.617253 0.0354015827179
5891.716987 0.0347907543182
5894.548664 0.0345339775085
5897.34799 0.0340003172557
5900.13654 0.0336449940999
5902.860263 0.0161523024241
5905.67178 0.0180656909943
5908.424119 0.0345193545024
5911.19504 0.0363856156667
5913.962434 0.0346777439117
5916.668613 0.0167733033498
5919.407803 0.0168736775716
5922.758754 0.0347952842712
5925.5457 0.0357817808787
5928.315892 0.0355084737142
5931.123944 0.0356385707855
5933.92816 0.036062002182
5936.700027 0.0349663098653
5939.45573 0.0345864295959
5942.213071 0.0339503288269
5944.98392 0.03684369723
5947.831526 0.0333546797434
5950.54124 0.017967303594
5953.699071 0.034384727478
5956.465677 0.0168852806091
5959.222664 0.0165700912476
5961.994457 0.0347632567088
5964.807076 0.0368630091349
5967.560419 0.0335239569346
5970.416923 0.0349046389262
5973.105437 0.0170749823252
5975.905276 0.0352649688721
5978.703186 0.0354399681091
5981.436507 0.0177273750305
5984.741518 0.0363505681356
5987.504333 0.0349382559458
5990.277101 0.0168506304423
5993.112815 0.0347108840942
5995.841605 0.0167139371236
5998.58851 0.0353246529897
6001.392227 0.035295009613
6004.113797 0.0172426700592
6006.880585 0.0346066157023
6009.719283 0.034858306249
6012.563829 0.0346416632334
6015.939749 0.0349633693695
6018.708938 0.0181407133738
6021.46496 0.0351387659709
6024.27504 0.0356350739797
6027.030529 0.0369285742442
6029.793319 0.0176493326823
6032.545334 0.0348966121674
6035.339117 0.0356604258219
6038.165082 0.0358836650848
6040.986897 0.0342617034912
6043.781174 0.0359552701314
6047.113948 0.0352906386058
6049.837311 0.0163533687592
6052.621129 0.0168670018514
6055.388696 0.034607330958
6058.281371 0.052344640096
6061.103947 0.0341119766235
6063.886256 0.0352226893107
6066.666297 0.0348789691925
6069.436294 0.034811258316
6072.174204 0.0344399611155
6074.966352 0.0361753304799
6078.26835 0.0348936716715
6081.05318 0.0332589944204
6083.846501 0.0335772832235
6086.628598 0.0173789660136
6089.453158 0.0355443954468
6092.229534 0.0349450906118
6094.96952 0.0174557367961
6097.733152 0.0359596411387
6100.42051 0.0171720186869
6103.232049 0.0365070501963
6106.027767 0.0360300540924
6109.319066 0.0353143215179
6112.088637 0.0340412457784
6114.894197 0.0334480603536
6117.652767 0.0330920219421
6120.607768 0.0718156496684
6123.394419 0.037682612737
6126.196466 0.034073750178
6128.940183 0.0176213582357
6131.689408 0.0180146694183
6134.467254 0.0365319252014
6137.333334 0.0338376363118
6140.625803 0.0349753697713
6143.369637 0.0354324181875
6146.137759 0.0355426470439
6148.975998 0.0356837908427
6151.751347 0.0347305933634
6154.492666 0.0177376270294
6157.336434 0.0355183283488
6160.124077 0.0358653863271
6162.909454 0.0163877010345
6165.669804 0.0349638462067
6168.521076 0.0337102413177
6171.888758 0.0340010325114
6174.632913 0.0349729855855
6177.397629 0.0343533356984
6180.222148 0.0336527029673
6182.994646 0.0355334281921
6185.794062 0.0349604288737
6188.615874 0.0343486467997
6191.392424 0.0359156926473
6194.18126 0.0340449810028
6196.951288 0.0366171995799
6199.65631 0.0152826309204
6202.897782 0.0339947541555
6205.686394 0.0352160135905
6208.453106 0.0362259546916
6211.2323 0.0350879828135
6214.004317 0.033876657486
6216.801177 0.0348380406698
6219.598892 0.034679889679
6222.373871 0.0327099959056
6225.218912 0.0360217094421
6227.992281 0.0353597799937
6230.691097 0.0175162951152
6233.948985 0.0332103570302
6236.758106 0.0339790980021
6239.520311 0.0170516967773
6242.284942 0.0343562761943
6245.070925 0.0356560548147
6247.831152 0.0328746636709
6250.613383 0.0353449980418
6253.418986 0.0329933961233
6256.231981 0.0344043572744
6259.044547 0.0348839759827
6261.808693 0.035528977712
6265.085508 0.0348379611969
6267.841803 0.0336167017619
6270.640874 0.0347157319387
6273.402491 0.0351550579071
6276.126199 0.0170907179515
6278.921061 0.0348253250122
6281.690248 0.035720984141
6284.451289 0.0347333749135
6287.209977 0.033793369929
6289.995822 0.035698334376
6292.805147 0.0346663792928
6296.108379 0.0167027314504
6298.945083 0.0356895923615
6301.694087 0.0345809459686
6304.469015 0.0361626148224
6307.248792 0.0358929634094
6310.053931 0.0350646972656
6312.88941 0.0346310138702
6315.598251 0.0172403653463
6318.353061 0.0328392982483
6321.132394 0.0336920420329
6323.891234 0.0171072483063
6327.029812 0.0367670059204
6329.805182 0.035666624705
6332.540659 0.0343969662984
6335.256233 0.0173412164052
6338.009183 0.0354766845703
6340.782233 0.0348857243856
6343.573079 0.0347134272257
6346.329637 0.0347719192505
6349.104673 0.0372427304586
6351.899205 0.0350080331167
6354.711647 0.0355662504832
6358.009012 0.0343900521596
6360.801422 0.0354843934377
6363.580124 0.0350483258565
6366.398333 0.0362546443939
6369.177042 0.0346473852793
6371.860828 0.0188513596853
6374.610552 0.0352629820506
6377.286759 0.0178913275401
6380.10095 0.0358426570892
6382.794795 0.0173157056173
6385.575998 0.0328663190206
6388.941804 0.0340236822764
6391.699773 0.0354647636414
6394.456087 0.0354413986206
6397.257637 0.0384364128113
6400.112272 0.0359067122142
6402.956555 0.0355643431346
6405.753457 0.036669254303
6408.524987 0.0187476476034
6411.245247 0.0173370043437
6414.051855 0.0366128285726
6416.86519 0.0358036359151
6420.267635 0.0357406934102
6423.190519 0.0361779530843
6425.989876 0.0352953275045
6428.752651 0.0346725781759
6431.521341 0.0355546474457
6434.43351 0.0357312361399
6437.278162 0.0349798997243
6440.000694 0.0163913567861
6442.737834 0.0348170598348
6445.74248 0.0367413361867
6448.526897 0.0354760487874
6451.698223 0.0353393554688
6454.528853 0.0351981321971
6457.309172 0.0356315771739
6460.161904 0.036124308904
6462.934954 0.0356056690216
6465.721384 0.036589940389
6468.574461 0.0360020796458
6471.398602 0.0345102945964
6474.226667 0.0355563958486
6477.003908 0.0349500179291
6479.807076 0.0362834135691
6483.038804 0.0347930590312
6485.833771 0.0344039599101
6488.655544 0.0365367730459
6491.409463 0.018187046051
6494.216311 0.0369000434875
6497.055606 0.0349563757579
6499.860261 0.0354286829631
6502.618849 0.0342292785645
6505.393335 0.0339693228404
6508.235169 0.036169052124
6511.030007 0.0345044136047
6514.367008 0.0366073449453
6517.079974 0.0183560053507
6519.844998 0.0356930891673
6522.68942 0.0361660321554
6525.446013 0.0347543557485
6528.194124 0.0349107583364
6530.949307 0.0167070229848
6533.762603 0.0349497000376
6536.544346 0.0352129936218
6539.325176 0.033812046051
6542.088435 0.0340053240458
6545.40542 0.0343873500824
6548.169788 0.0344472726186
6550.939016 0.035504023234
6553.730424 0.0361970265706
6556.490782 0.0352577368418
6559.319438 0.0347583293915
6562.091158 0.0355586210887
6564.837505 0.0352382659912
6567.588596 0.0347665945689
6570.321429 0.0155970255534
6573.135286 0.0357633431753
6576.334312 0.0344256560008
6579.086528 0.0157140890757
6581.853042 0.0359459718068
6584.602778 0.0355829397837
6587.289913 0.0168297290802
6590.131947 0.035210609436
6592.890196 0.0354390144348
6595.669388 0.0341013272603
6598.453988 0.0346913337708
6601.269347 0.035381714503
6604.044826 0.0343832969666
6607.137914 0.017273346583
6609.828328 0.0168530146281
6612.598375 0.0358762741089
6615.407422 0.0343323548635
6618.233413 0.034897963206
6621.025505 0.0342480341593
6623.784606 0.0336856842041
6626.552656 0.0346486568451
6629.32435 0.0348943869273
6632.089183 0.0352067152659
6634.90065 0.0361370245616
6638.211418 0.0169087251027
6640.955232 0.0347876548767
6643.752332 0.0347884496053
6646.48008 0.0172323385874
6649.258257 0.0351439317067
6652.0392 0.0355242888133
6654.874029 0.0343657334646
6657.647885 0.0347253481547
6660.429503 0.0357042948405
6663.229053 0.0337696075439
6665.921848 0.0170613129934
6669.326745 0.034296353658
6672.113518 0.0361276467641
6674.877648 0.037260611852
6677.623548 0.0343854427338
6680.348203 0.0175756613413
6683.114931 0.0352927049001
6685.933063 0.0355710188548
6688.721348 0.0352658430735
6691.487546 0.0359938939412
6694.265815 0.0344286759694
6696.986957 0.0171322822571
6700.657581 0.0341489315033
6703.431662 0.034752925237
6706.221978 0.0365827083588
6708.935995 0.017054716746
6711.698791 0.0363712310791
6714.486629 0.0348386764526
6717.23289 0.0348859628042
6720.000897 0.0351083278656
6722.698799 0.0159549713135
6725.489277 0.0353535811106
6728.257288 0.0358855724335
6731.581152 0.0339190165202
6734.358735 0.0356436570485
6737.195289 0.0355141162872
6739.959082 0.0348583857218
6742.685158 0.0345352490743
6745.442766 0.0359749794006
6748.216801 0.0359323819478
6750.994882 0.0356074174245
6753.750151 0.0348893801371
6756.605646 0.0419239997864
6759.413786 0.0476607481639
6762.698701 0.0354896386464
6765.511242 0.034049987793
6768.297384 0.0355609258016
6771.024958 0.033740679423
6773.772312 0.0174466768901
6776.553573 0.0346466700236
6779.334959 0.0370562871297
6782.115057 0.0359593232473
6784.936135 0.0353999932607
6787.669003 0.0172193845113
6790.396028 0.0350933074951
6793.677571 0.0346066157023
6796.468691 0.0350600083669
6799.266359 0.0353319644928
6802.017087 0.0359575748444
6804.784592 0.0373317400614
6807.494672 0.0168726444244
6810.230664 0.0348030726115
6813.020301 0.034027338028
6815.841074 0.0364442666372
6818.623918 0.0351042747498
6821.412598 0.0363606611888
6824.698473 0.0171700318654
6827.458355 0.035649061203
6830.237798 0.0347812175751
6833.034335 0.0341589450836
6835.891238 0.0363606611888
6838.698064 0.0348072846731
6841.448699 0.0358742872874
6844.202868 0.0177910327911
6846.963298 0.0347263813019
6849.772325 0.0359666347504
6852.48083 0.0172046025594
6855.833098 0.0357067584991
6858.600508 0.0352439880371
6861.394212 0.0336910883586
6864.16052 0.0351660251617
6866.933272 0.0333903630575
6869.756462 0.0335446198781
6872.537368 0.0339146455129
6875.306816 0.0346990426381
6878.076794 0.0349587599436
6880.785056 0.0169180234273
6883.527884 0.0161164601644
6886.839085 0.0367739995321
6889.607542 0.0338763395945
6892.370229 0.0342313448588
6895.079294 0.0171800454458
6897.889885 0.0342450141907
6900.628924 0.0335912704468
6903.31853 0.0161759058634
6906.069064 0.0169196923574
6908.850932 0.0347953637441
6911.656309 0.0344173908234
6914.437172 0.0352427164714
6917.778453 0.0343174139659
6920.574876 0.034161011378
6923.365353 0.0336222648621
6926.118139 0.0344743728638
6928.948805 0.0332156817118
6931.731139 0.0351088047028
6934.53694 0.0344200134277
6937.322678 0.034316221873
6940.130497 0.0349400043488
6942.886268 0.0348137219747
6945.557568 0.0159070491791
6948.840514 0.0343403021495
6951.647845 0.0368101596832
6954.43732 0.0348436832428
6957.200849 0.0354750156403
6959.94431 0.0340656439463
6962.759096 0.033599058787
6965.523885 0.0347349643707
6968.289087 0.0360295772552
6971.080293 0.0351916154226
6973.862245 0.0340389410655
6976.645084 0.0341238975525
6979.913632 0.0163640975952
6982.704834 0.0358562469482
6985.455433 0.0356503327688
6988.23187 0.0352286497752
6991.044286 0.0350937048594
6993.815477 0.034957965215
6996.662727 0.0337919394175
6999.408731 0.0343062877655
7002.162298 0.0359836419423
7004.88131 0.0167625745138
7007.644498 0.0350679556529
7011.037113 0.0343736012777
7013.771953 0.0339490572611
7016.533782 0.0340306758881
7019.319037 0.035950422287
7022.109303 0.0335660775503
7024.934858 0.0353132088979
7027.741821 0.0340890089671
7030.468436 0.0348123709361
7033.301061 0.0352006753286
7036.060289 0.0361137390137
7038.803294 0.0348536173503
7042.178629 0.0335453351339
7045.016669 0.0488763650258
7047.813587 0.0358390013377
7050.597452 0.035025993983
7053.393547 0.0350014368693
7056.142585 0.0334542592367
7058.953196 0.0347082614899
7061.761618 0.035769701004
7064.637014 0.0487492084503
7067.453259 0.0402932961782
7070.416397 0.0184199810028
7073.64306 0.033916314443
7076.428945 0.0340182781219
7079.245043 0.0349370638529
7082.004266 0.0360656579336
7084.779067 0.0332763195038
7087.570097 0.0341446399689
7090.364752 0.0336366494497
7093.12311 0.03471271197
7095.83904 0.0174512863159
7098.642014 0.0349259376526
7101.439115 0.0352853139242
7104.601909 0.0359697341919
7107.385097 0.034646987915
7110.18987 0.0343829790751
7112.968423 0.017183303833
7115.648775 0.0156304041545
7118.41916 0.0343280633291
7121.191355 0.0337856610616
7123.974299 0.0364793936412
7126.683114 0.0344409147898
7129.429364 0.0341856479645
7132.152559 0.0171970526377
7135.425221 0.0332282384237
7138.238452 0.0349256197611
7141.00888 0.0344580014547
7143.831801 0.0353506406148
7146.579887 0.0353680451711
7149.328611 0.0348966916402
7152.108223 0.0334929625193
7154.88845 0.0343879858653
7157.579825 0.0163907210032
7160.356599 0.0178770224253
7163.065571 0.0171763896942
7166.408502 0.0345412890116
7169.157484 0.0359779198964
7171.920271 0.0338126818339
7174.600591 0.017563978831
7177.416788 0.0358219941457
7180.155292 0.0350282986959
7182.854178 0.0172777175903
7185.616295 0.0353773434957
7188.406116 0.0342082977295
7191.165967 0.0340758959452
7193.985592 0.0351339975993
7197.251018 0.0352046489716
7200.022503 0.0348404248556
