2.153247 0.199272871017
4.152173 0.191091060638
6.346607 0.185534954071
8.456715 0.327940940857
10.427864 0.199275970459
12.389749 0.187026977539
14.406871 0.206373929977
16.371762 0.191332101822
18.32708 0.178838968277
20.28409 0.179065942764
22.264421 0.203904151917
24.20737 0.170433998108
26.163916 0.180610895157
28.130868 0.179208040237
30.079793 0.173747062683
32.028533 0.174336194992
34.140553 0.199378967285
36.075423 0.167575120926
38.0484 0.175207138062
40.000499 0.168509960175
41.924429 0.173159122467
43.87839 0.170336961746
45.845419 0.171159029007
47.822577 0.16761803627
49.785937 0.198924064636
51.756734 0.178323030472
53.741178 0.180647850037
55.732119 0.210900068283
57.712972 0.172607898712
59.728715 0.192716121674
61.709506 0.168778896332
63.698172 0.201637029648
65.819935 0.193725824356
67.758749 0.17650604248
69.719282 0.189037084579
71.657818 0.169319152832
73.661624 0.196177959442
75.650196 0.178213119507
77.665046 0.201089143753
79.637169 0.170209884644
81.636317 0.188306093216
83.624122 0.190595149994
85.602236 0.172697067261
87.614497 0.192608833313
89.626386 0.197612047195
91.598462 0.174062013626
93.578722 0.168134212494
95.551597 0.171322107315
97.734873 0.197433948517
99.721987 0.202410936356
101.659068 0.171410799026
103.597685 0.171204090118
105.573001 0.173065900803
107.557447 0.190992832184
109.526401 0.188838005066
111.461176 0.165426969528
113.432351 0.174953222275
115.416667 0.193249940872
117.397059 0.177482843399
119.387769 0.171154022217
121.341931 0.174534082413
123.312598 0.178627967834
125.296488 0.174000024796
127.298851 0.17859005928
129.412271 0.164484024048
131.388359 0.170593976974
133.344965 0.172044992447
135.314419 0.168076038361
137.303808 0.188583850861
139.279413 0.181783914566
141.29076 0.173282146454
143.237721 0.172913789749
145.197719 0.187777042389
147.123256 0.179495811462
149.083435 0.170460939407
151.015271 0.1696870327
152.968837 0.165075063705
154.903905 0.173643827438
156.873219 0.176809072495
158.828583 0.173389196396
160.960723 0.175108909607
162.932958 0.171762943268
164.885281 0.169283866882
166.867549 0.171977996826
168.861366 0.190201997757
170.83867 0.17712187767
172.791959 0.169842004776
174.761327 0.180774927139
176.754973 0.171560049057
178.758551 0.168193817139
180.7343 0.179082155228
182.728678 0.177865028381
184.731374 0.193894147873
186.713994 0.171910047531
188.679913 0.169893980026
190.675031 0.172623872757
192.79531 0.169018030167
194.789076 0.194262981415
196.778328 0.178739070892
198.772796 0.171381950378
200.763001 0.189040899277
202.75609 0.201331138611
204.753773 0.19110918045
206.750733 0.17236995697
208.742526 0.195180177689
210.712248 0.180050134659
212.716258 0.201665878296
214.648183 0.173491954803
216.671233 0.190254926682
218.637683 0.172638177872
220.57627 0.168887138367
222.568318 0.192255020142
224.680238 0.174668073654
226.622086 0.189944982529
228.589191 0.192650079727
230.570386 0.18072104454
232.575212 0.167237043381
234.543748 0.175590991974
236.497357 0.202023983002
238.46035 0.196376085281
240.425466 0.180670976639
242.355163 0.176976203918
244.335744 0.203152894974
246.291589 0.166928052902
248.261007 0.172002077103
250.225938 0.169737100601
252.219543 0.179189920425
254.217057 0.1973528862
256.336224 0.17481303215
258.290217 0.166146039963
260.277832 0.175055027008
262.212632 0.166306018829
264.178567 0.1739590168
266.151714 0.168509960175
268.109538 0.171339035034
270.0756 0.176882982254
272.045205 0.171463012695
274.018479 0.199051141739
275.970019 0.17180109024
277.924459 0.169364929199
279.877751 0.17872595787
281.871776 0.167209148407
283.837434 0.173882007599
285.815023 0.177495002747
287.999968 0.188663005829
289.968128 0.186016082764
291.961541 0.195443868637
293.921906 0.16854095459
295.904756 0.170993804932
297.874967 0.187206029892
299.846063 0.171541929245
301.826819 0.171052932739
303.786047 0.172137022018
305.757849 0.176092863083
307.723857 0.170117855072
309.710983 0.169695854187
311.700215 0.186078071594
313.706562 0.203968048096
315.678977 0.175137042999
317.659253 0.188549995422
319.766742 0.178225040436
321.765921 0.19172000885
323.72593 0.187644004822
325.708399 0.169799089432
327.655172 0.17045211792
329.61655 0.189453125
331.595854 0.188894987106
333.59641 0.197484016418
335.583259 0.205161094666
337.555972 0.179501056671
339.532722 0.192692995071
341.505557 0.174091100693
343.46627 0.172867059708
345.446195 0.196079015732
347.434968 0.190141916275
349.408857 0.168262004852
351.534484 0.175387859344
353.521864 0.192359924316
355.487166 0.17630314827
357.500912 0.188603162766
359.472053 0.188541173935
361.456121 0.179125070572
363.412049 0.165097951889
365.398428 0.196276903152
367.366419 0.187063217163
369.361193 0.189445972443
371.330296 0.17547082901
373.344931 0.186349868774
375.315806 0.169863939285
377.320107 0.179083108902
379.294503 0.1850938797
381.277613 0.190562009811
383.381568 0.176028966904
385.349725 0.169107198715
387.409879 0.196171998978
389.441029 0.171559095383
391.429448 0.165848970413
393.394368 0.176079034805
395.405627 0.169859886169
397.420174 0.173458814621
399.413902 0.169007062912
401.38358 0.172435998917
403.394385 0.192643165588
405.41933 0.191653966904
407.460892 0.190711975098
409.458136 0.181185007095
411.422235 0.191937923431
413.557489 0.187417030334
415.519998 0.177932024002
417.552251 0.172475099564
419.54916 0.165457010269
421.540211 0.19463801384
423.506083 0.166886091232
425.513647 0.19278717041
427.503603 0.168380975723
429.488934 0.176258087158
431.47401 0.174884080887
433.467966 0.180914163589
435.464197 0.176471948624
437.428395 0.168335914612
439.384383 0.166350126266
441.384053 0.196156978607
443.375506 0.186455011368
445.544282 0.174075126648
447.580443 0.169671773911
449.552417 0.176391124725
451.53704 0.177369117737
453.534639 0.187302827835
455.51991 0.176876068115
457.496149 0.193750858307
459.492031 0.193738937378
461.487535 0.179081916809
463.444438 0.167815923691
465.404398 0.172226905823
467.379899 0.192836046219
469.33582 0.18065905571
471.312982 0.174703121185
473.296572 0.16778588295
475.2751 0.179882049561
477.461332 0.172003030777
479.445361 0.184578895569
481.422608 0.170465946198
483.390319 0.171156167984
485.38504 0.208701133728
487.323908 0.16791009903
489.316954 0.181609869003
491.303311 0.198091983795
493.266499 0.179795026779
495.217549 0.19117307663
497.247454 0.191931009293
499.217664 0.170680046082
501.21113 0.193843126297
503.187678 0.173895120621
505.156274 0.170767068863
507.128663 0.172958135605
509.27499 0.175447940826
511.284406 0.191606998444
513.304571 0.168389081955
515.3087 0.169348955154
517.267217 0.17226600647
519.256841 0.175413131714
521.239978 0.171625852585
523.228231 0.178428888321
525.185849 0.17743396759
527.190161 0.169943094254
529.15634 0.16894197464
531.102737 0.172631025314
533.116651 0.192311048508
535.095515 0.167779922485
537.088363 0.173892974854
539.060626 0.191128969193
541.190454 0.196595907211
543.23053 0.199506998062
545.264754 0.194504022598
547.261298 0.172508955002
549.267973 0.195316076279
551.272303 0.166533946991
553.253276 0.169563055038
555.244083 0.173529148102
557.249067 0.180968999863
559.217774 0.17239689827
561.182229 0.174632787704
563.17272 0.166818141937
565.132493 0.170961141586
567.112541 0.16641497612
569.080873 0.1709420681
570.999983 0.168077945709
573.172356 0.172142028809
575.152567 0.170675039291
577.133455 0.181337118149
579.138364 0.181495904922
581.152832 0.180736780167
583.131396 0.179985046387
585.102282 0.182139873505
587.076463 0.196501970291
589.065986 0.195469856262
591.032542 0.189602851868
593.012322 0.174036979675
594.978726 0.17111492157
596.94712 0.171663045883
598.922138 0.17885184288
600.907924 0.174013853073
602.860753 0.177539110184
605.020192 0.198071956635
606.989509 0.168673038483
608.935671 0.170289993286
610.934211 0.167248010635
612.919593 0.169486999512
614.885953 0.176748037338
616.867082 0.170655012131
618.87749 0.172474145889
620.860046 0.17146897316
622.83464 0.182919025421
624.832748 0.193487167358
626.826327 0.169390916824
628.82522 0.190337896347
630.846602 0.171456098557
632.812655 0.173763990402
634.812647 0.190891027451
636.953071 0.180109977722
638.902724 0.187956809998
640.890771 0.171764135361
642.869562 0.172293186188
644.876537 0.193618059158
646.885499 0.177180051804
648.859974 0.174426794052
650.841914 0.196960926056
652.816877 0.171339035034
654.812735 0.19738984108
656.787855 0.175271987915
658.755247 0.169631958008
660.745803 0.19140791893
662.71979 0.204190969467
664.678057 0.191927909851
666.638574 0.17902302742
668.823811 0.176999092102
670.767986 0.168023109436
672.747736 0.178030967712
674.728634 0.168980121613
676.758233 0.18145108223
678.755498 0.187736988068
680.76266 0.19181394577
682.745446 0.171342134476
684.717855 0.177685976028
686.691924 0.171813964844
688.677099 0.17253613472
690.645658 0.18518781662
692.629659 0.170642852783
694.65974 0.179295063019
696.639194 0.173259019852
698.632879 0.175617933273
700.793522 0.170273780823
702.804029 0.179782867432
704.788673 0.174477815628
706.733629 0.171305894852
708.712991 0.16660785675
710.690767 0.179369211197
712.687603 0.172231912613
714.670378 0.184994935989
716.648974 0.176450014114
718.631716 0.188194036484
720.623916 0.187553882599
722.593654 0.167119979858
724.553353 0.173877000809
726.522262 0.172724962234
728.523021 0.199490070343
730.490388 0.174577236176
732.665427 0.168372154236
734.611771 0.17541718483
736.586413 0.166027784348
738.551635 0.17485499382
740.5518 0.196119070053
742.510451 0.181756973267
744.477648 0.174461126328
746.446142 0.187242984772
748.443621 0.170361995697
750.443409 0.190235853195
752.436346 0.200708866119
754.385942 0.181420087814
756.363677 0.194867134094
758.320625 0.168835163116
760.275292 0.172420024872
762.245965 0.168497085571
764.394209 0.167906999588
766.372704 0.181515932083
768.374291 0.191869020462
770.378278 0.189553976059
772.347954 0.170480012894
774.400291 0.194967031479
776.378416 0.18751502037
778.385153 0.172116041183
780.351696 0.167456865311
782.307543 0.175887107849
784.265467 0.179061889648
786.25541 0.193465948105
788.259265 0.179187059402
790.280538 0.197174072266
792.302374 0.202259063721
794.297864 0.174975156784
796.466206 0.165520191193
798.462625 0.173861026764
800.45733 0.194344043732
802.46329 0.198997974396
804.487418 0.181766033173
806.468291 0.181615829468
808.455968 0.165553808212
810.426185 0.176623821259
812.390671 0.172767162323
814.360265 0.176129102707
816.323769 0.184807062149
818.306591 0.175355911255
820.339644 0.170242071152
822.359906 0.180359125137
824.35549 0.179507017136
826.337501 0.16766500473
828.578654 0.197486162186
830.560124 0.196792840958
832.528049 0.16827583313
834.519273 0.172393083572
836.48178 0.186213970184
838.44085 0.187335014343
840.400447 0.169107913971
842.37032 0.169883012772
844.348125 0.167854070663
846.358342 0.198985099792
848.331362 0.170125961304
850.30258 0.168776035309
852.25452 0.168297052383
854.236641 0.16842508316
856.211473 0.176820993423
858.198064 0.170652151108
860.41507 0.172199964523
862.396265 0.194249153137
864.369807 0.18479681015
866.334219 0.197290182114
868.310684 0.176995038986
870.268761 0.170868873596
872.256191 0.198092222214
874.208585 0.178259849548
876.154853 0.189302921295
878.129036 0.169351100922
880.117368 0.189901828766
882.101191 0.172961950302
884.075507 0.189587116241
886.061933 0.179348945618
888.056524 0.196197986603
890.071798 0.172564029694
892.237831 0.190841913223
894.239999 0.188047885895
896.178163 0.171962976456
898.157358 0.169577121735
900.112233 0.169265985489
902.08852 0.193635940552
904.067244 0.188888072968
906.017267 0.193663835526
907.978003 0.186293125153
909.950907 0.179970026016
911.908409 0.169659852982
913.878585 0.173962116241
915.833504 0.170637130737
917.842166 0.17017698288
919.791919 0.167459011078
921.748041 0.170717954636
923.922234 0.169774055481
925.908489 0.194040060043
927.910664 0.188347101212
929.877869 0.188587188721
931.889161 0.179386138916
933.876064 0.18834900856
935.814622 0.170950889587
937.802221 0.199917078018
939.79918 0.173585891724
941.788775 0.171822071075
943.743831 0.171357870102
945.729668 0.197510004044
947.678077 0.163964986801
949.671567 0.166923999786
951.6642 0.170882940292
953.642326 0.169022083282
955.840613 0.177394866943
957.818055 0.168566942215
959.788521 0.168729066849
961.746026 0.169337034225
963.711382 0.172503948212
965.636538 0.170137882233
967.632048 0.199897050858
969.596962 0.19017291069
971.562384 0.17936706543
973.528388 0.16809296608
975.510052 0.18102312088
977.494052 0.194266080856
979.457795 0.179459810257
981.454946 0.199069023132
983.405185 0.180176973343
985.361003 0.165530920029
987.521467 0.166319131851
989.502058 0.171074867249
991.484001 0.191274881363
993.435689 0.179393053055
995.443311 0.183125972748
997.40693 0.170997142792
999.354 0.169943094254
1001.319886 0.168565034866
1003.30008 0.174129962921
1005.289927 0.177962064743
1007.279736 0.188973903656
1009.266262 0.168385028839
1011.23359 0.168281078339
1013.217838 0.187803030014
1015.183324 0.17064499855
1017.124719 0.170240163803
1019.342185 0.1891310215
1021.309251 0.176875114441
1023.302095 0.190726995468
1025.273236 0.180769205093
1027.254085 0.172482967377
1029.194613 0.1677339077
1031.188032 0.175920009613
1033.142974 0.169971942902
1035.113803 0.170436859131
1037.06397 0.180809020996
1039.042017 0.181739807129
1040.996116 0.178776979446
1042.951016 0.171586036682
1044.919333 0.1710460186
1046.852382 0.173495054245
1048.829015 0.171359062195
1050.999871 0.176655054092
1052.988595 0.189670085907
1054.96003 0.171891212463
1056.950942 0.167698860168
1058.932652 0.18211722374
1060.912085 0.192101955414
1062.880598 0.180521011353
1064.872623 0.167639970779
1066.856507 0.191140890121
1068.828522 0.177176952362
1070.791585 0.17186999321
1072.740381 0.175780057907
1074.70083 0.169481992722
1076.667073 0.178514003754
1078.648115 0.173027992249
1080.594922 0.172369003296
1082.775361 0.167403936386
1084.730358 0.170687913895
1086.693658 0.17121720314
1088.703658 0.189162969589
1090.692518 0.17676281929
1092.66351 0.17804312706
1094.618681 0.168910980225
1096.626356 0.193992853165
1098.609699 0.197340965271
1100.572322 0.181234121323
1102.547481 0.189114093781
1104.557619 0.178985118866
1106.526638 0.17222905159
1108.481469 0.170315027237
1110.462849 0.17990899086
1112.428253 0.180444955826
1114.651522 0.181318044662
1116.641236 0.168672800064
1118.598263 0.17102599144
1120.577562 0.171602010727
1122.548626 0.197463035583
1124.520454 0.1930809021
1126.503591 0.16686296463
1128.486886 0.17667889595
1130.476654 0.19830083847
1132.448001 0.171035051346
1134.427169 0.175222873688
1136.387368 0.188770055771
1138.337529 0.168884038925
1140.318351 0.180958986282
1142.293528 0.177645921707
1144.238569 0.173377037048
1146.412533 0.168298006058
1148.371781 0.175379991531
1150.35289 0.197312116623
1152.316383 0.180685997009
1154.297565 0.170450925827
1156.295324 0.198503017426
1158.266311 0.177447080612
1160.24615 0.17448091507
1162.205137 0.170850038528
1164.177197 0.17141699791
1166.163632 0.191329956055
1168.134061 0.182842969894
1170.087592 0.179799079895
1172.069318 0.168345928192
1174.052081 0.171100854874
1176.041721 0.169904947281
1178.248023 0.192234992981
1180.213311 0.19141793251
1182.194652 0.179347991943
1184.15352 0.169761896133
1186.162051 0.186059951782
1188.119296 0.172723054886
1190.082146 0.171903848648
1192.081917 0.187143802643
1194.057195 0.19093298912
1196.050848 0.176791906357
1198.012087 0.168370962143
1199.999465 0.183009147644
1201.994258 0.176794052124
1203.976306 0.174707174301
1205.966888 0.178122997284
1207.949539 0.180643796921
1210.123562 0.170423030853
1212.091081 0.171147823334
1214.067829 0.170356988907
1216.071824 0.18536901474
1218.036513 0.177940130234
1220.025965 0.19838309288
1221.997016 0.196417093277
1224.021799 0.194502830505
1225.999363 0.17375087738
1227.963095 0.175849914551
1229.956106 0.178914785385
1231.925476 0.173568964005
1233.889131 0.190309047699
1235.888336 0.17090010643
1237.867282 0.172310829163
1239.830413 0.167913198471
1242.005235 0.181016921997
1244.006488 0.202641010284
1246.009275 0.196528911591
1247.998214 0.186819076538
1249.998715 0.171685934067
1251.966307 0.168213844299
1253.963419 0.191061973572
1255.926822 0.17184305191
1257.959329 0.189982891083
1259.933787 0.172871112823
1261.921334 0.188942909241
1263.908498 0.196903944016
1265.909159 0.172774076462
1267.87788 0.180168151855
1269.847083 0.17125916481
1271.824416 0.167513132095
1273.984196 0.180263996124
1275.90589 0.170955896378
1277.891871 0.193231105804
1279.858999 0.195817947388
1281.805239 0.174116849899
1283.778481 0.162051916122
1285.727364 0.175415992737
1287.688275 0.178956985474
1289.66467 0.179799079895
1291.62831 0.169933080673
1293.617683 0.195815086365
1295.57973 0.18980717659
1297.5622 0.198783874512
1299.532378 0.179499864578
1301.5097 0.177388906479
1303.508191 0.169146060944
1305.665708 0.168847799301
1307.634896 0.173178195953
1309.577637 0.171865940094
1311.581338 0.170274972916
1313.532676 0.172686100006
1315.51207 0.19940495491
1317.463888 0.17653799057
1319.452733 0.180419921875
1321.433342 0.191927909851
1323.401786 0.169814825058
1325.345481 0.168828964233
1327.330896 0.198812007904
1329.314986 0.177517175674
1331.27945 0.189102172852
1333.245957 0.197319984436
1335.198627 0.170862913132
1337.341854 0.177819013596
1339.306853 0.186127901077
1341.26892 0.168622016907
1343.247987 0.180753946304
1345.22161 0.197225809097
1347.177495 0.173698186874
1349.181314 0.209982872009
1351.174372 0.176733016968
1353.146255 0.178409814835
1355.133655 0.194618940353
1357.086 0.171795129776
1359.027369 0.179730892181
1361.008326 0.166779994965
1362.992193 0.172024011612
1364.956294 0.170862913132
1366.912981 0.167285203934
1369.06032 0.179824113846
1371.050598 0.187461137772
1373.035984 0.172565937042
1375.031716 0.204596042633
1377.020524 0.170597076416
1378.984345 0.179707050323
1380.977721 0.177043914795
1382.944299 0.166748046875
1384.931207 0.17743897438
1386.867652 0.165302991867
1388.827497 0.168842792511
1390.81072 0.195138931274
1392.799141 0.193799972534
1394.749513 0.167047977448
1396.740274 0.174811840057
1398.724327 0.168791055679
1400.919035 0.172325134277
1402.91222 0.16849398613
1404.879645 0.170748949051
1406.835513 0.179518938065
1408.801863 0.174742937088
1410.777184 0.172276973724
1412.761978 0.17801117897
1414.749941 0.193362951279
1416.731808 0.177897930145
1418.729769 0.170959949493
1420.732822 0.180843114853
1422.716702 0.176085948944
1424.683373 0.173890829086
1426.648603 0.171000957489
1428.629329 0.18106508255
1430.608298 0.169701814651
1432.781059 0.171392917633
1434.779709 0.18871307373
1436.756244 0.174460887909
1438.74201 0.168590068817
1440.725452 0.169674873352
1442.731117 0.17090511322
1444.722158 0.180863142014
1446.697529 0.186455011368
1448.728157 0.170721054077
1450.70636 0.166332006454
1452.729212 0.192688941956
1454.703065 0.173527956009
1456.684162 0.180543899536
1458.628352 0.170032024384
1460.585396 0.169765949249
1462.570841 0.189352035522
1464.727511 0.171017885208
1466.680743 0.173649072647
1468.673238 0.169990062714
1470.660601 0.178719997406
1472.633463 0.180902957916
1474.613765 0.1668009758
1476.569274 0.180911064148
1478.536358 0.17020201683
1480.508148 0.17311501503
1482.448271 0.16934800148
1484.429193 0.168645143509
1486.40502 0.18189406395
1488.40767 0.202378034592
1490.392213 0.172282934189
1492.365849 0.184859991074
1494.340008 0.173192977905
1496.54373 0.199585199356
1498.528177 0.170549154282
1500.522323 0.170212984085
1502.490486 0.171335935593
1504.470686 0.195188045502
1506.461311 0.17900800705
1508.417828 0.16990685463
1510.397103 0.167882919312
1512.368271 0.1743080616
1514.332092 0.168991088867
1516.316188 0.175992012024
1518.29821 0.188873052597
1520.279417 0.174200057983
1522.266388 0.172116994858
1524.256681 0.194587945938
1526.23637 0.166710853577
1528.38495 0.172936916351
1530.349809 0.178675889969
1532.331338 0.191909074783
1534.329807 0.195070981979
1536.283116 0.174102067947
1538.271384 0.164890050888
1540.204598 0.171335935593
1542.194584 0.195380926132
1544.164376 0.172237157822
1546.13255 0.176952123642
1548.10298 0.171723842621
1550.103239 0.177896022797
1552.063112 0.16873717308
1554.054531 0.175086975098
1556.020451 0.169119119644
1558.003948 0.172179937363
1560.163054 0.1703748703
1562.150616 0.179223060608
1564.133218 0.173753976822
1566.112383 0.16636800766
1568.094392 0.178025007248
1570.079828 0.186664104462
1572.07099 0.181614875793
1574.069936 0.176547050476
1576.050165 0.169010877609
1578.04011 0.171718835831
1580.021781 0.17170214653
1581.984454 0.173741102219
1583.957986 0.170463085175
1585.940548 0.189350128174
1587.938571 0.178130149841
1589.894625 0.178993940353
1592.105913 0.180431127548
1594.059751 0.172997951508
1596.028658 0.169453859329
1598.081186 0.179876804352
1600.07459 0.194713115692
1602.031967 0.194411039352
1603.986601 0.171423912048
1605.973705 0.178099870682
1607.944539 0.167983055115
1609.935405 0.16937494278
1611.920558 0.19696187973
1613.878764 0.174633026123
1615.8369 0.178867101669
1617.835279 0.173364162445
1619.809619 0.179146051407
1621.79975 0.190350055695
1623.964463 0.169878005981
1625.943988 0.178521871567
1627.913416 0.170571088791
1629.867681 0.170732975006
1631.822136 0.166351079941
1633.801756 0.178259849548
1635.770031 0.178660154343
1637.766683 0.176862955093
1639.742585 0.179136037827
1641.715534 0.171633958817
1643.715537 0.177969932556
1645.68274 0.176295042038
1647.663008 0.170209884644
1649.648731 0.177667140961
1651.633917 0.178187847137
1653.606699 0.172901153564
1655.811658 0.178374052048
1657.780577 0.180686950684
1659.746638 0.17900800705
1661.681785 0.171697854996
1663.64983 0.170776128769
1665.570252 0.170089960098
1667.550058 0.176051855087
1669.524671 0.177151203156
1671.484415 0.168689966202
1673.499894 0.195950031281
1675.479808 0.167894124985
1677.457987 0.188948154449
1679.454728 0.17956495285
1681.457663 0.181459188461
1683.450763 0.170036077499
1685.46478 0.172214984894
1687.67373 0.170459032059
1689.653369 0.171240091324
1691.631233 0.173326969147
1693.628347 0.183494091034
1695.605357 0.171580791473
1697.588697 0.173632860184
1699.597126 0.186810970306
1701.56814 0.180428028107
1703.54842 0.167834043503
1705.538296 0.196662187576
1707.506364 0.171627998352
1709.499407 0.196755886078
1711.47956 0.196630001068
1713.479202 0.199430942535
1715.46408 0.178148984909
1717.419983 0.172724962234
1719.607475 0.21613907814
1721.549188 0.166730165482
1723.515832 0.168388128281
1725.520298 0.181437015533
1727.507974 0.200595140457
1729.521044 0.17594909668
1731.52144 0.168737888336
1733.500834 0.173266887665
1735.50321 0.179516077042
1737.466933 0.198828935623
1739.438289 0.189213037491
1741.427099 0.194983959198
1743.437702 0.180149078369
1745.457167 0.198182821274
1747.461558 0.174559831619
1749.491941 0.196705102921
1751.705028 0.172016859055
1753.658528 0.203124046326
1755.590686 0.167448043823
1757.573587 0.181091070175
1759.528264 0.170850992203
1761.496924 0.168864011765
1763.466628 0.170049190521
1765.432729 0.172166109085
1767.385416 0.175858020782
1769.368721 0.17991399765
1771.348024 0.169635057449
1773.324366 0.194946050644
1775.273832 0.179280996323
1777.269097 0.201285123825
1779.267653 0.179352045059
1781.233896 0.190448045731
1783.406155 0.181320905685
1785.432574 0.188322067261
1787.42904 0.16964507103
1789.364001 0.168615818024
1791.339749 0.164871931076
1793.325147 0.173252820969
1795.300885 0.167679786682
1797.285016 0.192285060883
1799.272046 0.165563106537
1801.252021 0.179911851883
1803.269441 0.178514003754
1805.262713 0.175976037979
1807.228712 0.168920993805
1809.208134 0.180928230286
1811.214653 0.17055106163
1813.203944 0.180303812027
1815.382227 0.190656900406
1817.343829 0.177639007568
1819.309653 0.17748093605
1821.267489 0.179422140121
1823.209172 0.169586896896
1825.172873 0.176359891891
1827.114111 0.16953086853
1829.097741 0.186655044556
1831.049106 0.169111967087
1833.011383 0.172072887421
1834.960275 0.176017999649
1836.912439 0.174558162689
1838.896792 0.168633937836
1840.875887 0.168061971664
1842.844226 0.168495893478
1844.825454 0.166616916656
1846.971673 0.1677339077
1848.966316 0.171402931213
1850.969302 0.178625106812
1852.957521 0.176771879196
1854.951589 0.174575090408
1856.943884 0.176418066025
1858.924592 0.174481153488
1860.901451 0.177612066269
1862.881569 0.17209982872
1864.864666 0.172590017319
1866.832625 0.165553092957
1868.804386 0.17614197731
1870.82821 0.179291009903
1872.807422 0.168198823929
1874.802619 0.170548200607
1876.769442 0.165745019913
1879.002553 0.173331022263
1880.972898 0.190187931061
1882.907211 0.176717996597
1884.91623 0.205138921738
1886.919579 0.179139852524
1888.912029 0.179088115692
1890.900542 0.176859855652
1892.90733 0.178367137909
1894.889228 0.174654960632
1896.876703 0.187009096146
1898.849185 0.168663024902
1900.853095 0.171302080154
1902.830426 0.170183897018
1904.79368 0.190437078476
1906.770827 0.194458961487
1908.745698 0.198269844055
1910.940437 0.176640987396
1912.935245 0.16740489006
1914.912298 0.17609000206
1916.865431 0.173527002335
1918.778074 0.170356035233
1920.772513 0.168132066727
1922.714296 0.171293973923
1924.671062 0.199183940887
1926.634671 0.189110040665
1928.581168 0.177138090134
1930.578715 0.183028936386
1932.544222 0.17257809639
1934.516805 0.189420938492
1936.505439 0.181062936783
1938.550125 0.186349868774
1940.518207 0.17483997345
1942.692988 0.190614938736
1944.672605 0.187413930893
1946.663876 0.188461065292
1948.663291 0.173518896103
1950.625997 0.167084932327
1952.584644 0.167089939117
1954.576301 0.170460939407
1956.533694 0.170375823975
1958.508487 0.17123913765
1960.484503 0.191828966141
1962.471936 0.177590847015
1964.454059 0.173361063004
1966.417892 0.171089172363
1968.447406 0.179865121841
1970.426615 0.16766500473
1972.396443 0.170284032822
1974.604311 0.169053077698
1976.589237 0.191273212433
1978.552237 0.191909074783
1980.523006 0.169890165329
1982.493893 0.18497800827
1984.467763 0.171391010284
1986.448305 0.18340587616
1988.452803 0.180800914764
1990.425788 0.194298028946
1992.42459 0.17952299118
1994.416826 0.17856502533
1996.385297 0.171626091003
1998.408175 0.203007936478
2000.381658 0.17028594017
2002.347184 0.166903018951
2004.327847 0.174358129501
2006.502385 0.171030044556
2008.479442 0.196144104004
2010.44863 0.178810834885
2012.421701 0.176875829697
2014.404955 0.177367925644
2016.367247 0.172255039215
2018.321169 0.169559001923
2020.291761 0.170170068741
2022.250997 0.187549114227
2024.226037 0.169749975204
2026.199486 0.184710025787
2028.173132 0.169716119766
2030.138504 0.167072057724
2032.121778 0.167776107788
2034.124325 0.176023006439
2036.107222 0.170279979706
2038.30267 0.179769992828
2040.257168 0.169049978256
2042.212743 0.16984295845
2044.246044 0.196846961975
2046.256747 0.173685073853
2048.296517 0.167196035385
2050.261976 0.192448854446
2052.272786 0.193975925446
2054.268943 0.190201044083
2056.268168 0.172930002213
2058.257467 0.180387973785
2060.224087 0.180422067642
2062.194974 0.179682970047
2064.206196 0.198221921921
2066.196489 0.199282884598
2068.166975 0.178890943527
2070.387405 0.180675983429
2072.357415 0.170166969299
2074.361782 0.181108951569
2076.34481 0.176088094711
2078.311368 0.16962480545
2080.313308 0.174299955368
2082.315927 0.179632902145
2084.308551 0.168467998505
2086.288904 0.171426057816
2088.266438 0.176285982132
2090.273479 0.181054830551
2092.23048 0.170869112015
2094.220727 0.170526027679
2096.210654 0.178246021271
2098.183874 0.171892881393
2100.17099 0.166226863861
2102.381883 0.171466112137
2104.360703 0.178317070007
2106.370377 0.181744098663
2108.378864 0.193287849426
2110.350328 0.171185970306
2112.327324 0.17569899559
2114.310236 0.177098989487
2116.297441 0.175728082657
2118.304568 0.179805040359
2120.446644 0.173626899719
2122.422041 0.170320987701
2124.394056 0.187710046768
2126.372538 0.173411130905
2128.336088 0.168521165848
2130.371908 0.189366102219
2132.352325 0.176630020142
2134.54562 0.177783966064
2136.534235 0.175300836563
2138.537618 0.170209884644
2140.539785 0.168720960617
2142.510961 0.171094894409
2144.500841 0.176844120026
2146.523321 0.189753055573
2148.519315 0.167963981628
2150.576705 0.18826508522
2152.574117 0.196444034576
2154.535511 0.171837091446
2156.498904 0.176923036575
2158.457599 0.172730922699
2160.445468 0.176395893097
2162.430045 0.170900821686
2164.386192 0.17181801796
2166.630885 0.171634912491
2168.612396 0.172008991241
2170.701509 0.181825876236
2172.666589 0.170627832413
2174.6524 0.19136095047
2176.648669 0.179996013641
2178.630098 0.17175412178
2180.612248 0.172204971313
2182.578743 0.176390886307
2184.560945 0.180074930191
2186.512778 0.181273937225
2188.494567 0.168256998062
2190.485355 0.17088508606
2192.467704 0.178049087524
2194.437469 0.197453022003
2196.436458 0.179451942444
2198.610179 0.17175579071
2200.579569 0.171678066254
2202.544947 0.173982143402
2204.489851 0.172514200211
2206.472819 0.175269126892
2208.47319 0.168960094452
2210.463414 0.180707931519
2212.423083 0.171663045883
2214.394679 0.188344955444
2216.366715 0.179483175278
2218.319132 0.175822019577
2220.277756 0.177222013474
2222.252315 0.169033050537
2224.214885 0.167867898941
2226.220231 0.180657148361
2228.18998 0.170688867569
2230.372345 0.167909860611
2232.350431 0.179181098938
2234.313118 0.196309804916
2236.27579 0.17383813858
2238.25698 0.190519094467
2240.246653 0.178478956223
2242.190475 0.187832117081
2244.177699 0.198086977005
2246.203047 0.170757055283
2248.18085 0.17019200325
2250.159957 0.175771951675
2252.14199 0.170178890228
2254.12107 0.168529033661
2256.090683 0.173414945602
2258.069076 0.16903591156
2260.063517 0.170637130737
2262.288201 0.184395074844
2264.273459 0.169060945511
2266.310281 0.193743944168
2268.304055 0.17386507988
2270.278066 0.183971881866
2272.254479 0.169158935547
2274.200498 0.171493053436
2276.151545 0.165318012238
2278.110749 0.172665119171
2280.064073 0.168792009354
2282.08285 0.185104846954
2284.093477 0.173217058182
2286.129542 0.190173149109
2288.110914 0.186993837357
2290.077644 0.174201965332
2292.02727 0.171370029449
2294.253391 0.181263923645
2296.239744 0.179594039917
2298.220215 0.196402072906
2300.203771 0.172716140747
2302.168846 0.180155992508
2304.139936 0.173299074173
2306.191245 0.17245388031
2308.155532 0.166505098343
2310.162759 0.182314872742
2312.140977 0.179156064987
2314.084444 0.170083045959
2316.064876 0.179266929626
2318.023661 0.193600177765
2319.98023 0.172349214554
2321.947998 0.195532083511
2323.925343 0.175471067429
2326.092913 0.192612886429
2328.080752 0.176142930984
2330.070327 0.170328140259
2332.057605 0.178962945938
2334.060979 0.197505950928
2336.049281 0.174207925797
2338.033305 0.173460006714
2340.013126 0.174912214279
2342.005857 0.178233861923
2343.987601 0.178596973419
2345.984716 0.198827028275
2347.945865 0.170167922974
2349.923883 0.186554193497
2351.905456 0.177343130112
2353.890042 0.169956922531
2355.856416 0.168175935745
2358.06748 0.174403905869
2360.028629 0.169154167175
2361.99767 0.167087078094
2363.967204 0.168251037598
2365.957762 0.178460121155
2367.952449 0.178843021393
2369.942467 0.178300142288
2371.911397 0.175607919693
2373.86675 0.167557954788
2375.873984 0.168836116791
2377.828168 0.170814990997
2379.821648 0.172883033752
2381.809337 0.179280996323
2383.804528 0.169456005096
2385.757178 0.172971963882
2387.763537 0.178242921829
2389.969111 0.177201986313
2391.918543 0.16973400116
2393.882433 0.174366950989
2395.854125 0.171717166901
2397.808269 0.169059991837
2399.780663 0.172345161438
2401.751697 0.190300941467
2403.737639 0.175223827362
2405.701634 0.169255971909
2407.65377 0.173416137695
2409.560443 0.171929836273
2411.515553 0.173835992813
2413.473334 0.173737049103
2415.438872 0.17110991478
2417.42221 0.184407949448
2419.40996 0.172749996185
2421.616285 0.169157981873
2423.602524 0.191362142563
2425.576535 0.171335935593
2427.568671 0.17111492157
2429.547164 0.179332017899
2431.538802 0.201608896255
2433.49674 0.166894197464
2435.487855 0.178509950638
2437.485833 0.179610013962
2439.46697 0.189679861069
2441.42618 0.172794103622
2443.438604 0.190560102463
2445.42167 0.189873933792
2447.422742 0.197940826416
2449.40784 0.170758008957
2451.404366 0.172569990158
2453.858344 0.171843767166
2455.855132 0.177747964859
2457.879988 0.177751064301
2459.863744 0.17004108429
2461.827053 0.178688764572
2463.800349 0.172507047653
2465.790376 0.171923160553
2467.804957 0.178357124329
2469.79408 0.178308963776
2471.789105 0.167843818665
2473.790028 0.198544979095
2475.763551 0.173187017441
2477.739222 0.168295860291
2479.712284 0.172426939011
2481.701861 0.172837972641
2483.705498 0.178266048431
2485.873784 0.187818050385
2487.856526 0.179970979691
2489.849786 0.170252799988
2491.791407 0.189914941788
2493.764495 0.176956176758
2495.753019 0.168469905853
2497.73071 0.175915002823
2499.698225 0.189899921417
2501.64701 0.17276597023
2503.603682 0.171356916428
2505.614022 0.163633823395
2507.641617 0.180191040039
2509.655956 0.190673828125
2511.666745 0.179543018341
2513.668501 0.175462961197
2515.672761 0.172739982605
2517.905111 0.168790102005
2519.885441 0.168489933014
2521.840072 0.178152084351
2523.807526 0.1760160923
2525.79868 0.172865867615
2527.782364 0.17621088028
2529.741379 0.192296028137
2531.70695 0.170922040939
2533.672757 0.168854951859
2535.638331 0.174186944962
2537.635102 0.170720100403
2539.64503 0.176419973373
2541.598322 0.183161973953
2543.5838 0.179813861847
2545.563878 0.178009986877
2547.566397 0.174514055252
2549.809452 0.170605897903
2551.774802 0.175585985184
2553.735781 0.176920175552
2555.716696 0.179991960526
2557.661389 0.171106100082
2559.667071 0.172951936722
2561.653934 0.178220033646
2563.625159 0.171423912048
2565.603182 0.1731300354
2567.57145 0.173727989197
2569.565162 0.175539016724
2571.550652 0.172502040863
2573.535046 0.167643070221
2575.517434 0.169450044632
2577.520054 0.172607183456
2579.50254 0.1747610569
2581.756604 0.179319143295
2583.716187 0.173847913742
2585.671417 0.175813913345
2587.636724 0.18049621582
2589.583972 0.190182924271
2591.563789 0.17392706871
2593.529269 0.169126033783
2595.54412 0.179526090622
2597.572042 0.169689893723
2599.57527 0.179759025574
2601.579786 0.169570207596
2603.563861 0.191727161407
2605.586552 0.178587913513
2607.556194 0.170970916748
2609.547777 0.175254821777
2611.520394 0.182497024536
2613.72986 0.176280975342
2615.733623 0.1920170784
2617.732493 0.165405035019
2619.694994 0.195468902588
2621.704054 0.172744035721
2623.673705 0.170881032944
2625.633788 0.188388109207
2627.666109 0.178200960159
2629.668958 0.17725110054
2631.653437 0.180401086807
2633.641762 0.174302101135
2635.698822 0.168295145035
2637.734108 0.169061183929
2639.704879 0.169394016266
2641.732359 0.170851945877
2643.917683 0.178478002548
2645.895163 0.177973985672
2647.879358 0.168791055679
2649.831089 0.179481983185
2651.812461 0.180028915405
2653.815697 0.177647829056
2655.800603 0.172487974167
2657.799113 0.171043872833
2659.785777 0.198775053024
2661.761447 0.169112920761
2663.712489 0.190554857254
2665.684412 0.169754981995
2667.660847 0.195571899414
2669.631332 0.171439886093
2671.608234 0.178134918213
2673.604651 0.177081823349
2675.790565 0.175674915314
2677.732492 0.168446779251
2679.71864 0.191196918488
2681.668579 0.170097112656
2683.672727 0.192277193069
2685.654705 0.170468091965
2687.586709 0.16787314415
2689.55106 0.177681922913
2691.538169 0.188879013062
2693.490144 0.167592048645
2695.476535 0.188868999481
2697.468671 0.188704013824
2699.463703 0.17923784256
2701.462709 0.197242021561
2703.552374 0.188084840775
2705.513838 0.170922994614
2707.708274 0.201941013336
2709.687446 0.193926095963
2711.655179 0.17355298996
2713.625375 0.168217897415
2715.622965 0.184823989868
2717.581925 0.191195964813
2719.564019 0.168431043625
2721.557467 0.171324968338
2723.523912 0.173309087753
2725.497957 0.198116779327
2727.4594 0.167835950851
2729.428767 0.179589986801
2731.400603 0.179719924927
2733.390128 0.181684017181
2735.364205 0.198756933212
2737.327606 0.172038793564
2739.532481 0.193528175354
2741.499871 0.169426202774
2743.4838 0.171936988831
2745.485385 0.178753852844
2747.478195 0.199486970901
2749.501819 0.180420875549
2751.533053 0.178727865219
2753.490071 0.170755147934
2755.493825 0.16937494278
2757.472685 0.167532920837
2759.464398 0.179388999939
2761.491427 0.180053949356
2763.472761 0.169455051422
2765.486999 0.179268121719
2767.469853 0.169368982315
2769.481998 0.177585840225
2771.658973 0.171704053879
2773.664714 0.190404891968
2775.651712 0.180386066437
2777.645587 0.179412841797
2779.613989 0.175316810608
2781.590427 0.166964054108
2783.604237 0.196197986603
2785.575882 0.176981210709
2787.592001 0.180240869522
2789.607483 0.193622112274
2791.616617 0.172838926315
2793.591896 0.171043872833
2795.58527 0.169654130936
2797.576703 0.168078184128
2799.56668 0.172048091888
2801.567029 0.187108039856
2803.781802 0.179500102997
2805.749345 0.169172048569
2807.72027 0.171603918076
2809.695336 0.166379213333
2811.702007 0.203607797623
2813.668712 0.179579019547
2815.648543 0.180462121964
2817.604888 0.171654939651
2819.561993 0.170948982239
2821.555628 0.177601099014
2823.556894 0.170549154282
2825.547861 0.19762301445
2827.505452 0.178167819977
2829.493551 0.190481901169
2831.492225 0.17369890213
2833.455604 0.164633989334
2835.640974 0.170389890671
2837.628552 0.174294948578
2839.602679 0.173453092575
2841.592664 0.172005176544
2843.645614 0.169255018234
2845.6244 0.176443815231
2847.610876 0.177169799805
2849.586897 0.169970989227
2851.578493 0.172178030014
2853.546009 0.173017978668
2855.515463 0.175816059113
2857.491507 0.167196989059
2859.474011 0.171499013901
2861.486981 0.179823160172
2863.459403 0.170063972473
2865.435984 0.167287826538
2867.597891 0.170104980469
2869.602915 0.178328990936
2871.638106 0.17404294014
2873.572527 0.169213056564
2875.567397 0.169752120972
2877.566636 0.167485952377
2879.573002 0.178834915161
2881.564127 0.169994831085
2883.55607 0.175102949142
2885.501644 0.17084813118
2887.45043 0.191089868546
2889.412404 0.16831111908
2891.404376 0.180160045624
2893.457208 0.179641962051
2895.42643 0.169862985611
2897.407207 0.169177055359
2899.623859 0.179934978485
2901.595157 0.172629833221
2903.572449 0.169561862946
2905.551341 0.179378986359
2907.522986 0.173113107681
2909.525882 0.180796146393
2911.531056 0.176142930984
2913.535832 0.171889066696
2915.525983 0.18064904213
2917.494028 0.169644117355
2919.469115 0.195975065231
2921.433699 0.183465957642
2923.423574 0.1732609272
2925.38753 0.179147958755
2927.337392 0.174962997437
2929.289969 0.17111992836
2931.469957 0.19530415535
2933.440072 0.169925928116
2935.412098 0.17283987999
2937.389806 0.174572944641
2939.358638 0.1724588871
2941.358392 0.17284989357
2943.344553 0.173231840134
2945.316761 0.177380084991
2947.2892 0.176321983337
2949.291179 0.17111992836
2951.266121 0.17359995842
2953.264231 0.169456958771
2955.25619 0.171037197113
2957.261605 0.172094106674
2959.216271 0.178954839706
2961.194383 0.176891088486
2963.409559 0.178267002106
2965.363939 0.172280073166
2967.344675 0.176155090332
2969.320629 0.169114112854
2971.287503 0.169298887253
2973.258196 0.17316699028
2975.224416 0.165858030319
2977.202041 0.167062044144
2979.205233 0.173817873001
2981.202129 0.195163011551
2983.172663 0.173448801041
2985.150374 0.170464992523
2987.140042 0.166653871536
2989.120366 0.168115139008
2991.126669 0.169275045395
2993.104948 0.181174993515
2995.327752 0.178441047668
2997.330862 0.17169713974
2999.334467 0.17668390274
3001.30897 0.189070940018
3003.304767 0.168465137482
3005.311988 0.176336050034
3007.295905 0.192851066589
3009.254376 0.166435956955
3011.280635 0.188367128372
3013.301074 0.168281078339
3015.291034 0.16752910614
3017.278924 0.188360929489
3019.284889 0.189960956573
3021.292579 0.180338144302
3023.292134 0.190654039383
3025.289663 0.172162055969
3027.543325 0.179806947708
3029.557568 0.177932977676
3031.541305 0.175535917282
3033.518884 0.175585985184
3035.502596 0.171226024628
3037.482306 0.177378177643
3039.460702 0.171085834503
3041.433424 0.193141937256
3043.399035 0.170345067978
3045.394531 0.189384937286
3047.382007 0.181267023087
3049.374792 0.176437854767
3051.368493 0.174179077148
3053.351497 0.188991069794
3055.346027 0.190091848373
3057.361625 0.169675111771
3059.586603 0.172132968903
3061.603173 0.172461986542
3063.619897 0.170339107513
3065.620946 0.171401977539
3067.648269 0.171365022659
3069.638752 0.179448843002
3071.622016 0.177619934082
3073.589874 0.171817064285
3075.569409 0.193603992462
3077.53648 0.167937994003
3079.51665 0.17202091217
3081.498291 0.171205997467
3083.451513 0.168371915817
3085.431226 0.174706935883
3087.424613 0.204066991806
3089.416647 0.169509887695
3091.625892 0.172404050827
3093.61837 0.170516967773
3095.61092 0.174268007278
3097.577705 0.169890880585
3099.591491 0.17408490181
3101.554111 0.188475131989
3103.531571 0.173446893692
3105.492637 0.17249917984
3107.481409 0.197510957718
3109.449276 0.175127983093
3111.42543 0.172086000443
3113.380035 0.167990207672
3115.372507 0.180038928986
3117.339906 0.167469024658
3119.324873 0.194124221802
3121.295442 0.183938980103
3123.496425 0.17822599411
3125.488924 0.169118881226
3127.485357 0.182715177536
3129.475573 0.193143844604
3131.45442 0.170165061951
3133.468053 0.16997885704
3135.436782 0.173925876617
3137.458246 0.184609889984
3139.494076 0.180886030197
3141.459461 0.172374010086
3143.425811 0.190583944321
3145.431653 0.178149938583
3147.401213 0.180572032928
3149.389946 0.191303014755
3151.344669 0.18881893158
3153.338316 0.173391819
3155.542244 0.199748039246
3157.505917 0.170502901077
3159.472083 0.171759128571
3161.43863 0.178915977478
3163.444412 0.181071996689
3165.402381 0.170387029648
3167.383299 0.173527002335
3169.375312 0.171139001846
3171.389313 0.180974960327
3173.382843 0.170325040817
3175.388084 0.192205905914
3177.363211 0.167774915695
3179.333227 0.176609039307
3181.315591 0.176826953888
3183.297048 0.187832117081
3185.246164 0.168606042862
3187.484301 0.194465875626
3189.472021 0.191352844238
3191.449732 0.179508924484
3193.438106 0.186948060989
3195.436561 0.174726009369
3197.410027 0.172745943069
3199.428724 0.19665312767
3201.427437 0.171300888062
3203.406244 0.169631958008
3205.382161 0.169690132141
3207.397215 0.185531139374
3209.367266 0.174767971039
3211.322918 0.166793107986
3213.306261 0.172905921936
3215.249426 0.171000957489
3217.214299 0.168552875519
3219.428972 0.19608092308
3221.425059 0.170909881592
3223.448804 0.184566020966
3225.424026 0.176171064377
3227.429851 0.179601192474
3229.422051 0.169445991516
3231.38842 0.17981505394
3233.344216 0.16690993309
3235.385909 0.180977106094
3237.400954 0.174322128296
3239.397597 0.174041986465
3241.406494 0.176680088043
3243.424493 0.16833281517
3245.437127 0.177510023117
3247.422869 0.168370008469
3249.723655 0.190972805023
3251.702454 0.17421913147
3253.695887 0.167089939117
3255.655007 0.171168088913
3257.642872 0.192750930786
3259.671072 0.177031040192
3261.683893 0.192234992981
3263.645506 0.170846939087
3265.624065 0.178773164749
3267.596491 0.172261953354
3269.567514 0.18323802948
3271.544903 0.172085046768
3273.544237 0.179583072662
3275.504637 0.171547174454
3277.504432 0.168241024017
3279.473148 0.170212030411
3281.69105 0.17104101181
3283.696329 0.179673910141
3285.636834 0.170732021332
3287.660557 0.174783945084
3289.647761 0.170336008072
3291.601073 0.193115949631
3293.584502 0.192676067352
3295.553032 0.170073986053
3297.548382 0.173785924911
3299.523258 0.15870308876
3301.481948 0.179904937744
3303.459176 0.191154956818
3305.443991 0.179692983627
3307.43578 0.177825927734
3309.412858 0.170732021332
3311.382865 0.171211004257
3313.577922 0.171983957291
3315.579257 0.174858093262
3317.527812 0.173943996429
3319.4718 0.18979382515
3321.448721 0.170380115509
3323.440037 0.170753002167
3325.427876 0.189391136169
3327.418936 0.189524888992
3329.407475 0.181149959564
3331.383043 0.179281949997
3333.367834 0.190788984299
3335.325307 0.181838989258
3337.273502 0.170345783234
3339.282547 0.172116994858
3341.269587 0.168641805649
3343.240512 0.169111967087
3345.484168 0.170273065567
3347.465073 0.180613040924
3349.446265 0.172345876694
3351.43377 0.178638935089
3353.415582 0.170777082443
3355.384252 0.175337076187
3357.375725 0.177212953568
3359.342014 0.170500993729
3361.349615 0.175987958908
3363.341015 0.170395851135
3365.329367 0.178318977356
3367.307899 0.170542955399
3369.327331 0.167660951614
3371.306404 0.177119970322
3373.305114 0.178625106812
3375.265599 0.176088094711
3377.445879 0.198032855988
3379.438988 0.187075138092
3381.412279 0.178982019424
3383.405357 0.170501947403
3385.389554 0.186859130859
3387.356491 0.196197032928
3389.342309 0.177790164948
3391.491841 0.180289030075
3393.470943 0.178659915924
3395.467577 0.173949956894
3397.466491 0.166595935822
3399.484725 0.180542945862
3401.48421 0.178014039993
3403.471917 0.177891969681
3405.581821 0.169420957565
3407.776704 0.169420003891
3409.769774 0.176959991455
3411.73709 0.175502061844
3413.703392 0.178915977478
3415.694229 0.178499221802
3417.674904 0.179463863373
3419.656897 0.181366920471
3421.631763 0.187909841537
3423.611058 0.19627904892
3425.583797 0.175276041031
3427.541872 0.172057151794
3429.518673 0.176525115967
3431.507323 0.190054178238
3433.479977 0.168096065521
3435.474193 0.171094894409
3437.464795 0.176667928696
3439.721496 0.178433179855
3441.699634 0.172528982162
3443.668949 0.171443939209
3445.620881 0.189079046249
3447.594894 0.176500082016
3449.551021 0.17115187645
3451.570187 0.189706087112
3453.546314 0.168001890182
3455.567679 0.193671941757
3457.578975 0.171386957169
3459.567282 0.190322875977
3461.583423 0.174066066742
3463.552093 0.18029499054
3465.549517 0.18003988266
3467.512262 0.167918920517
3469.478559 0.178029060364
3471.696493 0.190515995026
3473.632497 0.168475866318
3475.607265 0.175003051758
3477.625199 0.178504228592
3479.600017 0.177495002747
3481.59889 0.17809510231
3483.607992 0.172754049301
3485.606329 0.202919960022
3487.632587 0.198527097702
3489.602745 0.176088094711
3491.597026 0.181823968887
3493.592242 0.195982933044
3495.676683 0.171879053116
3497.65411 0.166556835175
3499.61367 0.171243190765
3501.604435 0.168145895004
3503.874338 0.167540073395
3505.875396 0.196391105652
3507.882263 0.169935941696
3509.850037 0.170632123947
3511.816547 0.169106006622
3513.811071 0.173008918762
3515.815202 0.172727823257
3517.822589 0.185245037079
3519.812786 0.194361925125
3521.81148 0.178667068481
3523.795525 0.172415971756
3525.794691 0.178925991058
3527.756021 0.169873952866
3529.762569 0.174104213715
3531.75902 0.179848909378
3533.741719 0.170177936554
3535.960872 0.181181907654
3537.929206 0.170710086823
3539.906047 0.173719882965
3541.906124 0.185876131058
3543.893072 0.177267789841
3545.859772 0.169575214386
3547.841386 0.169573068619
3549.83454 0.171199083328
3551.825472 0.179567098618
3553.804512 0.191687107086
3555.796565 0.170762062073
3557.776205 0.166094064713
3559.747929 0.174079179764
3561.725156 0.168805837631
3563.719409 0.171873092651
3565.709095 0.167634010315
3567.962467 0.178480863571
3569.932814 0.169151067734
3571.911814 0.168395996094
3573.904053 0.166724920273
3576.039881 0.171249866486
3578.029353 0.173901081085
3580.025728 0.179392814636
3582.005762 0.170665979385
3583.979096 0.188798904419
3585.963062 0.17869591713
3587.957108 0.171905994415
3589.94735 0.177482843399
3591.916619 0.169270992279
3593.884582 0.170495033264
3595.876823 0.169291973114
3597.865925 0.173913002014
3600.089669 0.16973900795
