8.731948 6.68378090858
17.652252 6.80634284019
26.443657 9999
35.648866 9999.0
44.384222 6.5384452343
53.640867 7.17837285995
62.428184 6.67551493645
71.587095 7.05804991722
80.236552 6.40559101105
89.017391 6.68484401703
97.768112 6.63708806038
106.684196 6.80882096291
115.543407 6.64807415009
124.421876 6.75853204727
132.854306 6.32989501953
142.080766 9999.0
150.607842 6.27805304527
159.293131 6.59162402153
168.443571 7.05126690865
176.940287 6.47882199287
186.268939 9999
195.143323 6.77876210213
203.784802 6.54816198349
212.992209 7.13274407387
222.236631 9999
230.980429 6.65637803078
239.757368 6.69922804832
248.23984 6.39647579193
257.632766 7.16818380356
266.871518 7.13175201416
275.571529 6.60520815849
284.811168 9999.0
293.796379 9999
302.561523 6.67582297325
311.029002 6.35498595238
319.0472 5.90152096748
327.973739 6.72122192383
337.177416 7.08142900467
346.921198 7.60374403
356.12438 7.08460998535
365.321368 9999
374.639889 7.20638895035
383.22442 6.48822808266
392.045566 6.69160699844
401.825609 7.53149604797
410.645551 6.71530103683
419.361233 6.60058879852
428.271646 6.7851228714
437.546324 7.01756906509
446.489858 6.82035899162
455.193714 6.59764504433
464.481989 7.18175292015
473.393931 6.60888886452
482.487933 9999
491.385205 6.77753400803
500.10982 6.68596506119
509.106037 9999
518.363916 7.16293501854
527.089077 6.5899720192
535.839997 6.60945415497
545.162796 7.08571910858
553.784692 6.52256703377
562.662132 6.76806282997
571.145937 6.37637090683
580.464178 7.06797909737
589.288891 6.73509001732
598.966785 9999
607.44261 6.36115694046
616.145866 6.45682907104
625.475445 9999
634.734069 7.13529706001
643.176293 9999.0
652.231737 6.70616006851
661.058729 6.6909430027
669.841766 6.67386078835
678.519515 6.56419801712
688.0085 7.22372102737
697.267677 7.15768098831
706.482506 7.10585021973
715.263891 6.68653607368
724.668844 7.19486093521
733.981977 7.18090105057
743.165052 7.04883694649
751.967627 6.66536617279
760.902056 9999
769.615527 6.59209513664
779.193634 7.47526502609
788.206314 6.85618185997
797.281463 6.83753180504
806.084057 6.63127303123
815.429356 9999
824.731915 7.16984581947
833.749826 6.76487708092
842.891273 7.03815793991
851.247188 6.27050018311
860.128474 6.76418805122
869.093992 6.72557806969
877.959973 6.74498105049
886.763681 6.67630887032
896.046846 7.1707239151
905.371955 7.09087610245
914.387727 6.88922214508
923.536296 7.0377099514
932.317004 6.67507505417
941.160934 6.60733914375
949.172412 5.89317202568
958.355711 7.07625985146
967.635579 7.18399095535
976.698854 9999
986.08303 7.26894617081
994.971773 6.78235197067
1004.177992 7.11074399948
1013.559273 7.128251791
1022.727337 7.05372405052
1031.908166 7.0648059845
1041.221812 7.20392084122
1050.804551 7.43901705742
1059.592046 6.68902897835
1068.78152 7.07026410103
1077.698071 6.80370998383
1086.919289 6.99610209465
1096.12639 7.07518315315
1105.183802 6.96450304985
1114.139096 6.84695601463
1123.540261 7.15160989761
1132.356027 6.71244192123
1141.62203 7.14747810364
1150.372021 6.61489391327
1159.012004 6.40352201462
1167.572805 9999
1176.708133 7.01846003532
1185.986068 7.15320897102
1194.373278 6.1257121563
1203.186828 6.726334095
1212.015788 9999
1220.493959 6.37252783775
1229.077653 6.36282706261
1238.293901 9999
1247.536813 7.11131811142
1256.520617 6.84737014771
1265.968855 7.17880797386
1274.789307 6.69392299652
1283.990692 7.07491087914
1293.31337 7.19877696037
1303.200647 7.66747498512
1312.024733 6.68852305412
1320.845256 6.69763708115
1330.057122 7.10498595238
1338.887163 6.60357308388
1347.405664 6.381939888
1356.554939 7.03606104851
1365.423111 6.755890131
1375.015642 7.35709404945
1384.241638 9999
1392.744589 6.40066218376
1401.661382 6.80448198318
1410.968702 9999
1420.08552 7.01168489456
1429.239651 7.02898716927
1438.448968 9999.0
1447.270805 6.60871887207
1456.940012 7.54551100731
1465.780481 6.69740796089
1474.471714 6.57341718674
1483.848416 7.14294600487
1493.487937 7.52336120605
1502.429061 6.83711791039
1510.812364 6.26527786255
1519.840078 6.78223490715
1528.253491 6.29495406151
1537.560629 7.19668602943
1545.9994 9999.0
1555.38813 7.1140499115
1564.557687 7.05411887169
1573.353755 6.66838407516
1581.909412 6.54218387604
1590.807309 6.64157319069
1599.452305 6.52450799942
1608.370305 6.77662491798
1617.234816 6.75061392784
1625.869782 6.38175988197
1634.79372 6.78645610809
1643.933107 7.06718802452
1652.667203 6.62060809135
1662.094092 7.16926002502
1671.618705 7.38919115067
1680.949225 7.20612311363
1690.215888 7.16450285912
1698.801201 6.36792206764
1707.668048 6.76746201515
1717.044629 7.2552959919
1725.851517 6.69233489037
1734.425222 6.35442900658
1742.928611 6.38741493225
1752.168496 7.10668802261
1761.435682 7.1618039608
1770.828241 7.14480996132
1779.595602 6.66348910332
1788.500119 6.78097391129
1798.434417 7.83147597313
1807.807776 7.14753699303
1816.280798 6.36939787865
1824.749008 6.36016011238
1833.914654 9999.0
1842.779361 6.71191215515
1851.989441 7.08637285233
1860.726902 6.60284781456
1869.489754 6.65447402
1877.781678 9999
1887.055221 7.13441610336
1896.389331 7.17543506622
1905.538751 7.03136992455
1914.160426 6.37998080254
1923.101947 6.83723115921
1931.567775 6.35149407387
1940.50589 6.81957101822
1949.828835 7.08282017708
1958.715184 6.76654887199
1967.942304 7.11371183395
1977.487421 9999.0
1986.818841 7.18046808243
1995.657645 6.71210980415
2004.957205 7.19137692451
2013.672271 6.60193109512
2022.650217 6.75756907463
2031.77599 7.01973414421
2040.274361 6.39083409309
2048.677025 6.27918601036
2058.103659 7.17171883583
2067.008622 6.79822087288
2076.31802 7.18531608582
2085.178945 6.75930094719
2094.341422 6.99564695358
2103.548523 7.09119105339
2112.780479 7.12561202049
2121.434117 6.58767819405
2130.629042 7.05012607574
2139.562426 6.8106200695
2149.304851 7.61339211464
2158.40575 6.98117995262
2166.968939 6.34336590767
2175.841268 6.75702476501
2184.397417 6.44315600395
2193.085673 6.58134222031
2201.934669 6.64941477776
2211.104388 7.06820011139
2220.234799 7.01895594597
2229.366287 7.04240393639
2238.359591 6.74682188034
2247.031628 6.57541584969
2255.909111 6.76304411888
2264.701795 6.67016386986
2273.665532 6.69835805893
2283.132245 7.3457608223
2292.327848 7.07027506828
2301.61645 7.18921685219
2310.523561 6.70295095444
2319.333996 6.71083712578
2327.724903 6.26712298393
2336.938443 7.06075310707
2346.512823 7.32514691353
2355.184719 9999
2364.078421 6.77980399132
2373.288217 7.09245300293
2382.568966 7.03459310532
2391.424713 6.78608608246
2400.644549 7.1154050827
2409.524922 6.77627587318
2418.847417 7.06926012039
2427.770801 6.78551483154
2437.109451 7.22173905373
2445.744304 6.52966284752
2455.539954 7.52746009827
2464.422834 6.76813602448
2473.626651 9999
2483.126779 7.3895201683
2492.177147 6.80348396301
2501.423461 7.13450717926
2510.411544 6.87991309166
2519.573059 7.04977297783
2528.499479 6.74094414711
2537.202978 6.58556818962
2546.501453 7.18824791908
2555.725728 7.09982705116
2564.884662 6.90504693985
2574.213467 7.2095041275
2582.636106 6.31980204582
2591.024204 6.26259613037
2600.392109 7.14404797554
2609.140543 6.61791396141
2618.492601 7.23301792145
2627.029775 6.41263914108
2636.765178 7.47328186035
2645.915911 7.02018094063
2654.804169 6.76620793343
2664.004131 7.10124492645
2673.700117 7.4452021122
2682.501071 6.70391893387
2691.740911 7.12127709389
2700.721289 6.8646440506
2709.641584 9999
2718.442073 6.6830599308
2727.221751 6.68744802475
2736.940186 7.59059214592
2745.561812 6.3892519474
2754.149454 6.45473098755
2762.884244 6.61141395569
2771.830876 6.80672812462
2781.473966 7.39060497284
2790.231398 6.61723685265
2799.080884 6.75308585167
2808.29586 7.07463121414
2817.666987 7.1045320034
2826.561063 6.77205204964
2834.939674 6.26385307312
2845.054017 7.99391293526
2854.338959 7.11383605003
2863.256998 6.81591892242
2872.599925 7.18691492081
2881.420953 6.68503713608
2890.488132 6.75293421745
2899.036189 6.40309095383
2909.045962 7.86723995209
2918.352069 7.19920301437
2926.929248 6.34683489799
2935.724352 6.6624481678
2945.116766 7.26530790329
2953.904247 6.68584394455
2963.351541 7.1903758049
2972.518884 7.04744291306
2981.512529 6.86956620216
2990.064673 6.43719506264
2998.907244 6.62257909775
3008.018759 7.04830288887
3016.836906 6.72341918945
3025.712956 6.74950003624
3034.619591 6.67755293846
3043.735453 6.98179888725
3052.176567 6.33293485641
3061.514517 7.22121810913
3070.811056 7.07543683052
3080.124833 7.18852210045
3088.84793 6.58434295654
3097.72496 6.7466840744
3106.678955 6.7184240818
3115.570704 6.77045202255
3125.283225 7.57422494888
3134.178815 6.7799050808
3143.205117 6.77314901352
3152.297748 7.00042009354
3161.978388 7.59420204163
3171.011848 6.91016197205
3179.933227 6.66337490082
3188.427183 6.36270904541
3197.199178 9999
3206.006098 6.66851496696
3215.439886 7.18126106262
3224.229969 6.69611406326
3233.477815 7.12672805786
3242.691397 7.07803487778
3252.056189 7.11100101471
3261.15248 7.00364017487
3269.937722 6.65687704086
3279.448258 7.36994099617
3288.369035 6.69819712639
3297.223698 6.70969390869
3306.778 7.43205189705
3315.467782 6.57512784004
3324.073472 6.38894701004
3333.017043 6.84244704247
3341.813162 6.67103505135
3351.090086 7.16096496582
3360.641009 7.27054190636
3369.600087 6.81752586365
3378.536006 6.8402299881
3387.835499 7.18198108673
3396.71346 6.6992931366
3406.364374 7.52756094933
3415.956647 7.4973449707
3424.133575 6.06783103943
3433.487174 7.12620902061
3442.812515 7.20905184746
3452.081836 7.14100217819
3460.922757 6.7199678421
3470.376141 7.19609594345
3480.06013 7.56082582474
3488.782294 6.59334993362
3498.149555 9999.0
3506.72765 6.33749198914
3515.991843 7.1437959671
3525.245426 7.12452912331
3534.097025 6.72438502312
3543.588016 7.23847007751
3552.872226 7.1245059967
3561.993597 7.02702093124
3571.256465 7.14763998985
3580.587689 9999
3589.807694 7.11853098869
3599.398005 7.48014783859
3608.229446 6.69148302078
