41.461226 1.97773265839
82.785611 1.9755340457
124.114138 1.97707293034
165.708603 1.97872591019
207.084308 1.97713596821
248.580433 1.98179576397
290.016791 1.97843716145
331.475617 1.97518076897
372.914719 1.97879121304
414.322377 1.97861214876
455.78625 1.97701126337
497.194195 1.97427619696
538.553619 1.97554662228
580.085719 1.97693413496
621.621073 1.97699232101
663.068387 1.97497680187
704.416797 1.9769490242
708.345917 9999
749.496078 1.98096768856
790.961145 1.97528034449
832.374749 1.97972832918
873.803776 1.97492636442
915.348529 1.98024368286
956.77159 1.97847415209
998.302587 1.97691972256
1039.805246 1.97822436094
1081.216013 1.97791172266
1122.631955 1.97659138441
1126.547881 9999
1167.63818 1.97618831396
1208.914269 1.97593660355
1212.785038 9999
1253.971188 1.98103356361
1295.279901 1.97846347094
1299.215902 9999
1340.278409 1.97741268873
1381.815282 1.97961566448
1423.358411 1.98104635477
1427.295937 9999
1468.338534 1.97767019272
1509.787267 1.97768186331
1551.359215 1.98270882368
1592.789641 1.97567003965
1596.741553 9999
1637.80199 1.97692470551
1679.334355 1.98051197529
1720.771924 1.97378807068
1762.143375 1.97602789402
1803.458913 1.97412159443
1807.359961 9999
1848.430254 1.97786097527
1890.02068 1.98307794333
1893.965211 9999
1935.137367 1.97774823904
1976.428989 1.97926892042
2017.887431 1.9767744422
2059.273116 1.98061188459
2100.833577 1.9803576827
2142.311567 1.97702505589
2146.359267 9999
2187.459002 1.9798818469
2228.865873 1.98516657352
2270.290304 1.97608984709
2311.626752 1.97346220016
2352.962528 1.97614226341
2394.50607 1.98073294163
2436.03287 1.97986702919
2477.433394 1.97706691027
2518.721128 1.97514388561
2560.192637 1.98450884819
2601.490447 1.97494902611
2605.382022 9999
2646.482534 1.98029873371
2687.927897 1.97908898592
2729.360469 1.97676856518
2770.634306 1.97384878397
2774.516899 9999
2815.522552 1.97687908411
2856.948875 1.97960956097
2898.42906 1.97817952633
2939.966305 1.97847038507
2981.29364 1.97280759811
3022.627987 1.97441798449
3064.246343 1.98259314299
3105.638293 1.974936831
3109.554109 9999
3150.559805 1.97612366676
3191.824762 1.97722724676
3195.833009 9999
3199.38527 9999
3240.524245 1.9808557868
3282.020736 1.98028681278
3285.906997 9999
3327.008768 1.97919998169
3368.437812 1.9762001276
3409.749242 1.97316966057
3451.234978 1.98037967682
3492.7565 1.97847430706
3534.252349 1.97709751129
3575.820297 1.97922594547
3617.22339 1.97873768806
