3.705205 9999
7.222802 9999
48.46429 1.98649801016
89.988355 1.99122122526
131.518305 1.98589354753
172.891068 1.98362122774
214.483984 1.99139358997
256.085498 1.98847491741
297.646486 1.98452631235
301.484162 9999
342.800739 1.9867818594
384.206158 1.98691322803
425.718774 1.98516916037
467.34798 1.99149525166
471.303436 9999
512.741966 1.98752338886
554.231355 1.99224613905
558.111081 9999
599.500624 1.98542138338
641.219359 1.98980209827
682.839343 1.98668510914
724.514701 1.99034794569
766.116736 1.98829261065
807.957596 1.99311451912
849.512472 1.98685317039
891.139818 1.99067463875
932.768236 1.98904961348
974.291657 1.9859351635
1015.923248 1.99145311117
1057.519196 1.98958723545
1099.11574 1.99062284231
1140.76459 1.98734904528
1182.328053 1.98910568953
1223.982237 1.99246242046
1265.533811 1.98583025932
1307.268123 1.99012498856
1348.864399 1.98837412596
1352.742216 9999
1394.099163 1.99126344919
1435.716482 1.98789651394
1477.259643 1.98484256268
1518.886907 1.98776830435
1560.455966 1.98970544338
1601.987434 1.98728500605
1643.616654 1.9878251195
1685.318291 1.9910970211
1726.937578 1.98652621508
1768.542006 1.99369570017
1772.435836 9999
1813.727184 1.98955944777
1855.492755 1.99515720606
1896.997156 1.98550130129
1938.698854 1.99012100697
1980.222116 1.98755419254
2021.969314 1.99244977236
2063.53337 1.98780301809
2104.996156 1.98415085077
2146.821967 1.99051098824
2188.47125 1.98756577969
2230.144916 1.99012416601
2271.585371 1.98448089361
2313.224962 1.98697443008
2354.898347 1.99412671328
2396.495109 1.98780429363
2438.162809 1.9946149826
2442.026957 9999
2483.344553 1.98884004354
2524.801493 1.98792083263
2566.325226 1.98585045338
2607.938242 1.98714904785
2649.529695 1.985960114
2691.111065 1.98587884903
2732.68727 1.98675011396
2774.298019 1.99202002287
2815.837527 1.98618164062
2819.787445 9999
2861.032126 1.98861489296
2902.571877 1.98804795742
2944.198339 1.99598118067
2985.943633 1.99483981133
3027.616115 1.99159222841
3069.163371 1.98421385288
3110.744822 1.98756103516
3152.335085 1.99043630362
3194.039088 1.9907583952
3235.763677 1.99154736996
3277.405127 1.98753106594
3318.98538 1.98638298512
3360.561122 1.98972834349
3402.115217 1.99249863625
3443.704854 1.9890555501
3485.288686 1.99045854807
3526.920504 1.99195206165
3568.638089 1.99342143536
3610.336188 1.98780035973
