22.235637 0.989319479465
44.435378 0.990183913708
66.616164 0.986472952366
88.713266 0.98794721365
111.026668 0.994209170341
133.224638 0.992889559269
155.456214 0.987414741516
177.620915 0.991060221195
199.91802 0.988351082802
222.133383 0.993211829662
244.384467 0.990625345707
266.598834 0.992360937595
288.876894 0.991224253178
311.025297 0.992669463158
333.376313 0.995228266716
355.521468 0.989753746986
377.89012 0.99346460104
400.00379 0.988798975945
422.416152 0.997334802151
444.615455 0.992580997944
466.978562 0.99400755167
488.993433 0.984627473354
511.277394 0.99149787426
544.196417 1.52757652998
547.602997 9999
569.781803 0.988606536388
591.944786 0.989693284035
614.226591 0.99099971056
636.227094 0.98300756216
658.471678 0.989213514328
690.693282 1.49376288652
712.908119 0.983478295803
734.98991 0.987530958652
767.445256 1.49852894545
789.926128 0.998592615128
822.063993 1.49032925367
844.348257 0.987898528576
866.511208 0.988272118568
869.834036 9999
873.034238 9999
895.148307 0.987283873558
917.460151 0.997957909107
939.741672 0.989806449413
961.839964 0.987178790569
984.103968 0.98778553009
1006.288345 0.991485393047
1028.984019 1.01183842421
1051.133937 0.990394437313
1073.380094 0.988146400452
1095.661874 0.995491957664
1117.809555 0.984014821053
1139.992421 0.990748667717
1162.188701 0.987681674957
1184.72089 1.00920639038
1207.136469 0.993563747406
1229.217613 0.987436902523
1251.614205 0.995090293884
1273.748775 0.988729667664
1306.067306 1.49466050863
1338.388827 1.48996515274
1361.137117 1.00975269079
1383.335727 0.990133035183
1406.034003 1.00328757763
1428.215868 0.990439260006
1450.530114 0.991554927826
1472.727937 0.992500460148
1495.009417 0.98987480402
1517.140046 0.984983110428
1539.455209 0.990233540535
1561.655924 0.992191243172
1584.001335 0.991065263748
1606.235414 0.993857705593
1628.481899 0.986378157139
1661.403089 1.52611758709
1693.741197 1.48965289593
1726.062499 1.48698483706
1748.445525 0.988261449337
1771.075346 1.01167520285
1793.557021 0.996792733669
1815.671873 0.987981855869
1838.289495 1.00694429874
1860.501243 0.992426109314
1882.6186 0.979744243622
1904.867225 0.991580569744
1927.195212 0.990878796577
1949.459723 0.996017038822
1952.784113 9999
1974.928291 0.987595450878
1997.159893 0.99503339529
2019.473153 0.992531049252
2041.671775 0.991521751881
2063.952572 0.988424038887
2086.019715 0.986212980747
2108.314777 0.98854534626
2130.496334 0.991607892513
2152.545908 0.978771805763
2174.625524 0.986172008514
2197.060019 0.998226332664
2219.171487 0.987635695934
2241.336267 0.982339119911
2273.526871 1.49190509319
2295.972951 0.997067606449
2317.956357 0.982356309891
2340.354656 0.994436752796
2362.43693 0.984127485752
2384.731191 0.988913452625
2406.932521 0.993087041378
2429.228098 0.991291320324
2451.492408 0.996369075775
2473.943723 0.99667276144
2496.141683 0.992394196987
2518.336439 0.984373354912
2521.560178 9999
2543.686383 0.989897119999
2566.23581 1.00262916088
2588.299783 0.987210023403
2610.499143 0.986357688904
2632.696315 0.992638111115
2654.946616 0.988663434982
2677.174951 0.994013333321
2699.492763 0.989447462559
2721.65505 0.989779257774
2744.006057 0.993018507957
2766.250942 0.993189799786
2788.5495 0.989436769485
2810.747234 0.992077469826
2833.031106 0.9879799366
2865.185215 1.49045783281
2887.431292 0.984777629375
2909.59564 0.987312185764
2931.844346 0.984572541714
2954.158673 0.998482775688
2976.809507 1.00625830889
2980.031762 9999
3002.192863 0.988805258274
3024.371164 0.982375979424
3046.702497 0.998235404491
3068.917593 0.987611269951
3091.0326 0.988160181046
3113.800374 1.01134364605
3135.828507 0.984130561352
3139.169707 9999
3161.348703 0.989419996738
3183.42825 0.98672940731
3186.849382 9999
3219.083493 1.49254921675
3241.548407 0.989369952679
3263.981415 1.00188678503
3286.294933 0.987395596504
3308.429763 0.988746774197
3330.844066 0.994902610779
3362.915648 1.48687741756
3395.234178 1.48767123222
3427.70568 1.4920752883
3450.07171 0.987075042725
3472.304893 0.991426575184
3495.13307 1.01372848749
3498.373934 9999
3530.576313 1.49173619747
3534.012778 9999
3556.223468 0.99187002182
3578.388201 0.991714143753
3600.770238 0.990623295307
