9.846868 2.09599335988
19.092171 2.07195162773
28.364242 2.07258900007
37.694594 2.09407774607
47.099142 2.07162801425
56.410464 2.08412861824
65.73824 2.08685270945
75.019697 2.07585970561
84.43855 2.07722036044
93.914531 2.08535401026
103.169902 2.07413331668
112.416623 2.07556128502
121.859178 2.08798742294
131.168467 2.08358867963
140.471389 2.09026392301
149.762479 2.08380627632
159.152931 2.08887028694
168.426015 2.07409803073
177.754794 2.08604454994
187.023894 2.0812189579
196.495315 2.07821631432
205.737757 2.07823324203
215.0507 2.08834767342
224.325657 2.09140268962
233.77499 2.08391269048
243.065599 2.08705703417
252.37096 2.07688728968
261.697139 2.08932924271
271.110032 2.07777102788
280.375302 2.08283440272
289.66614 2.08366902669
298.938289 2.07578873634
308.445727 2.10095969836
317.795923 2.09999100367
327.092969 2.08882967631
336.378268 2.07748230298
345.849344 2.07546496391
355.099338 2.0780719916
364.339794 2.08073361715
373.627552 2.07772159576
383.002794 2.07994294167
392.221219 2.07144037882
401.500752 2.07348934809
410.791608 2.08359011014
420.314032 2.08012533188
429.58263 2.08000739415
438.889629 2.08261966705
448.115892 2.07183535894
457.571973 2.08007701238
466.841705 2.07408801715
476.110663 2.07937637965
485.445125 2.08881966273
494.876069 2.07463971774
504.1293 2.07132267952
513.475714 2.08408395449
522.735108 2.07308165232
532.17664 2.08204269409
541.464162 2.07622798284
550.711462 2.0744386514
559.976475 2.07711410522
569.360168 2.08762605985
578.672945 2.07891607285
587.929216 2.07654658953
597.21357 2.08499821027
606.730398 2.09578363101
615.998675 2.07635172208
625.324189 2.08662629128
634.598448 2.07682967186
644.071654 2.08642832438
653.378971 2.07989207904
662.660288 2.07907525698
671.927925 2.07802232107
681.377314 2.08140238126
690.692045 2.08646631241
699.95734 2.07533566157
709.208251 2.07305892309
718.661079 2.08376232783
727.949343 2.08074863752
737.20349 2.08003091812
746.436834 2.07347861926
755.900593 2.08990327517
765.188473 2.08036764463
774.476885 2.09179711342
783.725964 2.07507928212
793.31207 2.09343926112
802.56914 2.07850344976
811.837905 2.07988731066
821.164748 2.08405399323
830.635226 2.07714565595
839.944873 2.08310103416
849.248502 2.07770395279
858.491634 2.08055726687
867.89593 2.0791776975
877.141771 2.08558901151
886.455407 2.08817696571
895.756396 2.07805864016
905.163495 2.08226307233
914.431354 2.08817005157
923.65846 2.07418497403
932.870424 2.07582338651
942.314417 2.07703407605
951.58833 2.08096774419
960.843285 2.07739194234
970.129624 2.07550859451
979.550381 2.07661803563
988.808028 2.0777610143
998.100812 2.07724666595
1007.418965 2.08630609512
1016.900532 2.08203403155
1026.212567 2.08760007222
1035.511374 2.08491571744
1044.789015 2.09401424726
1054.207332 2.08185466131
1063.512683 2.07784072558
1072.769049 2.0903330644
1082.052314 2.07730062803
1091.515964 2.07777166367
1100.791871 2.07843534152
1109.983346 2.07467071215
1119.253373 2.07376098633
1128.686158 2.08051236471
1137.995292 2.08823267619
1147.212487 2.07740259171
1156.497664 2.09313257535
1165.92945 2.0791126887
1175.154646 2.07434034348
1184.42957 2.08347288767
1193.683906 2.07595960299
1203.102726 2.07431101799
1212.359544 2.08683435122
1221.704488 2.09923593203
1231.158816 2.08315300941
1240.572802 2.07157794635
1249.805762 2.08490737279
1259.099283 2.08593201637
1268.371858 2.07606601715
1277.838498 2.08456261953
1287.116169 2.07670132319
1296.421969 2.08848237991
1305.69156 2.07744399707
1315.062969 2.07467118899
1324.358994 2.08659505844
1333.711744 2.08790500959
1342.994658 2.0788962841
1352.499324 2.08897638321
1361.802733 2.08608404795
1371.078518 2.07925836245
1380.382523 2.08927663167
1389.900384 2.0872973601
1399.227398 2.0787803332
1408.564553 2.07877802849
1417.866803 2.0745352904
1427.342955 2.0775651137
1436.613424 2.07461118698
1445.934992 2.08158461253
1455.243112 2.08407560984
1464.706102 2.08017865817
1473.963096 2.07723228137
1483.274758 2.07783706983
1492.587031 2.08334199588
1502.025562 2.08709065119
1511.321077 2.08192269007
1520.565994 2.07107075055
1529.842497 2.08296728134
1539.307762 2.0890010198
1548.568113 2.07958865166
1557.846302 2.0829334259
1567.103343 2.07988238335
1576.58379 2.0853193601
1585.888034 2.08617838224
1595.119317 2.07804568609
1604.382508 2.07665936152
1613.811888 2.07745099068
1623.055309 2.07939267159
1632.324312 2.07708462079
1641.586324 2.07840561867
1651.058359 2.09163061778
1660.341492 2.08791295687
1669.664514 2.08928775787
1678.951647 2.0778837204
1688.356887 2.08087038994
1697.62441 2.0772579511
1706.927146 2.07925955455
1716.24602 2.08530759811
1725.728213 2.07489864031
1735.001615 2.07366299629
1744.298799 2.08803160985
1753.497559 2.07612864176
1763.004944 2.08894737562
1772.218077 2.08365917206
1781.490254 2.07616869609
1790.80786 2.08292897542
1800.263935 2.0838449796
1809.608121 2.09006603559
1818.923528 2.08067536354
1828.222103 2.08343267441
1837.652306 2.0773109595
1846.918363 2.07489824295
1856.154021 2.07431228956
1865.400154 2.07235964139
1874.956503 2.09967009226
1884.282703 2.08569002151
1893.582343 2.08059128126
1902.828323 2.07531611125
1912.256132 2.07678810755
1921.563504 2.08695729574
1930.857824 2.08418234189
1940.144681 2.08147390683
1949.622887 2.08312265078
1958.925324 2.0790719986
1968.182922 2.07261308034
1977.438639 2.07854032516
1986.88333 2.08016888301
1996.127387 2.07607698441
2005.388643 2.08523098628
2014.687433 2.08579333623
2024.084149 2.07850400607
2033.325867 2.07932281494
2042.652621 2.08409365018
2051.937995 2.08450833956
2061.412897 2.07531611125
2070.665207 2.07306694984
2079.955273 2.07800030708
2089.236014 2.0721376737
2098.684222 2.07944901784
2107.992813 2.08069165548
2117.301729 2.0752342542
2126.583 2.0730044047
2136.075076 2.08494472504
2145.412331 2.07763902346
2154.723727 2.07735387484
2164.188766 2.09748800596
2173.67901 2.09138989449
2182.963034 2.07860366503
2192.289714 2.0907673041
2201.501883 2.0740237236
2210.937222 2.08675662676
2220.225945 2.08311311404
2229.522131 2.08215896289
2238.747632 2.07854127884
2248.291206 2.08948198954
2257.61693 2.08161560694
2266.939444 2.076105992
2276.193549 2.07944321632
2285.632811 2.07730404536
2294.926079 2.07865476608
2304.136619 2.07703097661
2313.427102 2.08811442057
2322.899134 2.0750673612
2332.181574 2.08267505964
2341.51096 2.08589760462
2350.741775 2.08015362422
2360.193413 2.08280189832
2369.513622 2.08371861776
2378.770911 2.07608834902
2388.049272 2.07621328036
2397.450654 2.0776813825
2406.737427 2.08046857516
2415.99332 2.08719921112
2425.268365 2.0826133887
2434.745115 2.08873796463
2444.025234 2.08131996791
2453.357539 2.09359502792
2462.650462 2.07982993126
2472.070967 2.08767692248
2481.313098 2.07279157639
2490.616282 2.07750193278
2499.833358 2.0743107001
2509.242225 2.07904632886
2518.543097 2.07458631198
2527.825716 2.09163427353
2537.132561 2.07327628136
2546.539973 2.07395362854
2555.814752 2.08424472809
2565.125888 2.0767176946
2574.360182 2.0832016468
2583.848734 2.08246103923
2593.167484 2.08580589294
2602.448027 2.07504701614
2611.719406 2.08492104212
2621.122259 2.07935269674
2630.384425 2.07435766856
2639.672702 2.08366099993
2648.948046 2.08123230934
2658.346781 2.07928601901
2667.605533 2.07821464539
2676.907765 2.07642205556
2686.222326 2.08762669563
2695.664471 2.07554769516
2704.934538 2.08082993825
2714.217011 2.08336273829
2723.472106 2.07541131973
2732.893271 2.0833966732
2742.192572 2.09214067459
2751.426975 2.07330934207
2760.698579 2.0729440848
2770.139767 2.09384433428
2779.421439 2.08387494087
2788.662567 2.07410327593
2797.946905 2.07382273674
2807.466415 2.08820056915
2816.743231 2.0828195413
2826.018365 2.08056441943
2835.274518 2.07835539182
2844.751996 2.08070031802
2854.028429 2.09641027451
2863.269566 2.07881959279
2872.570351 2.07936302821
2882.021477 2.07549365362
2891.349347 2.08610161146
2900.633599 2.08062434196
2909.905089 2.08364995321
2919.369711 2.08542537689
2928.636819 2.07722711563
2937.941091 2.08045140902
2947.213265 2.08125670751
2956.675715 2.08175730705
2965.94518 2.07780496279
2975.235158 2.07334065437
2984.560388 2.09338061015
2994.006082 2.07715813319
3003.347211 2.08868598938
3012.611886 2.08121331533
3021.958493 2.08364772797
3031.444872 2.08059008916
3040.771727 2.08295496305
3050.04935 2.07892100016
3059.514762 2.08360425631
3068.969958 2.07458996773
3078.31378 2.08748563131
3087.570221 2.07630976041
3096.810296 2.07397230466
3106.232996 2.07814502716
3115.48069 2.07274866104
3124.769888 2.08090432485
3134.027747 2.08191363017
3143.442797 2.07057499886
3152.695789 2.08020194372
3161.9815 2.08543562889
3171.264009 2.07324433327
3180.67989 2.07742770513
3189.94698 2.07399694125
3199.219676 2.07675162951
3208.557619 2.08566872279
3217.903155 2.07332841555
3227.200719 2.09066534042
3236.561257 2.08729457855
3245.875201 2.08244864146
3255.282406 2.07428574562
3264.593286 2.07963967323
3273.839178 2.07781338692
3283.088737 2.07714692752
3292.546437 2.08897995949
3301.836794 2.08036804199
3311.148211 2.08453559875
3320.434138 2.08639740944
3329.927097 2.08628066381
3339.178745 2.07954931259
3348.454884 2.08053565025
3357.742926 2.07841062546
3367.17369 2.08814636866
3376.40965 2.0778986613
3385.666737 2.08038163185
3394.925404 2.07933767637
3404.442238 2.08622423808
3413.649881 2.08035262426
3422.948448 2.08632071813
3432.19181 2.07853198051
3441.66661 2.08032870293
3451.058118 2.08011929194
3460.289303 2.08196377754
3469.590983 2.07970666885
3479.282276 2.09359463056
3488.565722 2.07890431086
3497.861051 2.07353337606
3507.108252 2.07865158717
3516.701618 2.09368038177
3525.90587 2.07928140958
3535.206478 2.08818499247
3544.464064 2.08533930779
3553.897828 2.08084527651
3563.18886 2.0857240359
3572.424992 2.07668630282
3581.693425 2.08176636696
3591.139025 2.09007231394
3600.417916 2.08241701126
3609.668108 2.07649938265
3618.965726 2.07386040688
3628.385937 2.07460697492
3637.91632 2.09325130781
3647.182016 2.0853416125
3656.368681 2.07485087713
3666.023237 2.08285435041
3675.34526 2.08727264404
3684.565858 2.07254902522
3694.009434 2.07830667496
3703.468786 2.08518433571
3712.77996 2.07320769628
3722.049586 2.08101844788
3731.373057 2.08149162928
3740.832559 2.08166400592
3750.160334 2.08788704872
3759.455652 2.08865642548
3768.744614 2.08219504356
3778.429292 2.08391531308
3787.70439 2.08298865954
3796.970057 2.07254362106
3806.289833 2.09140737851
3815.73096 2.07420063019
3824.973424 2.07414531708
3834.222484 2.07833003998
3843.498171 2.07496436437
3852.94698 2.08840974172
3862.244361 2.08539700508
3871.591323 2.08724530538
3880.85849 2.07566134135
3890.337305 2.08501942952
3899.622572 2.08066773415
3909.06235 2.072067976
3918.319172 2.07330799103
3927.779725 2.07606832186
3937.111984 2.07222231229
3946.388342 2.08651328087
3955.670726 2.07942430178
3965.130171 2.07622543971
3974.406615 2.07764569918
3983.674051 2.0768020153
3992.946557 2.07411535581
4002.321965 2.07474335035
4011.601232 2.07633169492
4020.924817 2.0841170152
4030.207019 2.08117095629
4039.626932 2.07920940717
4048.903348 2.07423170408
4058.207008 2.09007064501
4067.476639 2.07491525014
4076.94446 2.09077533086
4086.237134 2.07727154096
4095.474114 2.07476878166
4104.752679 2.07918604215
4114.177755 2.08572967847
4123.516076 2.07888627052
4132.78822 2.07206455866
4142.073271 2.08498064677
4151.564432 2.07754254341
4160.851266 2.08595021566
4170.164795 2.08645224571
4179.443392 2.08135970434
4188.824592 2.08066542943
4198.127429 2.08779597282
4207.4335 2.08023198446
4216.7451 2.07714271545
4226.190821 2.07819970449
4235.459372 2.08276073138
4244.687961 2.07595030467
4253.979079 2.08170692126
4263.437089 2.0859336853
4272.706417 2.07756439845
4281.981135 2.0785147349
4291.281355 2.0823533535
4300.718818 2.08818236987
4310.019663 2.09492007891
4319.307511 2.09061527252
4328.586921 2.09077437719
4337.990091 2.08214060465
4347.309727 2.08650739988
4356.594122 2.07841300964
4365.877706 2.08668231964
4375.302724 2.0825800101
4384.566051 2.08242408435
4393.81949 2.076334397
4403.081789 2.08040142059
4412.461895 2.07332698504
4421.86454 2.1084660689
4431.197999 2.09004306793
4440.497463 2.08806037903
4449.990393 2.08540892601
4459.288184 2.07406568527
4468.609835 2.08051959674
4477.865148 2.08384108543
4487.270427 2.08932630221
4496.563498 2.08051363627
4505.850843 2.08039530118
4515.095143 2.07579469681
4524.5621 2.08104793231
4533.849861 2.07962965965
4543.139065 2.08213861783
4552.42754 2.08248774211
4561.940973 2.09633032481
4571.203204 2.08035230637
4580.518877 2.08101129532
4589.79125 2.08461427689
4599.219254 2.0810306867
4608.452427 2.07485667864
4617.735216 2.08513768514
4626.986201 2.08490904172
4636.380856 2.07071431478
4645.697212 2.09219702085
4654.995809 2.07508174578
4664.270225 2.08964633942
4673.745951 2.08549896876
4683.064322 2.07997870445
4692.34609 2.0805079937
4701.657918 2.09877141317
4711.081449 2.08064659437
4720.34834 2.0767317613
4729.645428 2.08879129092
4738.948099 2.07778310776
4748.43048 2.08568867048
4757.732442 2.08432706197
4766.981072 2.07348338763
4776.275665 2.08146460851
4785.692401 2.07413125038
4794.978787 2.08194065094
4804.265209 2.07439804077
4813.557738 2.08399399122
4823.007493 2.08017532031
4832.260153 2.08605798086
4841.599837 2.09055733681
4850.881894 2.08717139562
4860.28308 2.07260727882
4869.63189 2.0939283371
4878.883524 2.08012501399
4888.193031 2.08742904663
4897.619665 2.08801571528
4906.890121 2.08472800255
4916.130142 2.07877906164
4925.352282 2.07738661766
4934.816813 2.08602992694
4944.111344 2.0788192749
4953.408336 2.08014726639
4962.704488 2.07842230797
4972.139085 2.08502562841
4981.449054 2.08289933205
4990.76437 2.08177566528
5000.049758 2.07913637161
5009.464917 2.07984924316
5018.78969 2.08930667241
5028.020317 2.07860596975
5037.296454 2.08183137576
5046.72761 2.08997662862
5056.014293 2.07460244497
5065.348567 2.08910067876
5074.641282 2.08053334554
5084.102831 2.08117032051
5093.407893 2.08356269201
5102.680268 2.08161934217
5111.982074 2.08230670293
5121.467526 2.07980632782
5130.71687 2.0825650692
5140.249353 2.0907193025
5149.509508 2.08011897405
5158.97901 2.09381739299
5168.297493 2.08178559939
5177.602978 2.09415864944
5186.88963 2.08006731669
5196.39367 2.08059104284
5205.682679 2.08391634623
5214.948098 2.07565736771
5224.209084 2.08227864901
5233.62003 2.08424758911
5242.93089 2.0790763696
5252.213487 2.07532572746
5261.487559 2.07453672091
5270.95778 2.08445334435
5280.262787 2.09179965655
5289.570962 2.08199564616
5298.870939 2.08557868004
5308.308037 2.08025097847
5317.600561 2.08088342349
5326.910801 2.0731613636
5336.161227 2.08127403259
5345.63671 2.07407593727
5354.87434 2.07886044184
5364.142532 2.08801762263
5373.442397 2.07698297501
5382.903406 2.0814499855
5392.153695 2.07473667463
5401.4691 2.08110706011
5410.783579 2.08026997248
5420.316068 2.09245904287
5429.579671 2.08506170909
5438.810734 2.07984391848
5448.092362 2.07813000679
5457.583574 2.0786134402
5466.81008 2.07518633207
5476.137935 2.08170866966
5485.399996 2.07866032918
5494.858238 2.07901072502
5504.068838 2.07859492302
5513.387425 2.08409031232
5522.729137 2.09279600779
5532.141548 2.07904203733
5541.43202 2.074908336
5550.703216 2.07838694255
5559.993979 2.08669694265
5569.474336 2.07841205597
5578.764913 2.08030931155
5587.997569 2.08028308551
5597.301313 2.08701038361
5606.79675 2.08523543676
5616.0517 2.07419792811
5625.33255 2.07705465953
5634.656097 2.08430401484
5644.110873 2.0833966732
5653.420369 2.08801762263
5662.741651 2.08882562319
5672.007397 2.08765212695
5681.472032 2.08072829247
5690.770615 2.07453195254
5700.028754 2.07257501284
5709.348366 2.09101263682
5718.814142 2.08193135262
5728.053498 2.07497461637
5737.33882 2.07679573695
5746.655844 2.09217524529
5756.134298 2.08925827344
5765.42722 2.08447082837
5774.757562 2.09322325389
5784.053884 2.07797892888
5793.534896 2.08236606916
5802.865698 2.09953006109
5812.146506 2.0781220595
5821.412444 2.07419172923
5830.941393 2.08418631554
5840.204237 2.07553267479
5849.467764 2.08913763364
5858.722094 2.07173132896
5868.222553 2.07459139824
5877.538923 2.08334358533
5886.846317 2.08467539152
5896.142644 2.08964904149
5905.64195 2.09156767527
5914.852295 2.07285094261
5924.139285 2.07553180059
5933.338806 2.07609939575
5942.779166 2.07400480906
5952.067954 2.08116094271
5961.393471 2.08750033379
5970.692556 2.08215991656
5980.116947 2.08143202464
5989.43149 2.08428843816
5998.73891 2.07978145281
6007.973379 2.07655199369
6017.431348 2.07547855377
6026.688146 2.08731333415
6035.987712 2.08452471097
6045.279212 2.08136836688
6054.734211 2.08691398303
6064.018708 2.08585627874
6073.31404 2.07409477234
6082.599349 2.07950472832
6092.016408 2.08842396736
6101.318581 2.08931597074
6110.636312 2.08549491564
6119.861938 2.07248727481
6129.2951 2.07621065776
6138.519016 2.07245898247
6147.82802 2.08377798398
6157.143266 2.09336431821
6166.678905 2.08694442113
6175.908335 2.07427938779
6185.173343 2.07860604922
6194.413119 2.07183265686
6203.851633 2.07890971502
6213.10197 2.08876530329
6222.389052 2.08493963877
6231.65293 2.07472205162
6241.08955 2.0742430687
6250.365964 2.10013961792
6259.61195 2.07983994484
6268.905627 2.08310095469
6278.373842 2.08963433901
6287.658002 2.08183503151
6296.920671 2.07527534167
6306.15862 2.08375199636
6315.621565 2.07838257154
6324.871288 2.07734394073
6334.190018 2.08873836199
6343.427288 2.0797513326
6352.869688 2.07934165001
6362.205704 2.0955350399
6371.513649 2.07701643308
6380.792703 2.0853814284
6390.27385 2.09117674828
6399.577171 2.08044362068
6408.851878 2.08017539978
6418.110932 2.08190091451
6427.6037 2.08874328931
6436.82546 2.08215761185
6446.1192 2.07887101173
6455.360704 2.07534694672
6464.82292 2.09110339483
6474.057328 2.07877596219
6483.332493 2.08114234606
6492.594564 2.0800596873
6502.08551 2.07345628738
6511.351836 2.07535266876
6520.629611 2.08232800166
6529.918675 2.07988460859
6539.385085 2.08210325241
6548.63586 2.07353361448
6557.90233 2.0753493309
6567.189821 2.07793664932
6576.637997 2.07847738266
6585.901364 2.07554467519
6595.123291 2.07396793365
6604.435169 2.09282938639
6613.871282 2.07640329997
6623.120391 2.07678365707
6632.3952 2.07372633616
6641.709319 2.08080744743
6651.178565 2.08277241389
6660.449024 2.07304064433
6669.754971 2.0905046463
6679.022844 2.08076334
6688.494821 2.07746370633
6697.784331 2.07806897163
6707.082729 2.08641990026
6716.389765 2.07660802205
6725.86118 2.08513299624
6735.105554 2.07525157928
6744.350458 2.08485261599
6753.669313 2.08461459478
6763.206293 2.08816941579
6772.50792 2.08279005686
6781.791889 2.07624864578
6791.090973 2.09400192897
6800.564376 2.07878867785
6809.888831 2.08328294754
6819.179318 2.08116300901
6828.465751 2.08454672496
6837.958312 2.08171224594
6847.2251 2.07877103488
6856.545448 2.08388193448
6865.845377 2.08316930135
6875.258562 2.08104729652
6884.569504 2.07798544566
6893.861322 2.07757759094
6903.109382 2.0778333346
6912.619027 2.08434096972
6921.816219 2.07797908783
6931.08816 2.08025662104
6940.377296 2.08629695574
6949.764396 2.07959858576
6959.021194 2.073311011
6968.3359 2.08746306101
6977.630143 2.08082358042
6987.078525 2.07809869448
6996.329822 2.08060773214
7005.60658 2.07420166334
7014.905599 2.09375166893
7024.389679 2.08217763901
7033.694711 2.07815202077
7042.950851 2.08298389117
7052.193381 2.08269333839
7061.670694 2.07821361224
7070.896984 2.07476536433
7080.17508 2.08870395025
7089.494702 2.08576202393
7098.964447 2.08579134941
7108.252281 2.08087833722
7117.505133 2.09031995138
7126.747741 2.07891941071
7136.157744 2.07660341263
7145.423132 2.08035238584
7154.683058 2.0747803847
7163.938057 2.07988007863
7173.353089 2.07364606857
7182.636506 2.0743736426
7191.941618 2.07701873779
7201.246098 2.08281771342
