3.032441 9999
5.810808 9999
10.681194 0.726701021194
15.767956 0.767444292704
19.278321 9999
22.099062 9999
25.645521 9999
28.407166 9999
33.414073 0.745208660762
36.36227 9999
39.162527 9999
44.157495 0.746566613515
46.9614 9999
51.959533 0.741338094076
56.945685 0.763576587041
61.882269 0.736463626226
65.354873 9999.0
70.521072 0.750834862391
73.316248 9999
78.276244 0.739841620127
83.229811 0.727083365122
86.009521 9999
91.005088 0.753799041112
93.74272 9999
98.739954 0.7469394207
103.876846 0.744903961817
106.65945 9999
111.699082 0.756102403005
114.496764 9999
119.603938 0.739194234212
122.357384 9999
127.408708 0.746311028798
132.428969 0.750360012054
135.353371 9999
138.869514 9999
143.937232 0.759529987971
148.890372 0.743406931559
152.413476 9999
155.167013 9999
160.164199 0.724977970123
162.913518 9999.0
168.086591 0.74042169253
171.592361 9999
176.592496 0.731710672379
181.51207 0.736333211263
184.320534 9999
189.233314 0.724305311839
192.771755 9999
197.805183 0.739211241404
203.060142 0.747639099757
208.012745 0.746157248815
212.999342 0.740631341934
217.988885 0.740188916524
220.791143 9999
225.740438 0.742009321849
229.263173 9999.0
234.380351 0.7426460584
239.299763 0.722643057505
244.386903 0.762758255005
249.406418 0.757651567459
252.237063 9999
257.145398 0.737293958664
262.181405 0.753145297368
267.368879 0.742680629094
272.421598 0.748920361201
277.441471 0.74717036883
282.345066 0.729286670685
285.120314 9999
288.602905 9999
291.39895 9999
296.354475 0.730420351028
301.557339 0.741844892502
306.511417 0.7435186704
311.414406 0.722108284632
316.400695 0.738899072011
319.877014 9999
324.889858 0.756200313568
329.926503 0.767082691193
335.179607 0.742221037547
337.976886 9999
343.053097 0.761215368907
348.074594 0.745831648509
353.124852 0.756145238876
358.144851 0.754643996557
363.14843 0.745532274246
368.31845 0.733775297801
373.305129 0.732071320216
378.357975 0.747312068939
383.395479 0.745445569356
386.191054 9999
391.18393 0.731826702754
396.104001 0.729830662409
401.291341 0.737874984741
406.263956 0.742635647456
409.092087 9999
414.115556 0.748008966446
419.051503 0.742636362712
424.005728 0.740382750829
429.009234 0.746000289917
431.954094 9999
436.963554 0.73011859258
441.917926 0.720779975255
446.853849 0.732943693797
451.857223 0.736900647481
456.776968 0.725922981898
461.747595 0.739456653595
466.81754 0.71404838562
471.838408 0.75164604187
476.756068 0.716965039571
481.711452 0.738125721614
486.649923 0.730348666509
490.106565 9999
492.946136 9999.0
498.153885 0.740584294001
503.15707 0.737982749939
508.161337 0.755630334218
513.147824 0.732901573181
515.939526 9999
520.91958 0.729653278987
524.458747 9999.0
529.708927 0.76264834404
534.761563 0.750886440277
539.781417 0.734839995702
542.490936 9999
547.520814 0.749445199966
552.524102 0.750799417496
557.511431 0.741117080053
562.763844 0.746304035187
567.717909 0.744171380997
572.72068 0.736178795497
577.723939 0.74852959315
582.660403 0.722901026408
587.648342 0.754013617833
592.783899 0.732040643692
597.788146 0.740793069204
602.841539 0.754666725794
607.79452 0.743446429571
612.696776 0.731631914775
617.667721 0.729185978572
622.737333 0.726749340693
625.530464 9999
630.52524 0.731794675191
635.528741 0.753960053126
640.581613 0.752386728923
645.569539 0.746544361115
650.588613 0.754318316778
655.709736 0.733393589656
660.662265 0.743415991465
665.649006 0.753481308619
669.137828 9999
671.865236 9999
676.841931 0.725037415822
681.909195 0.759062687556
687.179233 0.740808089574
689.947741 9999
694.967868 0.746242682139
699.954739 0.738423029582
704.908314 0.723467032115
709.844539 0.731230735779
714.864349 0.751216650009
720.070012 0.746040900548
725.037615 0.73751227061
730.091351 0.759158611298
735.027465 0.737033287684
740.064459 0.745133717855
745.085085 0.757705609004
750.304472 0.750498374303
755.294036 0.745766083399
760.344997 0.754201014837
765.381593 0.75263428688
768.157823 9999
773.119963 0.735672076543
778.072875 0.736329317093
783.27628 0.728357235591
788.265826 0.748423814774
793.249768 0.748323361079
798.252828 0.740673939387
803.223316 0.729688167572
808.193502 0.740541696548
813.346733 0.740114927292
816.172092 9999
819.707899 9999
824.670625 0.743269999822
829.656749 0.750587383906
832.379884 9999
835.1646 9999
840.16381 0.745494683584
843.121233 9999
848.086211 0.730879386266
851.675735 9999
856.592271 0.720587094625
861.561365 0.743231534958
864.395279 9999
869.400038 0.746018330256
872.955939 9999.0
878.222952 0.7346804142
881.038242 9999
886.144972 0.746864636739
891.214422 0.748486359914
894.093319 9999
899.086097 0.750332911809
904.093856 0.741146961848
907.142384 9999
910.714043 9999
915.71449 0.740966002146
920.735026 0.747258981069
925.786972 0.741946379344
928.633922 9999
931.463981 9999
936.495297 0.735217968623
941.647452 0.722698609034
944.468699 9999
949.520531 0.738883097967
954.641149 0.759470065435
957.482779 9999
962.461492 0.732400019964
967.531951 0.748076677322
970.618495 9999
973.42292 9999
976.978669 9999
982.041759 0.743617693583
984.846972 9999
989.914434 0.740459998449
994.950085 0.730701287587
999.986608 0.751078605652
1002.980935 9999
1005.80539 9999
1010.827075 0.726273298264
1014.44976 9999
1017.305346 9999
1022.351206 0.737766742706
1027.354683 0.738483031591
1030.277734 9999.0
1035.610673 0.7387286822
1040.76397 0.762861331304
1043.58605 9999
1048.568733 0.738997936249
1051.355771 9999
1054.196141 9999
1057.045837 9999
1062.111107 0.758564710617
1065.191125 9999
1070.199591 0.737990697225
1073.773755 9999
1078.838657 0.740244865417
1083.859018 0.739179611206
1088.862603 0.732367356618
1093.982599 0.740608294805
1099.23557 0.734630425771
1102.016948 9999
1107.040245 0.736243724823
1112.010912 0.72518269221
1117.047836 0.742268721263
1122.033937 0.727046012878
1127.020575 0.73593322436
1130.010396 9999
1135.076355 0.753302256266
1137.864063 9999
1140.686579 9999
1145.68394 0.740172306697
1150.736434 0.738812923431
1153.5592 9999
1158.607978 0.746872981389
1163.861327 0.753494977951
1168.798737 0.724084218343
1173.784631 0.739125649134
1178.822 0.731910308202
1183.924529 0.755243380864
1188.994824 0.749843915304
1194.249454 0.757958014806
1199.301746 0.741795063019
1204.357393 0.750031073888
1209.458363 0.760883331299
1214.46297 0.760630687078
1219.465644 0.742818593979
1224.569124 0.718102693558
1229.672249 0.75114329656
1234.708214 0.747755050659
1239.712409 0.736425002416
1242.532775 9999
1247.484576 0.738443930944
1252.537924 0.759277741114
1255.603593 9999
1258.379839 9999
1261.223591 9999
1266.263636 0.736735105515
1269.06394 9999
1274.035011 0.740429004033
1279.021038 0.731448332469
1284.041927 0.741895675659
1289.313603 0.740444024404
1292.153957 9999
1294.944307 9999
1300.001597 0.754320383072
1305.071421 0.754634698232
1307.827421 9999
1312.843532 0.736454804738
1317.880482 0.750400066376
1323.166655 0.7475883166
1325.939003 9999
1328.771418 9999
1333.77406 0.735272963842
1336.539624 9999
1341.579901 0.748234033585
1344.368172 9999
1349.335852 0.744422276815
1354.53849 0.740659634272
1359.508212 0.734165827433
1364.478131 0.744752724965
1367.93469 9999
1372.950898 0.731717348099
1377.923274 0.7348493735
1380.705425 9999.0
1385.975559 0.738367716471
1391.028159 0.748036702474
1394.484311 9999
1397.291922 9999
1400.152579 9999
1403.044393 9999
1406.610001 9999
1409.404141 9999
1414.46083 0.733056704203
1419.764414 0.761413971583
1422.506193 9999
1426.055771 9999
1431.038646 0.733790636063
1433.809605 9999
1438.810148 0.739880959193
1442.333072 9999
1445.137111 9999.0
1450.436018 0.729962587357
1453.232133 9999
1458.374077 0.759394645691
1463.326191 0.734685023626
1466.835746 9999
1469.629609 9999
1474.683969 0.749107996623
1479.588384 0.729264338811
1482.659887 9999
1487.659954 0.726629018784
1492.696207 0.746267477671
1497.701737 0.725218296051
1502.769634 0.746443192164
1507.758669 0.719688097636
1512.759752 0.757528702418
1517.980496 0.731746355693
1523.049359 0.746124347051
1528.018922 0.744662364324
1533.056621 0.74135796229
1538.125898 0.761329015096
1543.145735 0.741456985474
1548.366788 0.739702224731
1553.336811 0.737336953481
1556.15411 9999
1561.092132 0.738554000854
1566.028173 0.728856643041
1568.773165 9999
1572.285456 9999
1575.144989 9999.0
1578.236615 9999
1581.006138 9999
1585.97481 0.719215949376
1588.803757 9999
1593.896136 0.750257015228
1598.916768 0.736670891444
1603.936427 0.746342261632
1606.723194 9999.0
1610.477127 9999
1615.545767 0.751405954361
1620.563645 0.740142027537
1625.550643 0.746250391006
1628.395271 9999
1631.199434 9999
1634.038034 9999
1639.026652 0.742324749629
1644.229849 0.739004691442
1647.0571 9999
1649.901011 9999
1654.853056 0.737224578857
1657.717922 9999
1660.500014 9999
1665.560517 0.747094074885
1670.580323 0.748698949814
1675.902545 0.772872289022
1679.473196 9999
1684.526192 0.758475939433
1689.426651 0.718984683355
1694.413674 0.728794018428
1699.533865 0.763163646062
1704.553189 0.744090398153
1707.52531 9999
1710.291698 9999
1713.071827 9999
1718.078201 0.736674308777
1720.864482 9999
1725.917173 0.737599054972
1729.456229 9999
1734.439397 0.739944616954
1739.475622 0.744331677755
1744.779362 0.730067968369
1749.833513 0.750701347987
1754.869265 0.737763643265
1759.973367 0.764361699422
1762.764981 9999
1767.761461 0.741041580836
1770.573186 9999.0
1773.655127 9999
1776.431883 9999
1781.45358 0.750320275625
1784.285856 9999
1787.820281 9999
1792.830931 0.74326467514
1797.864485 0.729438304901
1800.625355 9999.0
1805.903924 0.740598360697
1810.973542 0.731605370839
1813.716827 9999
1818.778338 0.749198357264
1821.624032 9999
1824.45168 9999
1829.435273 0.750468730927
1832.225539 9999.0
1837.424836 0.736937363942
1842.460466 0.760877291361
1847.464385 0.730611006419
1852.4512 0.744985024134
1857.53779 0.76923362414
1862.474427 0.724581241608
1866.216124 9999
1871.247223 0.753288984299
1874.086123 9999
1877.63802 9999
1882.654177 0.730888923009
1885.500821 9999
1888.995313 9999
1891.89122 9999
1894.708787 9999.0
1900.115383 0.753340085347
1905.202098 0.754965702693
1908.758438 9999
1911.571671 9999
1914.393449 9999
1919.345461 0.721441745758
1922.199675 9999
1927.249834 0.754773457845
1932.437138 0.729925314585
1935.261119 9999
1938.76222 9999
1941.558808 9999
1946.629934 0.756117582321
1951.582628 0.729762395223
1956.573449 0.746441761653
1961.526795 0.744990348816
1966.85952 0.740339597066
1971.863369 0.749980767568
1976.935015 0.756713708242
1981.97009 0.738569259644
1986.973365 0.736615260442
1991.993861 0.742846568425
1997.296812 0.740834315618
2002.282774 0.735629320145
2005.823808 9999
2010.841481 0.75621231397
2015.829033 0.731565952301
2020.845414 0.730731328328
2025.83255 0.725303649902
2031.169336 0.74576997757
2036.239503 0.747687975566
2041.262467 0.755548000336
2044.091544 9999
2049.064071 0.714111328125
2053.984559 0.7206975619
2058.987153 0.736034313838
2062.045339 9999
2065.611975 9999
2070.6798 0.742035945257
2075.631392 0.73473906517
2078.472613 9999
2081.3033 9999
2084.088699 9999
2086.960001 9999
2091.993122 0.74795293808
2097.296095 0.746973435084
2102.334148 0.739661296209
2107.386755 0.756129741669
2112.507077 0.760560750961
2117.47606 0.72251367569
2120.335941 9999
2123.192904 9999.0
2128.450508 0.740369319916
2131.923227 9999
2136.909311 0.733481407166
2141.926429 0.732729037603
2146.981414 0.743770758311
2149.8516 9999
2154.870406 0.743074655533
2157.947168 9999
2162.906422 0.736333290736
2167.943813 0.750511725744
2172.89753 0.728750387828
2177.832732 0.736287593842
2182.869115 0.759275039037
2187.906557 0.735001007716
2193.326593 0.747370322545
2198.296239 0.739197333654
2203.233411 0.727924982707
2208.353888 0.77206770579
2213.439364 0.75762406985
2216.235787 9999
2219.020847 9999.0
2224.398571 0.737462361654
2229.433828 0.748517354329
2232.93971 9999
2238.089989 0.776524623235
2243.109595 0.750896612803
2245.900842 9999
2250.814915 0.737550656001
2256.034607 0.746036370595
2259.576806 9999
2264.540182 0.736543893814
2269.477306 0.735024690628
2272.281615 9999
2277.285285 0.743719577789
2280.165983 9999
2283.6906 9999.0
2286.675436 9999
2291.659071 0.732975959778
2296.679062 0.752216339111
2300.184761 9999
2302.995301 9999
2308.035458 0.745949109395
2310.793825 9999
2313.624043 9999
2318.609897 0.723967552185
2321.593845 9999
2326.682127 0.746224323908
2331.617878 0.722715695699
2336.655615 0.76430606842
2340.272148 9999
2345.327962 0.745505253474
2348.849771 9999.0
2351.915819 9999
2356.968845 0.756678024928
2361.9877 0.741733709971
2366.942067 0.743373711904
2371.911858 0.742166678111
2374.764893 9999
2379.782713 0.75142900149
2383.54291 9999
2388.488829 0.734775622686
2391.27479 9999
2396.294161 0.748497009277
2401.315047 0.737665017446
2406.384475 0.740141948064
2411.354703 0.743584712346
2416.657142 0.755239248276
2419.448431 9999
2424.396982 0.745004971822
2427.86872 9999
2430.635467 9999
2434.206451 9999
2439.155472 0.735788106918
2444.258765 0.743985652924
2449.513262 0.729301770528
2454.499639 0.725384314855
2459.488019 0.752919038137
2464.442575 0.727076292038
2467.237876 9999
2472.212901 0.738730669022
2477.264671 0.760170698166
2482.535201 0.73247496287
2487.554783 0.755151351293
2492.61119 0.747565666835
2497.861992 0.757197300593
2500.653984 9999
2505.717161 0.75754960378
2510.786848 0.747118631999
2516.073309 0.745067358017
2521.043038 0.733122030894
2525.94719 0.717653989792
2531.050885 0.765695015589
2535.954094 0.720418055852
2540.973112 0.734616438548
2543.940032 9999
2548.998014 0.741610685984
2551.808674 9999
2556.837572 0.748944282532
2561.870577 0.741847594579
2566.923958 0.758954922358
2571.977481 0.755315383275
2577.247946 0.750022331874
2582.335477 0.767956336339
2587.274486 0.743584314982
2592.323534 0.734748601913
2597.277567 0.740598917007
2602.39765 0.761330366135
2607.733983 0.730871280034
2612.737864 0.762819290161
2615.533148 9999
2620.578829 0.742584864299
2625.562242 0.743658939997
2630.516088 0.742237647374
2635.486177 0.726327578227
2640.739314 0.733325719833
2645.843613 0.751679023107
2650.896663 0.738873004913
2653.663215 9999
2658.735259 0.751588026683
2663.804564 0.755572001139
2668.674387 0.720033725103
2672.482911 9999
2677.480881 0.729264100393
2680.32784 9999
2685.369588 0.746454954147
2690.422735 0.756142934163
2693.207018 9999
2696.043404 9999
2698.822068 9999.0
2704.047976 0.730581998825
2706.85378 9999
2711.886995 0.752736647924
2714.652508 9999
2719.708568 0.761042277018
2724.645588 0.735263347626
2729.717625 0.75023428599
2734.968824 0.749432722727
2740.005659 0.7543369929
2744.942233 0.720647096634
2749.962157 0.74329106013
2752.820399 9999
2757.767375 0.742108980815
2762.854426 0.758469978968
2768.240747 0.747766335805
2773.19407 0.742245356242
2778.217657 0.729802290599
2783.183443 0.738999287287
2788.27416 0.754821618398
2791.074496 9999
2796.041881 0.744116306305
2801.379242 0.749795913696
2806.417292 0.727659622828
2809.257893 9999
2812.084656 9999
2817.088976 0.738095362981
2819.912818 9999
2824.995301 0.755329767863
2829.897889 0.729714075724
2835.267878 0.74490626653
2840.237804 0.727585633596
2845.225032 0.746827999751
2850.260902 0.755555709203
2855.318093 0.768356959025
2860.284794 0.734980901082
2865.588846 0.750619014104
2870.494561 0.727394024531
2875.547137 0.754330635071
2880.481423 0.742043654124
2885.438531 0.726938009262
2890.438669 0.750736236572
2893.545361 9999
2896.372723 9999
2901.344961 0.736507336299
2906.348593 0.739342371623
2911.385044 0.740594704946
2916.389296 0.753700653712
2921.324807 0.72909228007
2926.561605 0.751030683517
2929.383763 9999
2934.316943 0.718720356623
2939.320591 0.731474320094
2942.896811 9999
2945.660007 9999
2950.677923 0.736300706863
2955.614613 0.72385764122
2958.766403 9999
2961.530936 9999
2966.456744 0.715648333232
2971.426014 0.744792620341
2976.478485 0.75270708402
2981.448576 0.728131691615
2986.418612 0.742891629537
2990.224176 9999
2993.066979 9999
2998.110092 0.757789055506
3003.129921 0.762132724126
3005.946827 9999
3010.934711 0.744875351588
3015.872956 0.741599003474
3018.690238 9999.0
3023.976418 0.736626704534
3028.996595 0.744311332703
3031.854327 9999
3036.818428 0.735969305038
3041.841925 0.731641054153
3046.825033 0.728721936544
3051.845258 0.742154677709
3057.147846 0.728538751602
3062.152139 0.748200019201
3065.641401 9999
3070.557392 0.727425336838
3073.389352 9999
3076.195861 9999
3081.250494 0.729553063711
3086.235206 0.741233030955
3091.604479 0.745454708735
3096.610633 0.742689927419
3101.560387 0.737774292628
3106.581911 0.741506099701
3111.584171 0.742089589437
3116.655313 0.760893424352
3121.974866 0.747835715612
3126.981331 0.727012077967
3131.930543 0.730201323827
3136.95234 0.754100720088
3141.988318 0.739321947098
3146.991065 0.749419053396
3152.410638 0.749023675919
3157.46434 0.747306982676
3162.435316 0.743090947469
3167.357808 0.735221942266
3172.325461 0.742874304454
3175.133314 9999
3180.096618 0.73638232549
3185.433828 0.734447638194
3188.973032 9999
3193.910153 0.73339899381
3198.942433 0.742950677872
3203.979563 0.747585614522
3209.015633 0.755216042201
3214.002258 0.720037380854
3216.998177 9999
3221.957852 0.733295996984
3227.02714 0.762052615484
3230.533723 9999
3235.517266 0.735843022664
3238.328669 9999
3243.321973 0.731859763463
3248.307914 0.740270614624
3253.611733 0.726017951965
3256.426932 9999
3261.367505 0.747128009796
3264.163752 9999
3269.174785 0.741734266281
3274.192318 0.737065076828
3277.698103 9999
3282.71405 0.738764365514
3288.001741 0.742190678914
3293.004936 0.748264392217
3298.040648 0.750395933787
3303.012566 0.732521057129
3308.014469 0.74146938324
3310.770551 9999
3313.594108 9999.0
3316.734063 9999
3321.841396 0.762570937475
3325.362991 9999
3328.165736 9999
3333.214251 0.758011341095
3335.983207 9999
3340.953673 0.73308356603
3346.006014 0.751631339391
3351.410172 0.75644659996
3356.430506 0.746039628983
3361.400139 0.74138156573
3366.353446 0.738281329473
3369.926035 9999
3372.746911 9999
3377.744212 0.72753739357
3382.981499 0.734932343165
3387.901068 0.736346403758
3393.004716 0.775750637054
3397.957649 0.727749665578
3402.894392 0.727002064387
3407.916341 0.740000724792
3413.283877 0.73157231013
3418.25459 0.736167669296
3423.27398 0.735888004303
3428.244106 0.741259336472
3433.2635 0.749253034592
3436.03172 9999
3441.035561 0.746937592824
3446.390254 0.743674357732
3451.379108 0.731302102407
3456.381436 0.738195737203
3461.401603 0.743730942408
3466.522266 0.750725587209
3471.639287 0.731304645538
3476.992829 0.738260269165
3481.929602 0.729441404343
3484.73112 9999
3488.271933 9999
3493.270148 0.747585455577
3498.206523 0.727483272552
3503.19437 0.738974253337
3508.549884 0.75835998853
3513.534 0.750567992528
3518.520869 0.74049504598
3523.508376 0.742710351944
3526.268808 9999
3529.118184 9999
3534.097529 0.744273980459
3539.467462 0.738222996394
3544.488846 0.749941031138
3549.441471 0.730767011642
3554.42707 0.733011007309
3557.226377 9999
3562.333386 0.761698007584
3565.140053 9999.0
3570.504718 0.74910068512
3573.379593 9999
3578.31033 0.73090672493
3583.313893 0.733035723368
3588.333657 0.742182652156
3593.353812 0.746468067169
3596.860713 9999.0
3602.160792 0.73152367274
