8.773103 2.29471556346
17.27144 2.25533699989
25.605171 2.27684601148
29.528897 9999
37.862148 2.27216561635
46.624626 2.28532274564
50.460101 9999
58.723271 2.26020892461
67.175581 2.28381792704
71.113009 9999.0
79.860598 2.259734869
88.132647 2.26120185852
96.554873 2.26875034968
105.002654 2.29758000374
113.655837 2.26048135757
122.002093 2.26519195239
130.286932 2.25697938601
138.981684 2.26643840472
148.015785 2.27010162671
156.460727 2.29619169235
164.768505 2.25784897804
173.155006 2.25963131587
181.804883 2.25799798965
190.228482 2.28200999896
198.664037 2.28927167257
207.214541 2.29603203138
215.950005 2.27174091339
219.804351 9999
228.237863 2.28157202403
236.47652 2.2625746727
244.741685 2.25694044431
253.298713 2.26449457804
261.611358 2.2728916804
269.880349 2.25698105494
278.417059 2.28874437014
287.005568 2.27810827891
295.739485 2.28085605303
304.110569 2.26649641991
312.397684 2.259516716
321.025732 2.28494175275
329.371763 2.26188294093
337.623541 2.26053261757
345.914007 2.25760142008
354.763312 2.29678432147
363.224277 2.29253768921
371.510883 2.26002399127
379.796753 2.27016464869
384.0262 9999
392.508423 2.28921771049
400.793215 2.25949041049
409.096244 2.26405104001
417.482365 2.28993574778
426.188506 2.27627833684
434.45545 2.26061232885
442.979462 2.26035626729
451.249761 2.26042135557
460.016488 2.26511693001
468.387503 2.28297225634
472.204244 9999
480.48794 2.25514364243
488.857067 2.2667239507
497.644114 2.25660300255
506.036538 2.26058061918
514.349624 2.26644261678
522.846705 2.28933461507
531.627929 2.26019239426
535.455543 9999
543.875765 2.29069670041
552.283777 2.29266174634
560.659466 2.263554732
569.267578 2.26812807719
577.529009 2.26834265391
585.923675 2.27828796705
594.306544 2.26526633898
602.826205 2.2696103255
611.293709 2.28093775113
619.786532 2.25852131844
628.281802 2.26285799344
636.999952 2.28884243965
640.851157 9999
649.145381 2.26302925746
657.683804 2.34936292966
665.967054 2.26023292542
674.940049 2.25581264496
683.265398 2.27202002207
687.077466 9999
695.370888 2.25656795502
703.695625 2.25986504555
712.269694 2.25793091456
720.558579 2.27467902501
724.365148 9999
732.643317 2.25952895482
741.27776 2.27110099792
745.238234 9999
753.523333 2.25674438477
761.911665 2.25860834122
770.256558 2.26082571348
774.052799 9999.0
782.741234 2.25997400284
791.099329 2.26211929321
799.419215 2.25703636805
807.836127 2.27988203367
816.497403 2.2947063446
824.845632 2.29035456975
833.181556 2.25914128621
841.719243 2.29411800702
850.349014 2.26283899943
858.889114 2.27531234423
862.626194 9999
870.968949 2.2583009402
879.305312 2.25947372119
887.899057 2.2566596667
896.320554 2.26327395439
904.696802 2.27653837204
913.045994 2.25878167152
922.294518 2.26566743851
930.660602 2.26350529989
939.081511 2.25894363721
947.721127 2.25826597214
956.334708 2.26253533363
964.660977 2.26882696152
973.054916 2.26694933573
981.415158 2.26498834292
990.151887 2.26302631696
998.611201 2.26139863332
1007.016011 2.25971635183
1010.957088 9999
1019.415411 2.27743943532
1028.032605 2.26956176758
1036.313188 2.26065969467
1044.638871 2.25694497426
1053.090354 2.29493538539
1061.965519 2.2968506813
1070.298007 2.26677266757
1078.642207 2.25902358691
1087.441335 2.26310841242
1096.866021 2.28836504618
1105.189696 2.27374800046
1113.509295 2.27687597275
1121.971673 2.28991206487
1130.561981 2.26091527939
1138.839967 2.2571319739
1147.204468 2.25686868032
1155.94463 2.25964466731
1164.53829 2.26236303647
1173.010593 2.27457928658
1181.270241 2.25923609734
1189.587058 2.26778276761
1198.300584 2.28657825788
1206.739689 2.29032532374
1215.147242 2.28549774488
1223.427645 2.26959697405
1232.145411 2.27689830462
1240.636107 2.28489375114
1249.097925 2.28877830505
1257.420971 2.26552240054
1266.38695 2.26971729596
1274.909473 2.29748002688
1283.284374 2.26701935132
1291.605597 2.26305206617
1301.236234 2.27985461553
1304.990023 9999
1313.272214 2.26094992956
1321.561123 2.25703374545
1329.8508 2.26069935163
1338.473777 2.28490026792
1342.470046 9999
1346.690708 9999
1355.066701 2.25920589765
1363.41577 2.26811933517
1367.574314 9999
1375.954786 2.27824370066
1384.291788 2.26497205098
1392.721166 2.26559758186
1401.048023 2.27145465215
1410.211275 2.26752901077
1418.978229 2.31966074308
1427.361249 2.26553098361
1435.697483 2.26252698898
1444.384949 2.26825332642
1452.692197 2.26059071223
1461.076882 2.26656770706
1469.505982 2.26112898191
1478.326245 2.25535265605
1486.607638 2.26093769073
1495.032943 2.27045702934
1498.955635 9999
1507.428184 2.26049971581
1511.565571 9999
1519.956274 2.26565535863
1528.246082 2.26447065671
1536.718652 2.26217397054
1545.043444 2.2555937767
1554.008351 2.28110337257
1562.455713 2.26754498482
1570.818356 2.27017895381
1579.180307 2.26790992419
1587.790486 2.26118000348
1596.143839 2.26178836823
1604.42213 2.26039600372
1612.776547 2.26186068853
1621.537505 2.26720738411
1629.881326 2.2591056029
1638.302893 2.25898838043
1646.75061 2.26026463509
1655.383628 2.26952338219
1659.254738 9999
1667.544865 2.25779795647
1675.915716 2.26674691836
1684.499602 2.26378234227
1693.090561 2.25956336657
1701.443757 2.25659195582
1709.793465 2.28081464767
1718.141916 2.25909137726
1727.491816 2.28574021657
1735.844091 2.27662205696
1744.276629 2.29039335251
1752.780538 2.25940489769
1761.378592 2.28154993057
1769.950088 2.29540228844
1778.322672 2.28399729729
1787.000506 2.29964399338
1795.631569 2.25795372327
1804.075474 2.28472232819
1812.570816 2.2674369812
1820.919402 2.25952275594
1829.932761 2.2857046922
1838.559912 2.26141826312
1846.853997 2.26648600896
1855.215369 2.27509069443
1863.963201 2.26005872091
1872.306053 2.26647996902
1881.038569 2.3084599177
1889.346897 2.26002987226
1898.686699 2.26903271675
1902.479845 9999
1910.728631 2.25774931908
1919.046891 2.26658638318
1927.466312 2.25688393911
1936.074944 2.25515302022
1944.381921 2.25845694542
1948.164666 9999
1951.961962 9999
1960.372638 2.29363338153
1968.998438 2.2569993337
1977.251635 2.25693535805
1985.788377 2.32249395053
1994.151321 2.26184360186
2002.68181 2.2573466301
2010.971974 2.26857201258
2019.37833 2.26349067688
2027.786173 2.25640956561
2036.86279 2.28079311053
2045.215486 2.26641170184
2053.492451 2.25972000758
2061.844652 2.26981941859
2070.696495 2.27004702886
2079.137275 2.28674530983
2087.447098 2.26100762685
2095.793542 2.26373171806
2105.095756 2.26515523593
2113.668536 2.28327902158
2121.990093 2.27720427513
2130.482675 2.25931111972
2139.15525 2.2592929999
2147.515503 2.28477032979
2155.836685 2.26096463203
2164.433949 2.27464604378
2173.118045 2.26297593117
2181.488271 2.26465264956
2189.811215 2.27806695302
2198.477387 2.32372999191
2207.120044 2.26104505857
2215.446321 2.25903701782
2223.783302 2.26191329956
2232.069964 2.25877658526
2236.109351 9999
2244.473513 2.25963099798
2252.875617 2.25950805346
2256.671325 9999
2265.16428 2.28567330043
2273.981325 2.30858167013
2282.398218 2.26636767387
2290.757405 2.26745565732
2299.129655 2.27503331502
2307.668738 2.26815764109
2316.12562 2.27496965726
2324.551593 2.27882997195
2333.22272 2.26056456566
2342.298233 2.26195200284
2350.701533 2.29906503359
2354.51695 9999
2362.845045 2.2626109918
2371.265964 2.27568896612
2380.177657 2.3635811011
2388.530929 2.2776500384
2392.450578 9999
2400.848614 2.30179158847
2409.235441 2.26389527321
2418.154317 2.29872401555
2426.5299 2.25866500537
2430.767012 9999
2439.215979 2.27143565814
2447.653662 2.27060929934
2451.759955 9999
2460.177962 2.27637370427
2468.590733 2.26787273089
2476.899747 2.26819841067
2485.192646 2.26448106766
2494.115133 2.26108868917
2502.609453 2.31434059143
2511.280557 2.26659798622
2519.627422 2.26405398051
2528.676257 2.27707664172
2536.955472 2.26308774948
2545.371249 2.26833256086
2553.806577 2.28931935628
2562.387755 2.26491427422
2571.027031 2.26060326894
2579.358735 2.28243072828
2587.76843 2.27957963943
2596.554402 2.26346564293
2605.245305 2.31916236877
2613.561597 2.26980932554
2622.127075 2.27470270793
2631.03406 2.26984333992
2634.808648 9999
2643.267221 2.28763834635
2651.575821 2.25854063034
2659.968991 2.27968827883
2668.564086 2.27648027738
2676.951785 2.28776605924
2685.248147 2.26337703069
2693.64519 2.26287396749
2702.574034 2.30671834946
2710.930064 2.26597102483
2719.321696 2.26050639153
2727.614207 2.2632830143
2736.434962 2.26030921936
2740.243409 9999
2748.615053 2.2727364699
2756.955781 2.26278805733
2765.65636 2.29240226746
2774.228056 2.26656428973
2782.550597 2.26062170664
2791.023965 2.29295770327
2799.352825 2.25808374087
2803.713207 9999
2811.995528 2.25726509094
2820.376654 2.25665767988
2828.702896 2.26064928373
2837.004535 2.25558869044
2841.014913 9999
2849.422431 2.26094937325
2857.784707 2.26209338506
2866.131321 2.2605129083
2874.440539 2.25771061579
2883.034848 2.27777576447
2891.418071 2.26772665977
2900.078336 2.26628859838
2908.411075 2.27773602804
2916.985898 2.25981497765
2925.238142 2.2576183478
2933.522771 2.26244227091
2941.910562 2.27390289307
2950.609994 2.28299570084
2959.288333 2.27376627922
2967.662976 2.26397665342
2975.982466 2.26713434855
2984.729618 2.29492672284
2993.067536 2.28904803594
3001.61619 2.30180009206
3010.006697 2.25934871038
3018.668365 2.27133067449
3027.316883 2.28939207395
3035.685271 2.26014773051
3044.247051 2.29274932543
3052.739056 2.26658503215
3061.224689 2.28619527817
3069.56174 2.2678899765
3078.037364 2.26748259862
3086.817126 2.26413567861
3095.139594 2.26037589709
3103.646411 2.25877730052
3112.13096 2.30196730296
3121.119597 2.29258926709
3129.662702 2.2638010184
3137.980451 2.25927527746
3146.423464 2.27626196543
3155.047157 2.26372035344
3163.473071 2.26312931379
3171.850995 2.26915709178
3180.134348 2.26172399521
3189.111465 2.26167535782
3197.625443 2.28238972028
3206.067788 2.26557501157
3214.47874 2.26887265841
3223.310407 2.26204657555
3231.752992 2.27171587944
3235.565834 9999
3243.918639 2.26483805974
3252.53577 2.28310132027
3261.158261 2.27158204714
3269.687765 2.28144105275
3277.987968 2.2629532814
3286.328281 2.27015264829
3294.98504 2.26872531573
3303.340917 2.25833622615
3311.73419 2.26977125804
3320.071653 2.26118938128
3328.832595 2.2644709746
3337.218052 2.27644705772
3341.281889 9999
3349.659298 2.26105435689
3357.99005 2.26280832291
3366.912858 2.28616094589
3375.250896 2.25938741366
3383.53772 2.2645462354
3391.858956 2.25923196475
3400.413985 2.26306676865
3408.886511 2.30169034004
3417.171904 2.2607746919
3425.563394 2.26133767764
3434.190112 2.26336725553
3442.486689 2.26514101028
3450.856521 2.26681232452
3459.22639 2.262515227
3467.858812 2.28010900815
3476.250739 2.27873396873
3484.621138 2.26967803637
3493.061662 2.29774196943
3501.845308 2.27256679535
3510.320972 2.26954404513
3514.164248 9999
3522.485886 2.25930229823
3530.831512 2.27538172404
3539.365532 2.25759808222
3547.688873 2.26494042079
3556.062676 2.26453741391
3564.389101 2.27019929886
3572.950944 2.25842531522
3581.311711 2.27214892705
3589.779825 2.2847802639
3598.130558 2.28025841713
3606.875295 2.26815366745
