5.14258 0.844111442566
10.347885 0.879653692245
15.49831 0.854462385178
20.636252 0.858511686325
25.68952 0.831320762634
30.89294 0.876103798548
36.216156 0.857983350754
41.349378 0.868149280548
46.469417 0.848128716151
51.656445 0.860248247782
56.826311 0.854537725449
61.945819 0.858568668365
67.132415 0.842280546824
72.353409 0.860990365346
77.573938 0.875759283702
82.877038 0.893672625224
88.114329 0.889395316442
93.284622 0.871185700099
98.605087 0.877180020014
103.857712 0.86448931694
108.994447 0.858124574025
114.131808 0.866062641144
119.336191 0.87010828654
124.574333 0.900368293126
129.958622 0.879692395528
135.31154 0.901485999425
140.431795 0.854330301285
145.669227 0.89031569163
150.905313 0.864458004634
156.22559 0.881641149521
161.512461 0.875051339467
166.766586 0.885379076004
171.918566 0.876426696777
177.173087 0.887227376302
182.410011 0.888356049856
187.564468 0.854780038198
192.916306 0.867014328639
198.103057 0.864578406016
203.340181 0.874587059021
208.593684 0.892649332682
213.812912 0.885521968206
219.100395 0.88839173317
224.440925 0.871611356735
229.591187 0.872913281123
234.960467 0.889652967453
240.132678 0.876240253448
245.352024 0.873314062754
250.554987 0.889919042587
255.890739 0.881786266963
261.09613 0.889630635579
266.314787 0.870257059733
271.501861 0.878114859263
276.654536 0.843505938848
281.841441 0.869651635488
287.145354 0.851202964783
292.419281 0.898098071416
297.652435 0.880360762278
302.972534 0.868446350098
308.17628 0.876557032267
313.329357 0.87017305692
318.632835 0.87624335289
323.835653 0.864282131195
329.006818 0.868095715841
334.226138 0.870794296265
339.496289 0.884795268377
344.633655 0.847039620082
349.953747 0.872789939245
355.106398 0.862246433894
360.213054 0.853602965673
365.381003 0.871753692627
370.566485 0.876082738241
375.78709 0.876170555751
381.140735 0.87259332339
386.310981 0.86025706927
391.514095 0.863223075867
396.767285 0.89350159963
401.987923 0.87718407313
407.141185 0.88650004069
412.394758 0.859432299932
417.581748 0.873642365138
422.768077 0.872071027756
427.988256 0.871316671371
433.157781 0.87046233813
438.378694 0.885825713476
443.715136 0.876850366592
448.95238 0.859273672104
454.205246 0.883235931396
459.375531 0.869028568268
464.630063 0.878460645676
469.849177 0.879393657049
475.220078 0.880489667257
480.3904 0.887535651525
485.559235 0.85805606842
490.796973 0.888628641764
496.017043 0.900009950002
501.240213 0.882171233495
506.557275 0.873599608739
511.761215 0.862988313039
516.997031 0.880870660146
522.220193 0.879952987035
527.424522 0.874668677648
532.640753 0.897599379222
537.928431 0.872187773387
543.165383 0.886441310247
548.321926 0.853376626968
553.487843 0.857112646103
558.641178 0.866619030635
563.711057 0.833341042201
569.131535 0.851662953695
574.28595 0.856243371964
579.471473 0.876555363337
584.65948 0.884123643239
589.779231 0.847271998723
594.916039 0.849138975143
600.286264 0.877771377563
605.589734 0.87793970108
610.708851 0.863704681396
615.847092 0.866031328837
620.999369 0.849473396937
626.236961 0.876666227976
631.605835 0.871817032496
636.809881 0.884588956833
641.980046 0.860195080439
647.117305 0.868457635244
652.303681 0.863984664281
657.523989 0.878222703934
662.944128 0.864971399307
668.115006 0.866991043091
673.284377 0.863470554352
678.388001 0.852146704992
683.59121 0.876555363337
688.777646 0.874964634577
694.064515 0.853569984436
699.233773 0.860669612885
704.47168 0.854796648026
709.774638 0.899375915527
715.027827 0.867295344671
720.264998 0.870710293452
725.752323 0.887042919795
730.823005 0.848026672999
736.009003 0.866538763046
741.228633 0.859340747197
746.465606 0.885365088781
751.654374 0.852039337158
756.955567 0.84521595637
762.110219 0.86815404892
767.329838 0.884875059128
772.616259 0.886266231537
777.836789 0.863053719203
783.058321 0.879525661469
788.40998 0.854142268499
793.580055 0.875833272934
798.867344 0.898638089498
804.089981 0.882510662079
809.323882 0.868538935979
814.410198 0.859668652217
819.797324 0.874625047048
824.884282 0.849064270655
830.154677 0.890446106593
835.344445 0.861860990524
840.462024 0.864790678024
845.547639 0.847546656926
850.918882 0.874037981033
856.038464 0.850478092829
861.27525 0.878408352534
866.461768 0.887473980586
871.731726 0.88475505511
876.86922 0.864986419678
882.28934 0.889448960622
887.492948 0.86739675204
892.662568 0.871565262477
897.932829 0.886999607086
903.018474 0.851028442383
908.239265 0.87610634168
913.592591 0.876662572225
918.829209 0.876429080963
924.032517 0.864123980204
929.31992 0.878767331441
934.373437 0.839571634928
939.593756 0.875377655029
945.047075 0.879783630371
950.184595 0.848679939906
955.3883 0.881491422653
960.593706 0.880753119787
965.694908 0.844436327616
970.863848 0.860905726751
976.268103 0.862144311269
981.555139 0.90318830808
986.791476 0.86459740003
991.911247 0.85715230306
997.032021 0.853497743607
1002.202466 0.869072278341
1007.571674 0.872464021047
1012.691317 0.858546415965
1017.911294 0.863436063131
1023.182644 0.889165639877
1028.336636 0.863579670588
1033.424871 0.853832960129
1038.876697 0.877189000448
1044.11197 0.882864634196
1049.315939 0.878519932429
1054.487363 0.864521662394
1059.708814 0.878604253133
1064.909277 0.873044013977
1070.480842 0.912934382757
1075.66594 0.876506567001
1080.887169 0.889130592346
1086.074438 0.865796963374
1091.327503 0.890200297038
1096.446825 0.860767682393
1101.837065 0.8574330012
1107.038325 0.877947012583
1112.207805 0.868829806646
1117.311431 0.836848894755
1122.448678 0.855780363083
1127.57173 0.862225294113
1132.971248 0.86833469073
1138.191064 0.871100346247
1143.431201 0.870541731517
1148.648137 0.876081705093
1153.768939 0.870723327001
1158.971778 0.862337907155
1164.393162 0.877441565196
1169.628437 0.884814977646
1174.832596 0.869247039159
1180.085039 0.874081929525
1185.239387 0.85276500384
1190.442366 0.864017009735
1195.84611 0.869968732198
1201.033544 0.848637024562
1206.320035 0.879212617874
1211.491153 0.864066759745
1216.710275 0.876098235448
1221.931542 0.876377344131
1227.367176 0.878890593847
1232.554976 0.861010948817
1237.807515 0.879597345988
1242.895835 0.842604716619
1248.147532 0.882277329763
1253.321215 0.876207669576
1258.708137 0.878487666448
1263.876515 0.869162956874
1269.145044 0.874978701274
1274.33176 0.871680657069
1279.534693 0.883136034012
1284.638615 0.850047747294
1289.99199 0.86216100057
1295.178755 0.847042878469
1300.481562 0.883427381516
1305.569015 0.843075990677
1310.788728 0.864741325378
1316.09205 0.891969362895
1321.445706 0.854492266973
1326.64928 0.878048022588
1331.752879 0.838096698125
1337.040209 0.882875045141
1342.24252 0.868758678436
1347.430548 0.885610024134
1352.900739 0.875761032104
1358.103853 0.891692320506
1363.290067 0.873233000437
1368.447551 0.874238014221
1373.615561 0.861816326777
1378.86726 0.872484366099
1384.306458 0.878206253052
1389.475838 0.872688055038
1394.695356 0.867978652318
1399.881428 0.871150811513
1405.119648 0.860616604487
1410.338124 0.866705973943
1415.775528 0.872686624527
1421.012421 0.892664432526
1426.202623 0.868940750758
1431.472655 0.907072703044
1436.622759 0.866467316945
1441.742693 0.862488985062
1447.178337 0.890324989955
1452.349038 0.87403233846
1457.569497 0.874671061834
1462.793446 0.877119700114
1467.993577 0.870682636897
1473.112942 0.860145568848
1478.61656 0.883085250854
1483.852764 0.89234495163
1488.956892 0.859188397725
1494.143554 0.868237733841
1499.347252 0.865482648214
1504.602949 0.878455559413
1510.088185 0.888462940852
1515.257481 0.878776947657
1520.428289 0.858799298604
1525.547995 0.840968688329
1530.718251 0.860787630081
1535.905017 0.875777641932
1541.359709 0.881610234578
1546.578858 0.870115041733
1551.748878 0.867824713389
1557.051926 0.902827342351
1562.288254 0.86799899737
1567.408466 0.87067937851
1572.996424 0.893782377243
1578.166248 0.851780970891
1583.336579 0.881879647573
1588.526415 0.878959258397
1593.759923 0.874895334244
1598.946342 0.86789170901
1604.333681 0.865539312363
1609.570306 0.872827291489
1614.823069 0.879644552867
1619.96104 0.868494987488
1625.182813 0.889145215352
1630.31753 0.860712051392
1635.774324 0.896749973297
1640.940167 0.868200381597
1646.061189 0.840249617894
1651.248148 0.865874052048
1656.450821 0.874175071716
1661.621298 0.87402510643
1667.124094 0.892230351766
1672.362084 0.882521390915
1677.514412 0.85524670283
1682.584505 0.843737999598
1687.77215 0.875903606415
1692.89192 0.860192616781
1698.328851 0.867029984792
1703.499196 0.859709660212
1708.569015 0.845706939697
1713.756693 0.865733305613
1719.008967 0.887790997823
1724.179186 0.879480600357
1729.566963 0.872109651566
1734.73597 0.874156316121
1739.892972 0.851997375488
1745.010256 0.860476096471
1750.162473 0.860932032267
1755.316824 0.841643969218
1760.819702 0.882488648097
1765.973083 0.871215025584
1771.094964 0.857273976008
1776.317238 0.879172325134
1781.466934 0.855973005295
1786.686411 0.878513336182
1792.157376 0.880779663722
1797.344155 0.868145386378
1802.547287 0.868256012599
1807.753887 0.877208073934
1812.955533 0.878915627797
1818.227437 0.889993349711
1823.594764 0.867381652196
1828.881986 0.896682659785
1834.117794 0.884047349294
1839.354942 0.892978350321
1844.575078 0.90349539121
1849.778569 0.87242436409
1855.265309 0.881215333939
1860.352898 0.846119721731
1865.573183 0.876239617666
1870.742652 0.86972228686
1875.929599 0.867494662603
1881.08302 0.875485022863
1886.653608 0.893013636271
1891.873814 0.876300652822
1897.076547 0.871843576431
1902.314161 0.881211042404
1907.466835 0.864540894826
1912.687031 0.880835453669
1917.991202 0.842423359553
1923.261008 0.900900681814
1928.49691 0.891645987829
1933.635147 0.870965401332
1938.871292 0.885514736176
1944.090563 0.875799417496
1949.577746 0.872635364532
1954.7149 0.856490691503
1959.868167 0.842177629471
1965.075648 0.867549657822
1970.358425 0.883152325948
1975.595576 0.892460584641
1980.96591 0.867385625839
1986.135961 0.867353995641
1991.238498 0.849432706833
1996.442156 0.853125651677
2001.679424 0.884489615758
2006.899236 0.869091669718
2012.286094 0.863492647807
2017.457381 0.861847639084
2022.676977 0.892065604528
2027.86323 0.864804347356
2032.983008 0.852106571198
2038.170288 0.86053832372
2043.656903 0.852820475896
2048.8606 0.879861911138
2054.065143 0.884065389633
2059.204172 0.868174711863
2064.321344 0.852929751078
2069.507978 0.873466332753
2075.011127 0.869486967723
2080.214121 0.879723707835
2085.385284 0.878582398097
2090.571854 0.870589097341
2095.774919 0.866489330928
2100.913255 0.866031090418
2106.34925 0.863005320231
2111.552172 0.875166416168
2116.688906 0.862463235855
2121.808544 0.856972297033
2127.013211 0.862890084585
2132.249077 0.875265359879
2137.685672 0.880113919576
2142.83982 0.883160034815
2148.110316 0.8752237161
2153.380224 0.880510965983
2158.682613 0.897348244985
2163.78564 0.844904661179
2169.14061 0.857382059097
2174.411477 0.888300498327
2179.632453 0.889585653941
2184.851172 0.876431941986
2190.003225 0.868170022964
2195.224161 0.87438527743
2200.677704 0.874284346898
2205.88143 0.873634735743
2211.051175 0.881755272547
2216.254627 0.865676482519
2221.408258 0.871645291646
2226.661576 0.894426663717
2232.132637 0.878092924754
2237.335443 0.883592287699
2242.505375 0.876557985942
2247.759204 0.872924407323
2252.929262 0.876110633214
2258.165759 0.887589693069
2263.386102 0.835198640823
2268.521699 0.853257338206
2273.808857 0.878229300181
2278.995706 0.874125003815
2284.165525 0.878258625666
2289.368952 0.896249612172
2294.861051 0.858917951584
2300.093773 0.889199654261
2305.331577 0.882636626561
2310.466326 0.861133019129
2315.670463 0.870665709178
2320.873998 0.862693389257
2326.377257 0.886591037114
2331.530842 0.866935650508
2336.71783 0.858865658442
2341.820736 0.835969686508
2347.007664 0.869406938553
2352.243746 0.873830000559
2357.647718 0.856950998306
2362.851487 0.869255701701
2367.97148 0.847129980723
2373.174814 0.888726393382
2378.345471 0.868295987447
2383.798807 0.855864048004
2389.218371 0.856695334117
2394.338712 0.853752930959
2399.476232 0.871469259262
2404.645801 0.869460026423
2409.849507 0.858508666356
2415.002281 0.86311173439
2420.573265 0.874363740285
2425.726729 0.868838310242
2430.896891 0.874062220256
2436.118741 0.871362606684
2441.319593 0.870541016261
2446.55848 0.886274337769
2452.044844 0.86657889684
2457.280812 0.878808736801
2462.467715 0.87423491478
2467.63833 0.873866637548
2472.890367 0.880521694819
2478.077587 0.863221009572
2483.567625 0.873597383499
2488.685338 0.852200984955
2493.954409 0.888075033824
2499.160468 0.885349273682
2504.311418 0.86811431249
2509.464939 0.864224354426
2514.852695 0.873759349187
2520.056004 0.870598713557
2525.141418 0.846579313278
2530.331114 0.885057051977
2535.632986 0.882618347804
2540.902442 0.881972312927
2546.322187 0.884827613831
2551.613281 0.884423017502
2556.89637 0.895850658417
2562.117082 0.884846289953
2567.236966 0.862858295441
2572.406771 0.867327610652
2577.743121 0.858009338379
2582.94646 0.856088717779
2588.184243 0.885590632757
2593.436736 0.88228058815
2598.691019 0.881736358007
2603.98137 0.917309045792
2609.380951 0.85794432958
2614.536407 0.857333024343
2619.72135 0.861968994141
2624.84154 0.869116306305
2630.045045 0.87047958374
2635.314332 0.890136639277
2640.768184 0.876836538315
2645.921937 0.855956633886
2651.193307 0.861936330795
2656.479639 0.892543315887
2661.666048 0.867409944534
2666.804684 0.875365336736
2672.189338 0.845835606257
2677.326012 0.861140648524
2682.515091 0.859621047974
2687.783443 0.882426659266
2693.019649 0.86691403389
2698.239972 0.860279321671
2703.709734 0.86606502533
2708.747009 0.83274269104
2713.967487 0.886000315348
2719.086509 0.85866133372
2724.224076 0.863823970159
2729.426939 0.870266596476
2734.914043 0.887598673503
2740.07053 0.858173370361
2745.237605 0.867888053258
2750.357844 0.852517684301
2755.578262 0.86984038353
2760.864766 0.890255212784
2766.288157 0.856172720591
2771.490714 0.875968694687
2776.743746 0.863189617793
2781.995405 0.898118893305
2787.066044 0.845510959625
2792.318988 0.891757090886
2797.725322 0.867235978444
2802.976191 0.885675350825
2808.162271 0.87567170461
2813.41632 0.891607046127
2818.553266 0.848637421926
2823.723331 0.864239931107
2829.14279 0.856539964676
2834.346005 0.880183299383
2839.51717 0.878821372986
2844.669996 0.854884942373
2849.824116 0.865521907806
2854.977074 0.849107424418
2860.498407 0.878573020299
2865.617276 0.850098292033
2870.803709 0.862179994583
2876.057319 0.878727356593
2881.161681 0.841227690379
2886.330499 0.857495705287
2891.869601 0.869910081228
2897.089979 0.877526601156
2902.375033 0.882737000783
2907.562415 0.867803812027
2912.732506 0.872143586477
2917.918731 0.871944665909
2923.438673 0.870859702428
2928.659145 0.884643713633
2933.945381 0.887345393499
2939.149306 0.863389333089
2944.303045 0.873083670934
2949.523506 0.871699333191
2955.042923 0.892823378245
2960.231193 0.865693012873
2965.483313 0.884744246801
2970.653617 0.873272975286
2975.823534 0.8695936203
2980.976859 0.86891635259
2986.397293 0.855964978536
2991.634524 0.888648589452
2996.820196 0.861649354299
3001.99101 0.873955965042
3007.178073 0.871495723724
3012.415379 0.86878323555
3017.837089 0.870174964269
3022.938421 0.849443991979
3028.141685 0.876312732697
3033.228531 0.854166030884
3038.38195 0.862540404002
3043.568192 0.848478714625
3049.106015 0.867746353149
3054.292199 0.856853087743
3059.549464 0.887689034144
3064.749544 0.880435625712
3069.952524 0.869400898616
3075.173081 0.874532063802
3080.65901 0.869995355606
3085.829452 0.866629282633
3091.016938 0.874118566513
3096.220306 0.879637002945
3101.440404 0.870662609736
3106.57657 0.860803763072
3112.014024 0.861958344777
3117.252664 0.874950965246
3122.503481 0.885442256927
3127.744399 0.880558093389
3132.978776 0.870849370956
3138.098471 0.866954008738
3143.551351 0.879997332891
3148.771066 0.87068661054
3154.007703 0.876382350922
3159.111761 0.84951043129
3164.29942 0.873142719269
3169.485222 0.867114623388
3174.904805 0.863061348597
3180.091335 0.868614037832
3185.295911 0.855769634247
3190.41609 0.849527359009
3195.719241 0.889593203863
3200.891988 0.870232661565
3206.309593 0.866035938263
3211.612866 0.894740025202
3216.8166 0.862578630447
3222.036397 0.875988642375
3227.240178 0.865588347117
3232.476209 0.894458055496
3237.913978 0.86579767863
3243.21761 0.89408771197
3248.436749 0.875502665838
3253.725227 0.884583711624
3258.911499 0.884349664052
3264.081654 0.886921008428
3269.518916 0.859886566798
3274.671604 0.867751995722
3279.858523 0.855980714162
3285.027934 0.857563654582
3290.314744 0.904840389887
3295.534153 0.874846855799
3300.938059 0.847439368566
3306.243109 0.891489267349
3311.413202 0.86129728953
3316.665049 0.881606340408
3321.718698 0.834441343943
3326.856336 0.862503369649
3332.359299 0.880136648814
3337.513178 0.851974964142
3342.700671 0.863797903061
3347.822918 0.855246941249
3353.122916 0.901962359746
3358.227237 0.847449064255
3363.780842 0.8742907842
3368.933284 0.859704732895
3374.238631 0.863503694534
3379.393572 0.87165760994
3384.627505 0.868467330933
3389.847838 0.870258331299
3395.418348 0.895059347153
3400.655226 0.87834072113
3405.790433 0.865960041682
3410.945285 0.856510321299
3416.065904 0.846825679143
3421.285287 0.863119602203
3426.772078 0.859806060791
3431.941924 0.86127837499
3437.094891 0.866586605708
3442.298708 0.869958082835
3447.569243 0.882324934006
3452.80634 0.880165338516
3458.293329 0.875778039296
3463.432241 0.881430069606
3468.66558 0.875887314479
3473.836758 0.860061407089
3478.94005 0.847598314285
3484.076269 0.862270037333
3489.480021 0.850115378698
3494.751161 0.886910041173
3499.92067 0.869110663732
3505.057919 0.864512284597
3510.376633 0.894722620646
3515.430454 0.835473299026
3520.917421 0.869319359461
3526.170687 0.888058026632
3531.357741 0.872555653254
3536.428278 0.846456368764
3541.631096 0.876003901164
3546.801184 0.873605569204
3552.322511 0.890088717143
3557.525752 0.864581743876
3562.645586 0.867770592372
3567.781419 0.855100393295
3573.017904 0.885257720947
3578.089324 0.840195655823
3583.761867 0.892792622248
3589.012688 0.876868406932
3594.132853 0.858188390732
3599.386508 0.888260046641
3604.539956 0.88117202123
3609.709039 0.862566232681
3615.181938 0.868664979935
3620.30065 0.852451324463
3625.471156 0.863432963689
3630.673499 0.87380361557
3635.810327 0.86256368955
3641.046272 0.878657976786
3646.667911 0.894261995951
3651.920697 0.887210687002
3657.108059 0.882060686747
3662.227067 0.85654258728
3667.347482 0.855734586716
3672.533823 0.871593634288
3678.054488 0.845522006353
3683.308305 0.867361625036
3688.428768 0.847914298375
3693.582056 0.861202557882
3698.802415 0.876420974731
3704.004881 0.870229880015
3709.508406 0.872713645299
3714.695897 0.871958653132
3719.881976 0.856532732646
3725.019445 0.864019393921
3730.306785 0.884742657344
3735.544501 0.888234297434
3740.997635 0.872189283371
3746.21986 0.886043310165
3751.487063 0.869726101557
3756.757368 0.882462422053
3761.911063 0.865648031235
3767.129695 0.87772043546
3772.650773 0.863484938939
3777.820731 0.872997363408
3783.076596 0.871579964956
3788.226906 0.871305545171
3793.347725 0.852113644282
3798.534343 0.85990301768
3804.121827 0.891798337301
3809.274849 0.864681720734
3814.411252 0.872479279836
3819.614439 0.873562335968
3824.769577 0.856565395991
3830.022355 0.872435649236
3835.408519 0.848202387492
3840.645686 0.868465344111
3845.766571 0.860661268234
3850.918991 0.865343093872
3856.174448 0.889113267263
3861.37576 0.875263611476
3866.778955 0.852885723114
3871.949388 0.873016277949
3877.153274 0.872138977051
3882.372736 0.881432294846
3887.527151 0.859041055044
3892.713216 0.88535229365
3898.249539 0.882468303045
3903.403816 0.872510274251
3908.65736 0.86727587382
3913.860745 0.883421977361
3919.046745 0.864591995875
3924.267279 0.87663936615
3929.821721 0.889894485474
3934.925226 0.844217697779
3940.061784 0.866478999456
3945.298351 0.880268017451
3950.488769 0.87753367424
3955.588599 0.850818395615
3961.108197 0.874962329865
3966.245225 0.840723355611
3971.398362 0.86621538798
3976.637463 0.882834752401
3981.756789 0.856145620346
3986.94576 0.867599248886
3992.429782 0.859110037486
3997.750392 0.906026681264
4002.920056 0.873374064763
4008.173272 0.881609598796
4013.293423 0.849729458491
4018.430967 0.858096599579
4023.933778 0.870548407237
4029.053076 0.850939035416
4034.190213 0.850286722183
4039.326796 0.860365947088
4044.546708 0.884798049927
4049.766928 0.883718570073
4055.203628 0.857300360998
4060.39049 0.855374654134
4065.611868 0.863265275955
4070.78131 0.849530696869
4076.037681 0.878656387329
4081.220981 0.875830014547
4086.707927 0.861415068309
4091.745058 0.829764684041
4096.983532 0.875568707784
4102.151872 0.868476470311
4107.355343 0.885000387828
4112.526205 0.881281614304
4118.012764 0.866720676422
4123.316497 0.905837774277
4128.505621 0.883184115092
4133.673003 0.879945755005
4138.876082 0.860237598419
4143.996939 0.854563077291
4149.44929 0.865388552348
4154.620398 0.871327956518
4159.756076 0.858422756195
4164.960623 0.882473945618
4170.163814 0.874974330266
4175.350903 0.872899214427
4180.854209 0.880973736445
4186.090362 0.894992907842
4191.260953 0.87301659584
4196.397801 0.877291997274
4201.567618 0.86378232638
4206.721355 0.871851921082
4212.191113 0.871232350667
4217.413219 0.874549070994
4222.548759 0.847791989644
4227.651819 0.851050694784
4232.872261 0.880076726278
4238.059266 0.876515626907
4243.528658 0.868251005809
4248.749468 0.882465362549
4253.902976 0.84598271052
4259.155469 0.889509916306
4264.359441 0.883052031199
4269.480137 0.861485640208
4274.88231 0.857195297877
4280.13658 0.886791308721
4285.256692 0.869196017583
4290.476785 0.895313978195
4295.629875 0.860171079636
4300.817563 0.884536743164
4306.304107 0.878887891769
4311.53986 0.898828983307
4316.743651 0.884702364604
4321.930452 0.871720314026
4327.100319 0.873408635457
4332.271518 0.876442273458
4337.778809 0.874044577281
4342.979683 0.864949703217
4348.131414 0.855520645777
4353.251102 0.856533050537
4358.404754 0.853177626928
4363.574559 0.886692285538
4369.094682 0.889867305756
4374.215691 0.853437344233
4379.38505 0.870566685994
4384.75536 0.870144287745
4390.025067 0.882075071335
4395.29654 0.894736687342
4400.84896 0.877527395884
4406.003173 0.860023101171
4411.156721 0.857319990794
4416.34277 0.86402964592
4421.445702 0.851440985998
4426.650994 0.872974952062
4432.172245 0.876625617345
4437.357384 0.868994077047
4442.460528 0.848775068919
4447.648065 0.87118768692
4452.884285 0.872946341832
4458.122789 0.886019388835
4463.592119 0.862426042557
4468.744764 0.862664063772
4473.981435 0.884859323502
4479.168563 0.867634693782
4484.321747 0.859403053919
4489.491272 0.852949380875
4494.994841 0.875850041707
4500.131986 0.860881328583
4505.318508 0.868192911148
4510.505692 0.886912981669
4515.692032 0.874792496363
4520.861923 0.878032366435
4526.298517 0.849994023641
4531.487212 0.86847392718
4536.690208 0.887580792109
4541.812922 0.848270336787
4546.965043 0.860911051432
4552.133844 0.862691640854
4557.671904 0.888633728027
4562.839594 0.880710999171
4567.976162 0.868034998576
4573.146414 0.870939413706
4578.318841 0.872554302216
4583.454146 0.860766569773
4589.023474 0.880127429962
4594.19415 0.882950941722
4599.297632 0.861172676086
4604.400667 0.853898684184
4609.704152 0.911315997442
4614.891048 0.879208008448
4620.344837 0.863477627436
4625.465064 0.866202354431
4630.651083 0.880974690119
4635.80867 0.865965684255
4641.059693 0.886859337489
4646.194651 0.855658213298
4651.698938 0.880222002665
4656.835371 0.863292296727
4662.238286 0.885624647141
4667.359083 0.863204638163
4672.496192 0.855845371882
4677.665628 0.866103649139
4683.270269 0.892616271973
4688.456401 0.873836358388
4693.692889 0.878626028697
4698.917985 0.880415995916
4704.233052 0.900235335032
4709.419634 0.86918926239
4714.923948 0.870822985967
4720.296619 0.895910024643
4725.447144 0.873192310333
4730.566889 0.857628981272
4735.75338 0.870677709579
4741.00744 0.885085026423
4746.594916 0.873274962107
4751.814335 0.883447647095
4757.002575 0.856196403503
4762.221404 0.886137962341
4767.376233 0.862239758174
4772.528466 0.864354054133
4778.031947 0.867698272069
4783.289575 0.877779960632
4788.506275 0.87007077535
4793.776285 0.898377339045
4798.932562 0.870051940282
4804.099016 0.859702269236
4809.653841 0.87123966217
4814.8399 0.877287705739
4819.996884 0.878744602203
4825.213322 0.877334992091
4830.400721 0.862521330516
4835.603662 0.881299734116
4841.140104 0.873624960581
4846.327392 0.870506683985
4851.49783 0.868338346481
4856.66803 0.867514928182
4861.855217 0.860457579295
4867.125053 0.869642019272
4872.777761 0.87767569224
4877.915198 0.871253649394
4883.12013 0.872584660848
4888.239544 0.849577744802
4893.508675 0.883071263631
4898.695865 0.858710686366
4904.1988 0.871421337128
4909.401701 0.870542049408
4914.62218 0.87767569224
4919.728913 0.847448587418
4924.830231 0.843594630559
4929.966059 0.857610940933
4935.60329 0.887268622716
4940.790782 0.88452911377
4946.043561 0.887119372686
4951.146255 0.862519025803
4956.317731 0.860105991364
4961.504145 0.875277757645
4967.074778 0.872408390045
4972.361256 0.900757630666
4977.54712 0.875746647517
4982.71809 0.875274976095
4987.956679 0.888816754023
4993.207691 0.892115910848
4998.811603 0.883780002594
5003.881778 0.842527071635
5009.069704 0.868364731471
5014.288138 0.88085993131
5019.525295 0.888225634893
5024.695142 0.877055009206
5030.165342 0.869432369868
5035.352536 0.876796960831
5040.556119 0.880921602249
5045.759714 0.885683059692
5050.963986 0.878980636597
5056.216614 0.881642977397
5061.787091 0.863679011663
5066.990253 0.869299411774
5072.211622 0.872596343358
5077.346417 0.855235338211
5082.666945 0.889429330826
5087.903369 0.884845892588
5093.406698 0.849714040756
5098.610734 0.876440048218
5103.698265 0.83698797226
5108.985053 0.885213931402
5114.104861 0.85112563769
5119.191855 0.856576999029
5124.811543 0.879302660624
5130.099433 0.885535240173
5135.252599 0.872850974401
5140.388897 0.874186197917
5145.709437 0.870790402095
5150.861564 0.861479918162
5156.432341 0.887003262838
5161.652322 0.878166675568
5166.856073 0.855210065842
5172.025637 0.88209271431
5177.078946 0.843558947245
5182.349317 0.886073112488
5187.886513 0.860470533371
5192.956541 0.854722738266
5198.126577 0.868712027868
5203.246913 0.855826377869
5208.484004 0.880112330119
5213.653884 0.867130994797
5219.156842 0.841980934143
5224.39368 0.883266925812
5229.597519 0.880721966426
5234.817235 0.880799770355
5240.005025 0.877708276113
5245.140645 0.862364371618
5250.695429 0.871395031611
5255.864715 0.851371367772
5261.001804 0.842179695765
5266.122361 0.86643910408
5271.308885 0.868215958277
5276.579134 0.898388067881
5282.115859 0.871186335882
5287.319123 0.889731407166
5292.505918 0.874989668528
5297.74323 0.884436686834
5302.996689 0.883226950963
5308.13329 0.86864900589
5313.653425 0.84392396609
5318.823586 0.874735593796
5323.959599 0.866574287415
5329.08148 0.862558364868
5334.266227 0.871723333995
5339.437288 0.858719666799
5344.973761 0.86411635081
5350.177835 0.857500950495
5355.513864 0.897594690323
5360.651145 0.862270275752
5365.870585 0.882991393407
5371.074445 0.8725233078
5376.71164 0.876147905986
5381.898736 0.863431692123
5387.202392 0.900422652562
5392.33962 0.868418375651
5397.575518 0.876151323318
5402.628317 0.8445520401
5408.165767 0.876194556554
5413.335448 0.871461073558
5418.456403 0.858034292857
5423.6596 0.890311002731
5428.828973 0.862285772959
5433.933072 0.854438702265
5439.437282 0.855865955353
5444.67377 0.882872660955
5449.911054 0.876658995946
5455.047104 0.866968075434
5460.233896 0.864037036896
5465.353677 0.859488248825
5470.924058 0.883994420369
5476.077265 0.864380995433
5481.213443 0.850819349289
5486.483937 0.877911090851
5491.637934 0.862937688828
5496.840786 0.870686690013
5502.343992 0.86234164238
5507.514952 0.876435995102
5512.701369 0.863243341446
5517.787657 0.846075693766
5523.141385 0.88182926178
5528.312139 0.88430762291
5533.782182 0.86575627327
5538.92014 0.879595994949
5544.055113 0.864329258601
5549.309227 0.893458366394
5554.529483 0.888249953588
5559.64935 0.845849990845
5565.27001 0.881357987722
5570.439415 0.861703316371
5575.643281 0.879742304484
5580.713027 0.852445920308
5585.950403 0.887520313263
5591.020448 0.845726013184
5596.560383 0.854272206624
5601.743474 0.8602643013
5606.980804 0.856263319651
5612.167234 0.875964085261
5617.370822 0.862903436025
5622.523526 0.867548704147
5628.077554 0.879710992177
5633.401769 0.89061164856
5638.684752 0.89081176122
5643.821997 0.867345015208
5649.008793 0.849235296249
5654.148284 0.863969643911
5659.648482 0.879778385162
5664.885908 0.892106612523
5670.12212 0.881205956141
5675.296121 0.867612997691
5680.395959 0.840268611908
5685.648943 0.886058330536
5691.21928 0.860339005788
5696.389273 0.873686393102
5701.677 0.889982620875
5706.88044 0.870588064194
5712.01691 0.867248614629
5717.236404 0.871090730031
5722.793319 0.867728074392
5728.011174 0.882163921992
5733.247395 0.878209352493
5738.534333 0.882738669713
5743.788643 0.887082338333
5748.928328 0.870139280955
5754.511805 0.872246026993
5759.681332 0.857486406962
5764.901687 0.898498058319
5770.039075 0.866944630941
5775.258533 0.867882092794
5780.428996 0.883170286814
5786.082237 0.895641326904
5791.302622 0.868536710739
5796.438873 0.850583950679
5801.692216 0.881470362345
5806.930984 0.87611524264
5812.182874 0.882823387782
5817.83737 0.885098695755
5822.940817 0.838542699814
5828.210404 0.897914409637
5833.397477 0.868715286255
5838.684441 0.876576582591
5843.886969 0.869052330653
5849.458197 0.879556655884
5854.546225 0.849340995153
5859.764944 0.876722017924
5865.017955 0.877559026082
5870.204244 0.876461029053
5875.391634 0.875447591146
5881.061905 0.891182343165
5886.182819 0.842233896255
5891.335712 0.871874968211
5896.40904 0.846738974253
5901.508128 0.846958955129
5906.645306 0.857603391012
5912.216 0.871191660563
5917.269793 0.832833687464
5922.472263 0.8630139033
5927.729305 0.867437601089
5932.779191 0.838607390722
5937.949849 0.870582580566
5943.453468 0.864910920461
5948.607278 0.869430700938
5953.760775 0.846819003423
5958.914559 0.867243687312
5964.183336 0.884952624639
5969.437504 0.87784965833
5975.025436 0.874460617701
5980.260125 0.889640013377
5985.498092 0.887670358022
5990.684895 0.870257774989
5995.854426 0.866237322489
6001.008526 0.877957264582
6006.544766 0.870622237523
6011.79879 0.862393935521
6016.952002 0.867881774902
6022.172385 0.871790250142
6027.375907 0.876889387767
6032.581696 0.893096288045
6038.249452 0.868510802587
6043.435754 0.866027990977
6048.607266 0.865750312805
6053.82907 0.873570044835
6059.013035 0.866734345754
6064.249207 0.878599325816
6069.90348 0.889486948649
6075.189536 0.879671732585
6080.343958 0.874780972799
6085.530752 0.870533704758
6090.734495 0.867354393005
6095.872346 0.874578396479
6101.357902 0.847741047541
6106.527161 0.860605796178
6111.681447 0.860139767329
6116.904336 0.889670372009
6122.055358 0.863218307495
6127.241828 0.87810699145
6132.794543 0.862347682317
6138.048991 0.877408742905
6143.302474 0.89280629158
6148.505768 0.858628988266
6153.712478 0.875749031703
6158.946444 0.883318662643
6164.586315 0.892880598704
6169.75288 0.863232930501
6174.89024 0.868586301804
6180.143227 0.886484702428
6185.363295 0.877371629079
6190.55321 0.86385067304
6196.105247 0.865866025289
6201.374156 0.898595015208
6206.544934 0.861709435781
6211.780501 0.886260668437
6217.00062 0.862209955851
6222.205204 0.870280663172
6227.741398 0.889660994212
6232.927328 0.851401964823
6238.098504 0.882323265076
6243.238104 0.864736000697
6248.458203 0.878594319026
6253.592192 0.874721686045
6259.14531 0.874921003977
6264.331773 0.880804936091
6269.535115 0.88086605072
6274.721801 0.880052725474
6279.975029 0.890604337056
6285.212922 0.894068956375
6290.749907 0.871468305588
6295.902439 0.864951054255
6301.122729 0.889669338862
6306.260026 0.864331960678
6311.380226 0.858804066976
6316.51596 0.859736680984
6322.120823 0.876705725988
6327.325445 0.877701679866
6332.477375 0.861308733622
6337.63077 0.860904375712
6342.767083 0.861177285512
6347.970791 0.875351111094
6353.641339 0.895751635234
6358.777774 0.867158651352
6363.964964 0.878320614497
6369.119944 0.87082695961
6374.204608 0.843017737071
6379.408489 0.872339725494
6385.078691 0.895388285319
6390.299638 0.896485328674
6395.487036 0.87110765775
6400.75598 0.895606358846
6405.962132 0.865890423457
6411.096537 0.864948590597
6416.667447 0.883171240489
6421.75289 0.841473976771
6426.955957 0.868982235591
6432.176023 0.870192607244
6437.446328 0.888852675756
6442.634196 0.886945645014
6448.142173 0.862998008728
6453.273952 0.857856671015
6458.460912 0.886503060659
6463.630302 0.860981384913
6468.867677 0.884049336116
6474.004477 0.863178014755
6479.623659 0.882429917653
6484.844238 0.86981455485
6489.964821 0.857263247172
6495.087966 0.86085096995
6500.405091 0.86742401123
6505.675205 0.880341609319
6511.128811 0.837088664373
6516.281759 0.852687358856
6521.436014 0.868709961573
6526.621349 0.864955027898
6531.826305 0.869565407435
6536.932134 0.854473749797
6542.599565 0.885852654775
6547.735614 0.876083056132
6552.97342 0.876996994019
6558.242449 0.892843564351
6563.396991 0.87226096789
6568.618062 0.889611641566
6574.170228 0.843506733576
6579.424854 0.877149105072
6584.611285 0.86041132609
6589.864289 0.879112641017
6595.050656 0.848807732264
6600.304367 0.876445372899
6606.008248 0.894359747569
6611.164221 0.840081930161
6616.381604 0.856737693151
6621.735097 0.88739267985
6626.922879 0.872481981913
6632.141749 0.864122231801
6637.795848 0.883188009262
6642.998878 0.883988221486
6648.185933 0.879308621089
6653.306763 0.854754765828
6658.509596 0.878071943919
6663.629254 0.856420358022
6669.467882 0.910489718119
6674.671096 0.873659610748
6679.907095 0.884194056193
6685.06058 0.875018914541
6690.296823 0.872921307882
6695.484909 0.879483381907
6701.121502 0.878956874212
6706.290904 0.871858358383
6711.444472 0.863457600276
6716.665494 0.883027156194
6721.968984 0.88501795133
6727.154114 0.856473366419
6732.725238 0.875945329666
6737.879811 0.859220027924
6743.132227 0.883360465368
6748.352367 0.866049289703
6753.55503 0.878768364588
6758.776116 0.887423992157
6764.395599 0.879496335983
6769.633157 0.894830624262
6774.786148 0.858079989751
6779.973332 0.875730355581
6785.143171 0.862484693527
6790.279911 0.857981284459
6795.818704 0.862373352051
6800.986503 0.858906745911
6806.189732 0.880618651708
6811.326568 0.871074040731
6816.546318 0.884130001068
6821.667685 0.84476629893
6827.271497 0.861862659454
6832.525672 0.873563289642
6837.59395 0.84507505099
6842.765269 0.86418000857
6847.967855 0.873076279958
6853.271943 0.879111051559
6858.792188 0.870551745097
6863.946196 0.865331411362
6869.198469 0.882827758789
6874.352245 0.858586708705
6879.622663 0.883729696274
6884.908987 0.88639831543
6890.479115 0.868145624797
6895.665644 0.882053057353
6900.869481 0.865409692128
6906.09086 0.865719000498
6911.326586 0.883921702703
6916.579528 0.877113262812
6922.216737 0.868716716766
6927.354244 0.867665052414
6932.623725 0.882572968801
6937.744738 0.858851591746
6943.017597 0.881828943888
6948.217618 0.864768028259
6953.838459 0.875827391942
6958.991718 0.861022075017
6964.19466 0.865205367406
6969.41558 0.868652979533
6974.652088 0.884374936422
6979.871728 0.862924655279
6985.40928 0.870132605235
6990.495162 0.838464339574
6995.799501 0.879287878672
7000.952247 0.852276563644
7006.089354 0.860121409098
7011.343133 0.874488035838
7017.030713 0.867801268895
7022.250386 0.868400335312
7027.436274 0.875505606333
7032.62397 0.879421949387
7037.861248 0.896732330322
7042.946799 0.843241294225
7048.585386 0.890041033427
7053.737523 0.868318398794
7058.991365 0.884396314621
7064.094892 0.856817881266
7069.28109 0.861675977707
7074.518865 0.898156007131
7080.122607 0.872330109278
7085.275192 0.868550936381
7090.479675 0.883064667384
7095.749301 0.892100334167
7100.918434 0.860554933548
7106.173301 0.893261591593
7111.77729 0.877912600835
7116.962591 0.871927897135
7122.00021 0.841192722321
7127.203555 0.884199698766
7132.357072 0.85529200236
7137.59267 0.871391614278
7143.330645 0.88281528155
7148.551184 0.893971522649
7153.770601 0.890779097875
7158.940204 0.864862680435
7164.194346 0.894994258881
7169.347138 0.863831281662
7174.967844 0.86767133077
7180.105421 0.866243600845
7185.292623 0.86247865359
7190.460656 0.862598975499
7195.598386 0.859049956004
7200.818064 0.8793648084
