16.782533 0.709897744656
33.276619 0.70809994936
50.687764 0.748623752594
67.032786 0.699899601936
83.526397 0.705128884315
100.004471 0.707769382
116.51516 0.704089272022
119.671743 9999
136.244586 0.713575494289
152.858276 0.71127218008
169.335226 0.709459233284
186.52977 0.738818502426
203.038859 0.711057627201
219.569319 0.707199001312
236.027481 0.708482658863
252.438231 0.700809466839
268.818602 0.70413711071
285.494909 0.713414144516
302.588041 0.740313792229
319.115875 0.706844878197
336.160323 0.737235927582
353.388972 0.741132855415
369.733152 0.700922298431
386.493914 0.713507640362
403.004792 0.711079859734
419.56814 0.70799536705
435.996308 0.706433737278
452.62358 0.711554396152
469.165754 0.712468230724
485.812169 0.707138359547
502.27103 0.708511388302
518.748301 0.703142523766
535.058807 0.700600326061
538.41584 9999
554.906899 0.709433031082
571.285801 0.704927551746
587.813376 0.70664935112
591.031887 9999
607.506913 0.709326481819
624.035826 0.706617093086
640.345622 0.701808488369
657.156583 0.715284991264
660.332173 9999
663.479243 9999
680.041309 0.71133108139
696.715722 0.713238346577
713.177057 0.708459186554
729.971483 0.713353872299
733.144293 9999
749.600792 0.709100747108
752.889275 9999
769.416974 0.708740317822
785.791354 0.704268944263
802.387132 0.70995773077
819.480727 0.74035807848
836.191445 0.706933379173
852.688512 0.71013906002
869.232616 0.706741702557
885.540906 0.700911664963
902.135151 0.708813643456
918.779714 0.715355539322
935.459896 0.713752770424
951.803091 0.703417992592
968.462891 0.712169361115
984.740094 0.699113476276
1001.337123 0.709262025356
1017.745112 0.70469083786
1034.358828 0.709756696224
1050.851189 0.710388541222
1067.49759 0.710724520683
1083.858482 0.703063285351
1100.40037 0.706298494339
1116.961795 0.71353136301
1133.408222 0.700459218025
1150.002235 0.71444350481
1166.72866 0.713329732418
1183.120449 0.703768718243
1200.432542 0.745176875591
1216.926843 0.710627102852
1233.504782 0.707388746738
1250.033419 0.710188865662
1266.676283 0.712041473389
1283.139969 0.708705747128
1299.784364 0.710852205753
1302.923858 9999
1320.263275 0.752346622944
1336.83976 0.708047139645
1353.236821 0.706219565868
1369.911716 0.711793518066
1386.408758 0.711161124706
1402.968001 0.7077865839
1420.164048 0.74520419836
1436.791551 0.709707510471
1453.151223 0.703313338757
1469.694281 0.701874744892
1486.191179 0.710468912125
1502.668512 0.702793395519
1519.196501 0.710977697372
1522.466692 9999
1539.006568 0.712270331383
1555.45112 0.708722472191
1571.9957 0.705637586117
1575.15124 9999
1591.675054 0.712158107758
1608.270895 0.709098565578
1624.680265 0.705786681175
1641.244069 0.708004724979
1644.430983 9999
1660.955599 0.712180769444
1678.168153 0.738607907295
1694.579249 0.705534386635
1711.203811 0.71049669981
1727.648613 0.707926046848
1730.921077 9999
1747.281351 0.702199852467
1763.873589 0.716180837154
1780.469407 0.708232438564
1796.947064 0.709190940857
1813.491271 0.703541874886
1829.999827 0.710072815418
1846.777291 0.714794719219
1863.254356 0.708236312866
1879.849313 0.706573784351
1896.309976 0.707164955139
1912.840632 0.701795530319
1929.214998 0.704283249378
1945.759408 0.705628526211
1962.238159 0.708916282654
1979.048081 0.717066919804
1995.692266 0.717484998703
2012.336673 0.709486353397
2029.515557 0.742587959766
2046.211777 0.711268234253
2063.404458 0.744769597054
2079.915001 0.702498841286
2096.428541 0.710612261295
2113.603935 0.734547960758
2129.98464 0.704803454876
2146.575954 0.706421470642
2162.986638 0.705818378925
2179.633976 0.707913684845
2196.125452 0.709202957153
2212.672329 0.70220259428
2229.130546 0.707678127289
2245.508098 0.695759534836
2261.952347 0.706726074219
2278.599314 0.709358000755
2295.057131 0.70863724947
2311.604595 0.705639994144
2328.162839 0.713281774521
2344.69099 0.704466617107
2361.185374 0.710766887665
2377.74851 0.706293177605
2394.123 0.704526138306
2410.700254 0.705523264408
2427.164528 0.708573293686
2443.775051 0.707156670094
2460.133012 0.703288376331
2477.463537 0.744369292259
2493.891652 0.705957579613
2511.184376 0.742586779594
2527.647484 0.709053730965
2544.342222 0.712943446636
2547.479131 9999
2564.05503 0.714485669136
2580.529469 0.701543021202
2597.661189 0.742162370682
2614.418904 0.714264631271
2630.847963 0.706395030022
2634.102977 9999
2650.642948 0.713605833054
2667.120122 0.709261846542
2683.901011 0.714968931675
2700.458898 0.714341139793
2717.220161 0.715678787231
2733.547817 0.701983034611
2750.128325 0.706759727001
2766.519369 0.704949772358
2783.796932 0.740666842461
2800.191959 0.704792821407
2816.754998 0.705190742016
2833.116898 0.704150342941
2849.77509 0.709563434124
2866.26997 0.710474693775
2882.996098 0.71340059042
2899.440789 0.705782806873
2916.01847 0.706462478638
2932.547469 0.712117862701
2949.19043 0.709856212139
2965.820799 0.716217255592
2982.548264 0.71449868679
2985.685231 9999
3001.961807 0.6979190588
3018.523209 0.704182446003
3035.080272 0.713420450687
3038.435145 9999
3054.929896 0.708965015411
3071.30469 0.705530929565
3087.984729 0.70763232708
3104.526324 0.711496508121
3121.771504 0.737738931179
3138.168221 0.705533218384
3154.826603 0.709450542927
3171.871354 0.737985825539
3188.431954 0.704057836533
3191.572799 9999
3194.724059 9999
3211.230694 0.710124027729
3227.859671 0.707603776455
3244.88924 0.736615657806
3261.600013 0.710529327393
3278.074561 0.70883551836
3281.3821 9999
3297.856281 0.707994437218
3314.368087 0.711385631561
3331.02702 0.710068297386
3347.521934 0.70967952013
3364.248908 0.711880779266
3367.354572 9999
3383.944856 0.713902080059
3400.592494 0.707230246067
3417.718472 0.743101751804
3434.928844 0.734524381161
3451.339366 0.705125176907
3468.050985 0.712072396278
3471.206902 9999
3487.546483 0.701613497734
3504.26031 0.710883355141
3520.802232 0.712180423737
3537.413944 0.704761469364
3553.961075 0.711961960793
3570.721462 0.71454988718
3586.99576 0.698435330391
3603.623786 0.706166338921
