68.6427 3.34716436863
138.775959 3.41587272882
207.782796 3.34990365505
211.787134 9999
280.410672 3.34819201231
349.306715 3.35334515572
418.132058 3.34745519161
486.998549 3.34852941036
547.209682 2.91819415092
617.270088 3.41376280785
687.426679 3.41555911303
748.597761 2.96648960114
752.522064 9999
812.397432 2.90997059345
872.538969 2.91415929794
942.770756 3.41706348658
1004.112937 2.9724375248
1064.235979 2.91745388508
1068.263236 9999
1130.185205 3.0179464221
1190.333571 2.91224496365
1260.650507 3.42195661068
1330.336156 3.38171172142
1390.499405 2.91103758812
1460.517841 3.40684956312
1530.56862 3.40745366812
1600.758404 3.4177087307
1671.080788 3.41897956133
1733.397675 3.01556195021
1793.492661 2.91537179947
1862.278264 3.34777810574
1922.509312 2.91411728859
1992.685368 3.41901881695
2062.72323 3.41182749271
2123.947081 2.97195945978
2194.133471 3.41485619545
2263.016637 3.34967037439
2333.449166 3.42400929928
2393.55053 2.91440905333
2454.882168 2.97227313519
2514.937128 2.90994380713
2583.723865 3.3497402072
2643.85713 2.91644178629
2703.813982 2.90787503719
2707.898421 9999
2776.445285 3.34752930403
2845.343291 3.3496874094
2905.483454 2.91807435751
2966.577419 2.96206429005
3026.684111 2.91509941816
3086.70383 2.90705013275
3146.90778 2.91196548939
3206.927641 2.90926864147
3277.047539 3.41464860439
3347.318923 3.4182318449
3407.299029 2.90727339983
3468.47478 2.96959331036
3528.762489 2.91922388077
3598.977673 3.4163551569
3602.939968 9999
