4.869571 9999
9.608513 9999
14.440379 9999
19.179465 9999
23.916091 9999
28.660526 9999
33.405193 9999.0
38.287918 9999
43.027297 9999
47.799973 9999
52.578896 9999
57.389642 9999
62.194159 9999
67.132673 9999.0
72.168752 9999
76.995068 9999
81.709479 9999
86.493175 9999
91.187643 9999
95.904822 9999
100.604042 9999.0
105.513998 9999
110.328515 9999
115.058379 9999
119.78698 9999
124.499683 9999
129.238057 9999
133.966645 9999.0
138.835123 9999
143.561219 9999
148.320104 9999
153.046514 9999
157.807888 9999
162.542145 9999
167.277166 9999.0
172.176196 9999
176.952294 9999
181.705803 9999
186.376601 9999
191.075893 9999
195.786238 9999
200.44314 9999.0
205.40599 9999
210.37133 9999
215.368798 9999
220.206121 9999
225.071277 9999
230.017653 9999
234.947505 9999.0
240.016014 9999
244.856678 9999
249.649348 9999
254.485591 9999
259.366287 9999
264.362555 9999
269.277168 9999.0
274.189479 9999
278.968957 9999
283.764522 9999
288.544916 9999
293.593561 9999
298.36225 9999
303.146581 9999.0
308.074378 9999
312.906815 9999
317.680431 9999
322.419952 9999
327.196648 9999
332.044075 9999
337.048959 9999.0
342.179768 9999
347.095744 9999
352.030746 9999
356.866216 9999
361.674747 9999
366.439666 9999
371.257629 9999.0
376.169516 9999
380.977169 9999
385.74129 9999
390.48736 9999
395.406749 9999
400.397781 9999
405.212219 9999.0
410.252383 9999
415.026852 9999
419.8016 9999
424.488845 9999
429.205206 9999
434.008226 9999
438.892121 9999.0
443.956399 9999
448.777099 9999
453.60204 9999
458.449574 9999
463.299604 9999
468.161467 9999
472.986913 9999.0
478.067363 9999
482.86625 9999
487.724458 9999
492.459903 9999
497.246338 9999
501.980707 9999
506.728779 9999.0
511.626695 9999
516.362024 9999
521.149245 9999
525.896001 9999
530.661641 9999
535.323518 9999
539.996092 9999.0
544.863878 9999
549.579708 9999
554.345383 9999
559.075798 9999
563.813751 9999
568.537665 9999
573.266907 9999.0
578.15959 9999
582.882081 9999
587.730701 9999
592.522143 9999
597.38631 9999
602.317452 9999
607.102899 9999.0
612.330509 9999
617.077964 9999
621.826275 9999
626.56362 9999
631.425251 9999
636.185315 9999
640.938002 9999.0
645.740552 9999
650.415219 9999
655.135644 9999
659.853358 9999
664.543208 9999
669.227702 9999
673.919124 9999.0
678.845359 9999
683.572659 9999
688.29739 9999
693.019899 9999
697.751765 9999
702.538604 9999
707.413834 9999.0
712.909631 9999
717.872449 9999
722.724377 9999
727.501692 9999
732.310069 9999
737.122083 9999
741.818199 9999.0
746.671455 9999
751.53935 9999
756.324057 9999
761.030697 9999
765.69487 9999
770.474353 9999
775.151671 9999.0
780.00069 9999
784.719362 9999
789.455079 9999
794.174493 9999
798.875529 9999
803.597688 9999
808.33409 9999.0
813.266994 9999
818.000428 9999
822.749286 9999
827.534319 9999
832.272169 9999
837.001045 9999
841.776513 9999.0
846.67225 9999
851.408922 9999
856.135981 9999
860.879103 9999
865.629915 9999
870.35314 9999
875.018179 9999.0
879.830797 9999
884.543382 9999
889.237949 9999
894.047932 9999
898.87525 9999
903.583408 9999
908.315083 9999.0
913.173612 9999
917.885996 9999
922.604878 9999
927.313745 9999
932.022096 9999
936.757163 9999
941.492569 9999.0
946.367564 9999
951.141081 9999
956.056288 9999
961.021364 9999
965.987211 9999
970.972317 9999
975.841848 9999.0
980.856912 9999
985.819755 9999
990.557672 9999
995.505856 9999
1000.376465 9999
1005.113648 9999
1010.121347 9999.0
1015.183041 9999
1019.918283 9999
1024.819542 9999
1029.928205 9999
1034.787033 9999
1039.627479 9999
1044.558003 9999.0
1049.571537 9999
1054.294873 9999
1059.017758 9999
1063.763204 9999
1068.481119 9999
1073.227495 9999
1078.004708 9999.0
1082.943306 9999
1087.734121 9999
1092.491374 9999
1097.330187 9999
1102.312623 9999
1107.291833 9999
1112.108181 9999.0
1117.258986 9999
1122.038509 9999
1126.869806 9999
1131.701687 9999
1136.746943 9999
1141.508695 9999
1146.412942 9999.0
1151.61277 9999
1156.522723 9999
1161.343079 9999
1166.23393 9999
1171.082258 9999
1175.758021 9999
1180.398319 9999.0
1185.228177 9999
1190.032439 9999
1194.829886 9999
1199.760836 9999
1204.63597 9999
1209.478683 9999
1214.357102 9999.0
1219.55329 9999
1224.274795 9999
1228.990006 9999
1233.610024 9999
1238.391643 9999
1243.191156 9999
1247.933907 9999.0
1252.81191 9999
1257.492299 9999
1262.670435 9999
1267.480286 9999
1272.15568 9999
1277.063006 9999
1281.81436 9999.0
1286.820134 9999
1291.60204 9999
1296.423115 9999
1301.158379 9999
1305.960104 9999
1310.849063 9999
1315.71802 9999.0
1320.660085 9999
1325.492321 9999
1330.284782 9999
1335.048359 9999
1339.751321 9999
1344.667973 9999
1349.465794 9999.0
1354.42667 9999
1359.155311 9999
1363.853818 9999
1368.531046 9999
1373.687117 9999
1378.449428 9999
1383.131193 9999.0
1388.065901 9999
1392.768464 9999
1397.424248 9999
1402.138484 9999
1406.853305 9999
1411.574011 9999
1416.33799 9999.0
1421.228318 9999
1425.899628 9999
1430.674877 9999
1435.363656 9999
1440.037219 9999
1444.875659 9999
1449.580804 9999.0
1454.433996 9999
1459.097005 9999
1463.768484 9999
1468.401836 9999
1473.029979 9999
1477.670144 9999
1482.327798 9999.0
1487.153096 9999
1491.80785 9999
1496.473702 9999
1501.137297 9999
1505.801693 9999
1510.465777 9999
1515.185402 9999.0
1519.98263 9999
1524.686959 9999
1529.392889 9999
1534.16896 9999
1538.854793 9999
1543.548256 9999
1548.242674 9999.0
1553.063335 9999
1557.773893 9999
1562.471652 9999
1567.148725 9999
1571.82861 9999
1576.542629 9999
1581.187349 9999.0
1585.918249 9999
1590.538364 9999
1595.14449 9999
1599.777867 9999
1604.427749 9999
1609.079843 9999
1613.742689 9999.0
1618.574032 9999
1623.252783 9999
1627.930374 9999
1632.591025 9999
1637.251604 9999
1641.958225 9999
1646.640399 9999.0
1651.484315 9999
1656.151867 9999
1660.820244 9999
1665.489929 9999
1670.307339 9999
1674.975628 9999
1679.641328 9999.0
1684.489276 9999
1689.167453 9999
1693.858393 9999
1698.546263 9999
1703.409555 9999
1708.192048 9999
1713.268635 9999.0
1718.296399 9999
1723.063995 9999
1727.896779 9999
1732.717642 9999
1737.568252 9999
1742.322355 9999
1747.136799 9999.0
1752.386511 9999
1757.229391 9999
1762.031488 9999
1766.808857 9999
1771.619398 9999
1776.41453 9999
1781.172419 9999.0
1786.310252 9999
1791.076413 9999
1795.876415 9999
1800.691611 9999
1805.503488 9999
1810.269255 9999
1815.076903 9999.0
1820.12949 9999
1824.937861 9999
1829.730049 9999
1834.476863 9999
1839.3275 9999
1844.145855 9999
1848.938264 9999.0
1853.883547 9999
1858.707784 9999
1863.512574 9999
1868.357312 9999
1873.192459 9999
1878.025909 9999
1882.843548 9999.0
1887.878722 9999
1892.664445 9999
1897.464219 9999
1902.288229 9999
1907.109284 9999
1911.923729 9999
1917.04025 9999.0
1921.982191 9999
1926.811093 9999
1931.573999 9999
1936.333652 9999
1941.143468 9999
1945.987625 9999
1950.747891 9999.0
1955.722528 9999
1960.489644 9999
1965.343759 9999
1970.182917 9999
1974.936648 9999
1979.733908 9999
1984.564624 9999.0
1989.49978 9999
1994.262628 9999
1998.98028 9999
2003.743988 9999
2008.497049 9999
2013.231729 9999
2018.051823 9999.0
2022.983565 9999
2027.922485 9999
2032.700052 9999
2037.482774 9999
2042.366304 9999
2047.103186 9999
2051.826078 9999.0
2056.821323 9999
2061.615046 9999
2066.376722 9999
2071.151158 9999
2075.955403 9999
2080.786999 9999
2085.555383 9999.0
2090.515187 9999
2095.254891 9999
2100.014264 9999
2104.798757 9999
2109.56591 9999
2114.352182 9999
2119.172687 9999.0
2124.172281 9999
2129.450394 9999
2134.23958 9999
2138.986581 9999
2143.719523 9999
2148.445932 9999
2153.208202 9999.0
2158.225928 9999
2162.992876 9999
2167.809092 9999
2172.616928 9999
2177.390096 9999
2182.098349 9999
2186.89907 9999.0
2191.872897 9999
2196.655042 9999
2201.421046 9999
2206.221279 9999
2210.982336 9999
2215.732998 9999
2220.634591 9999.0
2226.095658 9999
2231.099803 9999
2235.861799 9999
2240.624286 9999
2245.439061 9999
2250.213334 9999
2255.003779 9999.0
2259.966297 9999
2264.728375 9999
2269.484754 9999
2274.247523 9999
2279.034539 9999
2283.958062 9999
2288.816008 9999.0
2293.830422 9999
2298.580601 9999
2303.314063 9999
2308.095618 9999
2312.882499 9999
2317.623166 9999
2322.423899 9999.0
2327.367848 9999
2332.170251 9999
2336.974971 9999
2341.76205 9999
2346.504934 9999
2351.278859 9999
2356.056674 9999.0
2361.025366 9999
2365.803317 9999
2370.557864 9999
2375.346483 9999
2380.12291 9999
2384.881739 9999
2389.667875 9999.0
2394.63055 9999
2399.398892 9999
2404.134986 9999
2408.940063 9999
2413.726897 9999
2418.537218 9999
2423.428625 9999.0
2428.449436 9999
2433.206778 9999
2437.971382 9999
2442.742415 9999
2447.557634 9999
2452.331558 9999
2457.193974 9999.0
2462.351059 9999
2467.181561 9999
2471.955307 9999
2476.749166 9999
2481.65233 9999
2486.421986 9999
2491.212226 9999.0
2496.197355 9999
2501.018035 9999
2505.803957 9999
2510.604178 9999
2515.382863 9999
2520.158529 9999
2524.986272 9999.0
2529.942669 9999
2534.717766 9999
2539.503809 9999
2544.278512 9999
2549.023511 9999
2553.741675 9999
2558.501922 9999.0
2563.459714 9999
2568.26029 9999
2573.007436 9999
2577.788629 9999
2582.632706 9999
2587.55144 9999
2592.34833 9999.0
2597.321781 9999
2602.233506 9999
2607.042538 9999
2611.93179 9999
2616.830193 9999
2621.616153 9999
2626.563892 9999.0
2631.519441 9999
2636.290725 9999
2641.262145 9999
2646.07344 9999
2650.861268 9999
2655.620299 9999
2660.3613 9999.0
2669.323728 9999
2674.066384 9999
2678.870505 9999
2683.664358 9999
2688.498128 9999
2693.226168 9999
2698.351957 9999.0
2703.489403 9999
2708.227886 9999
2713.000697 9999
2717.766034 9999
2722.535719 9999
2727.423853 9999
2732.193957 9999.0
2737.30777 9999
2742.1286 9999
2746.895454 9999
2751.658969 9999
2756.456613 9999
2761.270252 9999
2766.067376 9999.0
2771.007263 9999
2775.802468 9999
2780.567299 9999
2785.362241 9999
2790.094368 9999
2794.837253 9999
2799.563557 9999.0
2804.610759 9999
2809.396264 9999
2814.244204 9999
2819.042035 9999
2824.013573 9999
2828.856483 9999
2833.619299 9999.0
2838.605133 9999
2843.346729 9999
2848.533981 9999
2854.123398 9999
2858.910405 9999
2863.825618 9999.0
2868.902527 9999
2873.70158 9999
2878.552936 9999
2883.421178 9999
2888.260693 9999
2893.363263 9999
2898.195933 9999.0
2903.256286 9999
2908.151742 9999
2912.986116 9999
2917.767266 9999
2922.556086 9999
2927.340656 9999
2932.311054 9999.0
2937.364566 9999
2942.226128 9999
2947.07241 9999
2951.888058 9999
2956.657329 9999
2961.48513 9999
2966.322655 9999.0
2971.384391 9999
2976.255498 9999
2981.063675 9999
2985.884163 9999
2990.726494 9999
2995.509504 9999
3000.343094 9999.0
3005.319788 9999
3010.148174 9999
3015.00251 9999
3019.832824 9999
3024.631465 9999
3029.434371 9999
3034.190154 9999.0
3039.090526 9999
3043.863518 9999
3048.733812 9999
3053.507839 9999
3058.272973 9999
3063.013639 9999
3067.775968 9999.0
3072.748771 9999
3077.523718 9999
3082.252869 9999
3087.01729 9999
3091.776001 9999
3096.53128 9999
3101.310838 9999.0
3106.252383 9999
3111.035472 9999
3115.811919 9999
3120.549669 9999
3125.332084 9999
3130.06791 9999
3134.820513 9999.0
3139.798646 9999
3144.531751 9999
3149.262257 9999
3154.014422 9999
3158.775441 9999
3163.518115 9999
3168.275799 9999.0
3173.223488 9999
3177.95115 9999
3182.717295 9999
3187.458863 9999
3192.187294 9999
3196.940894 9999
3201.73111 9999.0
3206.639464 9999
3211.418346 9999
3216.582427 9999
3221.347156 9999
3226.114241 9999
3230.891839 9999
3235.666539 9999.0
3240.651311 9999
3245.399209 9999
3250.138297 9999
3254.891825 9999
3259.594033 9999
3264.340074 9999
3269.097706 9999.0
3274.074882 9999
3278.851074 9999
3283.58192 9999
3288.354601 9999
3293.123848 9999
3297.90168 9999
3302.650334 9999.0
3307.618966 9999
3312.387186 9999
3317.147 9999
3321.866856 9999
3326.611692 9999
3331.394224 9999
3336.131496 9999.0
3341.082305 9999
3345.826884 9999
3350.564736 9999
3355.308216 9999
3360.025647 9999
3364.772725 9999
3369.54703 9999.0
3374.530341 9999
3379.267188 9999
3384.01417 9999
3388.763059 9999
3393.526856 9999
3398.269091 9999
3403.041513 9999.0
3407.989128 9999
3412.751641 9999
3417.502095 9999
3422.271704 9999
3427.027123 9999
3431.764814 9999
3436.50931 9999.0
3441.506284 9999
3446.225043 9999
3450.950335 9999
3455.678435 9999
3460.43059 9999
3465.177724 9999
3469.885911 9999.0
3474.803343 9999
3479.552255 9999
3484.300158 9999
3489.042556 9999
3493.798221 9999
3498.556723 9999
3503.297038 9999.0
3508.290642 9999
3513.083723 9999
3517.828969 9999
3522.578852 9999
3527.331243 9999
3532.128995 9999
3536.87061 9999.0
3541.888731 9999
3546.637407 9999
3551.386743 9999
3556.137254 9999
3560.874868 9999
3565.628746 9999
3570.378813 9999.0
3575.313865 9999
3580.085942 9999
3584.841238 9999
3589.606635 9999
3594.362531 9999
3599.125487 9999
3603.873394 9999.0
