17.211998 4.87767004967
25.818145 2.07976969083
34.357067 2.07072003682
37.830561 9999
46.536375 2.12177403768
55.092086 2.06910101573
58.496772 9999
67.151975 2.08886202176
84.32851 4.90132832527
87.721956 9999
104.811275 4.90292739868
113.603502 2.09538602829
122.274204 2.09607831637
131.029814 2.118562301
134.420402 9999
143.10558 2.09820699692
151.945504 2.12064305941
169.11277 4.91915933291
177.784097 2.09053238233
194.910658 4.88643058141
212.007891 4.89949862162
220.813818 2.09264794985
230.671454 2.49779097239
239.362394 2.10221266747
247.917226 2.05996259054
265.018121 4.87543066343
282.026942 4.87337168058
299.294772 4.92568333944
308.079246 2.1363457044
311.473597 9999
320.205987 2.11346403758
337.334164 4.87745205561
340.756216 9999
349.277921 2.05368566513
366.372583 4.91072543462
376.330923 2.48182400068
385.004076 2.10310928027
394.878635 2.49791932106
398.23587 9999.0
406.853805 2.03933962186
415.293096 2.02776066462
423.96603 2.10146299998
432.492212 2.04755266507
442.599662 2.52593064308
451.104515 2.0414009889
468.166791 4.88877177238
476.806263 2.04752437274
485.497269 2.10061764717
494.187395 2.10426298777
511.349095 4.92633565267
520.155344 2.10591801008
528.611273 2.03521966934
532.023258 9999
549.111018 4.90097800891
552.633287 9999
556.053692 9999
573.028808 4.87211894989
581.551456 2.04964105288
585.023711 9999
593.527287 2.03784195582
602.032959 2.0449043115
610.72242 2.09951257706
619.430063 2.11604038874
623.074837 9999
640.228538 4.92917569478
648.784418 2.05816165606
665.918808 4.91338229179
675.875787 2.47524237633
684.361823 2.0380988121
687.752421 9999
696.440739 2.10077309608
705.328055 2.09643530846
722.491171 4.92918101947
739.536513 4.8775232633
748.409621 2.11444767316
751.833783 9999
760.321713 2.03799891472
777.331258 4.87964439392
786.156881 2.10178407033
803.318419 4.9287463824
812.024311 2.10540095965
821.985556 2.48798505465
839.07746 4.89070471128
847.567507 2.03324596087
856.158956 2.03678560257
865.931458 2.46583032608
869.355419 9999
878.024933 2.08673032125
895.286716 4.91733431816
912.435522 4.91848333677
921.272435 2.1036863327
929.812655 2.04668100675
938.535735 2.10496536891
955.599395 4.89363193512
965.606624 2.47550773621
975.414958 2.47142267227
978.807704 9999
987.488869 2.10271994273
996.395357 2.09271256129
1004.955095 2.05182711283
1008.374665 9999
1016.944443 2.0416662693
1025.651082 2.11045535405
1042.81353 4.88101665179
1051.387039 2.05483071009
1061.160596 2.46552530924
1064.68463 9999
1073.186461 2.04426797231
1081.726953 2.04838665326
1090.432683 2.1014696757
1099.19431 2.12062525749
1116.302062 4.87251202265
1126.110542 2.47138667107
1143.172333 4.89753468831
1160.503731 4.92269635201
1170.325596 2.46764866511
1178.853302 2.04462242126
1182.473575 9999
1191.008355 2.04992500941
1208.07054 4.89471999804
1217.8955 2.48023931185
1226.851787 2.1300675869
1236.66207 2.47559197744
1246.433733 2.46293997765
1255.122903 2.10756699244
1263.963111 2.09811266263
1272.519564 2.05000336965
1282.481394 2.51322937012
1292.317544 2.48309667905
1300.924375 2.0332830747
1309.430747 2.03747137388
1319.291501 2.49143067996
1322.715596 9999.0
1331.329682 2.03910756111
1341.137182 2.47073491414
1358.303374 4.92479697863
1375.518239 4.87986397743
1378.935618 9999
1388.773799 2.49097657204
1406.137628 4.9173476696
1414.643257 2.03575436274
1424.434362 2.46915562948
1441.662846 4.88979856173
1458.762334 4.89880903562
1468.766572 2.46580807368
1477.259434 2.04387124379
1494.269793 4.87398433685
1511.498531 4.88580107689
1520.02478 2.04013911883
1528.744842 2.1018289725
1538.752229 2.4732216994
1555.834907 4.88030131658
1565.688898 2.47919972738
1575.647511 2.48137696584
1584.335482 2.09830300013
1587.760487 9999
1596.264719 2.03785165151
1604.91886 2.05029559135
1608.38 9999
1616.930581 2.04359253248
1626.802505 2.48586090406
1635.509854 2.05188337962
1645.315795 2.4702920119
1662.494976 4.92173091571
1672.551753 2.48339629173
1689.748209 4.92802071571
1698.455683 2.10004258156
1707.215481 2.058451732
1724.291826 4.87752803167
1727.765688 9999
1736.26679 2.0407834053
1753.612814 4.93239466349
1762.156702 2.0426179568
1779.198821 4.88375504812
1788.172753 2.11908936501
1796.895434 2.11052274704
1806.755526 2.48307434718
1815.478972 2.11209535599
1825.483574 2.47110994657
1842.579071 4.88986301422
1851.102594 2.03868699074
1868.283064 4.88113188744
1871.7395 9999
1881.591669 2.4896616141
1890.332573 2.05605538686
1893.754305 9999
1902.32475 2.05750362078
1912.1662 2.48091562589
1929.444122 4.88502295812
1932.903303 9999
1941.620241 2.11283795039
1950.394014 2.11061604818
1967.706792 4.88836725553
1977.530836 2.47619326909
1986.270713 2.11658469836
2003.649573 4.91999769211
2020.828996 4.91701038678
2024.452545 9999
2034.240167 2.47015007337
2043.062414 2.12215209007
2052.836617 2.46353634199
2056.432702 9999
2065.145584 2.10152769089
2073.7024 2.05218799909
2082.408556 2.10235945384
2091.081546 2.08603358269
2094.673264 9999
2103.227587 2.05075796445
2113.065987 2.47750131289
2121.604762 2.0388742288
2131.561992 2.47222240766
2141.43884 2.47936169306
2151.280763 2.47649073601
2161.104461 2.47770531972
2178.298365 4.87420066198
2195.364159 4.87965965271
2204.266682 2.10016401609
2221.466014 4.93305802345
2229.952776 2.03559931119
2238.659272 2.05242037773
2247.398962 2.09709962209
2256.15613 2.11332829793
2264.678269 2.04778059324
2273.535352 2.0897239844
2283.342964 2.46511904399
2300.405261 4.87934470177
2309.311778 2.10395503044
2312.721681 9999
2322.521775 2.46848233541
2325.948517 9999
2334.530911 2.06131108602
2343.437371 2.10366638501
2353.297725 2.48187335332
2361.784919 2.04124673208
2378.968484 4.92483703295
2387.937733 2.10286362966
2396.427826 2.03494636218
2405.185186 2.11196263631
2413.693597 2.04199624062
2422.447307 2.05309359233
2432.255368 2.47292764982
2442.044523 2.46870191892
2459.224575 4.92106135686
2476.554636 4.89035701752
2485.047411 2.03662633896
2493.684385 2.08432833354
2503.707195 2.4684082667
2520.770104 4.88386964798
2524.178726 9999.0
2532.814482 2.0317123731
2536.255624 9999
2544.755674 2.0400809447
2561.820344 4.87663857142
2570.574244 2.04461542765
2579.347867 2.11823574702
2582.73837 9999
2591.207533 2.03519701958
2594.61796 9999.0
2612.005767 4.92372663816
2629.052296 4.87568799655
2646.482375 4.91606076558
2656.355558 2.48024861018
2664.92932 2.06044721603
2673.637403 2.05215501785
2682.324562 2.10545897484
2690.848236 2.0409283638
2694.322633 9999
2703.074238 2.10935036341
2712.014236 2.104139328
2720.58978 2.05412872632
2737.669676 4.8886607488
2746.623985 2.10875328382
2755.213566 2.07080968221
2763.905922 2.09536274274
2780.999713 4.8957370917
2789.771955 2.0438554287
2798.278958 2.04062072436
2806.785586 2.04056970278
2823.831691 4.88955871264
2841.195134 4.88099106153
2858.293059 4.8911280632
2867.331848 2.11345434189
2877.154117 2.47591495514
2880.594696 9999
2897.836911 4.94363037745
2906.743938 2.08187898
2915.452769 2.10250902176
2925.276202 2.47835508982
2934.013473 2.10873230298
2937.687208 9999
2946.192702 2.04022105535
2955.998044 2.46855759621
2959.403984 9999
2976.579393 4.9212123553
2993.993532 4.92864227295
2997.413988 9999
3014.641546 4.93038876851
3031.970925 4.89359728495
3041.861581 2.48459569613
3059.041139 4.93263490995
3062.730959 9999
3071.434023 2.09622168541
3088.647294 4.9396853447
3097.419027 2.11468704542
3106.359045 2.10675907135
3123.423865 4.88598100344
3132.128512 2.09484672546
3140.918325 2.05667130152
3144.475482 9999
3153.14434 2.10027567546
3161.651413 2.04111727079
3170.40733 2.11504928271
3174.081499 9999
3182.569512 2.03381466866
3199.629913 4.88400697708
3216.825684 4.93253143628
3225.798185 2.11444807053
3234.357254 2.05711809794
3242.895422 2.04564332962
3251.634868 2.10675430298
3260.426906 2.04213468234
3268.964376 2.04253061612
3286.046877 4.89147257805
3289.751432 9999
3299.640727 2.49428534508
3316.703292 4.87909897168
3325.456653 2.03980032603
3342.519508 4.87677534421
3351.292277 2.11917940776
3368.540067 4.87683566411
3377.046145 2.03763866425
3380.486887 9999
3390.324894 2.46840659777
3393.97748 9999
3402.498573 2.04432264964
3411.223969 2.10561466217
3421.03319 2.46952080727
3429.835671 2.0632399718
3446.963707 4.89821243286
3456.7889 2.47180438042
3465.53126 2.0378446579
3475.468405 2.49611536662
3484.025588 2.04969294866
3487.451026 9999.0
3504.707908 4.86932643255
3521.870414 4.91677260399
3539.186481 4.88403638204
3547.706803 2.03812233607
3556.449336 2.10689473152
3565.455915 2.09384830793
3574.029911 2.05648930868
3582.53207 2.03705859184
3591.276026 2.11106872559
3608.70186 4.91576393445
