9.008964 2.35450895627
19.677292 2.95283460617
30.3933 2.95719734828
40.991228 2.88007934888
51.768124 2.97486225764
60.822119 2.39366738002
69.915977 2.34715533257
74.464795 9999
83.316339 2.34045171738
92.14769 2.34604064624
108.648571 4.83791399002
117.551865 2.33813134829
126.493109 2.35799622536
135.511869 2.33686939875
144.412649 2.34226695697
160.84531 4.87211974462
169.88758 2.34971992175
178.835334 2.34936436017
187.731453 2.35732404391
196.611852 2.35393802325
205.771135 2.35382167498
214.714984 2.35242493947
223.700081 2.3450050354
232.549561 2.32680066427
241.544018 2.32870197296
250.468486 2.3458023866
259.758002 2.48653793335
268.653141 2.34041976929
278.533831 2.64889939626
287.353886 2.33669288953
296.400359 2.39419102669
305.721436 2.49886997541
314.756768 2.33701467514
323.657282 2.35376699766
332.555605 2.34586000443
341.388694 2.33041890462
358.177943 4.93483273188
367.761715 2.569419384
376.614147 2.33839066823
385.670673 2.33087253571
395.961816 2.82528781891
405.301087 2.51667245229
414.150155 2.34806458155
423.232203 2.33911124865
432.02348 2.31025664012
440.852883 2.3372827371
451.608739 2.96125245094
460.551325 2.32048972448
471.057482 2.86474935214
479.87098 2.31887690226
490.332392 2.86591800054
499.352707 2.32087842623
509.750322 2.86307398478
519.598693 2.67312796911
539.462878 5.99928394953
549.082407 2.51298896472
558.076169 2.3483162721
566.988316 2.32564560572
575.828906 2.34264787038
584.849125 2.34790301323
601.25098 4.85897835096
610.055962 2.31052033106
620.893666 2.95633999507
630.230749 2.48535267512
640.659509 2.87049237887
649.65463 2.34622701009
658.426584 2.31292629242
668.141386 2.64250596364
676.917377 2.3083439668
685.883321 2.32573334376
695.193109 2.50311994553
704.022961 2.31491732597
712.815131 2.30706564585
722.022669 2.40431539218
730.84464 2.3131740888
739.666623 2.31680703163
748.427393 2.30435999235
758.078 2.54380528132
774.352467 4.80113935471
783.988043 2.6032957236
793.023498 2.33491595586
801.825121 2.30758722623
810.596503 2.30477825801
819.418711 2.30577373505
829.102504 2.55373605092
845.389828 4.80582030614
861.707385 4.81215230624
870.63492 2.3038260142
879.464345 2.33491198222
888.242765 2.31080301603
897.544734 2.48665499687
906.516209 2.30631971359
916.039762 2.55286391576
924.888068 2.33147772153
933.650672 2.30542731285
943.106644 2.4956603845
959.323595 4.7874083519
968.163088 2.3151380221
977.137331 2.31460873286
987.884441 2.96408104897
997.114459 2.46435101827
1013.451138 4.82163802783
1022.433064 2.3132065932
1031.276407 2.32002703349
1040.052093 2.31024765968
1048.820582 2.3089269797
1057.917384 2.33705035845
1067.549426 2.60261964798
1076.377356 2.31878860792
1085.191673 2.30758428574
1094.122834 2.31169692675
1104.852509 2.95356098811
1113.652085 2.31157565117
1122.915908 2.47848272324
1132.775264 2.61274401347
1142.268466 2.55174040794
1151.651617 2.51393564542
1160.99268 2.49890812238
1169.986294 2.31565268834
1178.815882 2.31585097313
1195.100433 4.8170589606
1204.569357 2.49034833908
1213.365059 2.31060735385
1222.854636 2.54871837298
1231.741082 2.35421514511
1240.705201 2.31862465541
1249.715666 2.39995630582
1259.022855 2.50307536125
1267.817487 2.32355841001
1277.613445 2.60779190063
1287.000127 2.53706471125
1296.536432 2.55637200673
1305.805492 2.46637376149
1322.31859 4.83002638817
1331.529743 2.46440871557
1360.292995 8.97499497732
1369.970814 2.53982607524
1380.297271 2.81301172574
1389.674068 2.49081730843
1398.959277 2.46582929293
1408.993193 2.64906851451
1429.224979 6.13500738144
1438.274204 2.33859260877
1447.100283 2.32245270411
1456.640488 2.54897530874
1467.08686 2.86911439896
1476.490395 2.47787030538
1485.782171 2.46494364738
1495.479615 2.63424793879
1504.353404 2.31845291456
1513.351783 2.32770307859
1533.091348 5.96727029483
1541.90283 2.30774593353
1551.421284 2.48506267865
1560.988173 2.56541800499
1569.790372 2.31228065491
1586.063428 4.7966457208
1596.504299 2.82499225934
1605.917665 2.52153372765
1614.705822 2.30647269885
1623.966389 2.46349231402
1632.92625 2.3096686999
1642.40208 2.55341092745
1658.887664 4.88337286313
1668.300425 2.45860894521
1677.108202 2.30968825022
1685.933449 2.32000072797
1696.741768 2.96608901024
1705.785375 2.34596967697
1714.592683 2.31620200475
1731.112235 4.9049393336
1740.155625 2.33433834712
1756.451882 4.80812565486
1766.901002 2.8556950887
1775.864308 2.30882660548
1792.088334 4.78675119082
1801.46465 2.4968272845
1812.033658 2.85279456774
1820.86101 2.31332961718
1830.433371 2.56660691897
1841.180529 2.94901601473
1851.794496 2.86578631401
1860.613232 2.31816999118
1870.41904 2.64738074938
1881.030151 2.92441598574
1890.592166 2.50128595034
1901.054232 2.87021533648
1909.919024 2.32251826922
1918.716241 2.31709130605
1929.248284 2.82841801643
1938.516516 2.46258274714
1947.951785 2.53413192431
1956.744145 2.30483643214
1966.334841 2.52147308985
1975.99285 2.61062097549
1984.83702 2.32851998011
1994.306914 2.54244367282
2003.38159 2.33775639534
2012.170507 2.30730072657
2020.955158 2.30937798818
2031.610671 2.92589235306
2041.085065 2.46272802353
2049.868923 2.31471522649
2060.640505 2.97509773572
2069.422853 2.31414564451
2099.006597 9.2071202596
2107.77708 2.30459698041
2117.275745 2.4973637263
2126.816118 2.54955434799
2146.46478 5.94193704923
2155.465893 2.32695126534
2164.408652 2.34792677561
2173.756841 2.50205000242
2182.560069 2.31433359782
2198.959934 4.78715443611
2209.410471 2.8715116183
2218.358158 2.32349975904
2227.381086 2.33958037694
2247.039315 5.9395647049
2256.288668 2.4618909359
2265.917987 2.54708838463
2274.705533 2.31058764458
2283.53619 2.30747938156
2292.310174 2.32194773356
2301.290076 2.31617863973
2312.259056 3.04174757004
2321.794273 2.54925394058
2331.117966 2.51328341166
2340.685786 2.49731032054
2356.849622 4.7929696242
2365.65576 2.31404399872
2374.600344 2.31485335032
2385.018145 2.85839557648
2394.595552 2.57114664714
2403.362159 2.31835301717
2412.32104 2.31398892403
2421.191627 2.33804194132
2437.507722 4.82449905078
2446.473984 2.30842034022
2455.922118 2.5440808932
2465.168899 2.46073444684
2475.621933 2.86122568448
2484.672863 2.32947063446
2494.939584 2.82568828265
2504.21561 2.46689073245
2513.45646 2.4729590416
2522.85591 2.46211361885
2539.113202 4.81272697449
2547.877169 2.31455731392
2564.303373 4.79772059123
2573.57111 2.46992135048
2582.987186 2.52004106839
2592.285137 2.4223186175
2608.55523 4.81254514058
2618.203025 2.5605866909
2628.791424 2.85384996732
2639.182896 2.85308726629
2648.506544 2.48353187243
2657.428675 2.30509273211
2668.020911 2.93046895663
2678.454066 2.85591769218
2687.883347 2.54715696971
2697.37279 2.47503058116
2706.17816 2.31314929326
2715.524378 2.48850440979
2725.945725 2.85367465019
2734.962272 2.32397762934
2744.486822 2.55134503047
2753.774006 2.50290687879
2763.044418 2.46543041865
2773.651962 2.85595591863
2790.059477 4.83014861743
2798.900251 2.32039666176
2807.890394 2.33113972346
2818.640204 2.95586760839
2827.916565 2.46530779203
2836.738422 2.31183338165
2845.847019 2.32086022695
2854.668234 2.31244826317
2863.464412 2.30624739329
2872.239121 2.30957921346
2883.052685 2.934521993
2893.57434 2.89453538259
2902.381028 2.31316566467
2911.15253 2.30779703458
2927.613255 4.80085142454
2936.564857 2.34747052193
2945.357215 2.31164654096
2954.409534 2.32236504555
2963.881261 2.55060267448
2972.765633 2.35027241707
2983.141576 2.83366878827
2992.15606 2.33007677396
2996.479442 9999
3005.289306 2.31240367889
3014.07252 2.309314092
3023.041869 2.31360499064
3031.777456 2.30984099706
3040.60515 2.30928166707
3049.457558 2.32943558693
3058.937291 2.47613573074
3067.736402 2.31255706151
3076.60477 2.3235206604
3085.366449 2.30972528458
3095.04635 2.54557498296
3103.848591 2.31335425377
3113.136394 2.47433328629
3121.894647 2.31166736285
3130.901069 2.32147137324
3139.696782 2.32583340009
3148.549406 2.31830430031
3157.430759 2.3309973081
3166.898165 2.48361357053
3176.198462 2.46898531914
3184.997184 2.30765398343
3201.559897 4.90088438988
3211.059256 2.47926727931
3219.849709 2.31228224436
3236.174392 4.8305867513
3245.139782 2.31378165881
3253.889396 2.30799198151
3270.093973 4.7997443676
3279.717298 2.52941600482
3288.548072 2.31662901243
3297.391235 2.33827026685
3306.127524 2.30747334162
3315.597382 2.48118702571
3325.974691 2.85895355543
3336.365019 2.82128540675
3345.358825 2.31236855189
3354.136361 2.31105701129
3363.034058 2.31957133611
3373.726306 2.94178064664
3383.36118 2.55118378003
3393.790337 2.8562912941
3402.651304 2.32698869705
3413.311876 2.93583504359
3423.049254 2.55449000994
3433.420233 2.8549293677
3442.213188 2.30543533961
3451.126066 2.34206628799
3460.913864 2.60001595815
3470.223755 2.47805603345
3479.015908 2.32005564372
3488.325764 2.48356938362
3497.779406 2.4669119517
3507.405245 2.60369300842
3516.834761 2.51654497782
3526.312174 2.54966576894
3535.343711 2.32074006399
3544.732884 2.49198738734
3561.068078 4.82770458857
3570.073941 2.33103760084
3589.849107 5.97191007932
3600.285241 2.82414205869
3609.225181 2.31339120865
3618.044295 2.31180969874
3628.439161 2.86221194267
3637.60193 2.45910636584
3646.619071 2.31613469124
3655.871809 2.46300832431
3664.703886 2.3266193072
3675.040034 2.8250729243
3684.752908 2.55316940943
3693.571722 2.3150613308
3702.481764 2.34724632899
3711.99921 2.55780267715
3720.926349 2.32987101873
3737.275188 4.81659507751
3746.940318 2.61015661558
3756.002934 2.32719302177
3764.865966 2.33364367485
3774.389349 2.54858724276
3783.22268 2.32106669744
3792.235481 2.32056768735
3801.022934 2.30398360888
3809.760211 2.306401968
3819.619705 2.65605473518
3828.631414 2.3263437748
3845.241691 4.9333439668
3854.123351 2.34566537539
3863.145559 2.33283670743
3872.150219 2.36588398616
3880.926033 2.3095656236
3897.321889 4.86151194572
3906.362128 2.33146365484
3916.784393 2.85540437698
3925.651754 2.33884731929
3934.425038 2.31015459696
3943.390761 2.30870739619
3952.701358 2.47727529208
3961.509514 2.32540202141
3970.319236 2.31191507975
3980.929135 2.86258268356
3991.616109 2.93242534002
4000.94439 2.48882563909
4010.729397 2.59883936246
4019.552438 2.32105898857
4030.008548 2.86127869288
4038.852562 2.32233293851
4049.692718 2.93333601952
4058.506824 2.30979569753
4067.952315 2.54663046201
4084.277673 4.81848669052
4093.379819 2.35026669502
4102.742061 2.51295932134
4113.188425 2.85248502096
4122.554685 2.48675266902
4131.673945 2.33666467667
4140.927385 2.46157360077
4149.841012 2.32000160217
4158.694666 2.32120529811
4167.660741 2.31672040621
4176.453661 2.30520478884
4185.270577 2.32657591502
4194.595758 2.47726829847
4204.065849 2.47601103783
4214.498598 2.84982601802
4230.782894 4.81057024002
4241.610655 2.93633707364
4250.534863 2.33607284228
4259.464245 2.34662636121
4268.263908 2.31186469396
4277.263991 2.32025202115
4286.308963 2.38549780846
4295.139073 2.32579874992
4306.170347 3.06340758006
4315.654688 2.48170359929
4325.223175 2.53870868683
4334.07184 2.33422271411
4342.884161 2.32027498881
4351.96107 2.33189312617
4360.814886 2.33750510216
4370.642749 2.66706029574
4386.93634 4.81591327985
4395.949603 2.33066360156
4404.927195 2.35605931282
4421.218841 4.80864024162
4430.722831 2.47201307615
4439.492382 2.31474900246
4448.674971 2.4333460331
4457.417986 2.3179093202
4477.368273 5.96690400441
4487.866455 2.86468601227
4498.461211 2.85997756322
4508.286137 2.64811873436
4524.854983 4.90612403552
4533.866991 2.32636880875
4543.127442 2.46165537834
4564.4004 6.47116335233
4574.926748 2.82108624776
4583.743477 2.31900723775
4593.684515 2.65738828977
4603.206729 2.54698808988
4612.898795 2.50992099444
4622.647587 2.63661511739
4651.308682 8.95065490405
4660.254539 2.30174605052
4669.016667 2.30080366135
4677.761042 2.2987370491
4687.122069 2.5107263724
4696.128096 2.30616426468
4704.980759 2.31718436877
4714.250172 2.46984434128
4723.219373 2.36415433884
4732.458361 2.37411268552
4743.155034 2.9438700676
4751.992953 2.32376933098
4760.785059 2.32434439659
4769.815228 2.32390570641
4778.691894 2.33514602979
4787.480611 2.30932362874
4798.087268 2.92709136009
4807.060524 2.31449270248
4816.334777 2.47432637215
4825.077584 2.30451639493
4833.829917 2.30573900541
4842.836371 2.31667407354
4851.665366 2.31345097224
4860.503131 2.3213669459
4869.785203 2.47986968358
4880.61894 2.93355774879
4889.371322 2.30048537254
4898.96868 2.59534152349
4907.888112 2.34260972341
4916.922209 2.33229915301
4925.799636 2.32697900136
4934.840227 2.38510068258
4943.662033 2.31281089783
4954.278113 2.85876027743
4963.178681 2.33308760325
4972.089111 2.33689292272
4980.911335 2.31789604823
4989.835915 2.3050857385
4998.616206 2.30350176493
5007.394578 2.30999072393
5018.060925 2.96266762416
5027.046872 2.31175398827
5035.869326 2.31958866119
5044.739928 2.30816634496
5061.031831 4.83502467473
5069.967612 2.31138594945
5079.550962 2.56186199188
5088.372777 2.31199042002
5097.151672 2.29963564873
5107.763195 2.86748806636
5117.021306 2.47031990687
5125.854442 2.32145436605
5135.484549 2.59566100438
5144.493711 2.30805428823
5153.252601 2.30354801814
5162.603542 2.46849107742
5173.275027 2.92719864845
5182.258802 2.31775403023
5191.090403 2.32311677933
5200.68592 2.58943827947
5209.514161 2.316025575
5218.474557 2.30710999171
5227.308234 2.3242410024
5236.098285 2.30366230011
5244.943904 2.32733774185
5253.923407 2.30672995249
5264.551832 2.92885510127
5273.367017 2.30206489563
5283.975112 2.92324201266
5294.747914 2.91732899348
5304.361478 2.60457531611
5313.388582 2.34645072619
5322.266936 2.3135509491
5331.300408 2.33643937111
5340.095331 2.31816665332
5348.869795 2.31594999631
5359.563331 2.92571640015
5370.406189 2.93337066968
5380.812651 2.86009494464
5390.216367 2.51757272085
5399.243207 2.31003022194
5408.495754 2.46594333649
5417.851798 2.51595139503
5426.731815 2.33011500041
5435.81034 2.33011198044
5444.68645 2.31611633301
5453.478794 2.31879631678
5463.32226 2.66916036606
5472.302805 2.3155327638
5481.075905 2.30638209979
5490.352991 2.47552275658
5499.169809 2.30815108617
5508.961921 2.604104201
5517.828996 2.32533740997
5526.758752 2.34577433268
5536.147587 2.51072033246
5545.716554 2.49320793152
5554.548165 2.31933434804
5563.370794 2.31496834755
5574.028527 2.94072389603
5583.115893 2.33506266276
5591.88283 2.30889725685
5601.229997 2.51479673386
5611.894636 2.93762866656
5622.809253 2.95977600416
5632.55075 2.62118498484
5641.366648 2.3130586942
5650.163249 2.30515503883
5659.136953 2.30867703756
5668.015294 2.32765030861
5678.501087 2.88654470444
5687.775091 2.4751560688
5696.779832 2.31651258469
5705.568571 2.29812200864
5714.367806 2.30677803357
5723.201132 2.32149966558
5732.199325 2.32174976667
5741.474183 2.46678765615
5750.299542 2.32071797053
5759.085267 2.30832370122
5768.602535 2.52944477399
5777.551003 2.34847267469
5786.316143 2.32051157951
5796.788699 2.86852669716
5805.79836 2.32591668765
5816.229246 2.85315966606
5825.590786 2.50866365433
5835.171476 2.60103933016
5844.236641 2.31650662422
5852.998995 2.3110610644
5861.806121 2.3054339091
5872.23409 2.84951798121
5881.310697 2.34151975314
5890.137741 2.32377203306
5898.959072 2.30968141556
5907.720912 2.31048671405
5916.759381 2.32558767001
5925.572225 2.31026570002
5935.979634 2.86997334162
5944.810095 2.31328034401
5955.370906 2.85576240222
5964.216614 2.31822395325
5973.035683 2.31630365054
5981.878023 2.31577563286
5991.356332 2.45553239187
6000.789948 2.52934821447
6009.594587 2.30819471677
6018.410637 2.31739799182
6027.816415 2.45977330208
6036.602527 2.30475370089
6045.413181 2.31818429629
6054.351184 2.34719268481
6063.815316 2.48131593068
6073.11464 2.47728641828
6081.973631 2.31864102681
6090.74469 2.30468169848
6099.86025 2.35679403941
6108.68966 2.31709067027
6119.171582 2.86191097895
6127.987041 2.30909132957
6136.93028 2.30395293236
6147.670509 2.9695327282
6156.483878 2.30809998512
6166.143376 2.60732531548
6175.260577 2.3395678997
6185.659528 2.85436964035
6194.978882 2.47867131233
6205.747595 2.96302024523
6216.434252 2.8626733621
6225.218805 2.30716300011
6234.001879 2.30802869797
6243.259281 2.46052765846
6253.839868 2.85596299171
6262.637943 2.30935565631
6271.904439 2.46156001091
6282.515184 2.93591761589
6291.621959 2.36479433378
6300.412315 2.30681363742
6309.86298 2.49192404747
6320.231276 2.8537803491
6329.231294 2.32093461355
6339.668983 2.86164665222
6348.47724 2.31701596578
6357.928698 2.54824256897
6367.4901 2.51484918594
6378.189484 2.93784133593
6387.00373 2.31521701813
6395.86209 2.33221896489
6406.533424 2.86768802007
6415.320416 2.30089306831
6424.124057 2.30507032077
6434.568524 2.85595965385
6445.378204 2.93654767672
6454.22543 2.32219958305
6463.002372 2.31693728765
6473.656876 2.93871172269
6484.284659 2.87018013
6493.136607 2.31779193878
6502.459302 2.48923031489
6511.954805 2.5538614591
6521.439774 2.50791064898
6530.217404 2.30371173223
6539.495086 2.46046924591
6548.360018 2.33249266942
6557.325518 2.30432804426
6567.746234 2.8554113706
6577.468493 2.63957802455
6586.267674 2.31731534004
6595.29919 2.33121101062
6604.569583 2.47150063515
6615.027695 2.86028043429
6623.818948 2.30578772227
6632.748264 2.31241671244
6643.174674 2.85358595848
6652.040564 2.32241670291
6661.467092 2.5139020284
6672.158198 2.86821937561
6680.921662 2.30477865537
6689.71213 2.3101627032
6698.519425 2.30408771833
6708.098941 2.51471471786
6717.840051 2.64891942342
6727.34198 2.53294531504
6736.250739 2.33756168683
6745.847654 2.48714931806
6756.330049 2.879023393
6765.672487 2.48566500346
6770.595198 9999.0
6779.577556 2.31191929181
6789.281304 2.62114834785
6798.519285 2.45756602287
6807.850162 2.48227834702
6816.943545 2.34118294716
6825.828948 2.33932169278
6835.116387 2.48505838712
6844.408563 2.46874499321
6854.198869 2.60089095434
6863.509832 2.49470599492
6872.421524 2.33570694923
6881.199407 2.31057540576
6890.126325 2.3080089887
6899.542276 2.52159961065
6909.12042 2.55986865362
6918.602796 2.54928056399
6927.548139 2.30392297109
6944.344907 4.98138864835
6953.719942 2.49213925997
6963.066052 2.4280889829
6971.916835 2.3173716863
6981.773128 2.65434829394
6992.225785 2.86407462756
7001.336627 2.33606910706
7012.023639 2.93124699593
7021.632109 2.58891963959
7041.368945 5.96888232231
7050.499803 2.34051370621
7059.320865 2.31168532372
7068.123008 2.31472102801
7077.421376 2.48781466484
7086.454906 2.31366054217
7095.722223 2.46393465996
7105.053385 2.47930041949
7114.019091 2.32502659162
7122.992863 2.31308205922
7131.934019 2.3216753006
7140.749291 2.31585327784
7151.220188 2.85227306684
7161.144044 2.61606876055
7171.451249 2.81932608287
7180.327509 2.33319322268
7190.7145 2.85875431697
7199.744213 2.33822496732
7210.489803 2.97412204742
