7.565639 1.64297938347
13.036115 1.00078002612
18.520749 1.00422867139
24.140208 1.01167798042
29.612033 0.993320067724
33.101562 9999.0
38.632833 0.991233348846
44.103962 0.975560983022
47.625157 9999
53.029243 0.973365306854
58.479941 0.987819353739
63.899728 0.978232622147
69.471628 0.983510255814
74.940213 0.989566644033
80.378263 0.973504622777
85.864596 0.99142297109
91.452927 1.0042506059
96.988406 1.00802318255
102.625349 1.0060757796
108.097965 0.984373648961
113.54952 0.987484931946
119.036662 0.99688299497
124.456409 0.986579020818
129.926555 0.975066343943
135.497477 0.979533672333
140.951014 0.990304390589
146.354991 0.967410326004
151.878164 1.00069268545
157.398873 1.01122736931
163.032936 1.03965544701
168.669032 0.994450330734
174.241456 0.999525705973
179.676081 0.978182315826
187.217777 1.66347138087
192.651511 0.979824384054
200.173479 1.68389868736
203.817516 9999
209.345588 0.995232343674
214.882764 0.992829958598
220.369829 1.00434859594
225.823833 0.987610181173
231.326925 0.992971340815
237.018193 1.01656428973
242.503335 0.97771302859
247.938728 0.983193715413
253.441732 0.999841690063
258.928331 1.00517439842
264.415742 1.00378068288
270.120443 1.03060094515
275.640026 0.998226006826
281.26068 1.01529924075
286.664119 0.972225666046
292.217429 1.00412933032
297.670958 0.993241707484
303.144341 0.971318880717
308.644828 0.992797692617
314.13226 0.988167365392
319.603934 0.991883277893
325.107825 0.997760693232
330.625925 0.977119366328
336.196334 0.986909627914
341.703386 0.991111755371
347.307023 1.02394008636
352.859244 1.01173933347
358.361579 0.986906290054
363.865018 0.984665552775
369.418574 0.975096940994
374.958628 0.993626276652
380.460812 0.982357025146
385.947683 0.99825501442
391.416636 0.990408658981
396.887974 0.988925933838
402.492965 0.993127584457
408.26067 1.01149376233
413.81727 1.00662938754
419.284522 1.00071159999
424.671257 0.982968330383
428.162011 9999.0
433.761241 1.00212359428
439.349137 1.0049170653
442.87062 9999
448.287238 0.971665620804
451.811743 9999
457.328299 0.994505723317
462.796735 0.979768673579
468.568264 1.0375336806
474.088199 1.01292292277
479.477395 0.961460908254
485.030249 0.98422908783
490.600568 1.01323254903
496.036735 0.985724687576
501.63913 0.996884902318
509.060983 1.62922771772
514.664492 1.02857597669
520.167542 0.978308359782
525.572078 0.962976058324
530.991726 0.97622291247
536.645913 0.989404996236
542.150996 0.996323267619
547.602815 0.986086924871
553.125381 1.00510104497
558.559837 0.983625968297
564.115777 1.02453231812
569.820961 1.0004093647
575.355052 0.994333585103
580.975434 1.02136301994
586.595375 1.01672164599
594.100719 1.66083367666
599.657287 0.994156916936
605.22468 0.971490303675
610.744314 0.992063919703
616.284733 1.0015223821
621.835831 1.00070969264
627.291892 0.98998093605
632.760114 0.991909980774
638.430054 1.01609365145
643.985469 1.00237695376
651.458286 1.64942502975
656.991531 1.00608174006
664.647622 1.68897294998
672.218587 1.66134897868
677.738715 0.985680341721
683.326766 1.03021701177
688.816286 0.971658627192
692.404482 9999
697.886166 0.992360432943
703.556285 1.00870633125
711.095001 1.66077327728
716.581087 0.988540331523
722.138235 1.00230701764
727.672 0.994883298874
733.1419 1.00095558167
738.946896 1.0342473189
744.450007 0.995309034983
751.988041 1.67672967911
757.528283 0.993283748627
762.978779 0.982267697652
768.448969 0.987785339355
774.136353 0.99987133344
779.692145 1.01033329964
783.234129 9999
788.77929 0.996337016424
794.249207 0.990451733271
799.805144 1.02287904421
805.589965 1.01266400019
811.013651 0.982906182607
818.4982 1.65767733256
823.935831 0.971314112345
829.389441 0.985565662384
834.876001 0.991134961446
840.566136 1.00619141261
846.087103 1.00042271614
851.555546 0.988114277522
856.957874 0.964942375819
862.380608 0.979031324387
865.901489 9999.0
873.688022 1.6479926904
879.24183 0.992416063944
884.762275 0.980916976929
890.246549 0.985234737396
895.733496 0.995374043783
901.219945 0.986044327418
906.908117 1.0145966212
912.461039 1.00103569031
917.898001 0.983854373296
923.403055 0.990819613139
928.907039 1.01034434636
934.425023 0.990467071533
939.978911 0.977339426676
945.502447 1.01209870974
951.037432 1.00251229604
956.639944 1.02676399549
962.076615 0.97607032458
965.601137 9999.0
971.250045 1.01202837626
976.83675 0.991277058919
982.274114 0.978181997935
989.762571 1.64803568522
995.248852 1.00521373749
998.855132 9999.0
1004.588404 0.997214396795
1010.060561 0.975846131643
1017.530977 1.65940999985
1023.08378 0.998274008433
1028.587826 0.980743090312
1032.112242 9999.0
1037.89536 1.01263769468
1041.55116 9999
1047.084413 0.99644168218
1052.536742 0.980115413666
1058.006977 0.999825318654
1063.56134 1.00634900729
1069.248052 1.0089776516
1074.767793 0.984470685323
1080.405703 1.02521848679
1087.895136 1.65036900838
1093.433766 0.99040389061
1100.872034 1.64035272598
1106.522906 1.00552431742
1113.961151 1.65534265836
1119.514967 1.00243465106
1125.052066 1.00814469655
1130.555243 1.00982348124
1136.191953 1.02892430623
1141.812417 0.979264497757
1147.366888 1.02070792516
1152.969633 1.00310627619
1158.390524 0.973771572113
1163.829588 0.984880367915
1169.314071 0.97327097257
1174.985126 0.990723292033
1178.608187 9999
1186.095123 1.67642831802
1191.629151 0.988816658656
1197.115731 0.966738303502
1202.569831 0.980777422587
1208.290104 1.02479894956
1213.759846 0.999146620433
1219.264038 1.00176056226
1222.702971 9999
1228.252663 1.01664876938
1233.690003 0.971457322439
1239.411392 0.984094619751
1244.884207 0.978826999664
1250.387413 0.993626276652
1255.88837 0.989973227183
1261.442109 1.01494669914
1264.982738 9999.0
1270.663887 0.993089675903
1276.25221 1.00034928322
1281.688089 0.981060743332
1287.161891 0.989276250203
1292.729524 1.00109934807
1298.216231 1.00277105967
1303.83631 0.986137151718
1309.356999 0.989515384038
1314.827302 0.978171904882
1320.400655 1.01681955655
1325.884563 0.970545053482
1331.454652 0.983317613602
1337.193583 0.990208705266
1342.712315 0.992932637533
1348.232922 0.99915877978
1353.819035 1.01952362061
1359.309305 0.973488648733
1364.776356 0.981688976288
1370.380038 0.96897037824
1375.867109 0.995619694392
1381.287487 0.968704303106
1386.777297 1.00228428841
1392.214444 0.979350566864
1395.734985 9999.0
1401.43471 0.9874680837
1407.021508 1.02635757128
1412.577234 1.01476971308
1420.04653 1.64655041695
1425.737258 1.03902427355
1431.373724 0.991854747136
1436.99388 1.01872301102
1442.41439 0.959508021673
1447.947993 1.00524059931
1453.437557 1.0046954155
1458.971868 1.00114536285
1464.709648 1.0155526797
1470.215203 1.00974329313
1475.653614 0.998354276021
1481.186638 1.00485062599
1486.658115 0.985571622849
1492.178047 0.987655639648
1497.747916 0.967367569606
1503.352365 1.02211300532
1508.922712 1.01701370875
1514.441795 0.99341805776
1519.945624 0.999586025874
1525.536006 1.02378002803
1531.239529 1.02384161949
1538.758742 1.66232903798
1544.295527 0.98907605807
1549.799607 1.0072230498
1555.302856 1.00914430618
1560.806557 0.999204715093
1566.492973 1.00569534302
1572.030869 0.99232506752
1577.550459 1.00928958257
1583.00448 0.994044621785
1588.594763 1.02002469699
1594.077951 0.986940701803
1599.748535 0.987663427989
1607.270993 1.65994461377
1614.692082 1.64474495252
1618.215914 9999
1623.814535 1.01405858994
1627.370149 9999.0
1633.120974 1.0070353349
1638.557282 0.98705236117
1644.111622 0.996287981669
1649.665005 1.00437196096
1655.151855 0.988954941432
1658.624503 9999.0
1664.307712 0.978176991145
1669.811751 0.981148958206
1675.198362 0.966023683548
1680.635556 0.96888534228
1688.12375 1.66739734014
1691.664366 9999.0
1697.346869 0.983849684397
1702.883933 1.00982069969
1708.520742 1.01711098353
1714.075495 1.018638134
1719.494702 0.975033680598
1724.99891 1.00832525889
1730.820197 1.02250226339
1738.323631 1.65643556913
1741.865879 9999
1747.379546 0.998327652613
1752.916388 0.992235342662
1758.387156 0.976730744044
1764.140591 1.00776998202
1769.661 0.996124664942
1775.117669 0.98495721817
1780.552189 0.976230382919
1788.056473 1.65805864334
1793.544359 0.972738027573
1799.250222 1.01211857796
1804.871287 1.02587564786
1810.323019 0.988830884298
1815.77548 0.975636323293
1819.314566 9999
1824.797232 0.996443033218
1830.451159 0.980801741282
1835.954482 0.995048284531
1843.546485 1.70022098223
1847.04914 9999
1852.618904 0.992865006129
1858.139194 1.00861461957
1863.973785 1.00999895732
1869.513327 0.996363957723
1875.017171 0.99662621816
1880.601627 1.02323174477
1886.155215 1.00529003143
1891.625047 0.997156302134
1895.433158 9999
1900.814561 0.964993715286
1906.285245 0.995156208674
1911.821464 0.998917261759
1917.291911 0.991928656896
1920.796515 9999
1926.364706 1.01478838921
1932.11871 1.00093173981
1937.724158 1.02633166313
1943.225748 1.00382709503
1948.762687 1.00814636548
1954.132807 0.954625050227
1959.622742 0.991010665894
1965.37535 1.00476233164
1970.763792 0.958897431691
1976.214431 0.981221357981
1981.735142 0.992852052053
1987.238364 0.98831597964
1992.741521 0.995304981867
1998.42885 0.989873329798
2003.986192 1.0072046121
2009.452716 0.979505379995
2015.007011 0.994331359863
2020.429809 0.986098766327
2027.868081 1.6490676403
2033.452142 0.952990690867
2038.856078 0.967140277227
2044.393193 1.0030772686
2049.914765 1.00478768349
2055.417219 1.0099225839
2060.937421 0.994233290354
2068.6259 1.66910036405
2076.081002 1.65112439791
2081.651095 1.00646233559
2087.254652 1.00167306264
2092.74096 0.985826333364
2098.394659 0.974821647008
2103.932211 1.01210800807
2109.436368 1.00460068385
2114.955714 1.00056171417
2120.412567 0.98863196373
2125.896775 0.996722300847
2131.653801 1.00781210264
2137.170789 0.997838656108
2142.590603 0.988634030024
2148.110967 1.00349267324
2153.584807 0.989756584167
2159.052542 1.00002598763
2164.688983 0.970798969269
2170.142851 0.974814732869
2175.645795 1.00764830907
2183.101138 1.65503017108
2188.538165 0.974127928416
2194.007578 0.989252328873
2199.711953 0.997332731883
2205.218086 1.01575263341
2210.702975 1.00326132774
2216.224766 0.992339372635
2221.828479 1.00130295753
2227.230801 0.974785963694
2232.950444 0.986646254857
2238.438071 0.987355311712
2243.891549 0.975313345591
2249.444888 1.02125906944
2254.982234 1.00081133842
2262.403999 1.64425436656
2268.156855 1.0065073967
2273.727943 1.00904496511
2281.23305 1.65861876806
2286.806175 1.01617797216
2290.360731 9999
2295.842891 1.00004561742
2301.5322 0.974076747894
2307.1331 0.995613336563
2312.688299 1.00053906441
2318.223785 0.991857608159
2323.71371 0.988293091456
2329.234065 1.00084964434
2335.118522 1.03812909126
2340.591613 0.994652907054
2346.075453 0.986302375793
2351.596027 1.00543459256
2355.104141 9999
2358.70396 9999
2364.321024 1.02267726262
2370.092228 1.01638261477
2375.595568 1.00651439031
2380.998353 0.971316019694
2386.46917 0.989038308462
2391.939109 0.994164387385
2397.42671 0.993262608846
2403.197239 1.00781472524
2408.700285 0.987043698629
2414.304303 1.00750740369
2419.824403 1.00130899747
2425.34767 0.99046031634
2430.881773 0.995979309082
2436.70282 1.02936299642
2442.172238 0.992840051651
2447.676928 0.985605955124
2453.079582 0.972350120544
2458.516662 0.990322589874
2463.919639 0.969651699066
2469.590754 0.996124664942
2475.161014 1.01390790939
2480.681362 1.00823577245
2486.201318 0.988187392553
2491.721372 1.00092101097
2497.192534 0.996413389842
2505.064367 1.72763268153
2508.671573 9999
2514.253487 0.98787466685
2519.890989 0.992468039195
2523.48008 9999
2528.99695 1.00511932373
2536.554894 1.6270553271
2542.240613 1.02244202296
2547.660711 0.979142347972
2553.095853 0.983314990997
2558.632294 1.01541392008
2564.139369 1.00129993757
2569.873956 1.01189438502
2575.460243 1.0042309761
2579.03549 9999
2584.500102 0.975653330485
2590.005362 0.974605083466
2595.440494 0.978079954783
2601.278199 0.99455499649
2606.817994 1.0020219485
2612.321714 0.997907002767
2617.772219 0.975848992666
2625.328371 1.65964365005
2630.916935 1.01340532303
2636.667845 0.978186368942
2642.188151 1.01261870066
2645.778807 9999
2651.394611 1.01932168007
2656.897918 1.00632365545
2660.502843 9999
2664.056737 9999.0
2669.806576 1.02007110914
2675.379692 1.01740399996
2680.916679 0.99146993955
2686.503447 1.02034568787
2694.141928 1.6836566925
2699.826152 0.99707198143
2705.350241 1.00496856372
2710.866889 0.99568772316
2716.370614 0.998179753621
2721.874233 0.993327299754
2727.377339 1.00385665894
2733.248597 1.01737062136
2738.868667 1.02278065681
2744.389821 1.00432332357
2749.87584 0.981674114863
2755.432641 1.01013294856
2760.899774 0.990049997965
2766.723651 1.00359129906
2772.275876 1.0186000665
2777.812636 0.99556573232
2783.281122 1.00249965986
2788.721485 0.982730309168
2794.241693 0.992141723633
2800.042256 1.01056496302
2805.546123 0.994505008062
2811.082863 1.00415102641
2816.553731 1.00072431564
2820.094469 9999
2825.659276 1.02690927188
2831.38033 0.988464355469
2836.903553 0.999560276667
2842.388662 0.998032331467
2847.892615 1.00210769971
2853.514311 1.02927271525
2858.964536 0.965462605158
2864.785184 1.00594329834
2868.307455 9999
2873.891073 1.00255934397
2879.412685 0.976396640142
2884.900344 0.993009964625
2890.469228 1.01372861862
2896.276199 0.991737683614
2901.726968 0.984899361928
2907.279592 1.0053700606
2912.736436 0.984119574229
2918.220614 0.996099948883
2923.743959 1.00294939677
2929.611186 1.00799528758
2937.016096 1.63697870572
2942.419686 0.968558311462
2947.960531 0.994770050049
2953.410824 0.96796242396
2958.863828 0.974470297496
2962.770661 9999
2968.286707 0.989764928818
2973.773635 0.990937709808
2979.414117 1.02502473195
2984.950732 0.992147604624
2990.4704 1.00198173523
2996.221726 0.985419034958
3001.725484 0.991167227427
3007.196525 0.995977322261
3010.787573 9999
3016.385624 1.01829965909
3021.909056 1.00197800001
3027.676207 0.985899368922
3033.213421 1.00661834081
3038.753234 0.994618256887
3042.307861 9999
3047.789351 0.984138409297
3053.310164 1.00294733047
3059.180861 1.01553742091
3064.737156 1.02168933551
3070.255544 0.994164943695
3075.758801 0.979936679204
3081.328883 1.01034053167
3086.885157 0.990957339605
3092.552276 0.989786863327
3098.1573 1.03278462092
3101.644848 9999
3107.196151 1.00794863701
3112.782911 1.01244576772
3118.387713 1.00676767031
3124.123922 0.998100598653
3129.677387 1.01617836952
3135.233485 0.992635726929
3140.801363 1.02851986885
3146.238092 0.984606663386
3153.745764 1.64979203542
3159.580065 1.00971309344
3165.183437 1.02981932958
3170.621427 0.98002354304
3176.141322 0.98798195521
3181.580921 0.981848319372
3187.082355 0.972759008408
3192.951843 1.01219940186
3196.493576 9999
3201.960169 0.986073970795
3207.446771 0.984134753545
3212.898254 0.97740427653
3218.452068 1.0043314298
3224.173868 1.01114265124
3229.793197 1.00925532977
3235.329889 1.00039490064
3240.750868 0.96827507019
3246.254096 0.987568616867
3251.794026 1.01013970375
3257.548599 1.01319201787
3263.082385 1.01779770851
3268.622434 1.02100491524
3274.156399 1.00631435712
3279.695632 1.00270167987
3283.249085 9999.0
3289.03529 1.01320695877
3294.519118 0.989979585012
3299.991579 1.00458423297
3307.577781 1.67446811994
3313.131311 0.996169964472
3318.534899 0.974275986354
3324.256189 1.00000270208
3329.69254 0.990477005641
3335.148065 0.987297614415
3340.616081 0.990030527115
3346.087056 0.995942989985
3351.640015 0.990446647008
3357.410666 0.985655705134
3362.864651 0.983565807343
3368.402206 0.983904997508
3373.854939 0.985139449437
3379.34177 0.996856371562
3384.748564 0.975863695145
3390.63301 1.02122465769
3396.172609 0.989429632823
3401.709667 1.0034310023
3407.143746 0.988052288691
3412.698423 1.0079990228
3418.217806 1.01641941071
3424.041778 0.985636393229
3429.558312 1.0003686746
3435.048476 0.991444985072
3438.603037 9999
3444.035279 0.976386388143
3449.591465 1.00033259392
3457.39694 1.69566265742
3462.963889 0.995713313421
3468.437308 0.984169006348
3473.904885 0.988842725754
3479.391198 0.983434995015
3484.879407 0.981394608816
3490.716491 0.986840645472
3496.302433 1.02186934153
3501.823307 0.99051396052
3507.376992 1.00748411814
3512.830561 0.990980068843
3518.383927 0.99476035436
3524.172512 1.01168632507
3529.611023 0.975691715876
3535.16155 1.00962432226
3538.686288 9999
3544.254135 1.01972031593
3549.688636 0.992733399073
3555.558901 1.01461871465
3561.179063 1.02604675293
3566.766323 0.986210664113
3572.188853 0.976550658544
3577.806806 1.01759537061
3583.410513 1.01019525528
3589.214769 0.98822704951
3594.651015 0.969254334768
3600.124382 0.992984612783
3605.641826 0.99506298701
3613.21338 1.67530496915
3618.734098 0.979191700617
3624.487527 0.970964749654
3629.957597 0.980889956156
3635.47857 1.00964530309
3641.001927 0.991959253947
3646.452679 0.978056669235
3651.989082 0.993104060491
3657.876216 1.02415601412
3663.362986 0.990370591482
3668.883058 0.977033297221
3674.403773 1.00886178017
3679.958186 1.00866508484
3685.477877 1.00598796209
3691.331682 1.00598359108
3696.855956 1.01393063863
3702.306166 0.973577260971
3707.728623 0.972127358119
3713.345598 0.991036017736
3718.883955 1.00622995694
3724.672281 0.989261865616
3730.208622 1.01814834277
3735.714611 0.997269074122
3741.281436 1.01431600253
3746.885424 1.00268340111
3752.388604 0.9952536424
3758.260542 1.02067462603
3763.732574 0.971094528834
3769.249976 0.9906270504
3774.703989 1.00381072362
3780.158794 0.98713739713
3785.643995 0.972170670827
3791.548084 1.0090880394
3797.152382 1.02630742391
3802.67187 0.999512990316
3806.262691 9999
3811.844846 1.00923689206
3817.347793 1.00853737195
3823.118276 0.988167285919
3828.726245 1.00569868088
3834.29361 1.00296060244
3839.765965 0.984042962392
3845.283602 0.994665463765
3850.804193 0.998117367427
3854.759302 9999
3862.214761 1.65162865321
3867.782229 1.00747426351
3873.402201 1.03564866384
3878.925133 1.00190401077
3884.409607 0.993403275808
3890.179867 0.996023654938
3895.700362 0.997078577677
3901.23745 0.982335646947
3906.657516 0.989462296168
3912.244415 1.01076308886
3917.79886 0.991873025894
3923.65444 0.99365401268
3929.189171 1.00192364057
3934.759452 1.01003106435
3940.195947 0.987330357234
3945.700011 0.981196324031
3951.256374 1.00041270256
3957.124124 1.02102065086
3962.680838 1.00999895732
3968.217239 1.00565226873
3973.801766 1.00872794787
3979.338806 1.00490498543
3984.877734 1.00394034386
3990.796295 1.01987409592
3996.233201 0.978577375412
3999.790494 9999
4003.328101 9999
4008.841749 0.995919704437
4014.363567 0.996150016785
4019.918314 0.995076258977
4025.806071 1.00180530548
4031.209994 0.971386114756
4036.694165 0.997199773788
4042.33071 1.02474967639
4047.834073 1.00247732798
4053.354439 1.00700998306
4059.259426 1.02825133006
4064.762007 1.00323534012
4070.398888 1.01211237907
4075.954166 1.02201565107
4081.539938 1.00401306152
4087.029221 0.988869269689
4092.797301 0.994633674622
4098.31747 0.996777375539
4103.737955 0.981944402059
4109.224828 0.987712621689
4116.812959 1.67322397232
4122.316625 1.00204912821
4128.290316 1.03178739548
4133.792606 0.997784296672
4139.414753 1.02967262268
4144.983255 0.989434719086
4150.485642 0.993976751963
4155.922645 0.961597919464
4161.809239 1.01261234283
4167.212856 0.955276330312
4172.800355 1.0232869784
4178.304582 1.00975728035
4183.857707 1.00521063805
4187.447299 9999.0
4193.330578 1.00673564275
4198.800422 0.980724334717
4204.422901 1.01725157102
4207.934904 9999
4213.394199 0.982841650645
4218.947333 1.01382072767
4226.752607 1.65462168058
4232.32288 1.01114249229
4237.876062 0.999670664469
4243.416677 1.00333531698
4247.035591 9999
4252.586236 1.01238632202
4258.440235 1.01585141818
4263.910514 0.98890709877
4269.380198 0.978542009989
4274.867367 0.992661078771
4280.338154 0.976601044337
4285.944323 1.01751732826
4291.745153 1.01302099228
4299.271134 1.6668390433
4304.73703 0.992192268372
4310.307292 1.00343195597
4315.794847 0.981820265452
4321.365125 1.00769877434
4327.118744 0.996715625127
4334.708404 1.66443308194
4340.27923 1.01774803797
4345.880822 1.01656095187
4351.534515 1.00179163615
4357.342254 1.01467402776
4362.892904 0.995363950729
4368.395851 0.987453222275
4373.866663 0.995072364807
4379.420443 1.00331425667
4384.990833 1.00921225548
4390.743956 0.98989367485
4396.265206 1.01417597135
4401.868054 0.998476584752
4407.442513 1.00972533226
4413.025654 0.998872915904
4418.395944 0.964643081029
4424.199389 0.992686986923
4431.77443 1.68464366595
4437.224807 0.988332986832
4442.695148 0.992843310038
4448.316208 1.00693933169
4455.99072 1.69071300824
4463.826376 1.65340693792
4469.413295 1.00072288513
4474.982829 1.00568302472
4480.50653 0.996987024943
4485.923855 0.973903973897
4491.531097 1.0346669356
4497.284977 0.974345048269
4502.768669 0.990667025248
4508.308361 1.00094064077
4513.842722 0.995974620183
4519.413221 1.01748164495
4524.850341 0.969633976618
4530.836715 1.0348953406
4536.457316 1.03747200966
4541.913357 0.984943389893
4547.480852 0.991644700368
4553.06823 1.0175169309
4558.655508 1.0132783254
4564.375956 0.983848333359
4571.964208 1.66410859426
4577.517583 0.987423976262
4583.139535 1.0206758976
4588.541239 0.961786349614
4594.012029 0.975145022074
4599.932864 1.02088991801
4605.536887 1.02335826556
4611.026535 0.999225934347
4616.510368 1.00070492427
4620.086461 9999
4625.602758 0.998363653819
4631.537288 1.02872832616
4637.140192 1.02513941129
4642.693939 1.00744191806
4650.248979 1.67106302579
4655.704085 0.98672469457
4661.559957 0.996342738469
4667.17679 1.01217595736
4672.71378 0.988068580627
4678.253893 1.01673968633
4683.840851 1.02401304245
4689.462019 1.0033853054
4695.261907 1.00551732381
4700.715435 0.991303046544
4706.322611 1.01141738892
4711.790094 0.996996323268
4717.379527 1.0028283596
4722.87996 0.991619666417
4728.650911 0.965488592784
4734.207711 1.01567959785
4739.8254 1.0266866684
4745.263986 0.977625052134
4750.75144 0.991060018539
4756.2692 0.990607976913
4762.17361 1.01047563553
4767.710588 0.994697014491
4773.267287 1.008847634
4778.920348 1.02286839485
4784.440691 1.00633764267
4789.961038 0.982317686081
4795.998505 1.02122831345
4803.45079 1.649573644
4808.974321 0.99911403656
4814.461029 0.978963295619
4819.996453 1.00729401906
4827.86668 1.65015037855
4833.390074 1.00068918864
4838.94406 1.00917665164
4844.510698 1.00550627708
4850.064613 0.997577269872
4857.971802 1.65444095929
4863.557147 1.02206039429
4869.17987 1.02289700508
4874.697449 1.00653934479
4880.284401 1.01780406634
4886.139079 0.999098936717
4891.67693 1.0053580602
4897.095372 0.968236287435
4902.532988 0.981612205505
4908.037168 0.987299919128
4913.656933 1.00135437648
4919.529984 0.99887696902
4927.132139 1.67086998622
4932.669721 1.0070113341
4938.256283 1.01364970207
4943.796115 0.997889041901
4949.733245 0.998659690221
4955.350947 1.0049850146
4960.771384 0.975408951441
4966.34139 1.01135373116
4971.981431 1.04597393672
4977.568419 0.998653729757
4983.43572 1.00853705406
4988.823063 0.957314332326
4994.379756 0.998710632324
4999.899444 1.01230470339
5005.517174 1.02073494593
5010.98744 0.978199323018
5016.991861 1.04015803337
5022.545386 1.00096567472
5028.182725 1.00053564707
5033.68694 0.995763619741
5039.239279 0.999756097794
5044.66286 0.981682697932
5050.613729 1.023021698
5056.101056 0.976469993591
5061.588872 0.965267340342
5067.14149 0.98942065239
5072.745435 1.01156997681
5078.249176 1.00109640757
5084.136032 1.00602332751
5087.843385 9999
5093.361712 1.0051964124
5098.912099 1.01140228907
5104.399608 0.975428342819
5110.055737 1.03120191892
5116.040254 1.03357934952
5121.512821 0.993733008703
5127.215042 1.02948300044
5132.801564 1.00845305125
5138.374896 1.00235899289
5143.928419 0.999889930089
5149.779369 1.00283972422
5155.416772 1.03908260663
5160.986347 1.00228667259
5166.609769 1.03521800041
5172.127396 0.993942975998
5179.635207 1.6510805289
5185.536466 1.02185336749
5191.340524 1.04610935847
5196.813246 0.979257980982
5202.333926 0.983846346537
5207.884889 1.01292697589
5213.588626 1.02220169703
5219.39178 0.99867773056
5224.932367 1.01409896215
5230.56568 0.999155362447
5238.088108 1.64672040939
5243.608477 1.00471131007
5249.465711 1.00637531281
5255.049143 1.01641575495
5260.621253 1.00844303767
5266.039773 0.969952424367
5271.593049 1.01220862071
5275.149978 9999.0
5282.95323 1.66419434547
5290.506058 1.65022158623
5294.061975 9999
5299.612533 0.999473333359
5305.18459 0.997132619222
5311.189704 1.02717836698
5316.639742 0.988586982091
5322.159982 0.979628960292
5327.696675 0.988130251567
5333.284528 1.0121401151
5340.823031 1.6591527462
5346.626238 0.973488648733
5350.183447 9999
5357.73349 1.67915725708
5365.288829 1.66582600276
5372.76357 1.65287335714
5380.583067 1.65578166644
5386.102184 0.998550971349
5391.705772 1.00620325406
5395.295161 9999
5400.896459 1.02137700717
5404.58455 9999.0
5410.42114 1.03274067243
5415.938128 0.995084047318
5421.459014 1.01173233986
5426.962855 0.991080999374
5430.569134 9999
5436.087049 1.00010371208
5441.805635 0.972723325094
5447.34327 1.01061566671
5452.913409 1.01128292084
5458.386659 0.981407086054
5463.953367 1.01225002607
5469.42436 0.996188322703
5475.077821 0.966459671656
5480.6482 1.00187969208
5486.15197 0.977125644684
5491.756206 1.00675566991
5497.209556 0.989188273748
5502.829364 1.02408790588
5510.551518 1.6626077493
5518.073218 1.66333866119
5523.577607 0.988005638123
5529.013388 0.981823762258
5534.484175 0.987320979436
5540.304388 0.982704321543
5545.824567 0.994627634684
5551.29633 0.990133682887
5556.901628 1.00636291504
5562.468921 1.0187458992
5568.005967 1.01061813037
5573.793403 0.975210746129
5579.296802 0.994498650233
5586.884895 1.66398827235
5592.305044 0.976748387019
5599.877368 1.64521201452
5607.664994 1.65594728788
5613.151946 0.982494672139
5618.642465 0.98037870725
5624.126975 0.987776676814
5629.68147 0.998975515366
5633.254569 9999.0
5637.087763 9999
5640.656725 9999
5648.161641 1.65424164136
5653.695673 0.995939254761
5659.132923 0.966674407323
5664.670875 1.01235326131
5670.543628 0.998793681463
5678.011842 1.64596835772
5683.531955 1.00514936447
5689.121233 0.998565038045
5694.773306 1.01303434372
5700.509912 0.984577337901
5706.063922 0.99097665151
5711.617576 0.989185015361
5717.187883 0.986649592717
5722.724806 1.00500528018
5728.280564 0.977186997732
5732.086001 9999
5737.58503 0.995086749395
5743.108008 0.993616978327
5748.661507 0.998397986094
5754.26423 1.0350616773
5759.799787 1.00765903791
5765.670448 0.99405002594
5771.356627 1.02997986476
5776.89665 1.00380309423
5782.314805 0.988673686981
5787.851184 0.978863954544
5793.388719 0.991597016652
5799.427196 1.04415432612
5805.01554 1.02328197161
5810.583074 1.00315904617
5816.120528 1.01434397697
5821.707174 1.01432768504
5827.347504 1.00707888603
5833.298144 1.0223543644
5838.803222 0.999172608058
5844.44206 1.01758432388
5849.944295 0.997205018997
5855.449225 0.968625307083
5860.968706 0.988397677739
5866.954133 1.02598277728
5872.390655 0.974857330322
5877.961231 1.00764369965
5883.515022 0.989189068476
5889.068154 1.01801904043
5894.621688 1.00925270716
5900.458715 0.981877406438
5906.046202 1.02448662122
5911.684013 1.02501225471
5917.153717 0.993441740672
5922.759832 1.01335771879
5928.277619 1.00570964813
5934.165517 1.01029539108
5941.686801 1.65382901827
5947.240171 1.00579897563
5952.710892 0.985604365667
5958.330723 1.01089032491
5962.271744 9999
5967.754731 0.988994757334
5971.258732 9999
5976.759108 0.987155596415
5982.346701 1.01066303253
5987.817572 0.990678230921
5993.320089 0.989954312642
6001.128414 1.64097857475
6006.696054 1.02028330167
6012.169799 0.96138993899
6017.686509 0.989401022593
6023.27359 0.987167278926
6028.877743 1.02642528216
6034.731286 0.98402261734
6040.218712 0.989856084188
6045.788479 1.00979693731
6051.408477 1.03850404421
6056.982365 0.997728427251
6062.650516 1.01568476359
6068.553274 0.994646310806
6076.025382 1.65608874957
6081.59554 1.02055160205
6087.066437 0.987776597341
6092.586173 0.986552000046
6098.055975 0.984243313471
6101.963063 9999
6107.562126 1.03498530388
6113.217296 1.03701663017
6118.820408 1.01385895411
6124.341015 0.999200661977
6129.893778 1.00904496511
6135.667542 0.964295625687
6143.187052 1.66109339396
6148.708404 1.00524163246
6154.295249 0.997729937236
6161.815045 1.65073132515
6167.752381 0.978635708491
6173.222684 0.994620641073
6178.726231 0.989544947942
6184.349002 1.02211960157
6189.933584 1.01921399434
6195.487205 1.01012237867
6201.44153 1.00202067693
6206.928095 0.983840624491
6212.433657 1.00410334269
6216.022451 9999
6221.571851 0.987634023031
6227.19284 1.02717161179
6235.113255 1.67035833995
6240.700102 1.00872929891
6246.221166 0.990472634633
6251.775005 0.989377737045
6257.278483 0.993533293406
6265.269618 1.65760564804
6270.83734 1.01323334376
6276.424397 1.00862177213
6281.931361 0.991073052088
6287.582472 1.01878293355
6293.335145 0.962714195251
6298.839424 0.999187310537
6304.29279 0.962191025416
6309.830257 1.00260368983
6315.466742 1.02197130521
6321.120814 0.983009974162
6326.957537 1.01631689072
6332.631154 1.02183270454
6338.198903 0.984779040019
6343.735429 0.984768629074
6349.308515 1.00309872627
6354.84231 1.00625443459
6360.729884 0.99848206838
6366.300542 1.01004838943
6371.820982 0.996389389038
6377.259795 0.96884004275
6382.778566 0.992488702138
6388.382167 1.00248392423
6394.20513 0.989018281301
6399.873086 1.02077857653
6407.344092 1.64687935511
6412.964804 1.01243011157
6418.467972 0.992003917694
6424.442215 1.00249067942
6430.026165 1.00484704971
6435.547889 1.01129897436
6441.069428 1.01617892583
6446.587634 0.997284412384
6452.224171 1.01267464956
6458.177913 1.00843095779
6463.747822 0.993652423223
6469.252902 0.991936365763
6474.723425 0.978881279627
6480.326682 1.0074403286
6485.862677 0.996884743373
6491.85029 1.00787266095
6497.403816 0.99653895696
6504.908782 1.65758188566
6510.412175 0.996375401815
6515.999633 1.01032702128
6521.919543 0.976784229279
6527.590166 1.0187283357
6535.128599 1.67065731684
6540.716101 1.01704398791
6546.319668 1.02401661873
6550.421445 9999
6555.961102 1.00228103002
6561.49578 1.00782863299
6567.083065 0.987230380376
6572.771973 1.02834065755
6578.390891 1.00533326467
6584.428078 1.0356926918
6589.933493 0.997877677282
6595.535754 1.02420632044
6601.055455 0.985948324203
6606.593027 1.00942571958
6612.197 1.00952498118
6617.933514 0.985367298126
6623.473223 0.990339040756
6628.960297 0.987708012263
6634.461305 0.992263317108
6639.949737 0.984238624573
6645.568374 1.0049897035
6651.389405 1.00401298205
6656.859204 0.983988682429
6662.295771 0.984292030334
6667.850098 0.990228573481
6673.503784 1.01414863269
6677.093632 9999.0
6682.929204 1.00805131594
6688.463601 1.00360234578
6694.000045 0.990669091543
6699.570321 0.997262318929
6705.160961 1.00804162025
6710.745385 1.0078274409
6716.651779 0.986595392227
6722.152491 0.980201721191
6727.808707 1.03084866206
6733.426717 0.999044020971
6738.897084 0.988365332286
6744.383642 0.985646009445
6750.337642 0.993567705154
6755.958498 1.0386847655
6761.528222 1.00747934977
6767.100578 1.00917967161
6772.636466 1.00027799606
6778.089201 0.976168235143
6784.010269 0.98535601298
6789.549159 1.00351055463
6795.136983 0.996529340744
6800.721091 1.01546653112
6806.391678 1.02343893051
6811.878825 0.986462036769
6817.698559 0.976559956868
6823.219397 0.991538683573
6828.872502 1.00921591123
6834.593075 0.986005067825
6840.27988 1.02822724978
6845.817281 1.01073265076
6851.75559 1.00072391828
6855.361364 9999
6860.996056 1.00776465734
6866.631871 1.01884301503
6872.252694 1.00134905179
6877.857638 1.0115146637
6883.776195 0.997196276983
6889.312634 0.996607303619
6894.866818 1.00618354479
6900.370002 1.00006771088
6905.990605 1.0107969443
6911.497735 0.997216304143
6917.284161 0.996254762014
6922.838353 0.98806198438
6928.372278 0.999007940292
6934.011018 1.01533857981
6939.629355 1.0238207976
6945.266465 1.03366263707
6951.320666 1.02553009987
6956.823943 0.969395240148
6962.497817 1.01749404271
6968.08175 1.02438569069
6973.620933 1.02152164777
6979.205908 1.00790556272
6985.162418 1.01384663582
6990.713949 1.00461228689
6996.370309 1.00916838646
7001.887921 1.00897868474
7007.390931 0.992588043213
7012.927835 0.997577031453
7018.881668 1.00111834208
7024.486691 0.987817366918
7030.072679 1.02091240883
7035.642744 1.00430631638
7041.196785 0.999694903692
7046.700111 0.986040989558
7052.590383 1.00075904528
7058.090969 0.995553016663
7063.627983 1.00195860863
7069.214985 1.01139942805
7074.719142 0.988881111145
7080.255929 0.984635591507
7086.142693 1.0190106233
7091.696659 1.02081259092
7097.319766 1.02588160833
7102.820649 0.973619620005
7108.457518 1.00131471952
7114.028055 1.01520768801
7119.965438 0.999038616816
7125.472223 0.991596301397
7131.006672 1.01356569926
7136.579217 0.997950394948
7142.146969 1.00610009829
7147.783534 1.00036803881
7153.621184 0.974215348562
7159.075267 0.975317398707
7164.595934 0.994308074315
7170.14849 0.996189037959
7173.74072 9999
7179.253818 1.00405796369
7185.245489 1.00692367554
7190.780841 1.013083299
7196.333115 1.00756025314
7201.785937 0.961479345957
