21.902395 0.975401818752
40.614973 0.817454993725
62.462395 0.97337603569
84.293541 0.977397346497
106.361559 0.98479231596
128.121805 0.972998523712
146.852777 0.816554415226
165.397585 0.812354648113
184.161081 0.818005037308
202.887866 0.82128316164
221.601586 0.816125702858
240.246797 0.817457175255
261.477357 0.942193710804
279.942314 0.809002220631
298.737742 0.819837892056
317.498356 0.82252907753
336.277306 0.818403303623
355.038905 0.82311154604
376.370122 0.9467020154
395.015585 0.81692956686
413.811679 0.819729721546
432.609314 0.824015319347
454.355301 0.966416811943
473.084258 0.820019340515
494.965133 0.971959507465
513.647364 0.816247224808
532.623116 0.826637685299
551.386051 0.822147202492
573.233685 0.971410965919
591.947439 0.818325400352
610.82514 0.822822213173
632.606105 0.971738040447
654.438107 0.964527714252
673.233349 0.822490012646
694.463529 0.939105546474
713.210497 0.81975030899
735.090521 0.971377933025
754.020468 0.827253472805
776.037732 0.977749752998
797.232049 0.939826452732
816.211762 0.825960552692
837.992311 0.972443020344
859.440422 0.945918500423
881.17405 0.968257033825
900.333261 0.829752922058
919.030159 0.816446006298
940.310496 0.941014611721
961.441197 0.937921345234
983.572435 0.97565356493
1004.752398 0.941435599327
1023.682139 0.818644440174
1044.913343 0.943440699577
1063.876285 0.822236394882
1085.639695 0.969380259514
1104.586171 0.821824812889
1123.315286 0.818114364147
1173.481354 2.3836027503
1192.44369 0.81838747263
1214.342376 0.974499094486
1233.23697 0.818285727501
1254.454779 0.943420958519
1276.548861 0.980097877979
1295.345971 0.816726982594
1316.776278 0.938876771927
1337.956327 0.93874771595
1356.836217 0.817127978802
1375.732322 0.823824751377
1397.714011 0.976387119293
1416.56125 0.819939279556
1435.421065 0.820001852512
1457.385764 0.980201876163
1476.29869 0.818707156181
1497.528902 0.943877840042
1516.52502 0.82314517498
1537.656067 0.93883408308
1556.701442 0.824506664276
1606.570912 2.37712506056
1625.631059 0.823037421703
1644.410512 0.817568778992
1666.524425 0.979151153564
1688.621796 0.982788479328
1707.618358 0.821759784222
1726.481195 0.823547542095
1745.377222 0.82213062048
1764.156548 0.820090532303
1814.03893 2.37139531374
1835.720554 0.952768290043
1857.016742 0.944491732121
1875.946929 0.818138670921
1894.858749 0.823180031776
1913.887912 0.82439622879
1932.834628 0.827784991264
1951.813217 0.824949193001
1970.709725 0.824744009972
1989.471084 0.815651917458
2008.235044 0.820972073078
2027.247269 0.824395108223
2046.046029 0.821220624447
2068.139877 0.980062532425
2086.970013 0.823313438892
2105.898688 0.822696101665
2124.678141 0.821777153015
2143.708152 0.828471684456
2165.022253 0.949163007736
2186.986458 0.97405551672
2205.865178 0.823720705509
2227.829453 0.973236107826
2246.77831 0.82674934864
2265.774487 0.823756277561
2287.72096 0.979635500908
2306.682601 0.82276045084
2328.496144 0.974489510059
2347.475596 0.82513409853
2366.154917 0.816437768936
2387.58486 0.9444008708
2406.380933 0.818112945557
2428.595883 0.981591415405
2450.544043 0.977411675453
2469.60968 0.821698713303
2488.401863 0.820880496502
2510.415957 0.974004006386
2529.362632 0.825041472912
2548.375084 0.821668839455
2569.455133 0.937578856945
2588.585171 0.825344109535
2607.381734 0.822612643242
2629.495051 0.977941894531
2648.357832 0.82034496069
2667.303157 0.821412205696
2689.219131 0.97851048708
2708.13159 0.818739449978
2730.09576 0.977327537537
2751.693164 0.947869455814
2773.057288 0.948206245899
2792.05329 0.820257043839
2813.933415 0.975616502762
2832.896625 0.81939432621
2851.692226 0.821261036396
2873.090263 0.940862524509
2891.969488 0.823257267475
2913.299456 0.942386031151
2963.215985 2.377110219
2984.813962 0.949095869064
3003.726751 0.820299959183
3053.960352 2.38425785303
3073.156611 0.827786290646
3091.851585 0.813659954071
3110.731905 0.818477392197
3132.562287 0.973686826229
3151.60739 0.822928023338
3172.922332 0.943240559101
3191.968622 0.821066856384
3210.796759 0.819803845882
3232.177529 0.939749264717
3254.075258 0.975697040558
3273.238672 0.827938067913
3294.435082 0.937562894821
3313.315751 0.814601290226
3363.264423 2.37706538439
3382.477883 0.826734399796
3401.24155 0.81901538372
3423.387165 0.977850389481
3442.349993 0.827363026142
3461.313036 0.819513142109
3482.577447 0.943478727341
3501.506498 0.817736816406
3520.451718 0.829063796997
3570.551608 2.37859144211
3589.781581 0.827944374084
3611.161579 0.947941946983
