2.230128 0.00217260122299
3.958156 0.00421122312546
5.686925 0.00223281383514
7.393949 0.00318726301193
9.288122 0.00224732160568
11.082325 0.00393090248108
12.993672 0.00236231088638
14.77025 0.00244839191437
16.465022 0.00337492227554
18.234299 0.00335470438004
19.974249 0.00363162755966
21.722841 0.00353479385376
23.602808 0.002195084095
25.487317 0.00405474901199
27.214855 0.00238083600998
28.972657 0.00242737531662
30.708627 0.00267287492752
32.675509 0.00256476402283
34.328067 0.00238174200058
36.103951 0.00224994421005
37.870393 0.00364743471146
39.540199 0.00242903232574
41.375093 0.00268038511276
43.09098 0.00227782726288
44.793674 0.00227957963943
46.510235 0.00225002765656
48.203304 0.00234732627869
49.976246 0.00220996141434
51.685337 0.00273571014404
53.393021 0.00245001316071
55.115161 0.00254056453705
56.823447 0.00262701511383
58.504441 0.00237838029861
60.282863 0.00253695249557
62.053129 0.00330431461334
64.216886 0.00255470275879
65.89491 0.00259478092194
67.596067 0.00267715454102
69.357011 0.00243871212006
71.104656 0.0026873588562
72.894287 0.00247118473053
74.587831 0.00244899988174
76.35504 0.00230221748352
78.086443 0.00280563831329
79.7563 0.00251040458679
81.462301 0.00354024171829
83.18634 0.00239925384521
85.12403 0.00228182077408
86.878636 0.00223467350006
88.687828 0.00229004621506
90.400837 0.00228499174118
92.121742 0.00217804908752
93.916006 0.00810641050339
95.939014 0.00232331752777
97.671032 0.00301369428635
99.384069 0.00241266489029
101.280389 0.00236912965775
102.9989 0.00238126516342
104.742538 0.00356839895248
106.445919 0.00229383707047
108.31809 0.00225920677185
110.185925 0.00245299339294
111.91305 0.00298256874084
113.632687 0.00244743824005
115.381746 0.00344634056091
117.086756 0.00278614759445
118.810891 0.00262249708176
120.500071 0.00231243371964
122.185584 0.00226825475693
123.917174 0.00385570526123
125.731857 0.0030064702034
127.927499 0.00242983102798
129.669148 0.00290328264236
131.421334 0.00455830097198
133.203155 0.00497014522552
134.935526 0.00284365415573
136.719005 0.0029977440834
138.445215 0.00288647413254
140.169432 0.0023278594017
142.044364 0.00236940383911
143.771584 0.00250883102417
145.500258 0.00329308509827
147.306135 0.00347414016724
149.066447 0.00317066907883
150.790278 0.002339220047
152.501822 0.00222034454346
154.282679 0.0026775598526
156.229464 0.00252245664597
158.32411 0.00246268510818
160.137208 0.00250995159149
161.863811 0.00259096622467
163.752953 0.00248154401779
165.481454 0.00356848239899
167.223085 0.00285876989365
168.913345 0.00313266515732
170.737944 0.00253876447678
172.491904 0.00217924118042
174.250168 0.00367377996445
176.013273 0.0045353770256
177.785075 0.00248928070068
179.557032 0.00236530303955
181.256945 0.00231672525406
182.963013 0.00251994132996
184.682229 0.0023069024086
186.405028 0.00423345565796
188.196654 0.0038121342659
190.225599 0.00263495445251
192.002372 0.00264773368835
193.730035 0.00478463172913
195.556997 0.00220741033554
197.258179 0.00271706581116
199.119493 0.00244355201721
201.003819 0.00252635478973
202.677732 0.00234881639481
204.386259 0.00235563516617
206.165091 0.00253508090973
207.884348 0.00235279798508
209.600557 0.0022366642952
211.618986 0.00236314535141
213.308007 0.00230733156204
214.990394 0.00256572961807
216.801862 0.00232578516006
218.544133 0.00379623174667
220.64047 0.00235360860825
222.35205 0.00258566141129
224.105047 0.0053671836853
225.799479 0.00246444940567
227.744093 0.00221606492996
229.49181 0.0030165553093
231.195849 0.00232512950897
233.054707 0.00227876901627
234.807474 0.00378357172012
236.52133 0.00259804725647
238.366195 0.00363229513168
240.094683 0.00328146219254
241.839256 0.00335619449615
243.533309 0.00239832401276
245.306873 0.00243999958038
247.120891 0.00247323513031
248.849669 0.00235915184021
250.590909 0.00337556600571
252.622263 0.00229376554489
254.569907 0.00235832929611
256.467974 0.00460133552551
258.273222 0.00249186754227
260.021891 0.00242190361023
261.692547 0.00251325368881
263.413269 0.00251966714859
265.192079 0.00257111787796
266.936347 0.00396032333374
268.686394 0.00229864120483
270.427841 0.00379611253738
272.241005 0.00225383043289
273.973543 0.00386811494827
275.864907 0.00296791791916
277.576378 0.00232090950012
279.378507 0.003369140625
281.089845 0.00251493453979
283.34545 0.00243065357208
285.125258 0.00243489742279
286.970211 0.00243265628815
288.682396 0.00361733436584
290.5061 0.0026912689209
292.193168 0.00253592729568
293.984971 0.00397192239761
295.745142 0.00341472625732
297.440103 0.00235370397568
299.154376 0.00267530679703
300.93933 0.00493268966675
302.721454 0.00256886482239
304.465279 0.00239999294281
306.278499 0.00304322242737
308.065195 0.00279369354248
309.788227 0.00224533081055
311.721748 0.00230684280396
313.680543 0.00271325111389
315.490422 0.00269923210144
317.355381 0.00250267982483
319.227052 0.00239977836609
320.913739 0.00243519544601
322.614155 0.00312860012054
324.456582 0.00360178947449
326.289702 0.00237550735474
328.092937 0.00309354066849
329.812894 0.00351275205612
331.523532 0.00241754055023
333.271935 0.00227377414703
335.027736 0.0029021024704
336.75049 0.00419095754623
338.530195 0.00341000556946
340.24284 0.00290994644165
341.939094 0.00255191326141
343.632504 0.00242779254913
345.721511 0.00401462316513
347.519008 0.00237164497375
349.189001 0.00259063243866
350.964585 0.00324082374573
352.668284 0.00286399126053
354.40427 0.00367430448532
356.164336 0.00221984386444
357.919221 0.00224388837814
359.609682 0.00222290754318
361.31379 0.00235178470612
363.029092 0.00355234146118
364.96003 0.00278217792511
366.720809 0.00341348648071
368.427585 0.00226565599442
370.15768 0.00386259555817
371.929201 0.00241661071777
373.638804 0.002510201931
375.351825 0.0024918794632
377.596597 0.00322886705399
379.299527 0.00325694084167
380.996025 0.00254747867584
382.734122 0.00286953449249
384.50632 0.00241459608078
386.265406 0.00313054323196
387.96298 0.00232014656067
389.924005 0.00229690074921
391.678361 0.00287687778473
393.442061 0.00489724874496
395.191866 0.00232150554657
396.927911 0.00275912284851
398.636739 0.00236856937408
400.414457 0.00237832069397
402.152871 0.0023929476738
403.803381 0.00233427286148
405.59887 0.00235249996185
407.314968 0.00336010456085
409.374195 0.00240714550018
411.1237 0.00235841274261
412.815503 0.00323705673218
414.536052 0.00258300304413
416.343528 0.0027837395668
418.166473 0.00389705896378
419.924603 0.0030625462532
421.672546 0.00242819786072
423.640181 0.00310181379318
425.590394 0.00247840881348
427.449079 0.00229549407959
429.232744 0.00241293907166
430.904789 0.00239193439484
432.711333 0.00235987901688
434.436443 0.00455785989761
436.208611 0.00239971876144
437.940073 0.00223324298859
440.09249 0.00270214080811
441.884916 0.0026909828186
443.657663 0.00246201753616
445.37618 0.00265009403229
447.122615 0.00237525701523
448.824751 0.00238605737686
450.554721 0.00226773023605
452.305317 0.00235784053802
453.997088 0.00250885486603
455.70416 0.00226666927338
457.562955 0.00459281206131
459.289193 0.00297559499741
461.021022 0.00230666399002
462.759409 0.00264941453934
464.716181 0.00357141494751
466.359809 0.00222054719925
468.06224 0.00241624116898
469.871246 0.0022277712822
472.030373 0.0025775551796
473.857517 0.00491336584091
476.029117 0.0023758649826
477.827632 0.00223793983459
479.573367 0.00230805873871
481.345058 0.00253329277039
483.064089 0.00234607458115
484.857466 0.0025722026825
486.574262 0.00247648954391
488.364012 0.00490244626999
490.210263 0.00246484279633
492.071053 0.00286146402359
493.836878 0.00336904525757
495.599981 0.0024817943573
497.31964 0.00258699655533
499.044531 0.00310397148132
500.770296 0.00328643321991
502.975566 0.00369653701782
504.745972 0.00250276327133
506.494304 0.00227559804916
508.272125 0.00237511396408
510.008892 0.0023424744606
511.705799 0.00237574577332
513.410892 0.00232741832733
515.132473 0.00239989757538
516.864106 0.00319751501083
518.611662 0.00236859321594
520.295537 0.00427141189575
522.002568 0.00225166082382
523.693854 0.00253776311874
525.461601 0.00321453809738
527.158696 0.00276954174042
528.863746 0.00290893316269
530.60818 0.00424153804779
532.299447 0.00256261825562
534.361876 0.00250290632248
536.239852 0.00284907817841
537.944156 0.00292637348175
540.100278 0.00284584760666
541.861214 0.00258541107178
543.628835 0.00235785245895
545.438949 0.0024792432785
547.162178 0.00222524404526
548.859273 0.00240347385406
550.615232 0.00228415727615
552.313394 0.00224363803864
554.025513 0.00283252000809
555.719033 0.00255138874054
557.417331 0.00223425626755
559.149967 0.00457935333252
561.060574 0.00230799913406
562.748269 0.00238018035889
564.712178 0.00234309434891
566.494353 0.00410759449005
568.229571 0.00287128686905
569.957182 0.00257061719894
571.628025 0.00233352184296
573.360625 0.00239214897156
575.079486 0.00227030515671
576.760807 0.00231289863586
578.504023 0.00229834318161
580.241013 0.00355540513992
582.303596 0.00328406095505
584.161775 0.00491539239883
585.964025 0.0025661945343
587.799541 0.00243862867355
589.555101 0.00489319562912
591.31424 0.00312775373459
593.079515 0.00394749641418
595.14358 0.00257605314255
596.909626 0.00511373281479
598.711555 0.00258194208145
600.476052 0.00420569181442
602.239265 0.00235871076584
603.962156 0.00229177474976
605.667935 0.00319172143936
607.464057 0.00459870100021
609.204218 0.00224667787552
610.933477 0.00231990814209
612.614682 0.00249745845795
614.384236 0.0032374382019
616.071451 0.0024312376976
617.918858 0.00288546085358
619.693489 0.00234419107437
621.45078 0.00450233221054
623.195548 0.00240840911865
624.92675 0.00245356559753
627.209754 0.00304664373398
628.954634 0.00389084815979
630.7172 0.00220984220505
632.473415 0.00298593044281
634.212159 0.00262504816055
635.928524 0.00230761766434
637.654839 0.00272296667099
639.32601 0.00227694511414
641.062028 0.00228997468948
642.771251 0.00332418680191
644.655183 0.00314991474152
646.379034 0.00222405195236
648.205399 0.0024161696434
649.942065 0.0023074388504
651.656861 0.00234344005585
653.343811 0.00242112874985
655.063011 0.00262188911438
656.745583 0.0024344086647
659.244177 0.00283313989639
660.943183 0.00367776155472
662.670473 0.00300893783569
664.422852 0.00261487960815
666.151292 0.00262017250061
667.823024 0.00238397121429
669.533641 0.00249367952347
671.362145 0.00322372913361
673.155083 0.0025541305542
674.852244 0.00234707593918
676.544949 0.00245130062103
678.314387 0.00487866401672
680.090252 0.00232771635056
681.835916 0.00509029626846
683.599832 0.00250633955002
685.28244 0.00232692956924
686.9536 0.00236437320709
688.697798 0.00344564914703
690.889692 0.00224947929382
692.634308 0.00353599786758
694.376198 0.00429818630219
696.346675 0.00234850645065
698.071712 0.002498960495
699.760941 0.00273567438126
701.454169 0.00223420858383
703.217194 0.00246216058731
704.990949 0.00284678936005
706.748861 0.0028782248497
708.447507 0.00244061946869
710.195241 0.0024293422699
711.945108 0.00235269069672
713.81955 0.00226746797562
715.612106 0.00232776403427
717.319046 0.00234658718109
719.067865 0.00267353057861
721.277753 0.00250600576401
723.012305 0.0023933172226
724.701097 0.00295939445496
726.415259 0.00232985019684
728.232912 0.0023207783699
729.951759 0.00431724786758
731.696723 0.00251260995865
733.466599 0.0023850440979
735.146883 0.00240343809128
736.823174 0.00238695144653
738.565973 0.00350241661072
740.348255 0.00220813751221
742.055121 0.00230693817139
743.760831 0.00337533950806
745.467392 0.00228691101074
747.123019 0.00245286226273
748.884427 0.00244090557098
750.568525 0.00234591960907
752.660693 0.00238751173019
754.597147 0.00227371454239
756.348915 0.00240280628204
758.149507 0.00276874303818
759.90587 0.00268783569336
761.789896 0.00262033939362
763.495386 0.00233227014542
765.230603 0.00235813856125
766.968604 0.00227898359299
768.743001 0.002252805233
770.534597 0.00257955789566
772.222998 0.00247020721436
773.951603 0.00341825485229
775.678322 0.00273180007935
777.388283 0.0023246049881
779.118949 0.00229781866074
780.861025 0.0022088766098
782.632796 0.002308344841
784.768665 0.0025630235672
786.458742 0.00239859819412
788.221999 0.00228098630905
789.97165 0.00317740440369
791.786282 0.00242989063263
793.733268 0.00233998298645
795.421042 0.00248960256577
797.181657 0.00231800079346
798.889792 0.0029678940773
800.642212 0.00334271192551
802.379737 0.00392442941666
804.102541 0.00227823257446
805.819148 0.00249809026718
807.663003 0.00417572259903
809.387985 0.00261991024017
811.274421 0.0037612080574
813.026882 0.00231647491455
815.177359 0.00407798290253
816.944469 0.00331889390945
818.688392 0.00234346389771
820.427521 0.00366934537888
822.195746 0.00236550569534
824.043458 0.00304392576218
825.878401 0.00250160694122
827.702144 0.00232280492783
829.383569 0.00249648094177
831.279058 0.00239536762238
833.009993 0.00274918079376
834.765348 0.00224939584732
836.500393 0.00250166654587
838.237769 0.00233441591263
840.002186 0.00314379930496
841.777134 0.00227230787277
843.47268 0.00282279253006
845.536083 0.00231845378876
847.291672 0.00455318689346
849.194073 0.00239301919937
850.884557 0.00227028131485
852.570614 0.00232456922531
854.317961 0.00233743190765
856.082933 0.00256328582764
857.817105 0.00312172174454
859.511783 0.00253890752792
861.210824 0.00243439674377
862.938017 0.00506187677383
864.748071 0.00258460044861
866.460538 0.00238978862762
868.267802 0.00277477502823
869.971104 0.003149330616
871.697534 0.00238282680511
873.415611 0.00233561992645
875.133755 0.00243870019913
877.558899 0.00501348972321
879.301637 0.00239505767822
881.14562 0.00300844907761
882.873441 0.00245403051376
884.575937 0.00338464975357
886.338689 0.00273911952972
888.212139 0.00459200143814
890.046862 0.00281312465668
891.721593 0.00239745378494
893.400514 0.00235532522202
895.120877 0.00295329093933
896.807059 0.00251021385193
898.604973 0.00253876447678
900.295149 0.00242480039597
902.177854 0.00370657444
903.983317 0.00247396230698
905.756526 0.00258368253708
907.810483 0.00253237485886
909.510315 0.00232897996902
911.354057 0.00234386920929
913.056588 0.00260971784592
914.822053 0.00450248718262
916.620498 0.00333095788956
918.385704 0.00274842977524
920.212934 0.00253067016602
922.043139 0.00254456996918
923.824976 0.00258418321609
925.537541 0.00231750011444
927.330573 0.00313938856125
929.116838 0.00239435434341
930.833169 0.00263864994049
932.53904 0.00255981683731
934.305193 0.00250837802887
936.016637 0.00291210412979
937.942219 0.00293152332306
940.027637 0.002945291996
941.705645 0.00240287780762
943.48747 0.00251828432083
945.234993 0.00274064540863
946.99155 0.00240198373795
948.788368 0.00279901027679
950.527704 0.00315051078796
952.283231 0.00274109840393
954.005508 0.00257277488708
955.693225 0.002547955513
957.415681 0.00294080972672
959.22157 0.00389872789383
960.938385 0.00250914096832
962.635601 0.00268858671188
964.375258 0.00244551897049
966.231449 0.00309135913849
968.076132 0.00347026586533
969.791076 0.00245286226273
971.798169 0.00268930196762
973.534654 0.00225586891174
975.265555 0.00420789718628
977.023545 0.00249296426773
978.748282 0.00227366685867
980.69313 0.0024765253067
982.471463 0.00258848667145
984.175269 0.00230988264084
985.88238 0.00231119394302
987.779865 0.00255491733551
989.504666 0.00230948925018
991.238604 0.00309854745865
992.998964 0.00292347669601
994.7032 0.00250622034073
996.435734 0.00233454704285
998.311793 0.00255023241043
1000.040984 0.0022635102272
1002.296055 0.00324654579163
1004.045954 0.00249025821686
1005.777896 0.00254021883011
1007.483071 0.00245897769928
1009.18497 0.00234117507935
1010.934794 0.00266481637955
1012.6182 0.00254621505737
1014.488195 0.00245051383972
1016.214758 0.00225449800491
1017.969924 0.00288780927658
1019.700141 0.00303127765656
1021.404616 0.00233489274979
1023.142777 0.00396510362625
1024.835875 0.00395926237106
1026.624008 0.00353174209595
1028.368564 0.00250024795532
1030.075373 0.00229746103287
1031.756449 0.0023357629776
1033.850967 0.00244362354279
1035.546182 0.00275918245316
1037.514909 0.00280236005783
1039.429033 0.00355616807938
1041.19955 0.00253582000732
1043.082101 0.00449161529541
1044.897439 0.00284184217453
1046.623113 0.00230666399002
1048.297704 0.0024344086647
1050.021871 0.00256655216217
1051.790487 0.00249252319336
1053.489576 0.00251715183258
1055.212675 0.0033473610878
1057.016246 0.00254973173141
1058.912823 0.00253069400787
1060.636942 0.00268622636795
1062.35158 0.00248929262161
1064.618026 0.00258438587189
1066.388855 0.00397145748138
1068.072571 0.00229321718216
1069.792016 0.00299504995346
1071.614576 0.00401991605759
1073.328001 0.00241578817368
1075.003808 0.00242425203323
1076.722589 0.00263894796371
1078.509213 0.0030370593071
1080.186281 0.00271795988083
1081.859003 0.00247249603271
1083.552825 0.00275954008102
1085.367861 0.00251598358154
1087.076102 0.00300221443176
1088.918216 0.00254994630814
1090.648334 0.00267624855042
1092.344132 0.00285086631775
1094.1337 0.00271595716476
1096.142791 0.00240602493286
1097.838382 0.00275499820709
1099.540936 0.00245288610458
1101.239354 0.00313112735748
1103.166909 0.00369260311127
1104.916802 0.00259865522385
1106.664682 0.00253059864044
1108.464146 0.00524297952652
1110.223374 0.00255954265594
1111.980376 0.00328090190887
1113.669088 0.00249311923981
1115.415577 0.00236434936523
1117.139357 0.00267001390457
1118.837851 0.00236752033234
1120.558739 0.00256633758545
1122.246753 0.00260835886002
1123.943668 0.00256193876266
1125.733054 0.0046001791954
1127.676406 0.00249960422516
1129.378053 0.00262562036514
1131.145036 0.00360789299011
1132.90636 0.00228435993195
1134.627455 0.0023045539856
1136.388544 0.00420200824738
1138.269756 0.00274319648743
1140.057742 0.00376427173615
1141.752086 0.00289795398712
1143.481138 0.00246313810349
1145.146851 0.00305976867676
1146.936556 0.00310205221176
1148.663073 0.00356163978577
1150.495014 0.00259956121445
1152.234227 0.00257046222687
1153.941414 0.0032674908638
1155.724662 0.00379576683044
1157.463062 0.00261890888214
1159.803234 0.00264024734497
1161.522527 0.00224251747131
1163.257277 0.00221419334412
1165.029038 0.00227669477463
1166.761412 0.00269396305084
1168.471512 0.00245923995972
1170.238588 0.00349931716919
1172.060085 0.00395987033844
1173.865444 0.00253628492355
1175.617262 0.00232512950897
1177.332942 0.00251876115799
1179.076959 0.00500123500824
1180.825946 0.00272073745728
1182.643201 0.0044650554657
1184.454982 0.00247073173523
1186.282426 0.00241805315018
1187.928666 0.0023383975029
1189.646299 0.00222164392471
1191.745783 0.00273011922836
1193.473268 0.00282266139984
1195.159325 0.00233741998672
1196.927689 0.00285985469818
1198.669762 0.00289744138718
1200.592611 0.0022961974144
1202.304833 0.00227122306824
1204.031261 0.00244573354721
1205.95106 0.00283162593842
1207.702863 0.00229932069778
1209.466324 0.00227431058884
1211.406709 0.00266655683517
1213.144192 0.00260277986526
1215.015643 0.00484704971313
1216.686883 0.00247474908829
1218.374108 0.00227566957474
1220.166511 0.00253978967667
1222.267432 0.00254596471786
1224.111299 0.00252366065979
1225.900086 0.00306651592255
1227.643662 0.00423674583435
1229.378372 0.00237514972687
1231.174439 0.00251340866089
1232.958165 0.00238857269287
1234.684513 0.00301004648209
1236.4214 0.0024845123291
1238.114322 0.00238337516785
1239.81676 0.00233334302902
1241.563937 0.002774310112
1243.258371 0.00310801267624
1245.232072 0.00303090810776
1246.935798 0.00237329006195
1248.59506 0.00241622924805
1250.373649 0.0024561047554
1252.091937 0.00310305356979
1254.179965 0.00262215137482
1255.919438 0.00234004259109
1257.625587 0.00236800909042
1259.302781 0.00224673748016
1261.071708 0.00262395143509
1262.825398 0.00233302116394
1264.53543 0.00253868103027
1266.298415 0.00443048477173
1268.041011 0.00421050786972
1269.756594 0.00239865779877
1271.512673 0.00230859518051
1273.213116 0.00292073488235
1275.107423 0.00242578983307
1276.891639 0.00292558670044
1278.636487 0.00432430505753
1280.340981 0.00251715183258
1282.054634 0.00244197845459
1283.82745 0.00253086090088
1285.885171 0.00405122041702
1287.590258 0.00260093212128
1289.327842 0.00244662761688
1291.281194 0.0027972817421
1293.418885 0.00260635614395
1295.125887 0.0023819565773
1296.866329 0.00247279405594
1298.583601 0.00247349739075
1300.283071 0.00264315605164
1302.110201 0.00229371786118
1303.939263 0.00283269882202
1305.680613 0.00333541631699
1307.464947 0.00242356061935
1309.170699 0.00455806255341
1310.939765 0.00457444190979
1312.654055 0.00236177444458
1314.346231 0.00241466760635
1316.492528 0.00291351079941
1318.211332 0.00422676801682
1319.932431 0.00322024822235
1321.804074 0.0023185968399
1323.533042 0.00333391427994
1325.275919 0.00250239372253
1327.052061 0.00481110811234
1328.73577 0.00232187509537
1330.465573 0.00234055519104
1332.22554 0.00286149978638
1334.006662 0.00275900363922
1335.686049 0.00224599838257
1337.406927 0.00263772010803
1339.162001 0.00308020114899
1340.878794 0.0028764128685
1342.723105 0.00418348312378
1344.515745 0.00276819467545
1346.229747 0.00276879072189
1348.616252 0.00557763576508
1350.309819 0.00254101753235
1352.098608 0.00292459726334
1353.829475 0.00257935523987
1355.532358 0.002425968647
1357.309059 0.00242340564728
1359.040841 0.00238121747971
1360.957575 0.00301011800766
1362.766543 0.00257371664047
1364.55609 0.00328398942947
1366.385618 0.00379527807236
1368.22865 0.00588809251785
1370.020471 0.00430297851562
1371.745537 0.00285933017731
1373.585429 0.00380175113678
1375.478798 0.00311502218246
1377.215413 0.00423405170441
1379.412445 0.00322885513306
1381.20295 0.00295135974884
1382.937941 0.00328640937805
1384.6558 0.00279544591904
1386.503481 0.00251662731171
1388.42497 0.0028487443924
1390.18481 0.00264546871185
1391.986135 0.00228564739227
1393.714258 0.00241451263428
1395.433863 0.00269805192947
1397.179694 0.00249176025391
1398.891522 0.00240747928619
1400.631604 0.00379135608673
1402.370554 0.00248621702194
1404.144738 0.00487960577011
1405.917497 0.00411604642868
1407.639272 0.00268399715424
1409.836808 0.00252012014389
1411.570153 0.00251085758209
1413.256805 0.00237127542496
1415.064113 0.00256838798523
1416.794089 0.00235587358475
1418.548042 0.00374393463135
1420.302545 0.00242680311203
1422.02908 0.00333092212677
1423.848115 0.00356643199921
1425.665923 0.00255076885223
1427.377384 0.00231555700302
1429.10721 0.00233730077744
1430.854824 0.00261747837067
1432.590646 0.00247427225113
1434.2868 0.00235661268234
1435.987854 0.00234581232071
1437.902165 0.00225809812546
1439.583476 0.00226367712021
1441.637137 0.00241369009018
1443.353395 0.00254993438721
1445.110048 0.00245459079742
1446.844713 0.00222445726395
1448.673265 0.00232051610947
1450.348267 0.00255885124207
1452.124211 0.00245680809021
1453.818675 0.00240484476089
1455.523116 0.00246776342392
1457.328902 0.00257091522217
1459.004554 0.00250443220139
1460.708416 0.0026108622551
1462.400263 0.00239979028702
1464.155796 0.00278725624084
1465.883914 0.00445284843445
1467.559284 0.00261105298996
1469.298826 0.00300847291946
1471.063623 0.00237065553665
1473.11905 0.00239162445068
1474.848798 0.00250658988953
1476.608451 0.00447598695755
1478.335222 0.00251562595367
1480.107911 0.00231050252914
1481.820356 0.00327042341232
1483.588441 0.00329166650772
1485.47885 0.00230823755264
1487.314928 0.00259857177734
1489.037064 0.0037625670433
1490.872234 0.00245238542557
1492.668558 0.00384659767151
1494.415128 0.00266090631485
1496.143133 0.00234733819962
1497.900806 0.00237990617752
1499.630956 0.00276254415512
1501.460368 0.00248482227325
1503.493071 0.00265673398972
1505.191584 0.00239508152008
1506.880662 0.00245262384415
1508.617099 0.00321027040482
1510.301 0.00243200063705
1512.072506 0.00241576433182
1513.847269 0.00248161554337
1515.567809 0.00252726078033
1517.386225 0.00244982242584
1519.108009 0.00328387022018
1520.834945 0.00253903865814
1522.797553 0.00287531614304
1524.566857 0.00326330661774
1526.237449 0.00260134935379
1527.928458 0.00243762731552
1529.646268 0.00245889425278
1531.33801 0.00277291536331
1533.064426 0.00274125337601
1535.244996 0.00247828960419
1536.971509 0.00388168096542
1538.726898 0.00238242149353
1540.40078 0.00229532718658
1542.123109 0.00243381261826
1543.85408 0.00248132944107
1545.59939 0.00330454111099
1547.400288 0.00244299173355
1549.118702 0.0023598074913
1550.813037 0.00243988037109
1552.54649 0.00382962226868
1554.28613 0.00226604938507
1555.955847 0.00240876674652
1557.743518 0.00229108333588
1559.443285 0.00235443115234
1561.194227 0.00235605239868
1562.94724 0.0031329870224
1564.682231 0.0027791261673
1566.703484 0.0023365855217
1568.550881 0.00229971408844
1570.254979 0.00248025655746
1571.962459 0.00234990119934
1573.687889 0.00268912315369
1575.414295 0.00251022577286
1577.107779 0.00255920886993
1578.826368 0.00253686904907
1580.604843 0.00261601209641
1582.341056 0.00226982831955
1584.104286 0.00319163799286
1585.869539 0.00233861207962
1587.542975 0.00405037403107
1589.294454 0.0024804353714
1591.049319 0.00254567861557
1592.739509 0.0024421453476
1594.565293 0.00234190225601
1596.222301 0.00252733230591
1598.205494 0.00234795808792
1599.94507 0.00235373973846
1601.677245 0.00229573249817
1603.402734 0.00443651676178
1605.24508 0.00352722406387
1606.917676 0.00256527662277
1608.684918 0.00269929170609
1610.422244 0.00229098796844
1612.152638 0.00238554477692
1613.879529 0.00245360136032
1615.671692 0.00262659788132
1617.377285 0.00236891508102
1619.109828 0.0023916721344
1620.884862 0.00237889289856
1622.704138 0.00240154266357
1624.454902 0.00230281352997
1626.243804 0.00244759321213
1627.958797 0.00243504047394
1630.07912 0.00248061418533
1631.845527 0.00253248214722
1633.603054 0.00253125429153
1635.377456 0.00253765583038
1637.114448 0.00477236509323
1638.846867 0.00333063602448
1640.640996 0.00272169113159
1642.433034 0.00246274471283
1644.176666 0.00244022607803
1645.910472 0.00249311923981
1647.667077 0.00312423706055
1649.49721 0.00280200242996
1651.308537 0.00419737100601
1653.003461 0.00270092487335
1654.748962 0.00243993997574
1656.460858 0.00262845754623
1658.185571 0.00240211486816
1660.670023 0.00254110097885
1662.411993 0.00250692367554
1664.114098 0.00244743824005
1665.832984 0.00369231700897
1667.555599 0.00258300304413
1669.31436 0.00262666940689
1671.165543 0.00312050580978
1672.962044 0.0032759308815
1674.673419 0.00257152318954
1676.590759 0.00330852270126
1678.376531 0.00281205177307
1680.103801 0.00246690511703
1681.816506 0.00229554176331
1683.645796 0.00230959653854
1685.523622 0.00255064964294
1687.345045 0.0028662443161
1689.098424 0.00281445980072
1691.313543 0.00245784521103
1693.076853 0.00248780250549
1694.763243 0.00226975679398
1696.482386 0.0024778842926
1698.295369 0.00227682590485
1699.998829 0.00247114896774
1701.749232 0.0025013923645
1703.49774 0.00226207971573
1705.189817 0.00248153209686
1706.87692 0.0025391459465
1708.626841 0.00243558883667
1710.39528 0.00230449438095
1712.182018 0.00267515182495
1713.954594 0.00366342067719
1715.670476 0.00239498615265
1717.519919 0.00491054058075
1719.262678 0.00397689342499
1720.976445 0.00270435810089
1723.208594 0.00246255397797
1724.966065 0.00233596563339
1726.702128 0.00293080806732
1728.469137 0.00255544185638
1730.205662 0.00229462385178
1732.001094 0.00238670110703
1733.799658 0.00275832414627
1735.513528 0.00251439809799
1737.358455 0.00249147415161
1739.067411 0.00240225791931
1740.839138 0.00231109857559
1742.645131 0.00244097709656
1744.437226 0.00330141782761
1746.204508 0.00348922014236
1747.965239 0.00242018699646
1749.751921 0.00398293733597
1751.523526 0.0024273276329
1753.595832 0.00278377532959
1755.298884 0.00419807434082
1757.085583 0.00236904621124
1758.806095 0.00236533880234
1760.494687 0.00267149209976
1762.239533 0.0027204990387
1764.010654 0.00238951444626
1765.721067 0.00249062776566
1767.440278 0.0022252202034
1769.152868 0.00245238542557
1770.889921 0.00247994661331
1772.620317 0.00230674743652
1774.347385 0.00368366241455
1776.220119 0.00248242616653
1777.944735 0.00251140594482
1779.84587 0.00251652002335
1781.524244 0.00273579359055
1783.406028 0.00252106189728
1785.412306 0.0025524020195
1787.32933 0.00242838859558
1789.273545 0.00302382707596
1790.998297 0.00371627807617
1792.714716 0.00241920948029
1794.4968 0.00234303474426
1796.326057 0.00316804647446
1798.141667 0.00247194766998
1800.014633 0.00269141197205
1801.800761 0.00374604463577
1803.543947 0.00298390388489
1805.305371 0.00253474712372
1806.987236 0.00241199731827
1808.789778 0.00313878059387
1810.555643 0.0024542093277
1812.259703 0.00269627571106
1813.957726 0.00230238437653
1816.013809 0.00319317579269
1817.898765 0.00360140800476
1819.782354 0.00239884853363
1821.553236 0.0045395731926
1823.368252 0.00256767272949
1825.122163 0.00252598524094
1826.98817 0.0042377114296
1828.715375 0.00241260528564
1830.411298 0.00270482301712
1832.12699 0.00277616977692
1833.894152 0.00455286502838
1835.584666 0.00233900547028
1837.284462 0.00238524675369
1839.030298 0.00238044261932
1840.871423 0.00244741439819
1842.594184 0.00336412191391
1844.314891 0.00225719213486
1846.463301 0.00240738391876
1848.162117 0.00237481594086
1849.930608 0.00245189666748
1851.748599 0.00324457883835
1853.493066 0.00229985713959
1855.185305 0.00285842418671
1856.889876 0.00413906574249
1858.593144 0.00383605957031
1860.315741 0.00377546548843
1862.150152 0.00230311155319
1863.864668 0.00235823392868
1865.643412 0.00251611471176
1867.419169 0.00319266319275
1869.108023 0.00256531238556
1870.836445 0.00251580476761
1872.590022 0.00251920223236
1874.322188 0.00244635343552
1876.060077 0.00227167606354
1878.301292 0.0031503200531
1880.033324 0.00254895687103
1881.778961 0.00251301527023
1883.482467 0.00290722846985
1885.174213 0.00329016447067
1887.023914 0.00248781442642
1888.748082 0.00261218547821
1890.511383 0.00307099819183
1892.291123 0.00394539833069
1894.277352 0.00290421247482
1896.014633 0.0024124622345
1897.733113 0.00236508846283
1899.45377 0.00341775417328
1901.233704 0.00334441661835
1902.964057 0.00270360708237
1904.725902 0.00332804918289
1906.47903 0.00335538387299
1908.298979 0.00252454280853
1910.430509 0.00241103172302
1912.401162 0.00307878255844
1914.115197 0.00457299947739
1915.83895 0.00241831541061
1917.537836 0.0032436132431
1919.237359 0.00253140926361
1920.887771 0.00254764556885
1922.743281 0.00246509313583
1924.451184 0.0024609208107
1926.19148 0.00273221731186
1927.953226 0.00244826078415
1929.66381 0.00249978303909
1931.395554 0.00250028371811
1933.174392 0.00258345603943
1934.881223 0.00251729488373
1936.636947 0.00302325487137
1938.437157 0.00229482650757
1940.147785 0.00250127315521
1942.13784 0.00240994691849
1943.909233 0.00254445075989
1945.593189 0.00250986814499
1947.391635 0.00239149332047
1949.242143 0.00304857492447
1951.219644 0.00325161218643
1952.969952 0.00246675014496
1954.749237 0.00446321964264
1956.545923 0.00226627588272
1958.269029 0.00312912464142
1960.032389 0.00416185855865
1961.783658 0.00250890254974
1963.496911 0.00250744819641
1965.439613 0.0033851146698
1967.220216 0.0022265791893
1969.048008 0.00269215106964
1970.763493 0.00254541635513
1972.913424 0.00244748592377
1974.635111 0.00248280763626
1976.339491 0.00254551172256
1978.047392 0.00260182619095
1979.841569 0.00253130197525
1981.667552 0.00447561740875
1983.395152 0.00262429714203
1985.236903 0.00231609344482
1986.97116 0.002858710289
1988.693686 0.00225983858109
1990.457671 0.00448557138443
1992.35858 0.00225070714951
1994.366633 0.00267921686172
1996.092018 0.00230947732925
1997.90692 0.00284451246262
1999.661572 0.00259500741959
2001.464918 0.00446219444275
2003.604605 0.00246416330338
2005.347715 0.00230121612549
2007.051912 0.00250270366669
2008.786424 0.00386282205582
2010.515384 0.00226781368256
2012.218666 0.00268619060516
2014.019956 0.00455272197723
2015.752711 0.00242977142334
2017.491727 0.00248188972473
2019.248043 0.00253469944
2021.005243 0.00383949279785
2022.790001 0.00283201932907
2024.667174 0.00238516330719
2026.317083 0.00249626636505
2028.00045 0.00235561132431
2029.680761 0.00237466096878
2031.394622 0.00243448019028
2033.135961 0.00283488035202
2035.178695 0.00414875745773
2036.934599 0.00259239673615
2038.665584 0.00327962636948
2040.39822 0.00317416191101
2042.141358 0.00312936306
2043.9511 0.00522330999374
2045.675433 0.00226293802261
2047.371372 0.00225739479065
2049.143783 0.00263352394104
2050.867467 0.00241342782974
2052.702932 0.00252056121826
2054.44793 0.00446112155914
2056.217645 0.00234427452087
2057.980519 0.00239218473434
2059.738686 0.00264929533005
2061.614304 0.00421776771545
2063.376969 0.00321327447891
2065.290134 0.00258436203003
2067.039568 0.00234085321426
2068.761264 0.00252540111542
2070.539824 0.00467876195908
2072.273158 0.0027577996254
2074.049721 0.00261127948761
2075.851266 0.00256025791168
2077.682814 0.00247966051102
2079.469171 0.00322746038437
2081.371754 0.00383094549179
2083.173692 0.00269743204117
2084.874689 0.00255118608475
2086.637267 0.00258097648621
2088.358996 0.00321780443192
2090.159349 0.00251554250717
2091.922094 0.00306358337402
2093.682467 0.0026126742363
2095.737455 0.00254431962967
2097.445682 0.00285824537277
2099.163676 0.00250383615494
2100.933626 0.00235493183136
2102.666726 0.00267971754074
2104.443578 0.0027166724205
2106.155855 0.00290291309357
2107.916996 0.00245908498764
2109.605944 0.00253123044968
2111.298653 0.00254150629044
2113.208332 0.0023952960968
2114.925807 0.00387219190598
2116.691409 0.00281645059586
2118.432479 0.00294395685196
2120.166199 0.00309873819351
2121.896545 0.00268896818161
2123.627001 0.00289849042892
2125.423409 0.00324304103851
2127.602823 0.00253131389618
2129.263038 0.00248690843582
2130.970819 0.00232564210892
2132.791429 0.00255992412567
2134.551838 0.00253065824509
2136.306218 0.00248034000397
2138.054493 0.00274939537048
2139.829914 0.00243661403656
2141.720369 0.00497875213623
2143.622539 0.00281950235367
2145.33304 0.00245441198349
2147.099925 0.00291221141815
2148.812691 0.00231555700302
2150.569272 0.00226187705994
2152.351938 0.00239291191101
2154.161757 0.00313483476639
2155.905478 0.00336462259293
2157.943414 0.00249338150024
2160.221587 0.00514316558838
2162.030904 0.00253149271011
2163.738437 0.00255897045135
2165.578338 0.00310049057007
2167.269289 0.00252370834351
2169.028056 0.00251586437225
2170.732685 0.00230716466904
2172.495601 0.002288210392
2174.279557 0.00260677337646
2175.967398 0.00227499008179
2177.677158 0.00254975557327
2179.568647 0.00410851240158
2181.295769 0.00232738256454
2183.007174 0.00242692232132
2184.815902 0.00241622924805
2186.604548 0.00262093544006
2188.756562 0.00249645709991
2190.432766 0.00237499475479
2192.295743 0.00255264043808
2194.065349 0.00275657176971
2195.746927 0.00256025791168
2197.437476 0.0024778842926
2199.184748 0.00251363515854
2201.1259 0.00292644500732
2202.886115 0.00238927602768
2204.653222 0.00422194004059
2206.36726 0.00294626951218
2208.19489 0.00368130207062
2210.085414 0.00248923301697
2211.84601 0.00248625278473
2213.553646 0.00259459018707
2215.266552 0.00269473791122
2216.972382 0.00236015319824
2218.697624 0.0033191204071
2221.027173 0.00256094932556
2222.760694 0.00407795906067
2224.594901 0.00402518510818
2226.293473 0.00239149332047
2228.000958 0.00307439565659
2229.856332 0.00357571840286
2231.583667 0.00250383615494
2233.265598 0.00228933095932
2235.133301 0.00251559019089
2236.916657 0.00254013538361
2238.852108 0.00263458490372
2240.642845 0.00391690731049
2242.362883 0.00253610610962
2244.153697 0.00270270109177
2245.863129 0.00321688652039
2247.565926 0.00323638916016
2249.448764 0.00252150297165
2251.612712 0.00335402488708
2253.4374 0.00274784564972
2255.189531 0.00249555110931
2256.891068 0.00253087282181
2258.553126 0.00255640745163
2260.281359 0.00366337299347
2261.999296 0.00255578756332
2263.762838 0.00243455171585
2265.475854 0.00245784521103
2267.296861 0.00264308452606
2269.050079 0.0051006436348
2271.034181 0.00234515666962
2272.784982 0.00239629745483
2274.507041 0.00244090557098
2276.410654 0.00305371284485
2278.363327 0.00311753749847
2280.139031 0.00263171195984
2282.605148 0.00295995473862
2284.361693 0.00259293317795
2286.08095 0.00264109373093
2287.823279 0.00297211408615
2289.642679 0.00244582891464
2291.364175 0.00254106521606
2293.147884 0.00333551168442
2294.879492 0.00257096290588
2296.562018 0.00236673355103
2298.269309 0.00234050750732
2300.028116 0.00495609045029
2301.875663 0.00235298871994
2303.619991 0.00266790390015
2305.357547 0.00246813297272
2307.079728 0.00248204469681
2308.82349 0.00241260528564
2310.508654 0.00239889621735
2312.232037 0.00252457857132
2314.245871 0.00257450342178
2316.004689 0.00243129730225
2317.770079 0.00259032249451
2319.518918 0.00355798006058
2321.220028 0.00263135433197
2322.962898 0.00230631828308
2324.686506 0.00230875015259
2326.48417 0.00256233215332
2328.189275 0.00262326002121
2330.109745 0.00235404968262
2331.872381 0.00233871936798
2333.673583 0.00240434408188
2335.565029 0.00279520750046
2337.26436 0.00248128175735
2339.05382 0.00276067256927
2340.803225 0.00256996154785
2342.508746 0.0024378657341
2344.848819 0.00362972021103
2346.626965 0.00348628759384
2348.354968 0.00247571468353
2350.187701 0.0027237534523
2351.887116 0.00229886770248
2353.637401 0.003375852108
2355.466915 0.00248800516129
2357.273487 0.00367670059204
2358.973245 0.00248891115189
2360.685599 0.00225975513458
2362.513712 0.00385004281998
2364.287117 0.00289143323898
2366.046329 0.00278396606445
2367.78001 0.00258765220642
2369.619276 0.00257281064987
2371.381114 0.00304995775223
2373.121037 0.00245705842972
2375.34342 0.00241539478302
2377.027347 0.0025772690773
2378.756642 0.0027684211731
2380.512061 0.00241659879684
2382.223971 0.00243421792984
2383.951672 0.0025443315506
2385.652557 0.00251381397247
2387.411001 0.00255875587463
2389.163495 0.00456334352493
2390.902665 0.00245574712753
2392.799487 0.00254508256912
2394.568431 0.00265914201736
2396.234239 0.00251877307892
2398.056465 0.00255842208862
2399.774053 0.00254888534546
2401.474487 0.00240721702576
2403.186688 0.00260154008865
2405.239883 0.00234513282776
2407.167125 0.00243679285049
2408.876455 0.00253210067749
2410.556134 0.00257917642593
2412.302152 0.00247784852982
2413.966975 0.00253114700317
2415.764716 0.00331445932388
2417.521251 0.00365175008774
2419.261556 0.00235604047775
2421.053363 0.00352702140808
2422.805951 0.00265718698502
2424.531027 0.00376552343369
2426.265834 0.00335944890976
2427.982366 0.00255446434021
2429.696471 0.00232717990875
2431.388697 0.00224792957306
2433.220919 0.00258899927139
2435.102894 0.003111743927
2436.953666 0.00425661802292
2439.161121 0.00249969959259
2440.866072 0.00245877504349
2442.550951 0.00254399776459
2444.292536 0.00253783464432
2446.08529 0.00253781080246
2447.898102 0.00240856409073
2449.602059 0.00253134965897
2451.461649 0.00248222351074
2453.167917 0.00238869190216
2455.096919 0.00236312150955
2456.86109 0.00243854522705
2458.617015 0.00303894281387
2460.34825 0.00238034725189
2462.130687 0.00459141731262
2463.950949 0.00231393575668
2465.735443 0.00264879465103
2467.437651 0.00242893695831
2469.664784 0.00239658355713
2471.470439 0.00245683193207
2473.223205 0.00236914157867
2474.965424 0.00239481925964
2476.735678 0.00394412279129
2478.483695 0.00227445363998
2480.179244 0.0024465918541
2481.881652 0.00243382453918
2483.615802 0.0023456454277
2485.300497 0.0024668097496
2487.0181 0.00227701663971
2488.8295 0.00226516723633
2490.507944 0.00230083465576
2492.184444 0.00251377820969
2493.878452 0.00242264270782
2495.72403 0.00248272418976
2497.458792 0.0042097568512
2499.153132 0.00234813690186
2501.27769 0.00404880046844
2503.012084 0.00368373394012
2504.750285 0.00479180812836
2506.567554 0.00254930257797
2508.381715 0.00255270004272
2510.059304 0.00246753692627
2511.835957 0.00261669158936
2513.532323 0.00251137018204
2515.310598 0.00232079029083
2517.056504 0.00419236421585
2518.795753 0.00428422689438
2520.792563 0.00237534046173
2522.576684 0.00239622592926
2524.303641 0.00230479240417
2526.031175 0.00235159397125
2527.870231 0.00230065584183
2529.62699 0.00403261184692
2531.578265 0.00412621498108
2533.273498 0.00245094299316
2535.020863 0.00448777675629
2536.777754 0.00423568487167
2538.494951 0.00341440439224
2540.220224 0.00263284444809
2541.973249 0.00223494768143
2543.690409 0.00259932279587
2545.419293 0.00422658920288
2547.205232 0.00288755893707
2548.91565 0.00232607126236
2550.649041 0.00284096002579
2552.313023 0.00257430076599
2554.049008 0.00258342027664
2555.74956 0.00233849287033
2557.442632 0.00260548591614
2559.182848 0.00250918865204
2560.937269 0.00224962234497
2562.942817 0.00242817401886
2564.745464 0.00240503549576
2566.552289 0.0045464515686
2568.329019 0.00378032922745
2570.060701 0.00261372327805
2571.756899 0.00242727994919
2573.498747 0.00257468223572
2575.201125 0.00248385667801
2576.91727 0.00309808254242
2578.629682 0.0025759935379
2580.413108 0.00250248908997
2582.119501 0.00256503820419
2583.839202 0.00248301029205
2585.543155 0.00261617898941
2587.298838 0.00254871845245
2588.977509 0.0025267124176
2590.759625 0.0024963259697
2592.484435 0.00235666036606
2594.468547 0.00252834558487
2596.168164 0.00223424434662
2597.880328 0.00230405330658
2599.570687 0.00290662050247
2601.275838 0.0025426030159
2603.017995 0.00232130289078
2604.878181 0.00301033258438
2606.559687 0.00235812664032
2608.362526 0.00277017354965
2610.07779 0.00274664163589
2611.755364 0.00246758460999
2613.667819 0.00254881381989
2615.459394 0.00234179496765
2617.127175 0.00305578708649
2618.836045 0.00224487781525
2620.535706 0.00231854915619
2622.236869 0.00282810926437
2623.987257 0.00250518321991
2626.003674 0.00244451761246
2627.754905 0.00457651615143
2629.538109 0.00460801124573
2631.302402 0.00524953603745
2633.096922 0.00311813354492
2634.830369 0.0023628950119
2636.559445 0.00236409902573
2638.332572 0.0025129199028
2640.118655 0.0044401049614
2641.8582 0.0034091591835
2643.76523 0.00256370306015
2645.514475 0.00393706560135
2647.249787 0.00261410474777
2649.129962 0.00297240018845
2650.842201 0.00249375104904
2652.530263 0.00257514715195
2654.220008 0.0024992108345
2656.025517 0.00262316465378
2658.005157 0.00253739356995
2659.87564 0.00255308151245
2661.584582 0.00255303382874
2663.276107 0.00253241062164
2664.96382 0.00261013507843
2666.698365 0.00409944057465
2668.383063 0.00249043703079
2670.1806 0.00251359939575
2671.885271 0.00255494117737
2673.588634 0.00298448801041
2675.406498 0.00248794555664
2677.20455 0.00260182619095
2678.94706 0.00262361764908
2680.72566 0.00273619890213
2682.717573 0.00229147672653
2684.470898 0.00235495567322
2686.215905 0.00302854776382
2687.963299 0.00438413619995
2690.045433 0.00241237878799
2691.785276 0.00249714851379
2693.562354 0.00268007516861
2695.275279 0.00241415500641
2696.96728 0.00239868164062
2698.72855 0.003262758255
2700.600017 0.00245362520218
2702.312767 0.00264616012573
2704.033659 0.00240031480789
2705.854947 0.00469292402267
2707.603491 0.00230699777603
2709.317082 0.00265361070633
2711.128695 0.00316447019577
2712.986436 0.00302206277847
2714.690013 0.00243495702744
2716.514053 0.00337897539139
2718.347309 0.00239571332932
2720.397448 0.0025688290596
2722.097394 0.00230165719986
2723.805874 0.00248472690582
2725.511419 0.00281392335892
2727.273536 0.00258494615555
2729.034166 0.0030424952507
2730.813789 0.00226163864136
2732.521652 0.00246239900589
2734.30043 0.00235617160797
2736.061484 0.00263296365738
2737.823148 0.00384681224823
2739.544994 0.00264312028885
2741.352401 0.00237674713135
2743.108016 0.00259487628937
2744.879954 0.00252335071564
2746.623565 0.00421406030655
2748.328774 0.00237284898758
2750.115847 0.00314524173737
2752.270357 0.00248203277588
2753.992667 0.00235068798065
2755.787626 0.00234705209732
2757.491339 0.00269187688828
2759.188162 0.00240626335144
2760.899308 0.00256212949753
2762.63847 0.00285456180573
2764.416766 0.00257761478424
2766.179119 0.00248252153397
2767.950873 0.00239380598068
2769.639763 0.00265043973923
2771.365138 0.00240005254745
2773.290358 0.00267570018768
2775.032745 0.00257039070129
2776.813823 0.00253624916077
2778.636115 0.00439968109131
2780.439432 0.00230598449707
2782.299861 0.00286458730698
2784.565446 0.00247650146484
2786.351442 0.00232622623444
2788.161789 0.00254770517349
2789.889949 0.0024790763855
2791.700494 0.00304243564606
2793.414728 0.00263141393661
2795.140386 0.00320912599564
2796.941667 0.00236051082611
2798.805274 0.00236582756042
2800.569095 0.00230399370193
2802.251697 0.00329986810684
2804.085147 0.0024089217186
2805.793339 0.00248721837997
2807.569792 0.00236065387726
2809.305256 0.00235720872879
2811.048976 0.00256718397141
2812.898325 0.00258609056473
2815.167696 0.00273597240448
2816.880508 0.00244890451431
2818.838017 0.0024542927742
2820.614467 0.00300796031952
2822.378931 0.00293169021606
2824.151312 0.00264275074005
2825.969248 0.00409632921219
2827.73465 0.00255786180496
2829.481631 0.00244922637939
2831.271631 0.00244272947311
2833.030196 0.00270354747772
2834.733608 0.00265289545059
2836.422928 0.00229325294495
2838.208335 0.00262937545776
2839.996312 0.00249669551849
2841.878762 0.00459914207458
2843.625717 0.00237607955933
2845.801953 0.00272122621536
2847.52141 0.00245896577835
2849.243758 0.00385469198227
2850.989944 0.00379199981689
2852.756062 0.00238350629807
2854.560129 0.00299681425095
2856.337746 0.00250964164734
2858.089331 0.00235910415649
2859.794627 0.00244374275208
2861.539786 0.00254828929901
2863.249457 0.00259283781052
2865.152485 0.00252923965454
2866.872505 0.00257322788239
2868.659804 0.00244830846786
2870.402614 0.00241540670395
2872.176916 0.00282641649246
2873.902728 0.00231492519379
2875.705041 0.00297558307648
2877.741147 0.00459514856339
2879.69795 0.00250096321106
2881.437305 0.00276312828064
2883.195695 0.00258837938309
2884.972692 0.00333214998245
2886.793691 0.00249347686768
2888.625728 0.00240108966827
2890.338051 0.00281066894531
2892.073963 0.00238798856735
2893.765982 0.00254751443863
2895.492619 0.00250504016876
2897.359276 0.00301604270935
2899.069509 0.00254039764404
2900.844299 0.00254654884338
2902.676084 0.00244544744492
2904.550203 0.00290875434875
2906.372548 0.00335538387299
2908.727532 0.00382529497147
2910.448064 0.00297099351883
2912.237283 0.00249798297882
2913.944622 0.00252104997635
2915.70597 0.00249056816101
2917.620829 0.0043518781662
2919.447406 0.00487450361252
2921.389115 0.00256283283234
2923.216671 0.00252667665482
2925.02153 0.0024197101593
2926.80278 0.00252600908279
2928.553462 0.00268292427063
2930.356777 0.00234308242798
2932.074867 0.00230592489243
2933.917897 0.00248792171478
2935.613917 0.00236684083939
2937.334905 0.00249006748199
2939.40862 0.00242251157761
2941.144022 0.003619992733
2942.884268 0.00264087915421
2944.666019 0.00231084823608
2946.40303 0.00255254507065
2948.208739 0.00328962802887
2950.01678 0.00233019590378
2951.797689 0.00251560211182
2953.590104 0.00258291959763
2955.334007 0.00242125988007
2957.044387 0.00251615047455
2958.801269 0.00427007675171
2960.615561 0.00254091024399
2962.368178 0.00341585874557
2964.176689 0.00388038158417
2965.901425 0.00256191492081
2967.625469 0.00289143323898
2969.333668 0.00239673852921
2971.304377 0.00243934392929
2973.001119 0.00239664316177
2974.784733 0.00260826349258
2976.461617 0.00225557088852
2978.180891 0.00222808122635
2979.93555 0.00247490406036
2981.628491 0.00240726470947
2983.351509 0.0025466799736
2985.033168 0.00241878032684
2986.825807 0.00230345726013
2988.517347 0.0026740193367
2990.206371 0.00244270563126
2992.063336 0.00341582298279
2993.791843 0.00245368480682
2995.589697 0.00244837999344
2997.442116 0.00247155427933
2999.226927 0.00285375118256
3000.890002 0.00253710746765
3003.123429 0.00243283510208
3004.875208 0.00255484580994
3006.534093 0.00230133533478
3008.265296 0.00284898281097
3009.965946 0.00245735645294
3011.718397 0.00257608890533
3013.579756 0.00263171195984
3015.335769 0.00254287719727
3017.069834 0.00356656312943
3018.79551 0.00234614610672
3020.602295 0.00360221862793
3022.352786 0.00469343662262
3024.192172 0.00274742841721
3025.887312 0.0024792432785
3027.657887 0.00426369905472
3029.500769 0.00241467952728
3031.250271 0.00266703367233
3032.959617 0.00290458202362
3035.027266 0.00236266851425
3036.784128 0.00249356031418
3038.482917 0.00238969326019
3040.438315 0.00228816270828
3042.262762 0.00262793302536
3043.965469 0.00254148244858
3045.719496 0.00235512256622
3047.419656 0.00285813808441
3049.11794 0.00234305858612
3050.820593 0.00232665538788
3052.554801 0.00253608226776
3054.216432 0.00253417491913
3055.984754 0.0042039513588
3057.667672 0.00236752033234
3059.452687 0.00243937969208
3061.140654 0.00245378017426
3062.823262 0.00264720916748
3064.516345 0.00253318548203
3066.822269 0.00828120708466
3068.577875 0.00246548652649
3070.328322 0.00268213748932
3072.316047 0.00308500528336
3074.138489 0.00238482952118
3075.817956 0.00234092473984
3077.610407 0.00234186649323
3079.338699 0.00335288047791
3081.16295 0.00319242477417
3082.884073 0.002370429039
3084.616773 0.00236855745316
3086.403182 0.00288593769073
3088.154652 0.00254999399185
3089.876471 0.00254628658295
3091.557478 0.00239967107773
3093.298272 0.00388069152832
3094.993891 0.00229024887085
3097.092442 0.00391986370087
3098.898949 0.00283710956573
3100.615403 0.00244228839874
3102.335832 0.0032531619072
3104.258162 0.00421501398087
3106.035162 0.00350540876389
3107.83076 0.00237377882004
3109.55333 0.00263110399246
3111.302578 0.00324428081512
3112.98314 0.00279817581177
3114.70291 0.0024013876915
3116.399329 0.00233135223389
3118.341065 0.00225524902344
3120.079113 0.00355495214462
3121.795617 0.00263785123825
3123.51073 0.00321950912476
3125.247464 0.00263864994049
3126.930935 0.00225265026093
3129.178678 0.00362370014191
3130.976505 0.00244777202606
3132.815349 0.00393350124359
3134.773408 0.00279372930527
3136.544841 0.00309791564941
3138.297664 0.00277231931686
3140.097078 0.00261309146881
3141.842446 0.00226310491562
3143.587693 0.00255241394043
3145.271988 0.00250856876373
3146.99878 0.0025815486908
3148.877899 0.00256358385086
3150.5963 0.00259791612625
3152.327118 0.00252828598022
3154.034177 0.00239000320435
3155.697968 0.00230603218079
3157.372831 0.00256590843201
3159.497172 0.00238938331604
3161.270127 0.00279239416122
3162.980623 0.00291523933411
3164.654112 0.00239570140839
3166.392948 0.00241125822067
3168.203172 0.00342119932175
3170.018136 0.00255962610245
3171.733098 0.00265908241272
3173.432936 0.00265748500824
3175.177521 0.00399594306946
3176.903257 0.00333516597748
3178.715917 0.00242459774017
3180.448503 0.00262415409088
3182.185874 0.00384516716003
3184.00485 0.00299286842346
3185.685873 0.00252786874771
3187.459711 0.00235397815704
3189.226944 0.0024970293045
3191.989784 0.00367767810822
3193.732292 0.00254697799683
3195.743878 0.00247846841812
3197.502962 0.00369415283203
3199.348891 0.00235654115677
3201.085065 0.00224902629852
3203.129215 0.00228824615479
3204.832263 0.00235065221786
3206.560864 0.00402069091797
3208.287022 0.00244514942169
3210.004791 0.00272294282913
3211.930806 0.00346976518631
3213.635291 0.00249766111374
3215.4212 0.00268412828445
3217.321119 0.00241476297379
3219.016513 0.00431913137436
3220.693677 0.00240228176117
3222.957308 0.00248186588287
3224.731916 0.00391399860382
3226.548759 0.00291221141815
3228.289674 0.00300579071045
3230.055886 0.00229953527451
3231.768234 0.00229985713959
3233.495302 0.00230994224548
3235.197981 0.00294359922409
3236.940899 0.00234944820404
3238.668219 0.00332454442978
3240.389988 0.00257331132889
3242.112904 0.00259816646576
3243.850496 0.00268964767456
3245.59655 0.00231816768646
3247.314618 0.0022705078125
3249.071819 0.00327104330063
3250.917914 0.00315098762512
3252.677499 0.00234899520874
3254.984699 0.00236614942551
3256.800044 0.00231757164001
3258.535967 0.00274282693863
3260.360801 0.00278875827789
3262.121141 0.00293920040131
3263.92603 0.00227603912354
3265.636646 0.00256817340851
3267.499936 0.0026066660881
3269.19204 0.00265023708344
3270.943657 0.00243510007858
3272.841866 0.00246969461441
3274.533466 0.00237510204315
3276.352351 0.00358865261078
3278.090048 0.00253846645355
3279.854222 0.00237798690796
3281.590553 0.00236738920212
3283.508975 0.00256056785583
3285.541517 0.00260766744614
3287.318242 0.00265786647797
3289.131688 0.00257738828659
3290.832436 0.00257499217987
3292.553168 0.0022870182991
3294.330257 0.00244581699371
3296.053658 0.00245642662048
3297.819738 0.00263650417328
3299.582799 0.00233849287033
3301.245331 0.0024921298027
3303.023921 0.00229253768921
3304.821935 0.00253365039825
3306.685367 0.00296289920807
3308.53484 0.00315135717392
3310.238714 0.00256048440933
3312.039018 0.00242185592651
3313.999206 0.00281797647476
3316.231051 0.00417509078979
3317.950728 0.00240579843521
3319.746858 0.00256021022797
3321.578306 0.00226625204086
3323.421631 0.00280138254166
3325.210551 0.00247135162354
3326.984799 0.00243909358978
3328.684541 0.00299665927887
3330.457384 0.00253641605377
3332.172553 0.00249488353729
3333.937734 0.0025407910347
3335.711055 0.00265723466873
3337.373053 0.00248998403549
3339.145556 0.00241060256958
3340.972607 0.00262229442596
3342.81199 0.00440940856934
3344.500985 0.00254391431808
3346.550849 0.0024111866951
3348.291707 0.00379067659378
3350.24381 0.00229578018188
3352.073852 0.00240211486816
3353.811474 0.00227373838425
3355.526314 0.0023717045784
3357.425795 0.00285317897797
3359.14124 0.00236045122147
3360.90676 0.00251467227936
3362.649697 0.00249950885773
3364.360334 0.00252735614777
3366.063666 0.00297397375107
3367.826472 0.00248807668686
3369.577467 0.00330082178116
3371.495794 0.00249308347702
3373.323521 0.00277733802795
3375.054861 0.00251135826111
3377.310212 0.0026286482811
3379.102086 0.00379440784454
3380.83684 0.00236474275589
3382.591394 0.00243649482727
3384.342422 0.00247975587845
3386.006743 0.00262885093689
3387.756865 0.00333781242371
3389.625634 0.00253090858459
3391.348537 0.00346587896347
3393.058409 0.00244033336639
3394.827203 0.00358906984329
3396.663189 0.00307193994522
3398.453219 0.00241076946259
3400.248071 0.00287829637527
3401.975387 0.00342689752579
3403.889087 0.00360618829727
3405.636875 0.0025115609169
3407.777682 0.00248394012451
3409.514413 0.00243954658508
3411.216043 0.0023556470871
3413.08504 0.00259890556335
3414.867296 0.00235575437546
3416.616393 0.00310990810394
3418.430006 0.00249034166336
3420.171736 0.00310362577438
3421.944375 0.00245963335037
3423.698022 0.0051073551178
3425.569949 0.00254056453705
3427.395562 0.00261516571045
3429.217856 0.00246485471725
3430.970875 0.00300265550613
3432.71523 0.00243624448776
3434.598107 0.00279651880264
3436.561942 0.00243866443634
3438.497734 0.00264884233475
3440.329119 0.00244219303131
3442.074616 0.00269656181335
3443.901462 0.00251131057739
3445.578579 0.00257703065872
3447.326505 0.00422384738922
3449.190891 0.00424478054047
3450.944506 0.00336638689041
3452.776297 0.00289199352264
3454.488679 0.00246305465698
3456.162309 0.00257592201233
3457.960267 0.0025429725647
3459.763189 0.00256351232529
3461.513942 0.002512550354
3463.274672 0.00373593568802
3464.986816 0.00260127782822
3466.733518 0.00286558866501
3468.524947 0.00235837697983
3470.74675 0.00263940095901
3472.473831 0.00280268192291
3474.364279 0.00319344997406
3476.230348 0.00276969671249
3477.944171 0.00260577201843
3479.649262 0.00243703126907
3481.395262 0.00247098207474
3483.161455 0.00228091478348
3484.999492 0.00413653850555
3486.737862 0.00240139961243
3488.47098 0.00263750553131
3490.179781 0.00286864042282
3491.908345 0.00253849029541
3493.851111 0.0024987578392
3495.609958 0.00425969362259
3497.568172 0.00252830982208
3499.323191 0.00264072418213
3501.750544 0.00254633426666
3503.546174 0.00241813659668
3505.289212 0.00256906747818
3507.004025 0.00388674736023
3508.73936 0.00277043581009
3510.466695 0.00293885469437
3512.347405 0.00310996770859
3514.082495 0.00254738330841
3515.902502 0.00251052379608
3517.743043 0.0026210308075
3519.435386 0.00254950523376
3521.227507 0.00248726606369
3522.944457 0.00239616632462
3524.715669 0.00523040294647
3526.466678 0.00240186452866
3528.199904 0.00267924070358
3530.068452 0.00237294435501
3532.568209 0.00250458717346
3534.439727 0.00253926515579
3536.157004 0.00245923995972
3537.862275 0.00251952409744
3539.58827 0.00283840894699
3541.360725 0.00315858125687
3543.08322 0.00243844985962
3544.94114 0.00255529880524
3546.683883 0.00342577695847
3548.505684 0.00295075178146
3550.361297 0.0025007724762
3552.092825 0.00261398553848
3553.845115 0.00251439809799
3555.557904 0.00239783525467
3557.271176 0.00264075994492
3558.961643 0.00253169536591
3560.893024 0.00280941724777
3563.091637 0.00318963527679
3564.855525 0.00479332208633
3566.634947 0.00249036550522
3568.367193 0.0025443315506
3570.144 0.00281645059586
3571.888427 0.00296725034714
3573.7025 0.00259705781937
3575.514688 0.00250879526138
3577.312352 0.00340054035187
3579.025419 0.00236833095551
3580.76003 0.00264611244202
3582.496279 0.00255017280579
3584.163923 0.00237202644348
3585.91183 0.00496686697006
3587.7008 0.00297379493713
3589.418498 0.00252268314362
3591.212734 0.00245267152786
3592.926793 0.00270795822144
3594.920998 0.00329478979111
3596.644047 0.00229699611664
3598.506783 0.00223172903061
3600.28474 0.00234421491623
