18.073741 5.23300600052
36.304633 5.28445068995
53.336513 4.86172596614
70.213075 4.86550712585
87.24247 4.86965767543
104.404582 4.94156678518
121.634423 4.92025661469
184.584799 20.202984333
201.92907 4.97247576714
219.190682 4.9692996343
282.721649 20.3516402245
300.336767 5.02354073524
364.002714 20.4349096616
381.611408 5.03909039497
445.24568 20.4160048962
462.841935 5.0208170414
480.385699 5.05023296674
498.116514 5.05132508278
517.079089 5.52420163155
534.926037 5.11835638682
552.505546 5.05327566465
616.33801 20.4446636836
634.03301 5.06128835678
652.931109 5.49547203382
670.93043 5.13734841347
688.627215 5.10173225403
706.520886 5.12178953489
725.471358 5.51809366544
743.298194 5.08316532771
762.328984 5.53409274419
781.326154 5.49317200979
799.472798 5.21178595225
817.272867 5.0839694341
881.002384 20.4462406635
900.098722 5.51950303713
917.744793 5.07511901855
981.659004 20.4550400575
999.472355 5.08640185992
1018.336713 5.48319101334
1037.284862 5.46592863401
1054.880166 5.05560207367
1118.761638 20.4426483313
1182.976529 20.5483340422
1247.493846 20.6557133993
1266.855642 5.60293372472
1284.455219 5.0525376002
1348.465783 20.4890826543
1412.764596 20.5918463071
1431.878445 5.51977030436
1449.558332 5.08192340533
1515.139924 21.0127163728
1579.672838 20.6531896591
1597.438893 5.07795969645
1662.984136 21.026252985
1727.368589 20.6072273254
1745.112786 5.0592610836
1810.847571 21.1000573635
1875.225759 20.6065738996
1893.108256 5.10642997424
1912.05314 5.50049535433
1976.134248 20.5062409242
1995.416568 5.57150864601
2013.098515 5.07093890508
2077.176672 20.5027182897
2094.926328 5.06933204333
2112.605862 5.08431800207
2130.482819 5.09390528997
2149.380182 5.48541943232
2167.210363 5.07297627131
2230.992985 20.4444766045
2295.30871 20.5809140205
2359.70378 20.6135057608
2377.584114 5.09803708394
2395.283373 5.0885989666
2414.545374 5.55750846863
2432.277588 5.09053341548
2497.743049 20.9561573664
2515.63682 5.10852034887
2579.701513 20.5421626568
2597.51722 5.09162632624
2615.230938 5.09088508288
2679.225226 20.468979756
2697.025409 5.07589562734
2714.71959 5.07257199287
2732.55225 5.0969119072
2750.278081 5.09189796448
2769.359584 5.50804527601
2834.709344 20.9697875977
2853.956285 5.56403501829
2917.937322 20.511092027
2937.18538 5.55970962842
3001.432677 20.5987536112
3019.212872 5.0675043265
3036.8931 5.07894301414
3054.722639 5.09247231483
3073.68629 5.50510962804
3091.533077 5.0765487353
3155.380672 20.4593846798
3174.528546 5.51690530777
3193.576526 5.53176172574
3211.476259 5.09171827634
3229.202437 5.08080069224
3293.283659 20.4854429563
3311.30117 5.15009363492
3330.429172 5.55401500066
3348.345047 5.10317969322
3367.222366 5.47959597905
3386.486645 5.5493153731
3404.182825 5.0798842907
3422.246828 5.16622400284
3486.244419 20.4958526293
3550.442418 20.5306396484
3568.272676 5.0978872776
3632.553415 20.6027967135
3696.968726 20.6091999213
3716.066255 5.51064141591
3735.013486 5.49870435397
3799.164735 20.4993399779
3863.459355 20.5737470786
3927.723911 20.5595279535
3945.503924 5.07280778885
4009.635443 20.5501635869
4074.001351 20.569690307
4093.314335 5.56726066271
4111.060719 5.10183032354
4130.125169 5.4905889829
4149.225021 5.54557625453
4168.35333 5.50124756495
4232.171018 20.4576148987
4296.699782 20.625940005
4314.412764 5.04042696953
4380.061584 21.0527772903
4397.845165 5.05258568128
4415.541292 5.08698066076
4433.401484 5.07858419418
4451.030764 5.0664203167
4514.928966 20.4279363155
4532.725921 5.04960934321
4551.425753 5.4094423453
4569.335512 5.08936532338
4587.068699 5.09127966563
4604.929537 5.08299907049
4622.592648 5.07621502876
4686.539905 20.450769345
4750.690905 20.5120859941
4815.273099 20.6418923537
4879.884356 20.6655942599
4944.2822 20.5817123254
4962.11225 5.06944902738
5026.19578 20.5465676785
5045.44162 5.54341801008
5109.572835 20.5501643817
5127.386314 5.05893762906
5145.098639 5.07341003418
5162.978516 5.08064540227
5226.726566 20.4329806169
5291.04162 20.5749786695
5310.15549 5.49966096878
5327.906025 5.09526173274
5347.200516 5.55005637805
5411.030388 20.4590916634
5428.860579 5.06879138947
5492.82578 20.5085714658
5557.272954 20.6233003139
5576.354085 5.49235932032
5594.101093 5.09689362844
5612.017734 5.08761731784
5630.963564 5.49885757764
5648.824916 5.07647371292
5666.571424 5.08422541618
5685.585061 5.46211385727
5703.248922 5.07811236382
5722.379551 5.5014954408
5741.480846 5.54623969396
5760.561409 5.48648627599
5824.405905 20.4597587585
5842.185156 5.05833427111
5861.266591 5.53773196538
5879.183287 5.08881473541
5896.876529 5.08075332642
5914.739521 5.06556296349
5933.637716 5.48629935582
5952.7025 5.46893628438
6016.632714 20.4939872424
6034.499083 5.09189097087
6053.593458 5.54237961769
6072.660451 5.47933109601
6090.357078 5.08746504784
6154.368639 20.4544612567
6173.553361 5.51997407277
6237.467273 20.4911699295
6301.945127 20.6047076384
6321.126453 5.50427746773
6338.889454 5.10228729248
6356.786549 5.09619466464
6420.884091 20.530548652
6438.797363 5.0916103522
6504.33 21.0313177109
6568.847894 20.6129256884
6633.292394 20.5993709564
6651.142647 5.07725675901
6715.236735 20.5376603603
6780.789063 20.9875766436
6846.851805 21.1325170994
6866.003172 5.50988268852
6883.679299 5.07742055257
6947.810756 20.4906969865
6965.760606 5.08842102687
7029.822099 20.5325683753
7049.10234 5.54864573479
7113.454254 20.629559358
7178.001979 20.631284078
7197.197399 5.51420942942
7261.31123 20.545989275
