87.578678 4.27332959175
174.337749 4.23351494074
260.08794 4.19443274736
340.313939 3.91914043427
426.649795 4.22738215923
508.377379 3.9910205245
596.220671 4.29825387001
668.257697 3.50822789669
750.139931 3.99818502665
836.650956 4.23396861553
908.772374 3.51080540419
995.404808 4.23932585716
1081.951471 4.23796120882
1168.499478 4.23518949747
1255.317173 4.24025051594
1342.089679 4.24204404354
1428.788132 4.23805507421
1516.535688 4.29734938145
1520.746603 9999
1606.953815 4.23468306065
1611.218331 9999
1615.028427 9999
1700.422602 4.19682406187
1787.038777 4.23486893177
1873.986931 4.24394899607
1960.680404 4.23915635347
2047.321914 4.23803566694
2119.316571 3.51010304689
2191.512618 3.51669992208
2263.571248 3.51198167801
2350.287387 4.24515616894
2436.064458 4.18393759727
2521.850604 4.18993754387
2608.487036 4.24014327526
2612.753287 9999
2691.132573 3.84204609394
2769.913967 3.84377714396
2855.602272 4.19188092947
2927.575133 3.5090313673
2999.796046 3.51250091791
3004.084381 9999
3082.142907 3.82731238604
3170.033343 4.29964834452
3249.105531 3.86086322069
3335.757616 4.23621770144
3407.685532 3.50506190062
3411.79031 9999
3483.537833 3.51460143328
3570.29525 4.24006509781
3574.567954 9999
3660.8112 4.23731324673
