8.494341 6.4712460041
16.576022 5.90873289108
25.112887 6.38538980484
34.074951 6.83087420464
42.921088 6.60842490196
51.843311 6.77490401268
60.49121 9999
69.404921 6.75720596313
78.252233 6.62318491936
86.762917 6.38299679756
94.878502 5.94496488571
103.438825 6.41190886497
112.364878 6.67768883705
120.793342 6.29714989662
129.62283 6.67335295677
138.278866 6.52818894386
146.951554 6.4066491127
155.664195 6.55710101128
163.743573 5.93502998352
172.600306 6.72094297409
180.899887 5.93388295174
190.334764 7.31029987335
199.323089 6.83620405197
207.80321 6.37473201752
216.38829 6.37026309967
225.191266 6.66508102417
233.628096 6.31859493256
242.977168 7.21317911148
251.967085 6.61247801781
260.457728 6.35419797897
269.582204 9999
278.60359 6.90343403816
287.647271 6.67506313324
296.418847 6.65975117683
305.224231 6.69059991837
313.748329 6.41219806671
322.610516 6.62794613838
331.556402 6.89731311798
340.046431 6.36244511604
348.743645 9999.0
357.459279 6.36100697517
365.613996 6.01727604866
374.10128 6.37108302116
382.250093 6.04326915741
391.459351 6.85478401184
400.155829 9999
408.611118 6.35329914093
417.497831 6.74710798264
425.737878 9999
433.707975 5.86268615723
442.090284 6.26191115379
450.877211 6.65796804428
459.126395 5.92677402496
467.127325 5.8841240406
475.898355 6.64699697495
484.768722 6.75461578369
493.371449 6.34836697578
502.260219 6.77704906464
510.338176 5.95301604271
519.314494 6.87124705315
527.943528 6.37845301628
536.361696 6.29402685165
544.514265 5.99812102318
552.55792 5.92377090454
561.026574 9999
569.574916 6.42368102074
577.56661 5.88293099403
586.437801 6.75379800797
594.959926 6.26958680153
603.601324 6.52423810959
611.601569 5.87821793556
619.674001 5.94542598724
628.235778 6.31910300255
636.933245 9999
645.198576 6.13681316376
654.153777 6.84712100029
662.746686 6.34402799606
671.257778 9999
680.011842 6.61865305901
688.419229 6.26931214333
697.483894 6.71385288239
706.619759 9999
715.282531 6.52850699425
723.404153 9999.0
732.307365 6.64589810371
741.140135 6.71015000343
749.77821 6.50528597832
758.375501 6.44747805595
766.661252 6.00740814209
774.712546 5.92600703239
783.201189 6.33046984673
792.259207 6.92755007744
800.473856 5.94053506851
809.00684 6.41130900383
817.780545 6.63590693474
825.903772 5.97924804688
834.196453 9999
842.672045 6.35277199745
851.12212 6.34318208694
859.691602 6.46234703064
868.491799 9999
877.007141 6.39870810509
886.080988 9999
894.824518 6.6437561512
903.561533 6.48902606964
911.524146 5.85090994835
919.919467 6.26417803764
928.447141 6.39214205742
937.458558 6.76404309273
945.994723 6.40591287613
954.914631 6.77599096298
963.470851 6.41645884514
972.085043 6.34761190414
980.833465 6.61265087128
989.412959 6.47357296944
997.376066 5.83548021317
1006.22852 6.41984701157
1014.767062 6.41149687767
1023.262369 6.36387705803
1031.788868 6.39868092537
1040.843883 9999
1049.569886 6.57953190804
1057.6445 5.95905709267
1066.21617 6.43809604645
1074.952615 6.46072888374
1083.43517 6.34583616257
1091.406739 5.83599805832
1099.381838 5.84236288071
1108.205646 6.58623600006
1116.24854 5.92699694633
1124.775634 6.41144514084
1133.269325 6.3572769165
1141.873575 6.3390610218
1151.193897 7.18853616714
1159.271263 5.95889592171
1167.836161 6.42267179489
1176.139541 5.93949103355
1184.226325 5.96681594849
1192.998704 6.6412191391
1201.000864 5.8444108963
1209.292792 9999
1218.173758 6.75187802315
1226.72034 6.42421388626
1235.342553 6.51067590714
1244.007168 6.39563417435
1252.643185 6.51767206192
1261.462766 6.67649912834
1269.633693 6.03922390938
1277.747541 5.86997485161
1286.363058 6.47743391991
1295.062167 9999
1303.579375 6.38188695908
1312.192651 6.36414599419
1320.726139 6.4316470623
1329.331708 6.44772100449
1338.139628 6.66471505165
1347.068197 6.65356993675
1355.851022 6.68251681328
1364.558517 9999
1372.607345 5.91913604736
1382.118385 7.13087701797
1390.559805 6.31138896942
1399.105129 6.40380001068
1407.920952 6.66548800468
1416.558567 6.21908092499
1425.605574 9999
1434.02593 6.3006939888
1442.943632 6.82219815254
1451.790304 6.44345402718
1460.14666 6.24640703201
1469.065319 6.80318379402
1477.204349 6.0107190609
1486.558474 9999
1495.293793 6.60639595985
1503.251248 5.82747888565
1512.017376 6.62550806999
1520.816661 6.43769192696
1529.283186 6.3317489624
1537.817274 6.40560603142
1546.318666 6.36288094521
1554.986459 6.4202170372
1563.703865 6.59351801872
1571.81598 5.98796796799
1580.595074 6.64960098267
1588.812729 5.94889807701
1597.347589 6.42278814316
1606.305841 6.82523798943
1614.279801 5.83826112747
1623.057591 6.42599105835
1631.897817 6.72172498703
1640.005959 5.98846912384
1648.607097 6.47469186783
1658.083836 7.19877886772
1666.558176 6.34977793694
1675.410808 6.70011401176
1684.126982 6.59510278702
1692.784814 6.39520215988
1701.277784 6.38382911682
1710.307252 6.87303805351
1718.786854 6.36196899414
1727.44939 6.39464998245
1735.514618 5.91438388824
1743.642988 6.00344920158
1752.205462 6.43940496445
1760.763594 6.30302095413
1769.437829 6.53619098663
1777.511879 5.91345119476
1786.281197 6.64245486259
1794.414089 5.85818600655
1802.560218 6.02354288101
1811.21154 6.50821304321
1819.832064 9999.0
1828.715227 6.61560487747
1837.382762 6.53715205193
1845.332037 5.78158402443
1854.362362 6.88116598129
1862.95375 6.30945706367
1871.862017 6.76262402534
1880.773372 6.78537011147
1889.61899 6.72388696671
1898.076301 9999
1906.96215 6.75851488113
1915.499335 6.38547706604
1924.171831 9999.0
1933.221478 6.78086495399
1941.453057 9999
1950.061002 9999
1958.444116 6.27601099014
1967.245351 9999
1976.091217 6.72071790695
1985.146632 9999
1994.166312 6.86713314056
2002.979682 6.51194381714
2010.799703 5.68856191635
2019.49447 9999
2028.053751 6.45137095451
2037.095801 6.74970912933
2045.987174 6.76571202278
2053.966365 5.82980895042
2062.707019 6.61049199104
2072.173896 7.14858293533
2080.646597 6.31366586685
2089.258853 6.45673799515
2098.036212 6.65815091133
2107.183367 6.87935495377
2115.641482 6.30299687386
2124.153491 6.33729195595
2132.90707 6.60196304321
2141.52401 6.36475801468
2150.109373 6.45408892632
2159.119846 9999
2167.134552 5.87247300148
2175.979347 6.59129500389
2184.381558 9999
2192.897201 6.37388491631
2202.269499 7.23263406754
2211.034022 9999
2219.926813 6.76459002495
2229.24484 7.17709589005
2237.719836 6.35418605804
2246.538261 9999
2255.248114 6.55918884277
2263.766576 6.36168503761
2272.70145 6.8165512085
2281.490933 6.53809714317
2290.017346 6.38819503784
2298.118502 5.95648384094
2306.294092 5.99744677544
2314.462001 5.89850592613
2322.565301 5.97146320343
2330.576346 5.8611638546
2339.927861 7.22260689735
2348.153707 5.98888421059
2356.113615 5.8311419487
2364.696435 6.41497993469
2373.315441 6.48150610924
2382.142724 6.43256497383
2390.61876 6.35580611229
2398.648869 5.90293693542
2406.787552 6.00556302071
2416.083783 9999
2424.480172 6.26377916336
2432.545539 5.91679000854
2440.69319 6.01029205322
2449.418204 6.46943187714
2458.033696 6.44335484505
2466.131596 5.95969700813
2475.003051 6.76048994064
2483.078068 9999
2491.488833 6.27530407906
2500.25434 6.64172101021
2509.062497 6.66889595985
2517.9728 6.65838885307
2526.439956 6.3403840065
2534.490225 5.92904496193
2542.577503 5.94373703003
2550.900984 5.93038582802
2559.42271 6.3966460228
2567.913797 6.35699796677
2576.436105 6.40208482742
2585.255095 9999
2593.428961 6.02541899681
2602.130067 6.54874491692
2610.721945 6.44146704674
2619.033673 5.98616290092
2627.168138 6.01456689835
2635.342445 6.05313706398
2643.88151 6.42401814461
2652.914912 6.72859811783
2661.274153 6.2543361187
2669.737466 6.3215970993
2678.023371 6.1550951004
2686.597035 6.3472878933
2695.940733 7.22329211235
2704.537824 6.46137809753
2713.405702 6.74085092545
2721.76055 6.10859203339
2730.530169 6.64485096931
2739.657858 7.08715701103
2748.154821 6.36137104034
2756.794797 6.36386013031
2765.219903 6.31395292282
2773.649556 6.28241896629
2781.774157 5.99936413765
2790.555242 6.42526197433
2798.524437 5.85601997375
2807.041898 6.37637281418
2815.427544 6.27415800095
2823.705881 6.0212469101
2832.196202 6.34979104996
2840.194314 5.8776140213
2848.750307 6.43629813194
2857.641396 9999
2865.821689 6.04187512398
2874.604262 6.66063404083
2883.039741 6.31354188919
2892.046943 6.73473906517
2900.883027 6.71370387077
2909.762398 6.73160409927
2918.246164 6.34159207344
2927.177758 6.63121294975
2935.242889 5.94725704193
2943.736126 6.34779882431
2952.53033 6.67313909531
2961.100724 6.31490898132
2969.527981 6.28309798241
2978.013516 6.34731793404
2986.571495 6.41724801064
2995.329577 6.39375400543
3003.339449 5.86262893677
3011.560283 6.09057998657
3019.605561 5.90933799744
3028.738859 6.77062797546
3036.898375 6.03918099403
3045.672832 9999
3054.046033 6.25434088707
3062.426915 6.12543582916
3070.786942 6.23694801331
3079.570425 6.66017198563
3087.587992 5.89956212044
3096.65823 9999
3105.600194 6.83288478851
3114.203329 6.44384694099
3123.133381 6.78990983963
3131.859512 6.33826804161
3140.387572 6.39682912827
3148.899055 6.35568499565
3157.437635 6.38366413116
3166.205969 9999
3174.7596 6.41928195953
3182.834586 5.950715065
3191.354084 6.39392089844
3199.922631 6.26401901245
3208.468479 6.43386483192
3216.927013 6.32203412056
3226.026967 6.93411684036
3235.167292 6.87019515038
3243.270318 5.96680688858
3251.548785 6.16042494774
3259.741525 6.04807090759
3268.340458 6.30983614922
3277.136424 6.67858600616
3285.974121 6.67836403847
3295.224475 7.13112807274
3303.943304 6.43177700043
3312.062011 5.94289898872
3320.116324 5.91199111938
3328.168636 5.94695520401
3336.724147 6.33483409882
3345.31547 6.45653700829
3353.970386 6.51406407356
3362.087278 6.00676298141
3371.097054 6.746352911
3379.657313 6.42881703377
3388.560432 6.75575995445
3397.014825 6.33883500099
3405.780266 6.53850603104
3413.752599 5.8408010006
3421.977366 6.10908794403
3430.403153 6.27323102951
3439.500099 6.83974599838
3448.380563 6.7761991024
3456.462397 5.93597197533
3464.944808 6.348279953
3473.797087 9999
3481.888357 5.97227287292
3490.479143 6.4269490242
3499.034047 6.4363861084
3507.705766 6.4031920433
3515.781632 5.94957184792
3524.29359 6.38552093506
3533.222248 6.76901912689
3542.124366 6.63943386078
3550.774541 6.56226396561
3559.742089 9999
3567.902817 6.00266289711
3576.686658 6.53273487091
3585.60018 6.7480931282
3594.084286 6.2819609642
3602.003176 5.81706190109
