0.10549902916
0.101294994354
0.101562023163
0.101175069809
0.103650808334
0.10240316391
0.102927207947
0.103735923767
0.102545976639
0.10308599472
0.102652072906
0.102853059769
0.104411840439
0.102699041367
0.102380990982
0.102488994598
0.102540016174
0.103621959686
0.102681875229
0.103266954422
0.108871936798
0.114889860153
0.112113952637
0.112989902496
0.113391876221
0.112310886383
0.111540079117
0.112597227097
0.112360954285
0.111883878708
0.111304044724
0.115529060364
0.112509012222
0.11563706398
0.111458778381
0.115942955017
0.114294052124
0.113123893738
0.111824989319
0.115522861481
