0.106218099594
0.103137969971
0.102232933044
0.103187084198
0.103981018066
0.102596998215
0.103579044342
0.102839946747
0.103398084641
0.103418111801
0.102737903595
0.110496997833
0.114310979843
0.11666893959
0.113488197327
0.116792917252
0.105546236038
0.102525949478
0.103254079819
0.103902101517
0.104944944382
0.102112054825
0.101478099823
0.102203130722
0.101737976074
0.1026699543
0.10213804245
0.106642961502
0.115901947021
0.11080789566
0.115524053574
0.11234498024
0.112450838089
0.106698989868
0.101408004761
0.112148046494
0.109211921692
0.112680912018
0.112198114395
0.113081932068
