0.103718996048
0.102416992188
0.103212118149
0.104007959366
0.102337121964
0.103048086166
0.110402107239
0.109807014465
0.103063821793
0.10244011879
0.102744102478
0.104238033295
0.102557182312
0.103066921234
0.102957010269
0.102796077728
0.103809118271
0.102241039276
0.103245973587
0.10343503952
0.103317975998
0.100353956223
0.0994560718536
0.10079407692
0.101103782654
0.102452039719
0.103113889694
0.11493396759
0.110994100571
0.115345954895
0.112580060959
0.115782976151
0.111408948898
0.11531996727
0.112370014191
0.113698959351
0.112869024277
0.107335090637
0.102226018906
0.101594209671
