0.121797084808
0.128570079803
0.129854917526
0.124703168869
0.128434181213
0.130145072937
0.132019996643
0.126308917999
0.126882076263
0.130173921585
0.126693964005
0.126326084137
0.131207942963
0.131389141083
0.131878852844
0.131799936295
0.131941080093
0.131323099136
0.131336927414
0.126371860504
0.122825145721
0.126654863358
0.131851911545
0.131596803665
0.131494045258
0.132266044617
0.131004095078
0.132515907288
0.13107585907
0.131105899811
0.12211894989
0.1326649189
0.128984928131
0.132102966309
0.134172916412
0.120153903961
0.129460096359
0.131543159485
0.13113117218
0.131987094879
