0.123996973038
0.131178855896
0.126116037369
0.129873991013
0.126144886017
0.127470970154
0.131309986115
0.130903959274
0.126585960388
0.126042842865
0.131768941879
0.131610870361
0.13165307045
0.131466150284
0.131460905075
0.127371072769
0.128798961639
0.127729177475
0.131450891495
0.131938934326
0.12065410614
0.12905216217
0.12034702301
0.124890089035
0.128134965897
0.129353046417
0.131537914276
0.130028963089
0.123012065887
0.121552944183
0.130841970444
0.132349967957
0.119637012482
0.115200996399
0.116361856461
0.115215063095
0.116187095642
0.11683511734
0.115393161774
0.115333080292
