0.119894981384
0.130798101425
0.132161140442
0.130776166916
0.132128953934
0.131461143494
0.131793022156
0.13164806366
0.131889104843
0.132228851318
0.131372213364
0.132691144943
0.124197006226
0.130664825439
0.129217147827
0.120847940445
0.130468130112
0.12366604805
0.127405881882
0.123291969299
0.114874839783
0.115012168884
0.114161014557
0.113835096359
0.113698959351
0.114129066467
0.115782976151
0.115254163742
0.116219997406
0.125300168991
0.128036022186
0.116106987
0.124121904373
0.129992961884
0.123705863953
0.121529102325
0.127189874649
0.124867916107
0.126405000687
0.116297960281
