72.258333 23.2426644166
84.599585 3.22798935572
156.913897 23.2272423108
229.415725 23.2488436699
241.903518 3.26815462112
314.301263 23.2605924606
326.876113 3.28713997205
339.60325 3.37901894252
412.068925 23.2802546024
424.706907 3.31014966965
497.004879 23.2207335631
509.697749 3.33461435636
591.118685 26.2670955658
2348.6116 584.949012915
2360.885769 3.22210470835
2433.033178 23.2101530234
2445.54239 3.29507470131
2517.772921 23.2256866296
2530.214833 3.2721136411
2542.606798 3.2735970815
2614.87064 23.2180612882
2687.434957 23.3104933103
2700.05992 3.30951992671
2712.48506 3.27777369817
2784.83318 23.2432553768
2857.21389 23.2472403844
2938.900888 26.3174957434
2951.559328 3.30899333954
2964.217487 3.34185393651
2976.758473 3.29370204608
2989.650463 3.38460596402
3062.015776 23.2567849954
3134.428705 23.252809604
3216.116122 26.3308019638
3228.759138 3.29816500346
3302.056363 23.5515973568
3374.722 23.3221109708
3387.412112 3.32206296921
3399.971109 3.31456454595
3412.646219 3.36013778051
3485.364207 23.2955349286
3557.878102 23.2814416091
3570.516989 3.29673194885
3583.075229 3.30939737956
3655.491072 23.229968071
