3.895089 9999
7.480902 9999
11.006159 9999
18.472505 1.97338740031
25.934755 1.97773472468
33.332769 1.96720528603
41.187838 1.9694126447
48.682757 1.97612198194
56.181888 1.97382426262
59.710102 9999
67.085079 1.96783065796
75.046239 1.97226905823
82.456868 1.97138396899
89.852863 1.9678940773
97.292974 1.97800199191
104.755851 1.96805397669
112.878596 1.96517634392
120.346326 1.97429958979
124.163386 9999
131.71275 1.97332533201
139.121526 1.97707398733
146.84572 1.96717762947
154.247618 1.97248021762
161.684467 1.9700272878
169.114414 1.97344366709
176.610351 1.97257963816
184.467768 1.97384357452
191.900943 1.97106226285
199.293507 1.9685459137
206.758588 1.96745300293
214.152818 1.96799532572
218.171363 9999
225.635627 1.97105574608
229.198508 9999
236.639609 1.9712963899
244.085486 1.97692426046
251.504431 1.97254006068
259.390137 1.98016405106
266.864311 1.97224235535
274.461042 1.97868299484
281.941143 1.96994805336
289.662905 1.9709640344
297.065337 1.97186160088
304.517182 1.97705761592
312.040376 1.96968364716
319.46736 1.96891371409
327.134129 1.97131427129
330.946596 9999
338.377832 1.96993970871
345.851901 1.97496326764
349.427854 9999
356.848845 1.97109103203
364.679601 1.97618532181
372.108119 1.97003062566
379.519085 1.97151573499
386.952545 1.97164742152
394.440332 1.97031672796
402.35423 1.9762822787
405.965881 9999
413.450339 1.98150801659
420.938908 1.9688243866
428.377642 1.96862832705
436.174373 1.97470331192
439.732043 9999
447.269997 1.97421256701
454.721235 1.96823008855
462.100967 1.97022398313
469.801626 1.96966592471
477.260623 1.9731250604
484.677207 1.97317965825
492.056547 1.96541325251
499.522922 1.97186128298
507.344354 1.96747573217
514.813951 1.97014029821
518.347572 9999
525.850606 1.97103762627
533.314201 1.97122152646
537.214355 9999
544.68019 1.97664769491
552.235342 1.96847001712
559.70982 1.97609901428
563.21971 9999
570.637317 1.96848766009
574.640925 9999
582.0956 1.96762593587
589.540294 1.96688810984
596.967122 1.97214261691
604.565966 1.97381043434
612.339966 1.9800623258
619.904134 1.96724359194
623.744541 9999
631.263964 1.9747753938
638.817929 1.96921785673
646.539254 1.97123932838
654.13674 1.97212298711
661.622184 1.9698155721
665.330162 9999
672.838443 1.97097500165
680.508478 1.97633560499
687.996426 1.98454260826
695.393329 1.96811199188
702.83956 1.96542874972
710.263583 1.97259100278
718.065324 1.97242005666
725.585558 1.9764576753
733.093247 1.97109031677
740.520248 1.97002696991
747.964179 1.97300132116
755.648243 1.97052677472
763.031496 1.97095704079
770.638686 1.96608304977
778.072693 1.96709489822
785.949245 1.97856752078
793.64118 1.98031759262
801.05512 1.97074230512
808.500777 1.96877423922
812.103325 9999
819.525357 1.96751960119
823.440064 9999
830.873295 1.96657427152
838.442895 1.97083536784
845.903361 1.97118830681
853.32691 1.97042560577
861.265128 1.96958263715
868.663463 1.96739530563
876.07086 1.96986134847
883.599542 1.96821308136
891.435067 1.98385731379
899.105762 1.97067761421
906.619832 1.97581235568
914.106756 1.96938880285
921.557225 1.98184370995
929.153371 1.96996196111
937.210057 1.97118020058
940.745674 9999
948.19097 1.96750307083
955.648952 1.97919631004
963.079246 1.96968166033
970.87789 1.97375766436
978.33977 1.97488967578
982.009776 9999
989.479373 1.97092231115
997.020234 1.98075604439
1004.733133 1.97174970309
1012.293537 1.97204430898
1019.724057 1.97279469172
1027.186204 1.96941526731
1035.0352 1.96748733521
1042.479983 1.97186732292
1050.017447 1.97128391266
1057.487337 1.97305170695
1065.581165 1.98158860207
1073.021212 1.97020602226
1080.47408 1.97708797455
1087.987292 1.96992866198
1095.786439 1.97496509552
1099.50068 9999
1106.961458 1.96856602033
1110.527492 9999
1117.981171 1.967364947
1125.409981 1.96846270561
1133.351222 1.9772910277
1136.984831 9999
1144.43218 1.98561795553
1151.89871 1.96692363421
1159.394244 1.97421606382
1167.059806 1.96899398168
1174.476025 1.96931004524
1181.874411 1.96963731448
1185.507899 9999
1192.962823 1.97191929817
1200.816393 1.96865439415
1208.252018 1.97691607475
1215.753019 1.97469329834
1223.209985 1.9748960336
1230.610168 1.97105169296
1238.494652 1.97237205505
1245.922897 1.97289435069
1253.372034 1.97530396779
1260.773961 1.96754805247
1268.260371 1.96751205126
1276.000267 1.97135313352
1283.441773 1.9713408947
1290.917774 1.96855195363
1298.375616 1.97351670265
1302.064842 9999.0
1309.870453 1.96611269315
1317.423908 1.98115730286
1324.918584 1.97153004011
1328.502745 9999
1332.14085 9999
1339.617954 1.97726392746
1347.544478 1.97444836299
1354.949899 1.97015070915
1362.406539 1.97469123205
1370.070848 1.97817667325
1377.48307 1.97020363808
1385.258785 1.96688699722
1392.733529 1.97331531843
1400.162872 1.97381766637
1407.591361 1.96898293495
1414.995181 1.97046971321
1422.607643 1.97084403038
1426.284176 9999
1433.76561 1.97097492218
1441.2745 1.97362796466
1448.707344 1.97437135379
1456.478252 1.97488999367
1463.973694 1.97366786003
1471.54636 1.97101338704
1475.128222 9999
1482.578209 1.97132833799
1490.306066 1.96769340833
1493.889245 9999
1501.405129 1.97951499621
1508.967561 1.98406473796
1516.464684 1.96987056732
1524.247331 1.96866043409
1531.668776 1.97087009748
1539.092693 1.97143228849
1546.554977 1.97356899579
1554.013211 1.97132078807
1561.756432 1.97559030851
1565.300257 9999
1572.722154 1.97102451324
1580.095764 1.96999573708
1587.51316 1.96839237213
1595.301956 1.96832275391
1602.706369 1.97031696637
1606.349804 9999
1613.926572 1.97552037239
1621.477166 1.97546259562
1629.173197 1.96935200691
1636.795905 1.97316948573
1640.468039 9999
1644.085257 9999
1651.525706 1.97273143133
1655.080329 9999.0
1662.849819 1.96920108795
1670.381415 1.97612023354
1674.027836 9999
1681.475449 1.96798404058
1688.89321 1.97329894702
1696.664798 1.97624802589
1704.267251 1.97164026896
1711.945286 1.98133794467
1719.424563 1.97265466054
1727.220035 1.9677113692
1734.892608 1.96718335152
1742.318228 1.98120307922
1749.733268 1.9712729454
1757.614246 1.96648995082
1765.131148 1.96799532572
1772.568501 1.97010596593
1779.989484 1.97233200073
1787.392243 1.97036894162
1795.419275 1.97334464391
1803.047171 1.97030425072
1810.482736 1.96951707204
1814.043936 9999
1821.526169 1.9781943957
1829.233147 1.97119792302
1836.81536 1.96674100558
1844.42218 1.96975469589
1851.928463 1.9748570919
1859.667237 1.97129472097
1867.074029 1.97240392367
1874.476384 1.96931989988
1881.91982 1.97983598709
1889.407215 1.97934762637
1897.337059 1.97208301226
1904.76182 1.96752031644
1912.213871 1.97462964058
1919.652141 1.97325666746
1923.166759 9999.0
1930.935153 1.96740500132
1938.628694 1.97263566653
1946.035958 1.97158265114
1953.502098 1.97319332759
1961.305305 1.97067562739
1968.759704 1.97652236621
1976.218211 1.96749869982
1983.684619 1.96996029218
1991.089096 1.96974134445
1995.179254 9999
2002.617783 1.97137459119
2010.163036 1.96983464559
2017.776192 1.97251232465
2025.375061 1.97615234057
2032.988283 1.96978902817
2040.406952 1.97946739197
2047.848704 1.96975970268
2055.256963 1.96797863642
2062.670314 1.97399425507
2070.414569 1.97491669655
2077.859166 1.97111503283
2085.285634 1.96903840701
2092.729342 1.97053964933
2100.200684 1.96808926264
2108.124348 1.96733506521
2115.587407 1.97002760569
2119.157431 9999
2126.584703 1.97170694669
2134.02447 1.97642787298
2141.776679 1.96872099241
2149.382352 1.9719089667
2156.877326 1.96896195412
2164.325227 1.97442237536
2171.98404 1.97538900375
2179.661104 1.97282067935
2187.091035 1.97416599592
2194.488 1.96981390317
2202.04055 1.971118927
2209.784583 1.96931600571
2217.264569 1.9723610878
2224.699719 1.97276528676
2232.186468 1.96786967913
2239.656309 1.97691806157
2247.253975 1.96747032801
2254.750187 1.97702376048
2258.406333 9999
2265.905555 1.97067761421
2273.351918 1.97017637889
2281.202714 1.97430928548
2288.6361 1.97016167641
2296.229039 1.96630938848
2303.678291 1.97451631228
2311.535738 1.96882541974
2319.035747 1.9730843703
2326.469269 1.9671933651
2334.00811 1.98107330004
2342.070985 1.97263971965
2349.451743 1.9673020045
2353.012359 9999
2360.438152 1.96852938334
2368.027188 1.96836209297
2375.798609 1.97127898534
2383.317952 1.96910643578
2390.830474 1.97708765666
2398.536944 1.97284094493
2406.593884 1.97013068199
2414.068305 1.97464370728
2421.539014 1.96936790148
2428.987605 1.97103993098
2436.698619 1.96887803078
2444.230988 1.9745156765
2451.646174 1.97011796633
2459.08038 1.97313133876
2466.52615 1.97120896975
2474.355529 1.97869070371
2481.773095 1.96960258484
2489.189366 1.96775563558
2496.75017 1.97401571274
2504.521977 1.97147432963
2511.948389 1.97285238902
2519.482545 1.97376505534
2526.953574 1.97792172432
2534.414285 1.96591909726
2542.09471 1.97306235631
2549.555537 1.96857659022
2557.060812 1.97764205933
2564.559594 1.97737296422
2571.98353 1.9695324103
2579.627604 1.97202475866
2587.061225 1.97066752116
2594.616565 1.96864366531
2602.01446 1.96970637639
2609.4754 1.97016739845
2617.481525 1.96894558271
2625.06446 1.97335267067
2632.516526 1.97958779335
2639.963164 1.96953900655
2647.842471 1.96853399277
2655.445625 1.96697235107
2663.046716 1.96935502688
2666.586121 9999
2674.054854 1.97399155299
2681.772339 1.97021404902
2689.286146 1.97111606598
2696.887531 1.98397008578
2704.67156 1.99430529277
2712.428419 1.9726263682
2719.890647 1.9801680247
2727.396822 1.99255577723
2734.974501 1.98205884298
2742.727249 1.99089765549
2750.196813 1.97691090902
2753.795648 9999
2761.271007 1.97835334142
2768.766178 1.9741666317
2776.744608 1.96877193451
2784.207004 1.97147599856
2791.667104 1.97005605698
2799.193069 1.97143435478
2806.93913 1.97502994537
2814.344372 1.97360825539
2822.199476 1.97052796682
2829.689878 1.97103532155
2837.416115 1.97179865837
2845.05649 1.9731566906
2852.501253 1.9670949777
2860.001334 1.96987740199
2867.760734 1.97011359533
2875.234943 1.97799301147
2882.676745 1.9741396904
2890.145709 1.97455294927
2897.803562 1.97169995308
2905.529024 1.96970868111
2912.965668 1.96974134445
2920.404412 1.96954194705
2927.866903 1.97202269236
2935.266833 1.96901591619
2942.976568 1.97274796168
2950.43834 1.97393767039
2957.828328 1.96822293599
2965.283687 1.9682366848
2972.699175 1.97415788968
2980.367666 1.96608630816
2987.85096 1.97341593107
2995.295234 1.96675769488
2998.918717 9999
3006.351066 1.96990267436
3014.069607 1.96862896283
3021.515573 1.96616268158
3028.953667 1.97303096453
3036.378906 1.96915268898
3043.802367 1.97201267878
3051.766672 1.96778599421
3059.145926 1.96569800377
3066.594934 1.96809299787
3074.042384 1.96888295809
3081.679854 1.97096697489
3089.371789 1.97363766034
3096.785226 1.98203198115
3104.26583 1.98913002014
3111.745771 1.9700123469
3119.166586 1.9689865907
3126.76117 1.96721275647
3134.188871 1.96968992551
3141.81393 1.9723645846
3149.222085 1.96822953224
3156.629726 1.970596234
3164.540026 1.97102936109
3172.13625 1.96759096781
3179.594171 1.97108666102
3187.056923 1.97202992439
3194.536572 1.97687292099
3202.495623 1.97834968567
3206.066583 9999
3213.518301 1.96867370605
3221.202289 1.97081303596
3228.694827 1.98048734665
3236.553532 1.97183489799
3244.15718 1.97301451365
3251.589108 1.97397438685
3259.049337 1.97053909302
3267.006426 1.97463099162
3274.563007 1.96685123444
3282.006895 1.97213037809
3285.754128 9999
3293.193469 1.97479494413
3301.052634 1.97036894162
3308.475075 1.97271299362
3315.927084 1.9800743262
3323.303019 1.9689189593
3330.764413 1.97006464005
3334.638634 9999
3342.07629 1.96729636192
3349.562466 1.97041495641
3357.06569 1.97373557091
3364.514163 1.97079571088
3372.354256 1.97149531047
3379.805091 1.9697962602
3383.421217 9999
3390.91405 1.96876740456
3398.366121 1.97674767176
3406.18061 1.96911938985
3413.717858 1.97176973025
3421.295572 1.96807169914
3428.756044 1.96943902969
3436.572623 1.97164058685
3444.032703 1.96739021937
3451.429777 1.965914011
3458.883658 1.9736096859
3466.345311 1.97827235858
3474.061907 1.97225697835
3481.661789 1.96952064832
3489.119915 1.98309032122
3496.530684 1.96791903178
3504.451791 1.97299774488
3512.129877 1.96850299835
3519.879787 1.97141981125
3527.405109 1.97588237127
3535.052763 1.98404932022
3542.571699 1.9714820385
3549.992743 1.97760629654
3557.68128 1.97443970044
3565.687844 1.97542071342
3573.100184 1.9724659125
3580.606228 1.9815223217
3588.186129 1.97204446793
3591.961653 9999
3599.41021 1.9718623956
3606.966814 1.97362828255
