0.36309504509
0.362273931503
0.368224859238
0.365416049957
0.369278907776
0.368707895279
0.365727901459
0.369174003601
0.371562004089
0.368789196014
0.364297866821
0.367123126984
0.366015911102
0.369906902313
0.369009017944
0.364203929901
0.368814945221
0.371359109879
0.370314836502
0.375671863556
0.362382888794
0.36238193512
0.37023806572
0.364403009415
0.367621898651
0.360066890717
0.362225055695
0.368031978607
0.362147092819
0.37079000473
0.362051010132
0.365759134293
0.364855051041
0.36687207222
0.364562034607
0.369583845139
0.371445894241
0.360076904297
0.362067937851
0.369674921036
