0.361407995224
0.368883132935
0.36598610878
0.366302013397
0.361174106598
0.364405870438
0.365835905075
0.374379873276
0.36291885376
0.366651058197
0.365193128586
0.367980003357
0.371644973755
0.371729850769
0.371845960617
0.369496107101
0.363051891327
0.372082948685
0.368937969208
0.363728046417
0.363919019699
0.369760990143
0.371206998825
0.363351821899
0.366445064545
0.36196398735
0.363147974014
0.357306957245
0.361879825592
0.369405984879
0.362372159958
0.369913101196
0.359161138535
0.362263202667
0.36706495285
0.364562988281
0.358097076416
0.36230802536
0.368551969528
0.359693050385
