0.361233949661
0.361573934555
0.359967947006
0.36795091629
0.361389875412
0.363823890686
0.365798950195
0.363054037094
0.363169908524
0.369975090027
0.367975950241
0.364619970322
0.368602991104
0.368966817856
0.365342140198
0.368950128555
0.362581014633
0.369763851166
0.362337112427
0.366437911987
0.36657500267
0.358621120453
0.358902931213
0.363296031952
0.365933895111
0.365237951279
0.358260154724
0.35848402977
0.360358953476
0.360207080841
0.359642982483
0.362937927246
0.368844985962
0.361441135406
0.367995977402
0.364214897156
0.366611003876
0.362108945847
0.362966060638
0.36896109581
