39.789637 1.87974604368
79.429603 1.8844186902
118.914187 1.88196251392
158.38349 1.87870284319
197.842892 1.87985247374
237.381987 1.88391338587
277.058182 1.87990897894
316.50486 1.87878512144
355.974401 1.8807579875
395.440668 1.88120641708
434.989956 1.88720905781
474.447344 1.88088097572
513.912731 1.87910386324
553.389103 1.88261939287
592.840263 1.87982316017
632.305876 1.8802169919
671.708624 1.87830141783
711.275345 1.88233383894
750.728087 1.88321759701
790.089147 1.87772107124
829.519064 1.87799179554
869.065275 1.88069493771
908.450902 1.87850741148
947.869128 1.88210660219
987.263259 1.88019852638
1026.758039 1.88195677996
1066.228243 1.87927709818
1105.785087 1.88161299229
1145.311535 1.8817434907
1184.750848 1.87915215492
1224.171932 1.87871254683
1263.662904 1.88359748125
1303.167557 1.8811549902
1342.803413 1.88539164066
1382.246956 1.88102984428
1421.761892 1.8844065547
1461.161941 1.87950805426
1500.540951 1.87823734283
1540.03638 1.88092341423
1579.436172 1.88113518953
1618.883673 1.88084400892
1658.435223 1.88003665209
1697.848332 1.87946150303
1737.208114 1.87739056349
1776.57033 1.87880448103
1815.987305 1.88074380159
1855.365415 1.87987320423
1894.797934 1.87872576714
1934.317238 1.88115878105
1973.709758 1.87974830866
2013.131773 1.88047710657
2052.503559 1.88072698116
2091.807303 1.87580491304
2131.229564 1.88030222654
2170.663774 1.88030723333
2210.032168 1.87848775387
2249.433703 1.87921590805
2288.838279 1.87905752659
2328.239226 1.87965221405
2367.704575 1.883636415
2407.129243 1.87847268581
2446.784843 1.88109321594
2486.207581 1.88139060736
2525.704896 1.88413169384
2565.257942 1.88448870182
2604.723651 1.88283842802
2644.228151 1.88015643358
2683.557507 1.8784107089
2722.983371 1.88017393351
2762.390822 1.87983356714
2801.773825 1.87948986292
2841.218458 1.87839379311
2880.678635 1.87895032167
2920.234894 1.88152146339
2959.676179 1.87822413445
2999.059605 1.87938153744
3038.493813 1.87973419428
3077.933592 1.88126364946
3117.391229 1.88343784809
3156.888782 1.87907932997
3196.291014 1.87996964455
3235.72881 1.8796816349
3275.219453 1.88028590679
3314.745523 1.88135371208
3354.184183 1.87920407057
3393.7265 1.88160517216
3433.175385 1.88076623678
3472.580747 1.87830709219
3512.01702 1.8805378437
3551.441489 1.88120640516
3590.892594 1.87988988161
3630.405883 1.88404181004
