2.26023 0.337025880814
4.322541 0.287472009659
6.625809 0.285892963409
8.750539 0.325345039368
10.82888 0.277679920197
12.960272 0.333604097366
15.072622 0.283706903458
17.173033 0.31364107132
19.238886 0.28924703598
21.326829 0.315317869186
23.44027 0.319659948349
25.568034 0.318419933319
27.645064 0.281937122345
29.772729 0.285902023315
32.055996 0.317285060883
34.262909 0.285722970963
36.37429 0.276282072067
38.477807 0.285806894302
40.574328 0.274400949478
42.699332 0.279491901398
44.810267 0.28753900528
46.896925 0.283603906631
49.011777 0.279216051102
51.102062 0.279989957809
53.163111 0.28359913826
55.2281 0.282486915588
57.301963 0.284823179245
59.391928 0.288172006607
61.509899 0.284267902374
63.557853 0.282198190689
65.787199 0.278506040573
67.877232 0.315361022949
70.02073 0.314769983292
72.094997 0.284497976303
74.174882 0.277906894684
76.293254 0.327830076218
78.36143 0.288335084915
80.41711 0.278758049011
82.530492 0.326611042023
84.570332 0.280965089798
86.642658 0.277945041656
88.779032 0.322210073471
90.817902 0.276455163956
92.920325 0.3239839077
95.026977 0.319413900375
97.297843 0.288649082184
99.40029 0.31870007515
101.45702 0.285132884979
103.504952 0.274184942245
105.551713 0.285513877869
107.584814 0.276047945023
109.655557 0.284042835236
111.734534 0.286484956741
113.800525 0.280591964722
115.900963 0.315551996231
117.960753 0.286755084991
120.025405 0.286196947098
122.075687 0.28356218338
124.186719 0.333150863647
126.239803 0.281873941422
128.45118 0.279079914093
130.504917 0.280231952667
132.570592 0.284301042557
134.631876 0.280002117157
136.717551 0.319691896439
138.782455 0.287076950073
140.844446 0.285519123077
142.917412 0.282490968704
144.974624 0.288852930069
147.002154 0.279058933258
149.078707 0.323735952377
151.162499 0.281601190567
153.257905 0.286130905151
155.354739 0.281893968582
157.4486 0.282616138458
159.643631 0.287642002106
161.749874 0.318457126617
163.848483 0.318075180054
165.940178 0.275429010391
168.027268 0.324006080627
170.111364 0.285275936127
172.231419 0.284132003784
174.381961 0.331079959869
176.474065 0.275389909744
178.587196 0.314743995667
180.651983 0.279545068741
182.738035 0.320822000504
184.822108 0.331211090088
186.958651 0.331546068192
189.082036 0.32944893837
191.319331 0.280275821686
193.396736 0.287494897842
195.453367 0.28423500061
197.590909 0.33137011528
199.659223 0.275988101959
201.759554 0.279350042343
203.84676 0.28475689888
205.927995 0.284096956253
207.973328 0.286158084869
210.050981 0.277266979218
212.104586 0.277651071548
214.1893 0.312885046005
216.252504 0.286118030548
218.354632 0.279307842255
220.418323 0.290442943573
222.719899 0.321576118469
224.834089 0.321595191956
226.966163 0.331246137619
229.019234 0.284286975861
231.100024 0.315565824509
233.205686 0.330249786377
235.287008 0.318919897079
237.314579 0.280133962631
239.364103 0.29451918602
241.444769 0.275036096573
243.532115 0.315872907639
245.603262 0.283784866333
247.670513 0.285242795944
249.747288 0.289302110672
251.791355 0.289128065109
254.084959 0.330389022827
256.152868 0.276721000671
258.23037 0.286167144775
260.314971 0.317672967911
262.370531 0.276390075684
264.460392 0.320303916931
266.557877 0.278721094131
268.669678 0.282225131989
270.771382 0.273725986481
272.834176 0.286572933197
274.87823 0.281375169754
276.927646 0.279708862305
279.034891 0.333429098129
281.077068 0.281190872192
283.156274 0.277462005615
285.40974 0.278294086456
287.487103 0.30358505249
289.533341 0.294157981873
291.589542 0.285512924194
293.641852 0.280211925507
295.75232 0.285355091095
297.854086 0.287328004837
299.979433 0.324461936951
302.030931 0.280180931091
304.096097 0.289767980576
306.168041 0.282951116562
308.25905 0.277362108231
310.343034 0.282267093658
312.484673 0.28306889534
314.555944 0.279232025146
316.825529 0.282304048538
318.936051 0.315197229385
321.000587 0.280670166016
323.06538 0.286034107208
325.131226 0.273662805557
327.203027 0.283106088638
329.268707 0.285490989685
331.335875 0.285598993301
333.41103 0.289238929749
335.4753 0.288056135178
337.564451 0.282476186752
339.659271 0.324351072311
341.739844 0.28854393959
343.821704 0.282692909241
345.904579 0.288151025772
348.230949 0.311974048615
350.285678 0.283451080322
352.372609 0.276589155197
354.398844 0.286931991577
356.458991 0.283854961395
358.533358 0.282372951508
360.612793 0.322757959366
362.69121 0.288827180862
364.765712 0.286612033844
366.8272 0.284363031387
368.895173 0.286548852921
370.973318 0.28181886673
373.055655 0.286137104034
375.157962 0.323118925095
377.211314 0.278676986694
379.492289 0.286474943161
381.555779 0.282201051712
383.632528 0.277240037918
385.704318 0.280702829361
387.773401 0.282376766205
389.845275 0.280050992966
391.948587 0.322150945663
394.01071 0.277917861938
396.108989 0.317630767822
398.158519 0.282309055328
400.237405 0.288141965866
402.313583 0.286599874496
404.435273 0.32133102417
406.507148 0.317485809326
408.577766 0.284048080444
410.928026 0.285866975784
413.030762 0.276270866394
415.101695 0.292143106461
417.161022 0.27947306633
419.208724 0.278213977814
421.285327 0.286726951599
423.34671 0.295454978943
425.402656 0.287734031677
427.475272 0.288167953491
429.562115 0.318982124329
431.621013 0.279127120972
433.682309 0.27659702301
435.775124 0.282315015793
437.861221 0.282303094864
439.970143 0.294538021088
442.226958 0.276459932327
444.34157 0.32136297226
446.402195 0.278516054153
448.528608 0.289999008179
450.661347 0.330675125122
452.738546 0.275372028351
454.826253 0.286157846451
456.947701 0.285683870316
459.014367 0.288110971451
461.055907 0.281002044678
463.186582 0.323460102081
465.336632 0.327198028564
467.415975 0.278262853622
469.562514 0.324809074402
471.638593 0.287843942642
473.894503 0.276010990143
475.9727 0.284958124161
478.036607 0.28601193428
480.132351 0.318297147751
482.269913 0.318706035614
484.442815 0.280907869339
486.501684 0.283283948898
488.566038 0.280732154846
490.632972 0.277386903763
492.69461 0.295866012573
494.81957 0.316696882248
496.913496 0.317723989487
499.027201 0.321668148041
501.113588 0.283812999725
503.198149 0.285435914993
505.524115 0.331212043762
507.604892 0.281810998917
509.712415 0.323580026627
511.789814 0.287188053131
513.926225 0.32065987587
516.002322 0.277500867844
518.10212 0.323864936829
520.180523 0.286478042603
522.269949 0.281682014465
524.397661 0.293025970459
526.474818 0.293823957443
528.596916 0.281687021255
530.66642 0.284816026688
532.732131 0.283453941345
534.795799 0.277137994766
537.047971 0.283337831497
539.115761 0.276580095291
541.216015 0.27748298645
543.317163 0.318305969238
545.436245 0.28477191925
547.538528 0.323333978653
549.611284 0.28514289856
551.667669 0.276603937149
553.770525 0.328111171722
555.903571 0.318277835846
557.993566 0.281230926514
560.066947 0.28479385376
562.174512 0.316154956818
564.278608 0.287971019745
566.363552 0.284587144852
568.707273 0.278100013733
570.803933 0.287256002426
572.883504 0.28718996048
574.969264 0.286411046982
577.023769 0.288780927658
579.110835 0.324626922607
581.247699 0.324491024017
583.376459 0.332087039948
585.462324 0.280054092407
587.582843 0.327813148499
589.730606 0.327605962753
591.82 0.312155008316
593.905705 0.318239927292
595.971153 0.277372837067
598.046307 0.280250072479
600.325187 0.282870054245
602.436884 0.319938898087
604.539229 0.277507066727
606.604136 0.287456035614
608.714554 0.317865848541
610.811305 0.285131931305
612.891113 0.276131868362
614.983446 0.28489613533
617.052664 0.278434991837
619.144512 0.268508911133
621.309113 0.331357002258
623.403856 0.281647920609
625.527948 0.317750930786
627.61079 0.285555839539
629.747478 0.325491189957
632.054228 0.312518835068
634.176728 0.285006999969
636.303369 0.320519924164
638.426763 0.324568986893
640.548127 0.334491014481
642.71698 0.31648182869
644.833419 0.321052074432
646.91956 0.278468847275
649.042941 0.284646034241
651.110579 0.27664899826
653.187894 0.280524015427
655.297259 0.311184883118
657.358857 0.275012969971
659.459552 0.322481155396
661.552998 0.326200962067
663.858959 0.280650854111
665.955913 0.283988952637
668.066799 0.3146879673
670.165942 0.323059797287
672.287793 0.321176052094
674.420486 0.327058076859
676.47648 0.274075031281
678.554502 0.286941051483
680.615985 0.28547000885
682.670583 0.284446954727
684.799317 0.317655086517
686.871511 0.277327060699
689.012501 0.327779054642
691.09793 0.279389858246
693.186708 0.282795906067
695.473244 0.286587953568
697.589922 0.290313005447
699.9351 0.333226919174
702.041031 0.312930822372
704.182864 0.325492858887
706.287945 0.322452068329
708.40878 0.310483932495
710.478164 0.270000934601
712.550025 0.286396980286
714.680716 0.280820131302
716.727542 0.283524036407
718.793406 0.285671949387
720.851442 0.284150123596
722.95345 0.32343006134
725.080491 0.314003944397
727.357325 0.287492990494
729.506971 0.282162904739
731.627391 0.320446014404
733.737552 0.325871944427
735.839933 0.321244001389
737.94187 0.287235021591
740.005924 0.280761003494
742.082065 0.275780916214
744.19408 0.287958860397
746.281604 0.278879165649
748.392222 0.330085039139
750.46834 0.280710220337
752.572117 0.289047956467
754.645678 0.287099123001
756.782305 0.282588005066
759.035833 0.281433105469
761.136685 0.295636892319
763.235572 0.287636041641
765.354015 0.319697856903
767.438568 0.274888038635
769.586892 0.285229921341
771.686709 0.276457071304
773.774982 0.286923885345
775.848629 0.284137964249
777.989766 0.329702138901
780.09658 0.286056995392
782.188377 0.28499007225
784.27888 0.328794002533
786.403885 0.328365087509
788.508361 0.287763834
790.753768 0.322411060333
792.885143 0.330783843994
794.945173 0.279313087463
797.029003 0.311254024506
799.078528 0.282303094864
801.213869 0.331178188324
803.293937 0.28705406189
805.372289 0.279722929001
807.448433 0.27752995491
809.512087 0.282366991043
811.635217 0.329371929169
813.723356 0.283309936523
815.783349 0.287556886673
817.84854 0.285536050797
819.913242 0.279231786728
822.173514 0.280821084976
824.247157 0.313904047012
826.297 0.278621196747
828.351834 0.280452013016
830.435264 0.279407978058
832.529076 0.286409854889
834.658953 0.321119070053
836.783644 0.332790851593
838.919348 0.320379018784
841.003012 0.28643989563
843.085198 0.310669898987
845.178185 0.278860807419
847.250365 0.277475833893
849.347655 0.28294801712
851.452768 0.278918981552
853.710463 0.292433977127
855.835934 0.330233097076
857.955723 0.327302932739
860.062428 0.28364109993
862.140778 0.281595945358
864.279256 0.318519115448
866.357691 0.280864953995
868.474829 0.282911062241
870.581148 0.327131032944
872.665062 0.28596496582
874.789692 0.286831855774
876.863022 0.28478717804
878.976442 0.28262591362
881.120394 0.331309080124
883.200492 0.279731988907
885.50989 0.28928399086
887.570943 0.288671016693
889.655403 0.282335996628
891.712704 0.281316995621
893.835388 0.324263811111
895.918944 0.285051822662
897.9987 0.278434038162
900.12269 0.327744007111
902.187357 0.283973932266
904.264289 0.28040099144
906.373435 0.310889959335
908.46383 0.289572000504
910.523229 0.276105880737
912.635673 0.334076166153
914.720665 0.28350186348
916.997772 0.282097101212
919.081572 0.279526948929
921.173131 0.28800702095
923.24691 0.275327920914
925.393688 0.321654081345
927.515026 0.320791959763
929.584048 0.288166999817
931.666849 0.275382041931
933.770507 0.276054143906
935.82071 0.285801887512
937.942765 0.284413099289
940.022164 0.287456989288
942.135681 0.315467119217
944.270444 0.311866044998
946.346951 0.279618024826
948.666231 0.320266962051
950.758979 0.32702088356
952.870733 0.320089101791
954.940989 0.276338100433
957.038054 0.2756960392
959.13728 0.27928686142
961.236259 0.287678003311
963.316103 0.279569149017
965.415275 0.319405078888
967.49127 0.279588937759
969.58244 0.28588104248
971.630965 0.277845859528
973.702657 0.286081790924
975.780726 0.277005910873
977.850082 0.276938915253
980.257898 0.278647184372
982.345097 0.285951852798
984.461863 0.289521932602
986.5916 0.331074953079
988.687695 0.284118175507
990.828525 0.283030986786
992.916345 0.278500080109
995.045551 0.324173927307
997.164456 0.325170993805
999.279858 0.324566841125
1001.417162 0.324983119965
1003.511529 0.28570318222
1005.615632 0.278365850449
1007.71083 0.284442901611
1009.819169 0.280766010284
1012.110478 0.279491901398
1014.244762 0.326631069183
1016.368225 0.315510034561
1018.441178 0.278966903687
1020.610827 0.320214986801
1022.769184 0.330090999603
1024.824867 0.281141996384
1026.879452 0.277096033096
1028.942298 0.276426792145
1031.004959 0.285489082336
1033.092094 0.284400939941
1035.173996 0.287958145142
1037.256953 0.277496099472
1039.345816 0.28920006752
1041.442512 0.283659934998
1043.80766 0.286590099335
1045.95428 0.315124034882
1048.08058 0.28568482399
1050.18163 0.276682138443
1052.25935 0.277456998825
1054.348885 0.287986040115
1056.443696 0.285767793655
1058.558857 0.287990093231
1060.648873 0.2813808918
1062.751568 0.286800146103
1064.857185 0.286137104034
1066.957647 0.287795066833
1069.037545 0.286817073822
1071.109488 0.286965847015
1073.243314 0.332166194916
1075.571956 0.279731988907
1077.655501 0.280698060989
1079.719987 0.292725801468
1081.782359 0.278882026672
1083.867906 0.288228988647
1085.94474 0.2834649086
1088.039985 0.286697864532
1090.154736 0.313755989075
1092.240624 0.279421806335
1094.330597 0.288202047348
1096.45285 0.315896034241
1098.542127 0.276854991913
1100.592438 0.278496980667
1102.680851 0.288218975067
1104.792079 0.282612085342
1107.070162 0.296091794968
1109.198575 0.323109149933
1111.286914 0.324236154556
1113.348257 0.281956911087
1115.404166 0.279275178909
1117.457268 0.280345916748
1119.545994 0.281238079071
1121.618522 0.276886940002
1123.717348 0.288968086243
1125.89295 0.327265977859
1127.975338 0.282402992249
1130.06938 0.278757095337
1132.142229 0.277946949005
1134.23646 0.290169000626
1136.309209 0.280702114105
1138.667654 0.321838140488
1140.727833 0.285202980042
1142.821042 0.325249910355
1144.898329 0.275271177292
1147.031978 0.321639060974
1149.135109 0.276892900467
1151.238425 0.288235187531
1153.301512 0.277668952942
1155.398216 0.326646089554
1157.462496 0.276964902878
1159.51783 0.283967018127
1161.576166 0.287302017212
1163.654364 0.27881193161
1165.748236 0.283796787262
1167.825193 0.289122104645
1170.137523 0.317356109619
1172.258542 0.278716087341
1174.382235 0.322792053223
1176.500227 0.284417867661
1178.582176 0.288746118546
1180.681172 0.284096956253
1182.769389 0.322018146515
1184.892361 0.285371780396
1187.004178 0.285525083542
1189.068307 0.28585100174
1191.195231 0.275385141373
1193.272305 0.289282083511
1195.379854 0.323910951614
1197.47423 0.281366109848
1199.545571 0.288194894791
1201.80033 0.285874843597
1203.923082 0.292877912521
1206.051905 0.281890869141
1208.161285 0.288275003433
1210.250582 0.278671979904
1212.590952 0.281221866608
1214.67167 0.280910015106
1216.760413 0.284039020538
1218.902632 0.32296204567
1220.990436 0.275731086731
1223.069272 0.281565904617
1225.180725 0.281913042068
1227.303616 0.328346967697
1229.415331 0.322736024857
1231.51572 0.313233137131
1233.88806 0.321084976196
1235.955319 0.281802892685
1238.064389 0.328727006912
1240.148305 0.29340004921
1242.280752 0.326369047165
1244.399268 0.284816980362
1246.51689 0.313766956329
1248.602502 0.280944108963
1250.688659 0.287945985794
1252.776303 0.285692214966
1254.850254 0.283551216125
1256.959639 0.321758031845
1259.026818 0.284285068512
1261.096811 0.28802895546
1263.183075 0.279375076294
1265.454449 0.277058124542
1267.499114 0.28470492363
1269.604476 0.279053211212
1271.678297 0.281684160233
1273.824591 0.319386005402
1275.929361 0.281803846359
1278.001188 0.286830186844
1280.065058 0.287786960602
1282.143372 0.278512001038
1284.221154 0.279635906219
1286.314565 0.331467866898
1288.417562 0.286812067032
1290.496211 0.276975870132
1292.615701 0.324723005295
1294.748893 0.327076911926
1297.099249 0.284181833267
1299.188219 0.316059112549
1301.24716 0.278178930283
1303.310716 0.289255857468
1305.385261 0.286688089371
1307.455167 0.292093992233
1309.575463 0.330656051636
1311.665166 0.280756235123
1313.740634 0.278219938278
1315.84115 0.326816082001
1317.959857 0.326302051544
1320.093714 0.330228805542
1322.203165 0.331545114517
1324.30919 0.321465969086
1326.465372 0.331119060516
1328.821356 0.286211013794
1330.9226 0.275549888611
1333.013014 0.280575990677
1335.102476 0.287661075592
1337.302885 0.334146022797
1339.406961 0.288249015808
1341.481769 0.288239002228
1343.56503 0.295862913132
1345.632227 0.285056114197
1347.687283 0.277704000473
1349.735583 0.272992134094
1351.82957 0.28053188324
1353.912715 0.28391289711
1356.051551 0.335625171661
1358.13733 0.315968036652
1360.442464 0.288438081741
1362.548481 0.324559926987
1364.641219 0.286601066589
1366.729881 0.288291931152
1368.817543 0.284559965134
1370.870697 0.278082847595
1372.947045 0.278133869171
1375.007257 0.283045053482
1377.095614 0.283702135086
1379.149413 0.28681397438
1381.21709 0.278696060181
1383.2569 0.276955127716
1385.322003 0.287703037262
1387.609572 0.28456401825
1389.699284 0.324537038803
1392.026049 0.288413047791
1394.102156 0.288768053055
1396.16245 0.282532930374
1398.229033 0.288187026978
1400.2794 0.281549930573
1402.430017 0.285556077957
1404.494785 0.279099941254
1406.608455 0.314319849014
1408.709205 0.312361955643
1410.822767 0.32528591156
1412.907821 0.275846004486
1415.054268 0.332873821259
1417.140822 0.278290987015
1419.250046 0.282985925674
1421.340957 0.287921905518
1423.712871 0.318941831589
1425.85005 0.33111000061
1427.929021 0.279794931412
1430.027679 0.282832145691
1432.096456 0.281887054443
1434.158925 0.288359880447
1436.28095 0.323153972626
1438.391425 0.28382396698
1440.492148 0.2787129879
1442.582013 0.285579919815
1444.685428 0.280530929565
1446.780518 0.285136938095
1448.908276 0.320285797119
1451.021003 0.289577007294
1453.09541 0.278213024139
1455.43635 0.281386852264
1457.544572 0.286576032639
1459.599107 0.278753995895
1461.721239 0.317078113556
1463.807879 0.284343957901
1465.91243 0.311640024185
1467.96278 0.275965929031
1470.022926 0.283284902573
1472.139126 0.317302942276
1474.204329 0.279405117035
1476.277998 0.287941932678
1478.359971 0.28209900856
1480.490097 0.322489976883
1482.56544 0.27485704422
1484.655274 0.33584022522
1487.003822 0.282639026642
1489.128322 0.321495056152
1491.239389 0.2813539505
1493.354939 0.278136014938
1495.428064 0.276656150818
1497.534765 0.282525062561
1499.665582 0.310531139374
1501.757671 0.279296159744
1503.838233 0.284369945526
1505.965121 0.32034778595
1508.06295 0.284210920334
1510.176261 0.285077095032
1512.299715 0.319007873535
1514.375272 0.28421497345
1516.475133 0.275084972382
1518.794077 0.277493000031
1520.892426 0.283489942551
1523.008223 0.289704084396
1525.085815 0.278872966766
1527.170989 0.288388967514
1529.306888 0.322994947433
1531.41426 0.283596038818
1533.495279 0.282773971558
1535.609739 0.31706404686
1537.702916 0.285667896271
1539.782301 0.276528835297
1541.879361 0.273911952972
1543.970996 0.289721012115
1546.056741 0.286921977997
1548.13648 0.280436038971
1550.473749 0.275286912918
1552.585564 0.28598690033
1554.699923 0.28605389595
1556.766465 0.288063049316
1558.863657 0.281507015228
1560.9634 0.287801980972
1563.048802 0.286286115646
1565.150588 0.277261018753
1567.241753 0.321522951126
1569.365317 0.276413202286
1571.461138 0.285872936249
1573.560949 0.32648396492
1575.60355 0.277125120163
1577.673139 0.283324956894
1579.73203 0.282112121582
1582.14935 0.294250011444
1584.255014 0.280543088913
1586.38724 0.333493947983
1588.453107 0.321640014648
1590.527455 0.284977912903
1592.61578 0.324440956116
1594.703996 0.28027510643
1596.758941 0.286280155182
1598.816399 0.282330036163
1600.87031 0.285948038101
1602.976694 0.312613964081
1605.052713 0.277951955795
1607.118241 0.286139965057
1609.187407 0.321649074554
1611.288424 0.283288955688
1613.582607 0.278254985809
1615.659438 0.279451131821
1617.802436 0.332520008087
1619.890832 0.282818078995
1621.996663 0.315878152847
1624.137268 0.330794095993
1626.216877 0.283069849014
1628.2977 0.282173871994
1630.382222 0.288866043091
1632.507615 0.323611974716
1634.556575 0.286111831665
1636.64233 0.319299936295
1638.727089 0.305094003677
1640.820273 0.288213014603
1642.904607 0.281196832657
1645.261763 0.32445192337
1647.314802 0.278604030609
1649.427966 0.338364124298
1651.515618 0.288097858429
1653.593999 0.281882047653
1655.692788 0.287749052048
1657.781022 0.285920858383
1659.878888 0.285239219666
1662.010603 0.320519924164
1664.089823 0.2756960392
1666.162183 0.273283004761
1668.242141 0.277851104736
1670.330844 0.278339147568
1672.421214 0.280220985413
1674.518009 0.289043188095
1676.844628 0.284031152725
1678.88509 0.275397062302
1680.966998 0.287528991699
1683.086388 0.288185119629
1685.154353 0.28822684288
1687.224591 0.287473917007
1689.290865 0.273276090622
1691.365421 0.278965950012
1693.459953 0.280613899231
1695.585726 0.33021402359
1697.666564 0.280183076859
1699.728203 0.278295993805
1701.807659 0.28005695343
1703.925056 0.321888923645
1706.029371 0.287446022034
1708.392408 0.277043104172
1710.50482 0.296504020691
1712.595995 0.27867102623
1714.704342 0.28719997406
1716.820546 0.318083047867
1718.90478 0.280174016953
1720.980965 0.286513090134
1723.049202 0.279058218002
1725.14544 0.274476051331
1727.280076 0.33313703537
1729.415704 0.320735931396
1731.497508 0.283045053482
1733.570973 0.278657197952
1735.633185 0.279486894608
1737.707742 0.283713817596
1740.208757 0.279206037521
1742.258892 0.283825159073
1744.503484 0.288896083832
1746.577165 0.323763847351
1748.641637 0.284600019455
1750.764237 0.323939800262
1752.818851 0.276725053787
1754.940277 0.284497976303
1757.033171 0.278192996979
1759.121809 0.315294981003
1761.22228 0.31797003746
1763.373851 0.327982187271
1765.430449 0.285056114197
1767.495358 0.277220964432
1769.614999 0.328804016113
1771.89478 0.284198045731
1774.003461 0.327628850937
1776.061118 0.276731967926
1778.134533 0.283920049667
1780.236314 0.329905033112
1782.339446 0.288745880127
1784.438849 0.288135051727
1786.517347 0.281024932861
1788.611733 0.288707017899
1790.692418 0.28933095932
1792.766061 0.281536102295
1794.944537 0.28285908699
1797.035883 0.280689001083
1799.164833 0.3186378479
1801.251436 0.277171850204
1803.576432 0.284204959869
1805.641706 0.278955936432
1807.766937 0.290329933167
1809.856803 0.314126014709
1811.95164 0.273654937744
1814.042605 0.278393030167
1816.119617 0.316876888275
1818.171932 0.288634061813
1820.234383 0.278077125549
1822.381117 0.281579017639
1824.44799 0.279119968414
1826.543244 0.295700073242
1828.63763 0.277498960495
1830.732711 0.285622119904
1832.814467 0.287935018539
1835.193948 0.283787965775
1837.284055 0.283149003983
1839.3966 0.286461114883
1841.488072 0.277456998825
1843.598005 0.286561965942
1845.705841 0.283090114594
1847.790294 0.289291143417
1849.853772 0.278165817261
1851.959224 0.31513094902
1854.110422 0.322921037674
1856.207621 0.28177189827
1858.298672 0.289450883865
1860.434162 0.322383880615
1862.534799 0.323798894882
1864.610529 0.276815891266
1866.867371 0.279199838638
1868.945628 0.278206825256
1871.082883 0.320285797119
1873.186519 0.282825946808
1875.266944 0.276940107346
1877.374513 0.282423019409
1879.491388 0.283388137817
1881.58812 0.287890911102
1883.66871 0.289276838303
1885.755217 0.280487060547
1887.857176 0.326894044876
1889.969112 0.326417207718
1892.032468 0.287509918213
1894.144488 0.277586936951
1896.247013 0.289630174637
1898.559819 0.324453830719
1900.647372 0.277768850327
1902.737165 0.281039953232
1904.838471 0.317141056061
1906.934749 0.32293510437
1909.016637 0.281770944595
1911.065633 0.282484054565
1913.185094 0.285314798355
1915.261181 0.277355909348
1917.312009 0.283320903778
1919.37355 0.281466960907
1921.489274 0.322547912598
1923.579162 0.325798988342
1925.643679 0.275714874268
1927.720828 0.283409118652
1930.013885 0.281782865524
1932.096691 0.283605098724
1934.172415 0.278599977493
1936.262374 0.277168989182
1938.339664 0.274713039398
1940.460913 0.287832021713
1942.587769 0.279063940048
1944.732446 0.285481929779
1946.848757 0.279273986816
1948.952698 0.283248901367
1951.022789 0.28692984581
1953.132154 0.287290096283
1955.198925 0.277648925781
1957.261293 0.286139011383
1959.401949 0.279099941254
1961.693905 0.315029859543
1963.753062 0.284111022949
1965.829352 0.278662919998
1967.869351 0.28654718399
1969.954732 0.283824920654
1972.03088 0.29320192337
1974.120558 0.282679796219
1976.186958 0.281273126602
1978.288135 0.280256986618
1980.375151 0.287469148636
1982.49762 0.330937862396
1984.622565 0.324301958084
1986.753682 0.33318901062
1988.856316 0.286992788315
1990.941225 0.282428026199
1993.275549 0.291407108307
1995.352123 0.281533956528
1997.46392 0.325914859772
1999.648223 0.317384004593
2001.713084 0.285323143005
2003.799113 0.286752939224
2005.878743 0.280117988586
2007.97262 0.284914016724
2010.079419 0.285284996033
2012.11568 0.277786016464
2014.247773 0.330926895142
2016.336909 0.285098075867
2018.430155 0.278822898865
2020.571895 0.322479963303
2022.674981 0.304792881012
2024.986266 0.283098936081
2027.079824 0.313576936722
2029.161981 0.28317284584
2031.242766 0.280777931213
2033.318314 0.28049993515
2035.403025 0.283574819565
2037.458495 0.287790060043
2039.535707 0.279843091965
2041.578122 0.280561923981
2043.691897 0.317646980286
2045.779328 0.281164884567
2047.825802 0.285108089447
2050.000405 0.281542062759
2052.060471 0.284641981125
2054.155206 0.284575939178
2056.469846 0.279376983643
2058.563252 0.284569978714
2060.639844 0.283444166183
2062.715661 0.284978151321
2064.839303 0.285235881805
2066.943793 0.276833057404
2069.032164 0.318413972855
2071.111757 0.283022880554
2073.183429 0.283822059631
2075.225543 0.280658006668
2077.346328 0.33747792244
2079.461705 0.316418170929
2081.558987 0.296870946884
2083.680544 0.274219036102
2085.803237 0.332661867142
2088.168887 0.285035133362
2090.235112 0.277830123901
2092.35477 0.330949783325
2094.481626 0.321185112
2096.578855 0.281645059586
2098.682765 0.278483867645
2100.736851 0.285262107849
2102.808798 0.285973072052
2104.878187 0.281064987183
2106.941349 0.277215003967
2109.082011 0.318047046661
2111.225073 0.276432037354
2113.2832 0.283202886581
2115.340885 0.277419090271
2117.440674 0.313146114349
2119.850192 0.334973096848
2121.983229 0.330386161804
2124.059692 0.286212921143
2126.13765 0.284725904465
2128.215052 0.277012825012
2130.302445 0.281394004822
2132.400977 0.28989315033
2134.528657 0.287939071655
2136.604474 0.280132055283
2138.7593 0.330751895905
2140.848513 0.312255144119
2142.923454 0.283776044846
2144.985373 0.283205032349
2147.081703 0.28755903244
2149.230011 0.321588039398
2151.541821 0.275047063828
2153.619845 0.289268016815
2155.926571 0.323036909103
2158.008437 0.288228034973
2160.121977 0.279632091522
2162.249199 0.285329818726
2164.347834 0.28383898735
2166.413635 0.288414001465
2168.483261 0.283300161362
2170.551285 0.275059223175
2172.651005 0.287286996841
2174.723586 0.279439926147
2176.798501 0.28392291069
2178.925273 0.323236942291
2181.041281 0.276294946671
2183.340926 0.286077022552
2185.455745 0.279582977295
2187.553457 0.286211013794
2189.651601 0.284408092499
2191.732691 0.285583972931
2193.848687 0.294219970703
2195.940685 0.288241863251
2198.044355 0.284181118011
2200.107407 0.281244039536
2202.205457 0.281229972839
2204.304649 0.285212993622
2206.426525 0.285866975784
2208.47352 0.285449981689
2210.544929 0.283951044083
2212.656881 0.288796186447
2214.970952 0.28561091423
2217.075279 0.289467096329
2219.175562 0.275466918945
2221.274639 0.278129816055
2223.364509 0.288963079453
2225.451037 0.288104057312
2227.537669 0.276751041412
2229.628605 0.290508985519
2231.726626 0.285243988037
2233.792523 0.290255069733
2235.877731 0.277553796768
2237.97712 0.287323951721
2240.074848 0.284199953079
2242.142982 0.276548147202
2244.230128 0.275365114212
2246.559142 0.278903007507
2248.656435 0.307281970978
2250.759344 0.276265859604
2252.890521 0.320410966873
2254.972543 0.288264989853
2257.104067 0.280528068542
2259.181801 0.284069061279
2261.274565 0.284137964249
2263.382968 0.289324045181
2265.458521 0.287916183472
2267.547821 0.289735078812
2269.621801 0.287817001343
2271.697796 0.288665056229
2273.758595 0.264476060867
2275.864021 0.275583982468
2278.211811 0.282078027725
2280.311116 0.286464929581
2282.391287 0.28623509407
2284.466191 0.278354883194
2286.530875 0.280721902847
2288.664343 0.32198882103
2290.740967 0.278831958771
2292.822601 0.280666828156
2294.895824 0.283401966095
2297.005645 0.282027006149
2299.116431 0.28139591217
2301.245243 0.279733896255
2303.352186 0.284488916397
2305.430184 0.28587603569
2307.515357 0.287705898285
2309.82594 0.279118061066
2311.953571 0.318749904633
2314.059808 0.284627914429
2316.171648 0.315636873245
2318.259756 0.287024021149
2320.359245 0.274737119675
2322.455077 0.284476995468
2324.561483 0.290675878525
2326.62067 0.276826143265
2328.674787 0.288371801376
2330.761264 0.286895036697
2332.839395 0.27920293808
2334.927354 0.280518054962
2336.998463 0.281724214554
2339.13807 0.323212862015
2341.506694 0.282473087311
2343.586652 0.284124135971
2345.697228 0.28498506546
2347.777189 0.284450054169
2349.853954 0.275671005249
2351.951099 0.283455848694
2354.051475 0.284573078156
2356.142265 0.278527975082
2358.255052 0.286548137665
2360.381102 0.316486120224
2362.51645 0.290057897568
2364.601081 0.27906703949
2366.716126 0.288271903992
2368.801557 0.28543305397
2370.929127 0.279905080795
2373.230565 0.276447057724
2375.296447 0.273856878281
2377.391691 0.282617092133
2379.474097 0.28383398056
2381.560959 0.278383016586
2383.648408 0.282702922821
2385.757818 0.27564907074
2387.858339 0.275686979294
2389.933706 0.27440404892
2392.02408 0.279958963394
2394.134921 0.276334047318
2396.201584 0.283564805984
2398.26558 0.277199029922
2400.353189 0.282375812531
2402.428258 0.284617900848
2404.809065 0.281727075577
2406.892282 0.279462099075
2408.971256 0.279340028763
2411.103369 0.288097858429
2413.163337 0.284864902496
2415.242777 0.287974834442
2417.351572 0.280292987823
2419.442171 0.285348892212
2421.506996 0.276762962341
2423.604452 0.287665128708
2425.68044 0.280149936676
2427.770513 0.276916027069
2429.862015 0.283931016922
2431.945224 0.277139186859
2434.023417 0.278445959091
2436.427173 0.3304271698
2438.52019 0.28540802002
2440.621102 0.275379180908
2442.708951 0.28419303894
2444.821054 0.276664018631
2446.942381 0.292263031006
2449.04317 0.286209106445
2451.184044 0.331273078918
2453.327186 0.343802213669
2455.393174 0.276067018509
2457.506118 0.277692079544
2459.578702 0.280536174774
2461.656543 0.28494310379
2463.756728 0.28547000885
2465.928888 0.335961818695
2468.26738 0.283831119537
2470.334491 0.276017904282
2472.414805 0.288975000381
2474.476789 0.287745952606
2476.539378 0.283298969269
2478.624007 0.283112049103
2480.692572 0.280179977417
2482.765869 0.287087202072
2484.875313 0.283369064331
2486.937928 0.294366121292
2489.007769 0.275570869446
2491.101362 0.284585952759
2493.170506 0.275941848755
2495.23279 0.276954889297
2497.342126 0.283894062042
2499.602411 0.277426958084
2501.69051 0.28651714325
2503.776819 0.28272986412
2505.863859 0.285252094269
2507.928968 0.277055978775
2510.008013 0.282777070999
2512.103172 0.28537106514
2514.181954 0.277467012405
2516.272976 0.280475139618
2518.345398 0.273708820343
2520.439185 0.290359020233
2522.558864 0.324996948242
2524.690571 0.283975839615
2526.769646 0.272967100143
2528.881556 0.283111095428
2531.172341 0.283768892288
2533.275213 0.286736965179
2535.376421 0.324658870697
2537.496893 0.28356218338
2539.575148 0.285645008087
2541.696851 0.323655843735
2543.797858 0.274851083755
2545.898801 0.276973962784
2547.963507 0.282669067383
2550.052369 0.320739984512
2552.202984 0.285598993301
2554.249787 0.289108037949
2556.424714 0.340656042099
2558.485627 0.286618947983
2560.571323 0.281807184219
2562.91542 0.278736114502
2564.955306 0.277501821518
2567.01889 0.282846927643
2569.152813 0.33652806282
2571.253887 0.284446954727
2573.541999 0.294555902481
2575.608774 0.28284907341
2577.695148 0.280402898788
2579.793928 0.285425901413
2581.873207 0.274585962296
2583.961554 0.2889149189
2586.037338 0.276952981949
2588.125491 0.274568080902
2590.212237 0.297163963318
2592.344996 0.333464860916
2594.666908 0.281543016434
2596.770562 0.286482095718
2598.853719 0.276026964188
2600.921286 0.28106212616
2602.991759 0.283582925797
2605.097014 0.283724069595
2607.161551 0.279496908188
2609.266711 0.292862892151
2611.332837 0.276554107666
2613.410809 0.282954931259
2615.489236 0.27875995636
2617.563324 0.286206007004
2619.622592 0.284111022949
2621.693685 0.281615018845
2623.776221 0.289853096008
2626.083169 0.276422023773
2628.152626 0.283169031143
2630.185615 0.290269851685
2632.277063 0.324033021927
2634.322795 0.285760879517
2636.451881 0.277354001999
2638.549535 0.278487920761
2640.683167 0.320704936981
2642.770043 0.283595085144
2644.863022 0.288848876953
2646.938441 0.280077934265
2649.037888 0.28729391098
2651.124623 0.2801861763
2653.193338 0.279714107513
2655.349077 0.329434871674
2657.679361 0.283943891525
2659.769655 0.287770032883
2661.844686 0.291388034821
2663.943091 0.285950899124
2666.09494 0.333847999573
2668.188946 0.314146995544
2670.255641 0.288975000381
2672.342604 0.276895999908
2674.446725 0.286509037018
2676.569747 0.316738128662
2678.665262 0.288141965866
2680.717589 0.274665117264
2682.807981 0.28862786293
2684.917986 0.317721843719
2686.995743 0.289883136749
2689.366307 0.331548929214
2691.447622 0.275012016296
2693.555007 0.283134937286
2695.634738 0.288153886795
2697.732658 0.279222011566
2699.822203 0.28676700592
2701.895403 0.283634901047
2703.975218 0.289183855057
2706.040674 0.28001999855
2708.099409 0.278566837311
2710.172496 0.281352043152
2712.24402 0.289730072021
2714.330308 0.31165099144
2716.394609 0.276138067245
2718.485297 0.275788068771
2720.797942 0.27715587616
2722.849929 0.276634931564
2724.958083 0.319738149643
2727.018139 0.278370857239
2729.105031 0.285121202469
2731.189856 0.277926921844
2733.301133 0.283739805222
2735.376361 0.272389173508
2737.442653 0.277948141098
2739.552966 0.324356079102
2741.643549 0.2768471241
2743.739429 0.285104990005
2745.806718 0.287249088287
2747.903159 0.27848815918
2749.973224 0.280218839645
2752.287873 0.278568029404
2754.385067 0.282272100449
2756.475648 0.287739038467
2758.574456 0.286647081375
2760.658592 0.284070968628
2762.738075 0.282211780548
2764.814579 0.284272909164
2766.894052 0.282786130905
2768.977561 0.287534952164
2771.070947 0.324954032898
2773.225389 0.337085962296
2775.325108 0.283954143524
2777.418539 0.288586139679
2779.491191 0.278198003769
2781.551095 0.288378000259
2783.906477 0.287279844284
2785.994889 0.27656006813
2788.081429 0.274346113205
2790.210347 0.325400829315
2792.290081 0.282711982727
2794.381096 0.277017831802
2796.479415 0.284728050232
2798.59415 0.286864042282
2800.695374 0.289329051971
2802.783191 0.28151512146
2804.884129 0.276866912842
2806.980792 0.280873060226
2809.051531 0.28080201149
2811.145632 0.285893917084
2813.236491 0.27928686142
2815.512883 0.281428098679
2817.639327 0.324549198151
2819.700031 0.278986930847
2821.779189 0.312266111374
2823.840809 0.286432027817
2825.916942 0.287868022919
2828.005805 0.320569038391
2830.081135 0.289469957352
2832.179745 0.28581905365
2834.259474 0.276450872421
2836.322592 0.273828983307
2838.434668 0.280712127686
2840.532246 0.284938097
2842.623324 0.277269124985
2844.696881 0.285139799118
2847.003846 0.280678987503
2849.090129 0.283398151398
2851.180194 0.286001205444
2853.255457 0.278987169266
2855.32091 0.284725904465
2857.454774 0.324937105179
2859.564392 0.324887990952
2861.650704 0.266986131668
2863.757201 0.271101951599
2865.893409 0.282351970673
2868.027572 0.31497502327
2870.155684 0.318801164627
2872.245032 0.28003692627
2874.326982 0.275032997131
2876.398769 0.284588098526
2878.743781 0.289650917053
2880.874531 0.319532871246
2882.975236 0.315937995911
2885.053543 0.287323951721
2887.15677 0.315698862076
2889.25943 0.282963037491
2891.340023 0.283294916153
2893.415655 0.322233915329
2895.486903 0.284349918365
2897.543233 0.277562141418
2899.712808 0.342307806015
2901.817676 0.276905059814
2903.904883 0.286478042603
2906.031232 0.284059047699
2908.156006 0.289694070816
2910.661112 0.28760099411
2912.814666 0.340082168579
2914.884272 0.286620855331
2916.963047 0.279210090637
2919.004242 0.278675079346
2921.076576 0.280472040176
2923.156592 0.283000946045
2925.252605 0.285830020905
2927.330049 0.287550926208
2929.43062 0.324469089508
2931.577108 0.319108009338
2933.674679 0.284193992615
2935.799429 0.320621013641
2937.902876 0.317916154861
2939.991642 0.277481079102
2942.316607 0.287972927094
2944.372052 0.282604932785
2946.45851 0.274297952652
2948.559114 0.28387093544
2950.666933 0.280833005905
2952.797658 0.283420801163
2954.883038 0.284422874451
2956.959237 0.280328035355
2959.012952 0.27922296524
2961.075432 0.276787042618
2963.215097 0.331127166748
2965.308899 0.28672003746
2967.424575 0.280884981155
2969.542167 0.319658041
2971.69668 0.340421915054
2974.059565 0.279784917831
2976.151076 0.285658121109
2978.244824 0.312752962112
2980.344522 0.32161283493
2982.430339 0.282377004623
2984.526634 0.283766031265
2986.6069 0.283854007721
2988.674926 0.280554056168
2990.786585 0.327037096024
2992.861253 0.286964893341
2994.987047 0.324599027634
2997.061312 0.286772012711
2999.150001 0.288064956665
3001.274542 0.324833869934
3003.354941 0.281001091003
3005.65422 0.287806034088
3007.707387 0.278546094894
3009.781204 0.274827003479
3011.83574 0.278141975403
3013.923068 0.286721944809
3016.018465 0.292053937912
3018.108398 0.284708023071
3020.208798 0.286679983139
3022.296101 0.285508155823
3024.408141 0.284096002579
3026.524047 0.280550003052
3028.588334 0.284952163696
3030.695209 0.287683010101
3032.796989 0.287146091461
3034.907197 0.286942958832
3037.21423 0.278491973877
3039.31567 0.277761936188
3041.430044 0.291002035141
3043.526403 0.285356044769
3045.615183 0.286437988281
3047.737868 0.323486089706
3049.835778 0.280269145966
3051.913258 0.278673171997
3053.989447 0.284959793091
3056.087355 0.28240609169
3058.175229 0.278432130814
3060.262715 0.279429197311
3062.329446 0.285032987595
3064.40681 0.281098842621
3066.491894 0.28141283989
3068.834497 0.280127048492
3070.922668 0.277429103851
3073.043699 0.321398973465
3075.135054 0.286287069321
3077.208588 0.283504962921
3079.311417 0.283299922943
3081.41337 0.280436992645
3083.463164 0.276098966599
3085.562357 0.281679153442
3087.625044 0.281450033188
3089.710129 0.294575929642
3091.798275 0.28389787674
3093.859647 0.281882047653
3095.915126 0.281949996948
3097.983185 0.288631916046
3100.323569 0.282609939575
3102.410877 0.277444124222
3104.574001 0.328863143921
3106.751693 0.282659053802
3108.818991 0.275896072388
3110.944253 0.27951002121
3113.03091 0.275434970856
3115.107823 0.278068065643
3117.197768 0.280467987061
3119.306074 0.287770032883
3121.416922 0.28700709343
3123.494897 0.287754058838
3125.580708 0.285719156265
3127.648576 0.280448913574
3129.711062 0.275178909302
3132.069865 0.283153057098
3134.213279 0.331162929535
3136.318484 0.28559589386
3138.408832 0.283926010132
3140.506611 0.285945892334
3142.647242 0.320399999619
3144.710958 0.278195858002
3146.779075 0.280565023422
3148.850721 0.277649879456
3150.913901 0.288013935089
3152.979034 0.283727884293
3155.059496 0.286165952682
3157.128587 0.289440870285
3159.220757 0.28968501091
3161.300132 0.283496141434
3163.595012 0.284346818924
3165.725267 0.288678884506
3167.845145 0.285839080811
3169.970126 0.279695987701
3172.074735 0.28829407692
3174.171674 0.282727003098
3176.293245 0.287230968475
3178.418514 0.287909984589
3180.545261 0.280480861664
3182.66551 0.28716301918
3184.777235 0.287714004517
3186.876154 0.289589881897
3188.994391 0.282193899155
3191.090239 0.277513980865
3193.179641 0.27655005455
3195.590585 0.280849933624
3197.676993 0.288686990738
3199.764032 0.286754846573
3201.880088 0.279482126236
3203.968104 0.277457952499
3206.067682 0.277262926102
3208.155193 0.277873039246
3210.25306 0.286999940872
3212.34341 0.282204866409
3214.417088 0.282207012177
3216.497227 0.280069828033
3218.5839 0.278249979019
3220.67121 0.274700164795
3222.722165 0.274934053421
3224.796285 0.279013872147
3227.339202 0.319284915924
3229.451677 0.323410987854
3231.540628 0.285022974014
3233.642515 0.276282072067
3235.756701 0.284294843674
3237.855052 0.287995100021
3239.952671 0.285521030426
3242.052195 0.285347938538
3244.131216 0.280601024628
3246.220103 0.280919790268
3248.307328 0.277708053589
3250.383422 0.278001070023
3252.434632 0.273386955261
3254.521445 0.281433105469
3256.611376 0.277808904648
3259.011888 0.321265935898
3261.120897 0.28213596344
3263.196527 0.286354064941
3265.297572 0.278113126755
3267.376379 0.278079032898
3269.441218 0.278389930725
3271.532975 0.282122850418
3273.602518 0.286813020706
3275.713695 0.279747962952
3277.847289 0.33137512207
3279.948376 0.324635028839
3282.026549 0.285639047623
3284.112949 0.286463975906
3286.167998 0.281436920166
3288.252914 0.280925035477
3290.591674 0.285508871078
3292.705132 0.284272193909
3294.782724 0.285894155502
3296.8339 0.274401187897
3298.914512 0.287693977356
3300.996429 0.283659934998
3303.059589 0.283262014389
3305.149172 0.277259111404
3307.215928 0.27721786499
3309.297194 0.28548002243
3311.369623 0.278986930847
3313.466614 0.275575876236
3315.554934 0.281819105148
3317.628965 0.282253980637
3319.717889 0.286950111389
3322.056348 0.287042856216
3324.186236 0.280689954758
3326.296962 0.287797212601
3328.406026 0.286659002304
3330.52917 0.275515079498
3332.635853 0.288719177246
3334.72748 0.283381938934
3336.830565 0.287687063217
3338.953086 0.328735113144
3341.055429 0.314265012741
3343.175435 0.28271985054
3345.290395 0.317058086395
3347.417078 0.316219091415
3349.514999 0.282740116119
3351.632718 0.330547094345
3353.953332 0.284126996994
3356.059391 0.290050029755
3358.164946 0.283923864365
3360.221154 0.286393165588
3362.337003 0.278209209442
3364.487352 0.334230899811
3366.60125 0.28068113327
3368.699037 0.285910844803
3370.789008 0.287569999695
3372.854364 0.277574062347
3374.929208 0.28427195549
3377.019996 0.277143001556
3379.107882 0.27570104599
3381.205803 0.288031101227
3383.28184 0.281867027283
3385.642669 0.283515930176
3387.695172 0.282672166824
3389.773765 0.287088871002
3391.854169 0.268504142761
3393.959957 0.285887956619
3396.075813 0.279634952545
3398.1625 0.291328907013
3400.273301 0.279587984085
3402.368584 0.281924009323
3404.468842 0.286448001862
3406.571725 0.284625053406
3408.665907 0.287509918213
3410.750178 0.277554035187
3412.862585 0.28352189064
3414.963199 0.284633159637
3417.380589 0.289710044861
3419.444108 0.282991170883
3421.526355 0.28751707077
3423.612396 0.286876916885
3425.664135 0.279075860977
3427.778317 0.323349952698
3429.844519 0.281142950058
3431.928214 0.322085857391
3434.016759 0.287655830383
3436.071105 0.287556171417
3438.168314 0.283690214157
3440.246459 0.27911901474
3442.331511 0.283697128296
3444.408606 0.286482095718
3446.496736 0.288748979568
3448.848537 0.285606861115
3450.961217 0.285435914993
3453.109939 0.285957813263
3455.196991 0.282113075256
3457.274954 0.281526088715
3459.359225 0.285396099091
3461.462835 0.310523033142
3463.527453 0.276387929916
3465.615422 0.278798103333
3467.700642 0.285966873169
3469.766669 0.277794837952
3471.904215 0.339829921722
3474.037925 0.311526060104
3476.194663 0.321501016617
3478.285129 0.274945020676
3480.691837 0.339128017426
3482.787357 0.286353826523
3484.886034 0.287651062012
3486.986254 0.280055999756
3489.156146 0.32511305809
3491.255974 0.279901981354
3493.40304 0.285575151443
3495.469368 0.278656005859
3497.571611 0.279019117355
3499.633834 0.288936138153
3501.732471 0.285584926605
3503.797612 0.287057876587
3505.876187 0.278735160828
3507.971955 0.286300182343
3510.039156 0.276450872421
3512.409276 0.283113002777
3514.478598 0.280868053436
3516.809063 0.279012918472
3518.915682 0.282109975815
3520.994539 0.276067972183
3523.117005 0.28754401207
3525.206765 0.280846118927
3527.271295 0.276185035706
3529.403559 0.321259021759
3531.471073 0.27253818512
3533.580552 0.286017894745
3535.727698 0.285454034805
3537.813853 0.280940055847
3539.884134 0.276824951172
3541.943851 0.286130905151
3544.264822 0.283191204071
3546.45262 0.284439086914
3548.518836 0.284779071808
3550.611422 0.278525829315
3552.713594 0.28391289711
3554.881294 0.332780838013
3556.967389 0.279109954834
3559.095358 0.326897144318
3561.204048 0.286104202271
3563.295871 0.284430980682
3565.432014 0.322155952454
3567.5158 0.285410881042
3569.60339 0.282248020172
3571.707191 0.285895824432
3573.793559 0.287793159485
3576.187504 0.323449134827
3578.267293 0.285384893417
3580.392268 0.284078121185
3582.484164 0.277038812637
3584.584489 0.315685987473
3586.709267 0.284195184708
3588.805618 0.287346839905
3590.915066 0.28421497345
3593.031195 0.277472019196
3595.131264 0.279305934906
3597.240779 0.285111188889
3599.344951 0.287518024445
3601.467835 0.281621932983
