22.095753 0.983647274971
44.159273 0.98401157856
66.475876 0.995350837708
69.915465 9999
91.911712 0.986216509342
114.08165 0.986974775791
136.279004 0.9945728302
158.594644 0.995733690262
180.410488 0.975465679169
202.697769 0.98993973732
224.497326 0.972738194466
246.394134 0.972186076641
268.162253 0.971644461155
290.179446 0.978525078297
312.076847 0.976542234421
334.029651 0.977021694183
356.110903 0.989475286007
378.041528 0.975713121891
400.258686 0.995976269245
403.80181 9999
425.681078 0.973719584942
447.393439 0.969849514961
469.194125 0.968662774563
491.36102 0.992842197418
513.262606 0.973872077465
535.442384 0.993299126625
557.375635 0.975830173492
579.175559 0.974794816971
601.411479 0.990427005291
623.261805 0.976151633263
645.228494 0.976313126087
667.141399 0.979331541061
670.616066 9999
692.412971 0.975192904472
714.546471 0.99206520319
736.459563 0.974743592739
758.595677 0.991606068611
780.508967 0.973478198051
802.709225 0.994468581676
824.71029 0.977481210232
846.578827 0.977106261253
850.150354 9999
872.294515 0.992194104195
894.127511 0.976831901073
916.026974 0.972651195526
937.829018 0.973618912697
959.743569 0.973785483837
981.630844 0.979078018665
1003.593934 0.976430869102
1007.020524 9999
1028.747581 0.971544909477
1050.631279 0.971781289577
1054.03375 9999
1075.817694 0.975017774105
1097.663362 0.970263767242
1119.79623 0.991868877411
1143.513639 1.0635737896
1165.680743 0.992614746094
1187.631018 0.975232410431
1211.265114 1.06443097591
1233.282231 0.978356933594
1255.347015 0.988609683514
1277.217583 0.970967745781
1299.117636 0.979736340046
1321.015497 0.972138845921
1342.799749 0.974588537216
1365.163012 0.995915925503
1387.266815 0.989814949036
1409.212388 0.975578355789
1412.586142 9999
1434.36408 0.973693096638
1456.59857 0.990953230858
1478.847602 0.997595870495
1500.814972 0.975193989277
1523.0313 0.996586406231
1544.96649 0.974688756466
1567.04683 0.989333975315
1570.587603 9999
1592.449568 0.977761411667
1614.182687 0.971273386478
1636.332484 0.986520195007
1639.739768 9999
1661.587627 0.977249753475
1665.157467 9999
1687.072592 0.978946530819
1710.570609 1.05906361341
1732.738051 0.987645184994
1736.147707 9999
1757.943078 0.975662910938
1780.160206 0.98987518549
1802.022418 0.974905359745
1824.259659 0.990521717072
1846.40599 0.992023658752
1868.355201 0.975666201115
1890.639283 0.995250618458
1912.609569 0.976752591133
1934.738298 0.991284680367
1956.739451 0.97852165699
1978.804425 0.987775683403
2000.654495 0.970879673958
2004.077894 9999
2025.939679 0.975713038445
2048.190122 0.990713763237
2069.942199 0.971365118027
2091.842856 0.972155308723
2113.655819 0.975436067581
2135.572195 0.97249443531
2157.338162 0.973867535591
2179.58873 0.991993224621
2201.438212 0.977046406269
2223.47407 0.978864610195
2245.222085 0.972001171112
2267.187441 0.975526297092
2289.356173 0.99221612215
2311.323004 0.974972677231
2333.5403 0.994578874111
2337.145395 9999
2359.306743 0.993904232979
2381.090115 0.973397493362
2403.438816 0.992437303066
2425.238888 0.974545395374
2447.18809 0.975561034679
2468.971593 0.973931717873
2490.974133 0.977164673805
2512.78772 0.974625074863
2534.820229 0.978261756897
2538.262058 9999
2560.093295 0.976363229752
2582.039429 0.973590683937
2603.875698 0.977040469646
2625.824187 0.975752973557
2647.738359 0.978937387466
2669.591563 0.969562494755
2691.420585 0.975927042961
2713.73883 0.993208885193
2735.553589 0.974497389793
2739.09563 9999
2760.859472 0.97025963068
2782.639769 0.974193620682
2804.709468 0.97757897377
2826.555023 0.975921499729
2848.539621 0.976314878464
2870.737931 0.99204877615
2892.708183 0.974409282207
2914.506454 0.975066959858
2936.842046 0.9924523592
2958.670899 0.974413704872
2980.720768 0.977226877213
3002.573534 0.974839401245
3024.840116 0.99090089798
3028.277424 9999
3050.058672 0.974252068996
3053.728197 9999
3075.544035 0.973169410229
3097.290586 0.972171235085
3119.343855 0.977957749367
3141.126322 0.973033571243
3163.156463 0.978162479401
3184.974604 0.975317656994
3206.976543 0.976183128357
3228.826315 0.976643574238
3232.414252 9999
3254.194368 0.974543464184
3276.060648 0.976067352295
3298.128037 0.979305100441
3319.959865 0.975565159321
3341.810152 0.970156669617
3363.577555 0.971801412106
3385.574117 0.976136815548
3407.458296 0.977650082111
3429.425315 0.975599956512
3432.84673 9999
3454.658408 0.974821102619
3476.690898 0.977260828018
3498.84516 0.993123948574
3520.891074 0.978451132774
3543.02402 0.99028621912
3564.940646 0.971530330181
3587.05948 0.990007424355
3609.406559 0.9930803895
