8.692475 1.24293835958
17.299637 1.24714501699
25.972423 1.23823038737
34.578925 1.24119504293
43.302501 1.2415099144
51.958719 1.25960262616
60.582063 1.25060971578
69.220865 1.25066232681
77.980866 1.25267330805
86.620301 1.25292134285
95.19076 1.23067863782
103.830259 1.25273505847
112.52036 1.2347462972
121.177937 1.25221705437
129.817701 1.24570735296
138.422923 1.24666126569
147.112528 1.22888207436
155.769737 1.25010172526
164.379018 1.24345827103
173.048951 1.25901627541
181.805151 1.24307632446
190.429453 1.24274102847
199.085058 1.24294392268
207.708877 1.25332363447
216.397834 1.23338834445
224.940493 1.2289613088
233.543934 1.24178433418
242.167776 1.2536406517
250.907369 1.24155537287
259.580735 1.24072567622
268.253542 1.25133005778
276.880439 1.23920663198
285.633187 1.25242304802
294.256649 1.24483601252
302.879695 1.24010936419
311.535854 1.24409763018
320.309713 1.25942238172
328.901936 1.23923699061
337.555095 1.24891233444
346.145191 1.24244960149
354.887989 1.24852569898
363.507982 1.23958325386
372.215043 1.24913326899
380.855065 1.25353097916
389.695551 1.27435270945
398.317517 1.2430469195
407.059427 1.27027336756
415.663786 1.24144633611
424.370889 1.2312622865
432.993505 1.23622361819
441.603311 1.23569703102
450.273121 1.25023094813
458.9966 1.23783667882
467.65613 1.26381834348
476.296315 1.25688362122
484.898916 1.23175970713
493.623338 1.23757823308
502.262168 1.2441693147
510.886461 1.23949964841
519.510678 1.24529925982
528.198924 1.23483633995
536.854628 1.24893840154
545.464411 1.24877333641
554.067534 1.2426366806
562.907789 1.25177399317
571.483798 1.23278872172
580.08798 1.24445501963
588.710493 1.23471260071
597.399915 1.2414932251
605.990884 1.2472893397
614.595773 1.24180459976
623.219871 1.23276631037
631.976223 1.2454003493
640.616036 1.25000301997
649.288197 1.25093865395
657.878487 1.24145833651
666.585116 1.23430331548
675.191563 1.24247407913
683.814965 1.23722926776
692.455009 1.25302871068
701.194788 1.24048177401
709.817444 1.24602969488
718.390926 1.23230369886
727.046954 1.25427293777
735.887525 1.26476200422
744.459911 1.23618165652
753.136505 1.25615700086
761.709559 1.23115340869
770.529895 1.26369229952
779.105506 1.23868139585
787.710221 1.24559466044
796.350655 1.24626572927
805.088734 1.22826798757
813.712296 1.24298731486
822.288123 1.23615566889
830.907883 1.24393296242
839.665153 1.23947469393
848.357713 1.25179131826
857.011483 1.25017595291
865.600708 1.23729070028
874.443527 1.25630879402
883.04872 1.23942367236
891.720893 1.24605067571
900.363005 1.2537446022
909.116348 1.23194201787
917.760998 1.24549396833
926.39697 1.25205198924
935.01941 1.24308768908
943.859511 1.24282932281
952.483157 1.24407903353
961.108838 1.24094510078
969.712936 1.24266703924
978.55216 1.2418290774
987.158607 1.24889063835
995.748056 1.23690835635
1004.357653 1.24606569608
1013.1947 1.2473783493
1021.817923 1.24448299408
1030.474599 1.25334231059
1039.098156 1.23635403315
1047.906952 1.24325529734
1056.496417 1.23253424962
1065.116626 1.24251532555
1073.789736 1.26970998446
1082.614098 1.25224192937
1091.223253 1.23774536451
1099.893539 1.25443601608
1108.534091 1.24645606677
1117.373083 1.25451533
1125.962069 1.23752236366
1134.552449 1.23871310552
1143.161484 1.2457733949
1151.981761 1.24425443014
1160.608268 1.24022197723
1169.295365 1.25230566661
1177.937733 1.25003941854
1186.745298 1.2414902846
1195.397884 1.24339858691
1204.024064 1.23995900154
1212.663518 1.24527819951
1221.417236 1.24672571818
1230.090223 1.26136461894
1238.715113 1.24454331398
1247.353992 1.23896161715
1256.213612 1.25905799866
1264.833867 1.24519530932
1273.390099 1.23445638021
1282.01581 1.24474525452
1290.856238 1.24744709333
1299.442973 1.24144570033
1308.051168 1.24467595418
1316.655494 1.24474700292
1325.46505 1.23076836268
1334.154473 1.25947443644
1342.774938 1.24365139008
1351.414267 1.25143901507
1360.189777 1.24658838908
1368.827374 1.25103902817
1377.417447 1.22966694832
1385.990171 1.2341632843
1394.780664 1.25058499972
1403.403275 1.24706872304
1412.096214 1.25751495361
1420.750324 1.25681010882
1429.573337 1.24354990323
1438.231387 1.2609055837
1446.93821 1.24219838778
1455.496027 1.23376687368
1464.232207 1.24249537786
1472.874647 1.2528766791
1481.545839 1.25017229716
1490.168652 1.23551503817
1499.011522 1.25404500961
1507.665457 1.25586223602
1516.354992 1.26155265172
1524.963808 1.24297428131
1533.75082 1.23816895485
1542.376906 1.24317765236
1550.998519 1.24020671844
1559.623629 1.2381576697
1568.477028 1.25177534421
1577.116741 1.24754158656
1585.773273 1.23799522718
1594.44701 1.26255162557
1603.203228 1.25068736076
1611.795698 1.24210532506
1620.435948 1.24500044187
1629.039278 1.23501706123
1637.845791 1.24805903435
1646.552386 1.25715502103
1655.192016 1.24587639173
1663.781751 1.23449166616
1672.638122 1.25365861257
1681.22842 1.23420262337
1689.918494 1.26227132479
1698.558291 1.23973997434
1707.398847 1.25167997678
1716.003851 1.24419601758
1724.676607 1.25961367289
1733.234428 1.23570799828
1742.056527 1.24173331261
1750.646685 1.23985799154
1759.289318 1.25038965543
1767.926675 1.23510535558
1776.733649 1.25323502223
1785.37225 1.25140738487
1794.029508 1.26123698552
1802.688704 1.26494503021
1811.525387 1.24515573184
1820.115149 1.22747087479
1828.771886 1.25023889542
1837.44801 1.25295670827
1846.384908 1.25160956383
1854.991982 1.24698225657
1863.614607 1.23982938131
1872.25481 1.25766102473
1881.027488 1.23328900337
1889.634515 1.24533661207
1898.207474 1.23366904259
1906.813823 1.24199358622
1915.603281 1.24013805389
1924.210323 1.24340168635
1932.799682 1.24168006579
1941.407062 1.24326904615
1950.180089 1.24259440104
1958.769022 1.24092300733
1967.426092 1.26331663132
1975.985461 1.23130838076
1984.822381 1.25778603554
1993.394916 1.23695762952
2002.018303 1.24826598167
2010.592408 1.22998468081
2019.331385 1.22973759969
2027.938069 1.24572292964
2036.561404 1.24692400297
2045.187064 1.25162768364
2053.940664 1.23016190529
2062.56695 1.23229996363
2071.220609 1.25723560651
2079.844152 1.24356897672
2088.666916 1.24382797877
2097.306339 1.25350364049
2105.998133 1.25541353226
2114.619342 1.23836135864
2123.42928 1.24711672465
2132.150243 1.26999934514
2140.75896 1.24212368329
2149.328627 1.23232142131
2158.135345 1.25066534678
2166.674871 1.22629070282
2175.264737 1.23737502098
2183.82566 1.23447640737
2192.661013 1.2580400308
2201.284306 1.25292468071
2209.890582 1.24320093791
2218.465285 1.24066201846
2227.286777 1.2453930378
2235.879942 1.23464536667
2244.452077 1.23558704058
2253.072988 1.24470170339
2261.812463 1.2358353138
2270.435919 1.24593726794
2279.092867 1.24687321981
2287.735145 1.26801776886
2296.572271 1.26386427879
2305.197355 1.25813531876
2313.801977 1.2407292525
2322.425509 1.25324900945
2331.182043 1.2372443676
2339.787717 1.24141295751
2348.394612 1.24122166634
2357.033719 1.24765642484
2365.824238 1.23985799154
2374.464019 1.24469391505
2383.08699 1.24254433314
2391.660462 1.2359697024
2400.516596 1.26140936216
2409.076328 1.2352391084
2417.646781 1.23634632428
2426.286021 1.2498884201
2435.128877 1.23556097349
2443.718617 1.24293168386
2452.306814 1.23180063566
2460.915248 1.23569734891
2469.755518 1.2593506972
2478.294305 1.22792092959
2486.931328 1.24654928843
2495.554129 1.25314561526
2504.394324 1.25454433759
2513.001285 1.2398463885
2521.593758 1.23473032316
2530.184325 1.23578929901
2538.953325 1.23557504018
2547.559835 1.24479468664
2556.150046 1.23503438632
2564.775853 1.25024970373
2573.579047 1.24252462387
2582.186354 1.24928832054
2590.843391 1.26241532962
2599.433141 1.24409532547
2608.288868 1.24925661087
2616.895446 1.23605831464
2625.484684 1.23607730865
2634.124365 1.2525853316
2642.984525 1.24882364273
2651.571236 1.23738654455
2660.211317 1.24922299385
2668.884388 1.24657495817
2677.70848 1.23333764076
2686.348087 1.24942191442
2694.954061 1.23656535149
2703.611021 1.26314560572
2712.517824 1.26629837354
2721.107084 1.24672563871
2729.679163 1.23389832179
2738.256247 1.24011063576
2747.079259 1.2323050499
2755.699315 1.24249807994
2764.390547 1.27008803686
2773.046712 1.25687861443
2781.970443 1.23718142509
2790.609185 1.25282168388
2799.231943 1.24583975474
2807.839016 1.24506402016
2816.661487 1.25465861956
2825.250951 1.23144292831
2833.858456 1.24593758583
2842.414261 1.22766534487
2851.337268 1.24616765976
2859.960913 1.2477089564
2868.61794 1.25253836314
2877.206948 1.23849670092
2886.066121 1.24095821381
2894.686611 1.24888428052
2903.343126 1.26658169429
2911.949688 1.24819866816
2920.773991 1.23841826121
2929.363117 1.23944234848
2938.019388 1.25198634466
2946.608836 1.23927172025
2955.482649 1.2532740434
2964.122219 1.2544983228
2972.795522 1.25713030497
2981.404821 1.24659196536
2990.261775 1.24065470695
2998.882318 1.24762002627
3007.470793 1.24042773247
3016.063413 1.23968760173
3024.95087 1.24046993256
3033.60746 1.26934305827
3042.196759 1.24584039052
3050.803885 1.24303356806
3059.693562 1.25184377035
3068.249859 1.23419507345
3076.874434 1.23782404264
3085.482823 1.24551693598
3094.322848 1.23766462008
3102.992174 1.25918364525
3111.568825 1.24123136202
3120.125647 1.22951968511
3128.982441 1.23851585388
3137.584658 1.24486533801
3146.192768 1.24065899849
3154.767818 1.24213234584
3163.591043 1.23939935366
3172.145512 1.23758530617
3180.767576 1.24775091807
3189.358219 1.2362733682
3198.147722 1.2308956782
3206.789284 1.25591127078
3215.394509 1.23730794589
3224.017262 1.24628225962
3232.940912 1.23232801755
3241.682564 1.28467734655
3250.322653 1.25517495473
3258.892556 1.2359243234
3267.799452 1.24105095863
3276.426383 1.256686608
3285.079696 1.25151435534
3293.718517 1.25308966637
3302.559362 1.24336401622
3311.165251 1.24428208669
3319.838485 1.26271565755
3328.511522 1.26415967941
3337.368453 1.24011071523
3345.977433 1.24094939232
3354.765947 1.24774177869
3363.404252 1.25052865346
3372.261514 1.24808247884
3380.83701 1.24350635211
3389.390783 1.23577435811
3397.996319 1.23596827189
3406.886799 1.24737906456
3415.51006 1.24080363909
3424.134104 1.24655834834
3432.739644 1.24023397764
3441.546401 1.23776936531
3450.152232 1.23875236511
3458.775376 1.23521661758
3467.349373 1.23796598117
3476.238825 1.24334136645
3484.879074 1.25750907262
3493.484914 1.23888301849
3502.109102 1.25133466721
3510.915607 1.23040032387
3519.571194 1.2584233284
3528.194304 1.24469161034
3536.867444 1.26186196009
3545.691032 1.23820869128
3554.330946 1.24548172951
3563.022936 1.25018493334
3571.659919 1.25398405393
3580.519985 1.25201336543
3589.14321 1.24186563492
3597.780454 1.24492398898
3606.419554 1.25651605924
