21.854699 0.971402537823
43.872903 0.985596847534
66.286228 0.997352588177
88.139852 0.977840459347
110.273104 0.986228144169
132.272755 0.983116722107
154.353224 0.983638429642
157.792343 9999
179.637331 0.977672076225
201.971642 0.996043944359
223.924058 0.98236989975
246.021196 0.984493279457
267.854036 0.977738761902
289.870254 0.976840746403
311.840295 0.983256292343
333.885819 0.981838011742
355.85285 0.982372772694
377.902173 0.983450090885
399.822532 0.980067265034
421.788367 0.977323591709
443.83545 0.986858212948
465.984719 0.986700069904
487.954795 0.982939815521
491.492061 9999
513.59173 0.988797771931
535.537146 0.981366181374
539.159116 9999
561.355802 0.994758725166
583.526158 0.992390942574
605.640643 0.981809425354
627.73943 0.989295220375
649.85702 0.983776044846
671.938598 0.988468921185
693.974124 0.981161344051
716.074628 0.989579916
738.222029 0.984201085567
760.158965 0.982585918903
782.355028 0.982735097408
804.375003 0.984914243221
826.638245 0.991751611233
848.637399 0.983500659466
852.21603 9999
874.073382 0.978215634823
895.973264 0.981064867973
918.17663 0.988969135284
940.140503 0.98252723217
962.276693 0.985883843899
984.208774 0.980228102207
1006.439047 0.98966987133
1028.508442 0.988134086132
1050.591519 0.984053838253
1054.012115 9999
1076.041428 0.984104466438
1098.344684 0.993180251122
1101.796879 9999
1123.77652 0.983749043941
1145.830128 0.981426024437
1167.80981 0.982700252533
1189.877563 0.983007216454
1211.81094 0.980076777935
1234.02628 0.988685250282
1255.928159 0.97925798893
1277.979031 0.980033111572
1300.159451 0.993301188946
1322.491838 0.993204641342
1344.429103 0.980127596855
1366.558145 0.984092223644
1388.492125 0.979447197914
1410.657829 0.986466395855
1432.676896 0.985470294952
1454.877459 0.98087656498
1476.910584 0.985851609707
1499.108285 0.987229371071
1521.26096 0.99226411581
1543.441496 0.987290108204
1546.814949 9999
1568.842451 0.986019408703
1572.399566 9999
1575.838047 9999
1597.897349 0.988283216953
1619.781295 0.980096817017
1641.897314 0.98478218317
1663.846748 0.982329380512
1685.930291 0.983442878723
1707.829429 0.979462003708
1729.932711 0.983083510399
1751.829157 0.979114973545
1773.948819 0.98365187645
1796.145433 0.994038712978
1818.365332 0.988999855518
1840.462307 0.988780248165
1862.645216 0.986739850044
1884.548733 0.978702819347
1906.694807 0.985082232952
1928.948614 0.996949470043
1951.028583 0.98087066412
1954.469294 9999
1976.400274 0.983162307739
1998.500729 0.983377075195
2020.564674 0.986606121063
2042.613162 0.979674339294
2064.596024 0.984054660797
2086.697745 0.983379971981
2108.598731 0.980371308327
2130.732155 0.984162306786
2134.221908 9999
2156.265676 0.987123191357
2178.384303 0.983911061287
2200.364761 0.982459819317
2222.465008 0.980082559586
2244.480999 0.985460698605
2266.568241 0.980800306797
2288.700398 0.989766168594
2310.780889 0.979839801788
2332.70046 0.980634272099
2336.238014 9999
2358.332375 0.988857424259
2380.450579 0.990052819252
2402.652154 0.985697495937
2424.902055 0.995916950703
2447.1656 0.988180983067
2469.015426 0.977708697319
2491.165377 0.983893108368
2513.114891 0.98143324852
2535.281397 0.984971296787
2557.268341 0.983397960663
2579.548965 0.990031909943
2583.024977 9999
2605.103146 0.987477505207
2627.266735 0.984354162216
2649.203716 0.98135831356
2671.403802 0.986872601509
2693.453565 0.986912488937
2715.916492 0.996929395199
2737.802577 0.977901113033
2760.003872 0.985729205608
2781.836426 0.977278804779
2804.033376 0.985784506798
2825.934655 0.979900538921
2848.099932 0.983146107197
2870.117542 0.986007153988
2892.564626 0.996910238266
2914.617164 0.986085629463
2936.764802 0.985212123394
2958.785206 0.984356617928
2980.981039 0.984550130367
3002.980987 0.984678411484
3025.017855 0.978954041004
3046.997985 0.983290886879
3069.216026 0.987859046459
3091.247455 0.985800254345
3113.483449 0.987708234787
3135.680358 0.992640006542
3139.322017 9999
3161.3863 0.987064504623
3183.33248 0.98293633461
3186.988531 9999
3190.373662 9999
3212.441314 0.987931263447
3234.487163 0.98761510849
3256.704451 0.988118886948
3278.723538 0.985366261005
3301.20471 0.99645049572
3323.170492 0.983570611477
3345.357414 0.984944915771
3367.390298 0.986386561394
3389.540304 0.984540092945
3392.994931 9999
3414.959053 0.981884098053
3437.291994 0.991688084602
3459.373108 0.987864887714
3481.592234 0.985016679764
3485.112925 9999
3507.04116 0.980809700489
3529.240788 0.984934926033
3551.273575 0.985351479053
3554.881331 9999
3577.013201 0.990550768375
3599.009938 0.984617161751
3621.410007 0.993251335621
