8.1981 6.24979686737
17.064598 6.75246095657
25.779109 6.60295510292
34.345389 6.42934179306
42.374767 5.83080291748
51.289617 6.82083797455
59.859825 6.49049782753
68.319839 6.36033892632
76.4187 5.9203619957
84.758741 6.25950312614
93.205027 6.34416508675
102.297878 6.99871397018
110.73482 6.32095098495
118.751703 5.92646694183
127.212413 9999
135.70995 6.41296005249
144.308389 6.39381313324
153.172156 6.73178100586
161.896725 6.62746500969
169.791587 5.79434800148
177.908634 5.91312599182
186.794563 6.79101490974
195.236342 6.32442188263
203.599024 6.26356291771
212.487892 6.65482091904
221.316216 6.72405600548
230.064961 6.64776992798
239.294927 7.13819503784
247.60451 6.09501695633
255.562694 5.85899209976
264.007131 6.35293912888
272.451016 6.34564900398
281.009041 6.36216902733
289.01 5.87882804871
297.505358 6.39151382446
305.895103 6.32006287575
314.352241 6.23345303535
323.300284 9999
331.754855 6.35925912857
340.363041 6.50808382034
349.762113 9999
357.682726 5.85103583336
366.540706 9999
374.551446 5.91934204102
383.432912 6.64344000816
391.339493 5.82207918167
399.456883 5.92446494102
407.811877 6.27564907074
415.854285 5.80663204193
424.95956 7.00274991989
433.68872 6.62307286263
442.444532 6.65866994858
450.934579 6.26126599312
459.342627 6.30088496208
467.842609 9999
476.022571 6.0908908844
484.545875 6.27894186974
492.937499 6.28311014175
501.359028 6.33677387238
509.891998 9999.0
518.466396 6.34938001633
527.554407 7.02752518654
536.13502 6.48409485817
545.027198 6.80668497086
553.058239 5.89489483833
561.170781 6.03793096542
569.558902 6.2900519371
577.654368 6.0100209713
586.188326 6.34685516357
594.97192 6.69590497017
603.43821 6.33810210228
611.855836 6.29791903496
620.032082 5.95551300049
628.525732 6.39413404465
636.493396 5.86063790321
644.941703 6.350263834
653.583107 6.40050816536
662.510785 9999
671.008493 6.3776268959
679.428101 6.34241890907
688.313844 6.69294404984
697.086867 6.68257594109
705.128386 5.91539597511
713.628863 6.40929389
721.859393 5.98930120468
730.602013 6.64792513847
739.538181 9999
748.111964 6.48279213905
757.06435 6.74451303482
765.951757 6.80230808258
774.355048 6.29816484451
782.809795 6.34913992882
790.982958 5.92283797264
799.623395 6.54251599312
808.576876 9999
816.946718 6.27059316635
825.137608 9999
833.894399 6.64604401588
842.283736 6.30092096329
850.676304 6.31150507927
859.198813 6.30641293526
867.299921 6.00100398064
876.04801 6.63662791252
884.517955 6.35910391808
893.847355 7.07682800293
902.672714 6.70923495293
910.63888 5.84302902222
919.050733 6.30863499641
928.03684 6.73176002502
936.519698 6.37240481377
945.159235 9999
953.609669 6.34045910835
962.517527 6.66355681419
971.08375 6.46299600601
979.891976 6.70761418343
988.324233 6.30226898193
996.394257 5.82389092445
1004.303554 5.80731511116
1012.740513 6.32081985474
1021.439826 9999.0
1030.03258 6.40786004066
1038.767926 6.61512994766
1047.265656 6.37742209435
1055.616559 6.25465202332
1064.100139 6.24670386314
1073.32989 7.12280297279
1082.214064 6.78171801567
1090.662142 6.43281316757
1099.114311 6.22019100189
1107.733343 9999
1116.174435 6.35821700096
1125.118443 6.83780097961
1133.571097 6.21333003044
1142.01622 6.34886908531
1150.408418 6.28500509262
1159.53587 7.03174614906
1168.164226 6.35163497925
1177.035026 6.78789281845
1185.06071 5.91893291473
1193.722552 6.56633591652
1202.368438 6.41486787796
1211.114975 6.64990401268
1219.877856 6.63706421852
1228.434909 6.45419192314
1236.570781 5.92570185661
1245.151536 6.47967791557
1253.567563 6.30967593193
1261.95261 6.2516682148
1270.096999 5.91110610962
1278.511994 6.32188105583
1286.773509 6.17068195343
1295.470019 6.61136198044
1304.072916 6.37414693832
1312.6024 6.39207816124
1321.261369 9999
1329.733714 6.36959290504
1337.792302 5.81714200974
1346.711668 9999
1355.283366 6.46814203262
1364.017728 9999.0
1372.627286 6.36239314079
1381.395052 6.65584111214
1389.327088 5.81419420242
1397.666027 6.22916507721
1406.943583 7.05542016029
1415.426689 6.37845611572
1423.79912 6.23823618889
1431.755375 5.84729909897
1440.375198 6.37834978104
1448.242388 5.78106594086
1457.411993 7.08483481407
1466.294195 6.80036902428
1474.457622 5.94347190857
1482.79175 6.24605917931
1491.237999 6.35229802132
1499.658836 6.3295378685
1508.232271 6.35507082939
1516.10066 5.78787183762
1525.014644 6.83476090431
1533.924571 6.82320284843
1542.008455 5.85913109779
1550.042307 5.97919583321
1558.779899 6.6520819664
1567.164572 6.28927493095
1576.727103 7.32773017883
1585.164604 6.33509087563
1593.223504 9999
1601.19841 5.8845000267
1609.561595 6.13489890099
1617.740416 6.08233189583
1626.207135 6.38166189194
1634.940519 6.65327215195
1643.836642 6.66919183731
1652.643524 6.7389960289
1661.06861 6.3342628479
1669.652481 6.49570822716
1678.278453 6.41109609604
1686.623748 6.26945304871
1695.392449 6.66948699951
1704.164165 9999.0
1712.742554 6.35643100739
1721.055887 6.23690795898
1729.784233 6.63682103157
1738.571482 6.70298409462
1747.247508 6.42195415497
1755.696425 6.34467506409
1764.110717 6.32539916039
1772.601041 6.40241193771
1781.17178 6.32373213768
1789.24243 5.99231505394
1797.64098 6.31339716911
1806.006763 6.28708696365
1814.691587 6.43358707428
1823.380586 6.6142141819
1832.099832 6.6274189949
1840.416798 6.22733592987
1849.011816 6.37679004669
1857.808527 6.70810198784
1866.261577 6.35921192169
1874.745247 6.40773105621
1883.40765 6.43640017509
1892.285265 6.76127576828
1900.647824 6.26059794426
1909.576636 6.83472800255
1917.714438 5.91551399231
1925.811134 9999
1935.112655 7.17385196686
1943.921182 6.70227599144
1952.017545 5.92525315285
1960.42197 6.30308485031
1969.28292 6.75665593147
1977.759101 6.38883209229
1986.300773 6.30650091171
1994.602607 6.23463010788
2003.583146 6.8625638485
2012.447885 6.77474308014
2020.970748 6.32130002975
2029.385458 6.31563997269
2038.168178 6.71254992485
2046.038905 5.78894901276
2054.608153 6.34440588951
2062.964731 6.27903604507
2071.462833 6.41181993484
2080.349957 6.78902101517
2089.061192 6.50084590912
2097.603904 6.44819283485
2105.952401 6.26433801651
2115.007134 6.99196195602
2123.687601 6.44725608826
2132.078523 6.29281306267
2140.138785 9999
2148.291807 9999.0
2157.329422 6.79902482033
2165.366969 5.9376950264
2174.185526 6.69666385651
2182.838804 6.56380105019
2191.402577 6.34869289398
2199.841801 6.34126210213
2207.799881 5.88605284691
2216.541831 6.67162799835
2225.590859 6.79412579536
2233.615612 5.94813990593
2241.933005 6.24724507332
2250.732823 6.70815205574
2259.256593 9999
2268.203473 6.85592699051
2276.711411 6.40896606445
2285.067322 6.27173089981
2293.913544 6.61213684082
2302.35074 6.3489048481
2311.038127 6.5910949707
2319.451207 6.32257294655
2328.409187 6.73135900497
2336.618922 6.11003303528
2345.944743 7.21663403511
2354.327705 6.27787208557
2363.480456 9999
2371.817915 6.25556612015
2379.746785 5.83371305466
2388.250828 6.40741610527
2396.956153 9999
2405.387483 6.33447384834
2413.751573 6.25017595291
2421.664079 5.80476593971
2430.639335 6.73463988304
2438.970638 6.25490498543
2447.80001 6.70729112625
2456.578702 6.69345498085
2465.535609 6.74861383438
2474.374596 6.73301696777
2482.717235 6.2288351059
2491.151492 9999.0
2499.810016 6.40872192383
2508.152251 6.22631692886
2516.79565 6.53483891487
2525.128348 6.23299503326
2534.259007 9999
2542.715037 6.32005810738
2551.052577 6.24709391594
2559.918781 6.77217388153
2568.125413 5.98725509644
2576.501479 6.29384422302
2585.522977 6.89195990562
2594.317783 6.68298411369
2602.525564 5.97395801544
2610.932315 6.31132006645
2619.280045 6.25779414177
2628.116216 6.74402189255
2636.983135 6.6209089756
2645.81836 6.75432705879
2654.940294 7.04244613647
2663.093369 6.05878305435
2672.109985 6.76542592049
2680.720113 6.52201604843
2688.722358 5.90018796921
2697.23339 6.40938901901
2705.761248 6.35929203033
2714.093299 6.24838113785
2723.025711 6.83526802063
2731.687509 9999.0
2740.202847 6.26569199562
2748.300086 6.00055599213
2757.005443 9999
2765.810051 6.70290589333
2774.5391 6.51753091812
2782.896464 6.25719094276
2791.245261 6.26327085495
2799.163856 5.83429908752
2808.186102 6.7645919323
2816.554876 6.29185318947
2825.438288 6.77355289459
2833.848805 6.30846595764
2842.550676 9999
2851.53889 9999
2860.001446 6.36654305458
2868.972385 6.88214087486
2877.680782 9999
2886.370312 6.61508703232
2894.735368 6.27412605286
2903.326691 6.52469396591
2911.473057 5.92174887657
2920.553455 6.9675488472
2928.765121 6.12868785858
2937.188562 6.33232307434
2945.839343 6.40205812454
2954.125741 6.19256687164
2962.459361 6.253054142
2970.890498 6.34339499474
2979.819454 6.66524195671
2988.208382 6.30414009094
2996.931882 6.61248016357
3005.764288 6.72373104095
3014.387865 6.41007804871
3023.259929 6.77369403839
3032.119007 9999
3040.370818 6.15536689758
3048.956264 6.41949415207
3057.429709 6.37691402435
3066.242365 6.70655202866
3074.277339 5.95002913475
3083.043624 6.53565692902
3092.290425 7.15562486649
3100.397678 5.98905491829
3109.131744 6.62803483009
3117.394723 9999
3125.827092 6.34319114685
3133.815854 5.91967916489
3142.737928 6.83772301674
3151.262139 6.31043696404
3159.696117 6.33521199226
3169.188253 9999
3177.735783 6.40152692795
3186.672589 9999
3195.531231 6.7665989399
3204.033337 6.36729693413
3212.833102 6.71898579597
3220.905851 5.83661007881
3229.601692 6.59439611435
3238.059975 6.36332678795
3246.737504 6.59671401978
3255.302289 6.34544086456
3263.194842 5.79718708992
3271.670304 6.39282798767
3280.519749 6.76317310333
3289.112465 6.34097599983
3297.797471 6.57212710381
3306.233328 6.36355185509
3315.3714 9999.0
3324.362778 6.77819800377
3333.201666 6.77686905861
3341.974719 6.6618180275
3351.150476 7.0936601162
3360.129011 6.75151085854
3369.541607 7.29505300522
3377.658222 6.01546192169
3385.982766 6.23652482033
3394.521102 6.28832006454
3402.945313 6.33144783974
3411.322878 6.3011059761
3419.87729 9999.0
3428.74667 6.64967083931
3437.74177 9999
3446.657577 9999
3455.809528 7.06873393059
3464.622993 6.56900596619
3473.383237 6.67579007149
3481.900808 6.42633485794
3490.619177 6.62801909447
3499.513703 6.65242099762
3508.30226 6.67195796967
3517.104104 6.70988321304
3525.469063 6.27214503288
3533.669924 5.93890500069
3542.171436 6.41963911057
3550.787742 6.5149769783
3559.635002 6.74938797951
3568.149822 6.27129387856
3576.690095 6.42198395729
3585.170623 6.37830710411
3594.104198 9999.0
3602.214293 5.83839201927
