2.601066 0.00900467236837
5.161374 0.0245620409648
7.690194 0.0244136651357
10.242539 0.0257410208384
12.795641 0.0256197452545
15.328893 0.0253076553345
17.878893 0.0256547133128
20.466583 0.0256810188293
23.036186 0.0244886875153
25.591387 0.0250350634257
28.116442 0.0248710314433
30.689652 0.0253887176514
33.350873 0.0256654421488
35.922803 0.0247663656871
38.466643 0.0249649683634
41.016259 0.0253136952718
43.574034 0.0255119800568
46.144559 0.024461666743
48.682233 0.0254848798116
51.211272 0.0245932737986
53.76901 0.0284486611684
56.33213 0.0281806786855
58.90442 0.0283020337423
61.467262 0.0281533400218
64.164782 0.029145638148
66.711084 0.02880803744
69.28392 0.0286316871643
71.858635 0.0291295846303
74.400382 0.029537598292
76.93621 0.0293920040131
79.50964 0.0296546618144
82.062385 0.0295535723368
84.565317 0.0137410163879
87.122223 0.0302495956421
89.694487 0.0304590861003
92.26323 0.0306117534637
94.964421 0.0147009690603
97.541781 0.031124273936
100.077961 0.0144130388896
102.633502 0.0308636029561
105.169589 0.0143154462179
107.711339 0.0307597319285
110.268784 0.0307046572367
112.837143 0.0302760601044
115.358164 0.0142639478048
117.940709 0.0305813153585
120.537567 0.0351063410441
123.022283 0.0140920480092
125.68899 0.0303730169932
128.282959 0.0308899879456
130.843621 0.0302533308665
133.431476 0.0309216976166
136.002044 0.0301777521769
138.572509 0.0306537151337
141.134499 0.030321598053
143.728998 0.0317633152008
146.306372 0.0321701367696
148.864216 0.0151534080505
151.423663 0.0312493642171
153.980066 0.0148205757141
156.655767 0.0312493642171
159.224364 0.0320537090302
161.735042 0.0153597195943
164.405874 0.0311392943064
166.96154 0.0146360397339
169.501102 0.0146760145823
172.101356 0.0315543015798
174.643214 0.0152186552684
177.208027 0.0311990578969
179.76358 0.0314159393311
182.323004 0.0310873985291
184.855256 0.015151421229
187.595609 0.0317335923513
190.1104 0.015415986379
192.6804 0.0321756998698
195.281225 0.0324196815491
197.803541 0.0152370134989
200.368631 0.0310886700948
202.912828 0.0155510902405
205.504275 0.0316953659058
208.074814 0.0319072405497
210.634729 0.031193335851
213.192738 0.0312712987264
215.70673 0.0154245694478
218.404566 0.0326379140218
220.930087 0.0152995586395
223.48651 0.0303230285645
226.026398 0.0317752361298
228.587443 0.0309706528982
231.1759 0.0308613777161
233.690216 0.0150783061981
236.294607 0.031507730484
238.848791 0.0317113399506
241.354287 0.014897664388
243.914741 0.0305813153585
246.537734 0.0312265555064
249.178188 0.0158112843831
251.752733 0.0326522986094
254.290502 0.0315283934275
256.872859 0.0312685966492
259.464233 0.031786998113
262.024217 0.0321173667908
264.604386 0.0315120220184
267.187946 0.0309630235036
269.773585 0.0313266118368
272.321599 0.0312373638153
274.840717 0.0154903729757
277.417494 0.031981865565
280.166074 0.0317147572835
282.715431 0.0316619873047
285.277292 0.0308263301849
287.825555 0.0305486520131
290.400749 0.0314340591431
292.960653 0.0313642819722
295.540174 0.0319169362386
298.109369 0.0309433937073
300.694757 0.0314636230469
303.274357 0.0317866802216
305.826355 0.0311510562897
308.390185 0.0310690402985
311.152469 0.0316592852275
313.721641 0.0312287012736
316.283111 0.0317483743032
318.798875 0.0146419207255
321.368015 0.0306709607442
323.870443 0.015082915624
326.441193 0.0314159393311
328.945355 0.0152010122935
331.528805 0.0319224198659
334.115823 0.0318019390106
336.675531 0.0311100482941
339.237737 0.0310866832733
342.004834 0.0313606262207
344.543939 0.0145936806997
347.094402 0.0306850274404
349.666079 0.0309300422668
352.241899 0.0308210055033
354.801391 0.0317903359731
357.377082 0.0316897233327
359.885095 0.0150017738342
362.4706 0.0313356717428
365.049829 0.0307176113129
367.637294 0.0323086579641
370.208755 0.0307829380035
372.955391 0.0313089688619
375.571631 0.0319856007894
378.126621 0.0304843584696
380.694651 0.0302249590556
383.264264 0.0307603677114
385.83775 0.031069278717
388.425384 0.0319693088531
391.02087 0.0319019158681
393.557963 0.0154463450114
396.12394 0.031592686971
398.717595 0.0319026311239
401.3033 0.0307667255402
404.045322 0.0149143536886
406.625425 0.0314513842265
409.203154 0.0308756828308
411.721019 0.0153377056122
414.294728 0.0314536094666
416.876375 0.0315890312195
419.392784 0.0154871145884
421.937292 0.0149037043254
424.465485 0.0149310429891
427.066133 0.0308433373769
429.634316 0.0319046179454
432.203378 0.0314386685689
434.931696 0.031236966451
437.549142 0.0312179724375
440.096309 0.0149786472321
442.652709 0.0318329334259
445.222425 0.0319530169169
447.81794 0.0318189462026
450.36259 0.0315093994141
452.900246 0.0146741072337
455.384801 0.0151394208272
457.957528 0.0324160257975
460.470596 0.0149473349253
463.037014 0.0317030747732
465.827354 0.0306849479675
468.390387 0.0314205487569
470.94698 0.0312672456106
473.536578 0.0311243534088
476.121549 0.0314315954844
478.962644 0.0319182078044
481.524995 0.0312016805013
484.111142 0.0313710371653
486.637113 0.0148133436839
489.199859 0.0309080282847
491.772223 0.0314176082611
494.279383 0.0153313477834
497.045205 0.0314795970917
499.601778 0.0311946868896
502.18291 0.031730333964
504.756275 0.031907637914
507.31874 0.0307333469391
509.881956 0.0311499436696
512.405824 0.0151112874349
514.989444 0.0314917564392
517.553621 0.0312056541443
520.132541 0.031628370285
522.712606 0.0313044389089
525.214633 0.0152220726013
528.006322 0.0315610567729
530.606639 0.0319426854451
533.169267 0.0316747029622
535.711935 0.0145804087321
538.302136 0.0312132835388
540.866914 0.0309633413951
543.393483 0.0311493078868
545.897926 0.0144283771515
548.492312 0.0319013595581
551.072276 0.0321539243062
553.663772 0.0317169030507
556.240561 0.0306402842204
559.026404 0.0312895774841
561.598572 0.0311079025269
564.166025 0.0312673250834
566.737405 0.0317130088806
569.2916 0.0315529505412
571.887224 0.0312306880951
574.478754 0.0308363437653
577.0272 0.0314470132192
579.56732 0.014926592509
582.140343 0.0317650636037
584.715753 0.0309160550435
587.294587 0.031396706899
590.069746 0.0319867134094
592.647335 0.0151777267456
595.196454 0.0310373306274
597.785713 0.0303510030111
600.344228 0.0308276812236
602.939294 0.031169017156
605.513541 0.0314571062724
608.029266 0.0145133336385
610.588668 0.0306696891785
613.109122 0.0139912764231
615.664994 0.0310386816661
618.250594 0.0313416322072
621.053492 0.0310906569163
623.621812 0.030931075414
626.177365 0.0156719684601
628.779208 0.0313140551249
631.290434 0.0144332249959
633.863869 0.0304930210114
636.442768 0.0307315985362
638.981018 0.0306886037191
641.571604 0.0316123962402
644.133829 0.0309573809306
646.708073 0.0308956305186
649.262678 0.0304299990336
652.02296 0.0152259667714
654.622395 0.0308866500854
657.187465 0.0318353970846
659.75371 0.0304986635844
662.305855 0.0308006604513
664.874947 0.0307606856028
667.431706 0.0308469931285
669.934131 0.0145690441132
672.507995 0.0314100583394
675.022017 0.014571428299
677.565966 0.0152906576792
680.120438 0.0303474267324
682.935729 0.0314025084178
685.49413 0.0308097203573
688.064217 0.0304720401764
690.641344 0.0313262939453
693.213594 0.0310602982839
695.777843 0.0306560198466
698.319403 0.0309739112854
700.877578 0.0314285755157
703.469689 0.0309199492137
706.021742 0.0304340521495
708.582439 0.0318876107534
711.156645 0.0314987500509
713.958529 0.0309099356333
716.525335 0.0311260223389
719.110193 0.0311289628347
721.664404 0.0322889486949
724.289558 0.0310645898183
726.837907 0.0150586764018
729.418263 0.0303739706675
732.012542 0.0318330128988
734.61132 0.0315843423208
737.121829 0.0143663088481
739.681281 0.0314335823059
742.243036 0.0316846370697
745.032316 0.0315749645233
747.572181 0.015754699707
750.135569 0.0316317081451
752.712733 0.0312853654226
755.285612 0.0320793787638
757.851156 0.0314786434174
760.423193 0.0311473210653
763.022692 0.032169342041
765.531506 0.0157457192739
768.115151 0.0321505864461
770.630169 0.0155956745148
773.208564 0.0324283440908
775.974384 0.014967362086
778.571518 0.0306239922841
781.137639 0.0310329596202
783.733463 0.0311900774638
786.289628 0.0146780014038
788.908238 0.0316002368927
791.487996 0.0315027236938
793.997409 0.0155420303345
796.556834 0.0313129425049
799.169274 0.0310742855072
801.768495 0.0313750108083
804.308319 0.0161683559418
807.134045 0.0318171183268
809.811151 0.0313409169515
812.38658 0.0321493148804
814.999901 0.0320183436076
817.578427 0.0322056611379
820.149605 0.0317413012187
822.69718 0.0311120351156
825.262365 0.0309859911601
827.85212 0.0303217569987
830.424418 0.031981309255
832.988587 0.0312573115031
835.56372 0.0312730471293
838.290464 0.0153210163116
840.826435 0.0303956667582
843.390564 0.0310827096303
845.985925 0.0308190186818
848.520886 0.0154565970103
851.084621 0.0318349997203
853.674992 0.0301899909973
856.239076 0.0311513741811
858.799165 0.0303479830424
861.390636 0.0311665534973
863.944845 0.0308715502421
866.546877 0.0316812992096
869.400516 0.0319329897563
871.977228 0.0322819550832
874.562287 0.0316576162974
877.122424 0.0309290091197
879.700516 0.0313019752502
882.241282 0.0153430302938
884.82394 0.0324450333913
887.408277 0.0307633082072
889.978167 0.0312453905741
892.549838 0.0313347180684
895.129558 0.0307930310567
897.697161 0.0312146345774
900.531836 0.0319589773814
903.112541 0.0316197077433
905.630604 0.0149526596069
908.184746 0.0308449268341
910.783408 0.0311857064565
913.338956 0.0315986474355
915.939149 0.0312416553497
918.508374 0.0321050484975
921.100539 0.0316739877065
923.672619 0.0301030476888
926.321035 0.0319370428721
928.949002 0.0317312876383
931.724673 0.014984369278
934.256902 0.0151766935984
936.823951 0.031772295634
939.388619 0.0317912896474
942.005225 0.0309536457062
944.584598 0.0311675866445
947.144407 0.0318133036296
949.663428 0.0150753657023
952.193189 0.0149903297424
954.756811 0.0308760007222
957.339519 0.031031370163
959.959126 0.0313738981883
962.802776 0.0309465726217
965.371491 0.0314869880676
967.936112 0.0313847064972
970.462848 0.015470345815
973.033741 0.0310096740723
975.630653 0.0309890906016
978.211951 0.0315713882446
980.76824 0.0303209622701
983.342657 0.0304946899414
985.911985 0.0318016211192
988.467694 0.0312087535858
991.035301 0.0313092867533
993.854231 0.0321440696716
996.42381 0.0319639841715
999.004342 0.0318823655446
1001.585791 0.0318286418915
1004.14343 0.0325486660004
1006.726391 0.0317724545797
1009.290696 0.030878384908
1011.859115 0.0322411060333
1014.424028 0.0312772591909
1016.989647 0.0316886901855
1019.560735 0.0313453674316
1022.11453 0.0312010447184
1024.924995 0.0315612951914
1027.507519 0.0312436421712
1030.077765 0.0308939615885
1032.669137 0.0307157039642
1035.249054 0.0307354132334
1037.817393 0.0305579503377
1040.393914 0.0312363306681
1042.969761 0.0306403636932
1045.547353 0.031023979187
1048.130894 0.0309400558472
1050.697475 0.0313223997752
1053.23958 0.0316506226858
1056.113625 0.0318059921265
1058.711917 0.0314513047536
1061.236738 0.0151019891103
1063.853285 0.0313433806101
1066.451218 0.031455596288
1069.022008 0.0317626794179
1071.593547 0.0320456822713
1074.10577 0.0154670079549
1076.676716 0.0311772823334
1079.238677 0.0313715934753
1081.846095 0.0311573346456
1084.397621 0.031666358312
1087.284576 0.0315013726552
1089.859835 0.0321130752563
1092.419675 0.0313402016958
1094.978442 0.0315279960632
1097.551802 0.0311963558197
1100.111313 0.0309626261393
1102.71501 0.0318067073822
1105.278632 0.0316526095072
1107.78222 0.0153000354767
1110.366055 0.0318360328674
1112.907726 0.0314740339915
1115.496004 0.0314126809438
1118.2848 0.0316633383433
1120.860011 0.030769666036
1123.42467 0.0312400658925
1125.990326 0.0313266913096
1128.586465 0.0321686267853
1131.158405 0.0308646361033
1133.741859 0.0313302675883
1136.290025 0.0158439477285
1138.867698 0.0317527453105
1141.404847 0.0150499343872
1143.977785 0.0317993164062
1146.572173 0.0311239560445
1149.464681 0.0320510864258
1152.074094 0.0320096810659
1154.634157 0.0318610668182
1157.238501 0.0312904516856
1159.819429 0.0312600135803
1162.420321 0.0322113831838
1164.94717 0.0311460494995
1167.531259 0.031583070755
1170.115514 0.0311856269836
1172.678606 0.0317666530609
1175.249324 0.0324116547902
1177.839536 0.0317069689433
1180.664459 0.0310399532318
1183.232064 0.0315340360006
1185.830101 0.0314453442891
1188.343805 0.015602350235
1190.891351 0.0153578917185
1193.485694 0.0318183104197
1196.080686 0.0316052436829
1198.655985 0.031832297643
1201.230055 0.0313849449158
1203.786596 0.0310039520264
1206.356767 0.0316273371379
1208.898268 0.0305649439494
1211.755803 0.0319399833679
1214.301719 0.031534353892
1216.867249 0.0313993295034
1219.466349 0.0310832659403
1221.987575 0.014950354894
1224.563481 0.0324532985687
1227.11298 0.0306633313497
1229.690177 0.0314962863922
1232.272626 0.0306669076284
1234.851346 0.0315565268199
1237.322759 0.0150973002116
1239.947215 0.0314172903697
1242.830455 0.0315192540487
1245.413689 0.0321012338003
1247.961155 0.0152676900228
1250.54503 0.030988295873
1253.135467 0.0313587188721
1255.719062 0.0318513711294
1258.271669 0.0313716729482
1260.840062 0.031760374705
1263.45835 0.0311647256215
1266.042944 0.0321939786275
1268.603683 0.0319275856018
1271.155711 0.0313766797384
1273.947479 0.0157380104065
1276.520286 0.0317329565684
1279.118338 0.0311503410339
1281.686097 0.0314985911051
1284.266948 0.0315917332967
1286.805331 0.0156756242116
1289.402483 0.0312676429749
1291.94109 0.0152214368184
1294.466624 0.0148344834646
1296.991501 0.0152177810669
1299.574754 0.0308510462443
1302.157753 0.0303212801615
1304.93927 0.0157693227132
1307.457868 0.0159196853638
1310.021079 0.0317367712657
1312.577143 0.0309267044067
1315.101106 0.0148428281148
1317.678827 0.0315229892731
1320.255461 0.0316596825918
1322.828539 0.0319360097249
1325.416617 0.0318959554036
1327.954406 0.0157876809438
1330.472819 0.0151900450389
1333.083933 0.0326439539591
1335.966886 0.031596660614
1338.524506 0.0314652919769
1341.109265 0.0315436522166
1343.700772 0.0306883653005
1346.290255 0.0313057899475
1348.889625 0.0316743055979
1351.463436 0.0315020084381
1354.022226 0.0315369764964
1356.605548 0.0314470132192
1359.208063 0.030967315038
1361.79201 0.0312689145406
1364.349519 0.0306757291158
1367.212575 0.0310793717702
1369.747464 0.0147206783295
1372.287116 0.0310213565826
1374.862737 0.0307777722677
1377.425298 0.0312496821086
1380.006782 0.0313250223796
1382.615555 0.0315472284953
1385.177457 0.0311031341553
1387.698655 0.0150623321533
1390.24771 0.0146725972493
1392.832173 0.0316349665324
1395.41007 0.0153059164683
1398.280403 0.031121969223
1400.854329 0.0319492816925
1403.428735 0.0315119425456
1405.976851 0.0309880574544
1408.553827 0.031171242396
1411.1036 0.0309797128042
1413.664102 0.0320329666138
1416.235165 0.0313526789347
1418.789768 0.0312457084656
1421.345585 0.0314788818359
1423.932885 0.0308936436971
1426.504862 0.03098432223
1429.315665 0.0146517753601
1431.892746 0.03049437205
1434.439104 0.0314285755157
1437.010827 0.0317970911662
1439.619742 0.0360953807831
1442.177436 0.031285683314
1444.708246 0.0153883298238
1447.266009 0.0314955711365
1449.859762 0.0306463241577
1452.461937 0.031943321228
1455.027999 0.0311710039775
1457.598931 0.030385017395
1460.542718 0.0464030901591
1463.117159 0.0311443805695
1465.63913 0.0153570175171
1468.192692 0.0312916437785
1470.752217 0.0312354564667
1473.328391 0.0310145219167
1475.881265 0.0309806664785
1478.405092 0.0147950649261
1481.010271 0.0311623414358
1483.590183 0.0313436985016
1486.178512 0.0321379502614
1488.730661 0.0313207308451
1491.574163 0.0323179562887
1494.152857 0.0320661067963
1496.678182 0.0162013371785
1499.291289 0.0313543478648
1501.887268 0.0314350128174
1504.467229 0.0319386323293
1507.026874 0.0316983858744
1509.583025 0.0314187208811
1512.187301 0.0317542552948
1514.75963 0.0314002831777
1517.320945 0.0314379533132
1519.891377 0.0318466027578
1522.763894 0.0316970348358
1525.376882 0.0312102635701
1527.960902 0.0318846702576
1530.534778 0.0319283008575
1533.092532 0.0322258472443
1535.670532 0.0313553015391
1538.188262 0.0155996481578
1540.748195 0.031645377477
1543.326126 0.0309816996257
1545.87273 0.0316317081451
1548.399862 0.015295346578
1550.996417 0.0315625667572
1553.85876 0.0313450495402
1556.409926 0.031432390213
1558.983138 0.0310580730438
1561.563038 0.0311880906423
1564.093015 0.0155372619629
1566.692396 0.0317376454671
1569.259577 0.031732638677
1571.770569 0.0154659748077
1574.367443 0.0312879880269
1576.890472 0.0153452555339
1579.478988 0.0313306649526
1582.027585 0.0314343770345
1584.861114 0.0315033594767
1587.449687 0.0317950248718
1590.037787 0.0314730008443
1592.610969 0.0315330823263
1595.217039 0.0319963296254
1597.77886 0.031853278478
1600.36666 0.0314473311106
1602.89817 0.0157559712728
1605.473627 0.0320087273916
1608.069697 0.0317980448405
1610.644391 0.0321017901103
1613.225 0.0306592782338
1616.044063 0.0151338577271
1618.646158 0.0320639610291
1621.226326 0.0316690603892
1623.833804 0.0318481127421
1626.347287 0.0151870250702
1628.92942 0.0318183104197
1631.477013 0.0318675835927
1634.019626 0.0308791001638
1636.595674 0.0314509868622
1639.168753 0.031178633372
1641.771803 0.0320523579915
1644.324224 0.0316670735677
1647.25272 0.0318830013275
1649.845941 0.0322813193003
1652.451897 0.031539996465
1655.007506 0.0311233202616
1657.585883 0.0312527020772
1660.143061 0.0314473311106
1662.721756 0.031529267629
1665.300889 0.0313619772593
1667.87027 0.031408627828
1670.441567 0.0315922896067
1673.017322 0.0309337774913
1675.600395 0.0314025878906
1678.416602 0.0310763518016
1680.979789 0.0313679377238
1683.56943 0.031325340271
1686.15498 0.0315589904785
1688.719526 0.0311810175578
1691.308261 0.0317413806915
1693.884001 0.0318786303202
1696.411022 0.0159113407135
1698.996603 0.0315506458282
1701.497292 0.0148595968882
1704.033719 0.0153496265411
1706.633693 0.038702249527
1709.50568 0.0316375891368
1712.090834 0.0321544011434
1714.683999 0.030944665273
1717.245467 0.0316729545593
1719.838246 0.0318605899811
1722.356565 0.0155376593272
1724.937675 0.0307256380717
1727.527188 0.0320468743642
1730.108507 0.0317093531291
1732.677309 0.0311953226725
1735.237394 0.0318543116252
1737.833272 0.0316752592723
1740.670438 0.014924287796
1743.214555 0.0154223442078
1745.789197 0.0316289265951
1748.318372 0.0155877272288
1750.939034 0.0323246320089
1753.526449 0.0319468975067
1756.038037 0.0165523687998
1758.564057 0.0163096586863
1761.165714 0.0308996041616
1763.739222 0.0312170187632
1766.319285 0.0312453111013
1768.894396 0.0310363769531
1771.786285 0.0318629741669
1774.328615 0.0154682795207
1776.935221 0.0314999421438
1779.501605 0.031022310257
1782.067715 0.0315009752909
1784.641036 0.03169465065
1787.198199 0.0314606825511
1789.787369 0.0319043795268
1792.371558 0.0313015778859
1794.93184 0.0311296780904
1797.4449 0.0147320429484
1800.039387 0.0322523117065
1802.890532 0.0153482755025
1805.425755 0.015393336614
1807.991608 0.0319298903147
1810.580521 0.0321912765503
1813.168611 0.0309657255809
1815.687677 0.0159500439962
1818.252403 0.0318870544434
1820.815111 0.0320899486542
1823.400463 0.0316722393036
1825.982402 0.0309683481852
1828.590308 0.0317180156708
1831.157794 0.0312099456787
1833.989714 0.0153646469116
1836.564895 0.0328412850698
1839.080278 0.0148176352183
1841.695777 0.0319666067759
1844.27926 0.0314540068309
1846.88101 0.030946969986
1849.401243 0.0156670411428
1851.961638 0.0315969785055
1854.559687 0.0314716498057
1857.079349 0.0160636107127
1859.635254 0.0323246320089
1862.211507 0.0319289366404
1865.111981 0.0312561988831
1867.67451 0.0317582289378
1870.269684 0.0319203535716
1872.78681 0.0151317119598
1875.365122 0.0318699677785
1877.940509 0.0313873291016
1880.442054 0.0153694152832
1883.022262 0.0318703651428
1885.542923 0.015642007192
1888.127265 0.0314673582713
1890.637817 0.0151563485463
1893.235656 0.0317590236664
1896.189586 0.0315716266632
1898.773056 0.0321050484975
1901.27223 0.0150590737661
1903.845768 0.03178135554
1906.406135 0.0315989653269
1908.98416 0.031138976415
1911.560881 0.0319053332011
1914.15105 0.03120470047
1916.801008 0.0340853532155
1919.383548 0.0316352844238
1921.968564 0.0309460957845
1924.556236 0.0316336949666
1927.478267 0.0311261018117
1930.012708 0.0154263973236
1932.593233 0.0315546194712
1935.218564 0.0331802368164
1937.74102 0.0152364571889
1940.303693 0.0315855344137
1942.851952 0.0312110582987
1945.434573 0.0325413544973
1948.037414 0.0313072999318
1950.640887 0.0321946938833
1953.2007 0.0315353075663
1955.754474 0.0312074025472
1958.623544 0.0154956181844
1961.153991 0.0149859587351
1963.75071 0.0310730139414
1966.334014 0.0308147271474
1968.881452 0.0160303115845
1971.505464 0.0312473773956
1974.054578 0.0312830607096
1976.642323 0.0312270323435
1979.225591 0.0322697957357
1981.795384 0.0308869679769
1984.313467 0.0152748425802
1986.90159 0.0323833624522
1989.763696 0.0154769420624
1992.37211 0.0314096609751
1994.947609 0.0316220124563
1997.543428 0.0313749313354
2000.055663 0.0155074596405
2002.589883 0.0311456521352
2005.119505 0.0151586532593
2007.693279 0.0316546758016
2010.254537 0.0311929384867
2012.833741 0.0313877264659
2015.419995 0.0310962200165
2018.014448 0.0315994421641
2020.939876 0.0312569936117
2023.51826 0.0315810044607
2026.127255 0.0316518942515
2028.694739 0.031670331955
2031.299295 0.0317370891571
2033.902694 0.0321307182312
2036.453059 0.0318426291148
2039.033174 0.0307033061981
2041.591686 0.0314926306407
2044.149773 0.0310533841451
2046.7569 0.0311426321665
2049.310886 0.0313626130422
2052.147461 0.0150492986043
2054.746489 0.0317293802897
2057.313451 0.0304619471232
2059.911566 0.0318857034047
2062.498774 0.0315027236938
2065.051008 0.0309716860453
2067.620244 0.0315093199412
2070.180973 0.0313516457876
2072.757903 0.0314809481303
2075.308814 0.0309306780497
2077.899621 0.0315863291423
2080.493021 0.0313107172648
2083.434235 0.0313444137573
2086.02831 0.0309799512227
2088.609926 0.0310820738475
2091.177463 0.0311226844788
2093.73551 0.0306262969971
2096.341266 0.0308113098145
2098.907175 0.030771891276
2101.480642 0.0312159061432
2104.016033 0.0152193705241
2106.617596 0.0314882596334
2109.16017 0.0312263170878
2111.764418 0.0314492384593
2114.66536 0.031617085139
2117.238485 0.0313903490702
2119.801177 0.0318656762441
2122.361975 0.0312559604645
2124.916435 0.0165064334869
2127.514709 0.0349853833516
2130.055468 0.0314187208811
2132.63561 0.032407283783
2135.208513 0.0316450595856
2137.817912 0.0318380196889
2140.371434 0.0313907464345
2142.928213 0.0324303309123
2145.815274 0.0314236481984
2148.40059 0.0306506156921
2150.976213 0.0309433142344
2153.548671 0.0316104094187
2156.132793 0.0308816432953
2158.692894 0.031330982844
2161.276456 0.0314597288767
2163.865004 0.0310873190562
2166.378152 0.0155420303345
2168.969828 0.0315817197164
2171.532801 0.0317972501119
2174.096257 0.0316569805145
2176.987249 0.0303429762522
2179.562813 0.0312389532725
2182.118711 0.0308843453725
2184.689618 0.0315752824148
2187.235021 0.0155793825785
2189.836393 0.0318134625753
2192.412258 0.0312960147858
2194.955949 0.0150487422943
2197.544474 0.0320647557576
2200.10928 0.0310633182526
2202.610909 0.0153276920319
2205.187139 0.0311896800995
2208.084398 0.0314474105835
2210.678974 0.0306633313497
2213.257636 0.0313506921132
2215.807208 0.0155636469523
2218.362259 0.0146280129751
2220.941576 0.0312463442485
2223.542612 0.0307686328888
2226.116688 0.030891974767
2228.656214 0.0151391029358
2231.276488 0.0313306649526
2233.831525 0.0309113661448
2236.357292 0.0149256388346
2239.27121 0.0311030546824
2241.825268 0.0306440194448
2244.38364 0.0308440526326
2246.958023 0.0312798023224
2249.523823 0.0313446521759
2252.118864 0.0312717755636
2254.726682 0.0314129988352
2257.321888 0.0304946104685
2259.890378 0.0306702454885
2262.44141 0.0307472546895
2265.006882 0.0311550299327
2267.58619 0.0318446954091
2270.524358 0.0149757067362
2273.080732 0.0307679971059
2275.565054 0.0149699846903
2278.121537 0.0313087304433
2280.698728 0.0315500100454
2283.257695 0.0318016211192
2285.85633 0.0310359795888
2288.371953 0.0149036248525
2290.973836 0.0316689809163
2293.561538 0.0309507052104
2296.174878 0.0309936205546
2298.714575 0.0154720147451
2301.620521 0.0310133298238
2304.182566 0.0310432116191
2306.747535 0.0309780438741
2309.25093 0.0143203735352
2311.833333 0.0311960379283
2314.407498 0.0147492090861
2316.990497 0.0311102867126
2319.561727 0.0318853855133
2322.113101 0.0316026210785
2324.731648 0.0318706035614
2327.302502 0.0310803254445
2329.907534 0.030877272288
2332.764444 0.0313736597697
2335.311687 0.0309602419535
2337.8596 0.0307183265686
2340.445785 0.0323999722799
2343.021264 0.0312229792277
2345.584757 0.0309588909149
2348.131914 0.0307146708171
2350.714787 0.0311427116394
2353.291685 0.0310401916504
2355.874686 0.0308703581492
2358.408137 0.015193939209
2360.986178 0.0317107041677
2363.910634 0.0318839550018
2366.462351 0.031010389328
2369.039831 0.0305813153585
2371.618914 0.0314218997955
2374.158886 0.0153499444326
2376.75103 0.031315724055
2379.314676 0.0309226512909
2381.908475 0.0312536557515
2384.479298 0.0311100482941
2387.026886 0.0310240586599
2389.552554 0.0151880582174
2392.130945 0.0316590468089
2395.038961 0.0312099456787
2397.606898 0.0307463010152
2400.147763 0.0147929986318
2402.672117 0.0154580275218
2405.27234 0.0313904285431
2407.85029 0.031259059906
2410.416219 0.0307030677795
2413.014958 0.0310283501943
2415.6096 0.0312883059184
2418.167863 0.0306572914124
2420.68 0.015064795812
2423.232248 0.0303134123484
2426.129191 0.0311896800995
2428.768992 0.0312725702922
2431.34918 0.0321640173594
2433.917037 0.0317579110463
2436.533905 0.0322306950887
2439.107303 0.0316697756449
2441.69154 0.0317213535309
2444.241342 0.0313272476196
2446.845511 0.0319309234619
2449.381583 0.030837059021
2451.973352 0.0316239992778
2454.544451 0.0315062999725
2457.460483 0.0311233202616
2460.041873 0.031681617101
2462.6542 0.0313652356466
2465.278659 0.0320219993591
2467.853128 0.0320449670156
2470.409783 0.0147266387939
2472.965194 0.0317314465841
2475.496849 0.0154960155487
2478.066175 0.0312606493632
2480.657224 0.0322256882985
2483.235013 0.0328236420949
2485.74878 0.0162146091461
2488.622275 0.0317353407542
2491.167774 0.0161853631337
2493.687952 0.0152649879456
2496.212169 0.0153720378876
2498.799783 0.031325340271
2501.367453 0.0314593315125
2503.870551 0.0154629548391
2506.448014 0.0317742824554
2509.056362 0.0309133529663
2511.631006 0.0311170419057
2514.162202 0.015286286672
2516.737427 0.0314683119456
2519.642003 0.0157536665599
2522.219284 0.0319743156433
2524.788627 0.0317402680715
2527.353894 0.0319196383158
2529.935665 0.0319689909617
2532.508285 0.0319519837697
2535.063813 0.0313732624054
2537.577923 0.0151219367981
2540.160394 0.0315120220184
2542.720014 0.0312224229177
2545.31324 0.0316386222839
2547.862531 0.0150950749715
2550.782652 0.0308377742767
2553.33601 0.0309072335561
2555.849191 0.0148690541585
2558.436637 0.031574010849
2561.03586 0.0312714576721
2563.572404 0.0148576895396
2566.160144 0.0311206181844
2568.738631 0.0314003626506
2571.349285 0.0317596594493
2573.957597 0.0320596694946
2576.513358 0.0315364201864
2579.094058 0.0317237377167
2582.029666 0.0315766334534
2584.568594 0.015717903773
2587.149571 0.0309756596883
2589.75613 0.0310407479604
2592.33312 0.0161272684733
2594.980451 0.0319503943125
2597.539219 0.0319043795268
2600.106514 0.0312716166178
2602.681928 0.0317626794179
2605.269058 0.0310563246409
2607.836096 0.0312836964925
2610.439681 0.0315527121226
2613.351386 0.0144883791606
2615.97888 0.0308363437653
2618.560756 0.0310057004293
2621.098783 0.0312113761902
2623.714568 0.0311500231425
2626.323237 0.0314133167267
2628.879912 0.0312793254852
2631.441377 0.0311166445414
2633.967688 0.0151872634888
2636.489923 0.0152045885722
2639.040701 0.0316336154938
2641.611396 0.0320852597555
2644.531172 0.0314279397329
2647.122324 0.0314116477966
2649.722118 0.0318400065104
2652.29624 0.0318001906077
2654.894236 0.0311264197032
2657.464641 0.0314009189606
2660.037809 0.031306664149
2662.564781 0.0152609348297
2665.141831 0.0320739746094
2667.729744 0.0315366586049
2670.265037 0.0320219993591
2672.852638 0.0318017800649
2675.809063 0.0317113399506
2678.39819 0.0315086841583
2680.980466 0.0317206382751
2683.543905 0.0316120783488
2686.08202 0.0152063369751
2688.65205 0.0313866933187
2691.191694 0.0315392812093
2693.75858 0.0316863059998
2696.338694 0.0313982963562
2698.898554 0.0317353407542
2701.46683 0.0315159956614
2704.02712 0.0318507353465
2706.95194 0.0157730579376
2709.567399 0.0315159956614
2712.161385 0.0312219460805
2714.728422 0.0311020215352
2717.277403 0.0153733094533
2719.851739 0.0317346254985
2722.411407 0.0313542683919
2724.981875 0.0313580830892
2727.57192 0.0313936074575
2730.125653 0.0312536557515
2732.70793 0.0315740903219
2735.297594 0.0314088662465
2738.286655 0.0312089920044
2740.842858 0.0311187108358
2743.432867 0.0317386786143
2745.983925 0.031133333842
2748.569086 0.0322416623433
2751.148142 0.0316957632701
2753.743371 0.0312003294627
2756.341612 0.032205025355
2758.922162 0.0314958890279
2761.442825 0.0151343345642
2764.025306 0.0312898953756
2766.574374 0.0320446491241
2769.461507 0.0151379108429
2772.015759 0.0310070514679
2774.518797 0.0157197316488
2777.102655 0.0320349534353
2779.675637 0.0319326718648
2782.232064 0.0154183705648
2784.733844 0.0152336756388
2787.296108 0.0312656561534
2789.92745 0.0327157179515
2792.495074 0.0312360127767
2795.106812 0.0459739367167
2797.649404 0.0156195958455
2800.592024 0.0306980609894
2803.142006 0.0313692887624
2805.708386 0.0316827297211
2808.290335 0.0318939685822
2810.814846 0.0149062474569
2813.393223 0.0309630235036
2816.013966 0.0319519837697
2818.61588 0.032589673996
2821.203443 0.0314135551453
2823.769303 0.0156835714976
2826.332084 0.031679391861
2828.910349 0.0318922996521
2831.890713 0.0460260709127
2834.485945 0.0318469206492
2837.169725 0.0459193388621
2839.737299 0.0314295291901
2842.266312 0.0154054164886
2844.813214 0.015455643336
2847.395278 0.030929962794
2849.960397 0.0324575901031
2852.489844 0.0153156121572
2855.068711 0.0310923258464
2857.690702 0.0316394170125
2860.291289 0.0306400458018
2863.254808 0.0316209793091
2865.865868 0.0312292575836
2868.418931 0.0309069156647
2870.956045 0.0154480139414
2873.549682 0.0322523117065
2876.114519 0.0312149524689
2878.669635 0.0309687455495
2881.245754 0.0312966505686
2883.770153 0.0149902502696
2886.34303 0.0316529273987
2888.909579 0.0316053231557
2891.537811 0.0315992832184
2894.502448 0.032320578893
2897.091279 0.0320777098338
2899.602402 0.0161416530609
2902.199435 0.0320722262065
2904.775681 0.031779050827
2907.34532 0.0314502716064
2909.887193 0.031588713328
2912.455248 0.0309053262075
2915.046699 0.0318480332692
2917.621533 0.0311760107676
2920.190612 0.0314667224884
2922.732838 0.0145636399587
2925.671937 0.0313889980316
2928.25617 0.0314103762309
2930.799874 0.0309379895528
2933.393517 0.0310010115306
2935.979807 0.0314498742421
2938.521896 0.0152960618337
2941.114059 0.031964302063
2943.729172 0.0318609873454
2946.295108 0.0311116377513
2948.898415 0.0316586494446
2951.473405 0.0307936668396
2954.023024 0.0315269629161
2956.93643 0.0315456390381
2959.450353 0.0154623190562
2962.014226 0.0313003063202
2964.568034 0.0315220355988
2967.166117 0.0319089889526
2969.751092 0.0317500432332
2972.345206 0.0312236150106
2974.916423 0.0312203566233
2977.440028 0.0154566764832
2979.996827 0.0314017136892
2982.582637 0.0319729646047
2985.161896 0.0316325823466
2988.116282 0.0317033926646
2990.697578 0.0313924153646
2993.254542 0.0305537382762
2995.815024 0.0313233534495
2998.35497 0.0153036117554
3000.976423 0.0314813454946
3003.562254 0.0313982963562
3006.154356 0.0306923389435
3008.747436 0.0314753055573
3011.324799 0.0315300623576
3013.903285 0.0318725903829
3016.498444 0.0315962632497
3019.419722 0.014986038208
3022.113392 0.0318189462026
3024.69352 0.031640291214
3027.256749 0.0317596594493
3029.865611 0.0312373638153
3032.485525 0.0315893491109
3035.048995 0.0311609903971
3037.632288 0.0306872526805
3040.200727 0.0314416090647
3042.800724 0.0317264397939
3045.367203 0.0310882727305
3047.947632 0.0316743850708
3050.896633 0.0310300191243
3053.494862 0.0313940048218
3056.043717 0.0313710371653
3058.632228 0.0311509768168
3061.209424 0.0322113037109
3063.789917 0.0316920280457
3066.357081 0.0318333307902
3068.904262 0.0309422810872
3071.531385 0.0335139433543
3074.086902 0.0307720502218
3076.663251 0.0312179724375
3079.255732 0.0325613021851
3082.315987 0.0317067305247
3084.892757 0.0316570599874
3087.465424 0.0310050646464
3090.008182 0.0158960024516
3092.545649 0.0151693820953
3095.14648 0.0321490764618
3097.711994 0.0315349896749
3100.270682 0.0312170187632
3102.884435 0.0308550198873
3105.471397 0.0311899979909
3108.041909 0.0320742925008
3110.619061 0.0318675835927
3113.621903 0.0318260192871
3116.187937 0.0315276781718
3118.730947 0.0155276457469
3121.278378 0.0315679709117
3123.856604 0.0318053563436
3126.458179 0.0315903822581
3128.994917 0.0157496929169
3131.587847 0.0320954322815
3134.183098 0.0325262546539
3136.762993 0.0309666792552
3139.348021 0.0320390065511
3141.869667 0.0150230725606
3144.812288 0.014688650767
3147.397503 0.0316576957703
3149.965577 0.031095345815
3152.568853 0.0309344132741
3155.160787 0.0306323369344
3157.745641 0.0317145983378
3160.266452 0.015576283137
3162.808491 0.0157706737518
3165.37529 0.0310746828715
3167.922339 0.0311266581217
3170.460266 0.0314313570658
3173.056182 0.0314942995707
3175.972329 0.0150412718455
3178.570828 0.0306653181712
3181.137227 0.0319360097249
3183.72528 0.0321619510651
3186.314232 0.0313167572021
3188.8764 0.0319875876109
3191.46155 0.0314362843831
3194.026005 0.0311633745829
3196.589578 0.030829668045
3199.128247 0.0160123507182
3201.712286 0.0314430395762
3204.258331 0.0154806772868
3207.146039 0.0153663158417
3209.738171 0.0317324002584
3212.305083 0.0313889980316
3214.915903 0.030890305837
3217.49249 0.0317436059316
3219.978605 0.015426715215
3222.578358 0.0315980911255
3225.174389 0.0312225818634
3227.764954 0.0311417579651
3230.360366 0.0315846602122
3232.939568 0.0314693450928
3235.517714 0.0320023695628
3238.452491 0.0148810545603
3241.048588 0.0318123499552
3243.636649 0.031924088796
3246.156837 0.0147230625153
3248.720472 0.0314715703328
3251.284396 0.0311747392019
3253.789675 0.015106678009
3256.344149 0.015256245931
3258.91492 0.0313959916433
3261.490062 0.0314129988352
3264.077908 0.0312422911326
3266.626696 0.0314970016479
3269.613924 0.0311146577199
3272.181075 0.0317956606547
3274.760133 0.0316215356191
3277.332177 0.0308840274811
3279.929013 0.0309439500173
3282.455659 0.0149062474569
3285.019673 0.0310649077098
3287.606316 0.0310093561808
3290.171243 0.0320367018382
3292.764333 0.0314576625824
3295.321433 0.0317856470744
3297.899738 0.0306133429209
3300.856055 0.0153756936391
3303.432809 0.0311510562897
3305.996259 0.0310970147451
3308.589815 0.0316177209218
3311.15176 0.0311900774638
3313.769379 0.0317389965057
3316.31171 0.0313949584961
3318.836712 0.0151174068451
3321.379985 0.0148006280263
3323.996836 0.0308799743652
3326.548209 0.0316133499146
3329.134681 0.0319709777832
3332.010635 0.0152548948924
3334.628577 0.0306073824565
3337.192811 0.0311419963837
3339.741984 0.015439748764
3342.320716 0.0316959222158
3344.932294 0.0315713087718
3347.450001 0.0142339865367
3350.018772 0.0305297374725
3352.609122 0.0314313570658
3355.168878 0.0314043362935
3357.726173 0.0310130914052
3360.300707 0.0317203998566
3363.27858 0.0312168598175
3365.860494 0.0315023263295
3368.39472 0.0149954160055
3370.996807 0.0315319697062
3373.603487 0.0314027468363
3376.127123 0.0150692462921
3378.727232 0.0314586957296
3381.29708 0.0314610004425
3383.91432 0.0322842597961
3386.527747 0.0316336949666
3389.121096 0.0315099557241
3391.706492 0.0313182671865
3394.666928 0.0312516689301
3397.234936 0.031413714091
3399.797 0.030967315038
3402.413479 0.0317486127218
3404.935387 0.0149370034536
3407.521175 0.0319473743439
3410.120124 0.0313069820404
3412.665771 0.0317536989848
3415.189098 0.015340646108
3417.767761 0.0326170126597
3420.333582 0.0312751134237
3422.912572 0.0313901106517
3425.910634 0.0316518942515
3428.494353 0.0312986373901
3431.089709 0.0316963195801
3433.643892 0.0313145319621
3436.167656 0.015142361323
3438.77677 0.032014687856
3441.330526 0.0146456559499
3443.934863 0.0316977500916
3446.512973 0.0159500439962
3449.110816 0.0312905311584
3451.654263 0.0150580406189
3454.219219 0.0312492847443
3457.291667 0.0455729166667
3459.852512 0.0314239660899
3462.36383 0.0155399640401
3464.937722 0.0149783293406
3467.515159 0.015597263972
3470.082249 0.0157890319824
3472.667608 0.03116162618
3475.269953 0.0314087867737
3477.856863 0.0310003757477
3480.453473 0.0315637588501
3483.02758 0.0310833454132
3485.609846 0.0314536094666
3488.49798 0.0154976050059
3491.082772 0.0312701861064
3493.668215 0.031217734019
3496.272778 0.0312016010284
3498.872235 0.0310590267181
3501.393732 0.015293598175
3503.965 0.0310065746307
3506.544685 0.0308807690938
3509.130516 0.0319303671519
3511.721307 0.0314306418101
3514.33417 0.0315636793772
3516.942085 0.03147093455
3519.95083 0.0299517313639
3522.48609 0.0147146383921
3525.046296 0.0311609903971
3527.625775 0.0315606594086
3530.259876 0.0321499506632
3532.836284 0.0155660311381
3535.416588 0.0313906669617
3537.980204 0.0313920180003
3540.563849 0.0315919717153
3543.068826 0.0155630906423
3545.633967 0.0313360691071
3548.152174 0.015151421229
3551.132722 0.0310683250427
3553.709173 0.0306340058645
3556.300177 0.0312082767487
3558.903268 0.0309976736705
3561.462882 0.0307743549347
3564.008773 0.0309015909831
3566.574436 0.0314646561941
3569.174584 0.0313690503438
3571.763932 0.0306926568349
3574.356181 0.0315031210581
3576.88057 0.0153300762177
3579.458269 0.0308833122253
3582.461003 0.0309007167816
3584.98628 0.015155951182
3587.563418 0.0315333207448
3590.135215 0.0307777722677
3592.729849 0.0304260253906
3595.320308 0.0310966968536
3597.906591 0.0312200387319
3600.472416 0.0312550067902
3603.056101 0.0307981967926
3605.663208 0.0310266812642
3608.169273 0.0150003433228
3610.685115 0.0146725972493
3613.665101 0.0311063925425
3616.26338 0.031121969223
3618.843705 0.0310793717702
3621.440651 0.0309116045634
3623.977769 0.0148924191793
3626.548827 0.0153094132741
3629.069463 0.014788945516
3631.667447 0.0316888491313
3634.299196 0.0308293501536
3636.832412 0.0149472554525
3639.377813 0.0309152603149
3641.973478 0.0308133761088
3644.921423 0.015204111735
3647.512683 0.0312836964925
3650.115108 0.0325382550557
3652.70067 0.0308623313904
3655.278149 0.0310990015666
3657.859286 0.0148570537567
3660.437553 0.0307729244232
3662.992686 0.0311413606008
3665.557479 0.0310892264048
3668.101337 0.0305092334747
3670.678785 0.0313442548116
3673.269546 0.0310266017914
3676.251739 0.031325340271
3678.873258 0.0313583215078
3681.418868 0.0149513880412
3683.992508 0.0313323338826
3686.604623 0.0310906569163
3689.176178 0.0310297012329
3691.751656 0.0308802922567
3694.297151 0.0143353144328
3696.848116 0.0303957462311
3699.383574 0.0149063269297
3701.896777 0.0152273972829
3704.433572 0.0153533617655
3707.348271 0.0152282714844
3709.957642 0.0307579040527
3712.576415 0.0314249992371
3715.082188 0.0153119564056
3717.627207 0.0145016511281
3720.175674 0.0151646137238
3722.762159 0.0316863059998
3725.330655 0.031557003657
3727.924663 0.0308903853099
3730.473121 0.0149962902069
3733.055433 0.0317526658376
3735.575413 0.0146713256836
3738.557811 0.0312399864197
3741.154043 0.0316196282705
3743.737019 0.0314446290334
3746.292039 0.0312130451202
3748.890216 0.0312272707621
3751.467727 0.0313522815704
3754.038377 0.0313947200775
3756.599708 0.0314166545868
3759.176908 0.0314357280731
3761.751774 0.0311043262482
3764.332217 0.0314424037933
3766.925711 0.0304539998372
3769.894675 0.0152746836344
3772.492255 0.0309237639109
3775.068892 0.0321486790975
3777.632297 0.0317096710205
3780.197405 0.0313936074575
3782.820773 0.0310870011648
3785.397564 0.031495253245
3787.90939 0.0145349502563
3790.448156 0.0150079727173
3793.033663 0.0318826834361
3795.633061 0.0446236928304
3798.204761 0.0307469367981
3801.220969 0.0317051410675
3803.802584 0.031839688619
3806.371074 0.031347990036
3808.951571 0.0388669967651
3811.50241 0.0317413012187
3814.108149 0.033081928889
3816.657829 0.0148992538452
3819.228424 0.0305996735891
3821.738605 0.0153957207998
3824.308225 0.0312519073486
3826.853471 0.0149954160055
3829.472826 0.031270980835
3832.514377 0.0312482515971
3835.095342 0.0313563346863
3837.697855 0.0318097273509
3840.250952 0.0313039620717
3842.824774 0.0300996303558
3845.413206 0.0313733418783
3847.945287 0.014833688736
3850.501098 0.0304987430573
3853.098857 0.0311494668325
3855.664704 0.0309963226318
3858.223015 0.0316690603892
3860.732444 0.0156133969625
3863.748718 0.0312546094259
3866.321781 0.0309298833211
3868.877199 0.0313356717428
3871.411207 0.0316603978475
3874.022416 0.030969063441
3876.608338 0.0310283501943
3879.209927 0.0317370096842
3881.772534 0.0308790206909
3884.332143 0.0314736366272
3886.891609 0.0156226952871
3889.500901 0.0308779080709
3892.04925 0.0307889779409
3895.01834 0.0306039651235
3897.593762 0.0307019551595
3900.142806 0.0310513973236
3902.730637 0.030547618866
3905.298491 0.0306559403737
3907.871556 0.0309113661448
3910.450891 0.0312089920044
3913.017057 0.0305732885997
3915.581087 0.0308173497518
3918.162197 0.0304683844248
3920.76616 0.0308802922567
3923.342749 0.0319457054138
3926.379973 0.0318920612335
3928.938167 0.0315939585368
3931.513269 0.0308339595795
3934.084895 0.031189362208
3936.666127 0.0307569503784
3939.247809 0.0314282576243
3941.810198 0.0309500694275
3944.377937 0.0307033061981
3946.99107 0.0320117473602
3949.551494 0.0316322644552
3952.134714 0.0313477516174
3954.711847 0.0310289065043
3957.708789 0.0310746828715
3960.306448 0.0311359564463
3962.893429 0.0320920944214
3965.444545 0.0155696868896
3968.035391 0.0314292907715
3970.641827 0.0315826733907
3973.266361 0.0315825939178
3975.825297 0.0309187571208
3978.343074 0.0150446891785
3980.90613 0.0312480131785
3983.464056 0.0312111377716
3986.054316 0.0314382712046
3989.095335 0.0301540692647
3991.700347 0.0310737291972
3994.253996 0.0153759320577
3997.057618 0.030920346578
3999.625071 0.031760374705
4002.197616 0.0314637025197
4004.771289 0.031675974528
4007.382285 0.031485637029
4009.98482 0.0313886006673
4012.545134 0.031883319219
4015.10418 0.0313139756521
4017.692777 0.0311760902405
4020.719362 0.0310203234355
4023.28149 0.031728665034
4025.872875 0.0313613414764
4028.42786 0.0149614810944
4031.006399 0.0310663382212
4033.600305 0.0308392842611
4036.161083 0.0306783517202
4038.741885 0.0145497322083
4041.347938 0.0303600629171
4043.923975 0.0310062567393
4046.500308 0.0311473210653
4048.992734 0.0147209962209
4052.007631 0.0307856400808
4054.572326 0.0315216382345
4057.137694 0.0309637387594
4059.715477 0.0316976706187
4062.304392 0.0315407117208
4064.880431 0.0305725733439
4067.477776 0.0311766465505
4070.037982 0.0314599672953
4072.615106 0.0316610336304
4075.182493 0.0151043732961
4077.746677 0.0308337211609
4080.262349 0.0151842435201
4083.294217 0.0314610004425
4085.860373 0.0311723550161
4088.366946 0.0151143074036
4090.882553 0.015206972758
4093.479544 0.0313360691071
4096.066275 0.0314993063609
4098.612435 0.0148635705312
4101.150963 0.0150386492411
4103.692611 0.014971892039
4106.256093 0.031319697698
4108.784192 0.0155754089355
4111.293326 0.0155373414358
4114.388001 0.0318003495534
4116.975592 0.0310302575429
4119.51262 0.0156386693319
4122.113935 0.0314002831777
4124.710085 0.031912724177
4127.311717 0.0318686167399
4129.869341 0.0320375760396
4132.433111 0.0307102998098
4134.986291 0.0148033301036
4137.483573 0.0156447092692
4140.07055 0.0312200387319
4142.655036 0.0323270161947
4145.689717 0.0315167109172
4148.251069 0.0317136446635
4150.805376 0.0311010678609
4153.376058 0.0314277013143
4155.911863 0.0154906113942
4158.504209 0.0314483642578
4161.100764 0.0309751033783
4163.725233 0.0316867033641
4166.301446 0.0310490926107
4168.874581 0.0312360922496
4171.458142 0.0314219792684
4173.967881 0.0152013301849
4177.003244 0.0156943003337
4179.518812 0.0155920187632
4182.121275 0.0314528942108
4184.693759 0.0314067204793
4187.268571 0.0310417016347
4189.833234 0.0317049026489
4192.468411 0.0380452473958
4195.051229 0.0312650203705
4197.619273 0.0316002368927
4200.210135 0.0307495594025
4202.795257 0.0324347813924
4205.385113 0.0321167310079
4208.489839 0.0393459002177
4211.068166 0.033215045929
4213.680786 0.0455423990885
4216.239893 0.0320719877879
4218.783574 0.0152677694956
4221.363086 0.031489054362
4223.923174 0.0308850606283
4226.466701 0.0150929292043
4229.034058 0.0315759976705
4231.636013 0.0316452980042
4234.224244 0.0318193435669
4236.741198 0.0153032143911
4239.826673 0.031704266866
4242.414727 0.0307280222575
4244.951567 0.0159114996592
4247.522612 0.0315616130829
4250.099532 0.030251344045
4252.645467 0.015306075414
4255.205159 0.0307376384735
4257.865529 0.0310410658518
4260.397308 0.0149948596954
4262.983325 0.0315862496694
4265.509941 0.0153601169586
4268.10231 0.0313710371653
4271.153421 0.0308589140574
4273.736492 0.0317449569702
4276.25591 0.0159069697062
4278.856006 0.0325027306875
4281.442566 0.0311186313629
4284.034677 0.0315893491109
4286.592669 0.0316983858744
4289.203321 0.031257390976
4291.781628 0.0315090020498
4294.36779 0.0308843453725
4296.941242 0.0319890975952
4299.473092 0.0149402618408
4302.418525 0.01549243927
4304.992061 0.0307739575704
4307.562873 0.0318915843964
4310.140316 0.0316200256348
4312.732672 0.0317196846008
4315.311588 0.0312922795614
4317.867307 0.0313193798065
4320.451901 0.0318626562754
4323.010133 0.0300544102987
4325.625034 0.0312304496765
4328.191247 0.0311396121979
4330.78578 0.0309633413951
4333.773998 0.0151696999868
4336.345731 0.031839688619
4338.943674 0.0324543317159
4341.523612 0.0325297514598
4344.0686 0.0316613515218
4346.605727 0.0153669516246
4349.139641 0.0149643421173
4351.723226 0.0310549736023
4354.318093 0.0319430828094
4356.931459 0.0324033896128
4359.521134 0.0316053231557
4362.073794 0.0312026341756
4365.127074 0.0315543015798
4367.72599 0.0315360228221
4370.287077 0.0322273572286
4372.91207 0.0320936044057
4375.478567 0.0314160188039
4378.039335 0.0317571163177
4380.613395 0.0312666893005
4383.188841 0.0313260555267
4385.775918 0.0159783363342
4388.408091 0.0319426854451
4390.973003 0.0315173467
4393.503447 0.0153470834096
4396.567683 0.0315155982971
4399.180747 0.031312306722
4401.768181 0.0310796101888
4404.349093 0.0313127040863
4406.923958 0.0317376454671
4409.434693 0.0153840382894
4412.016739 0.0319022337596
4414.609063 0.0310423374176
4417.219796 0.0316116809845
4419.748703 0.0161375204722
4422.320595 0.031455039978
4424.933552 0.0317986806234
4427.996532 0.0318660736084
4430.572708 0.0317850112915
4433.228219 0.0311099688212
4435.828007 0.031419356664
4438.391781 0.015572309494
4440.961611 0.0315246582031
4443.527672 0.0316972732544
4446.08803 0.031681060791
4448.666635 0.0321776072184
4451.167749 0.0155613422394
4453.758088 0.0312774181366
4456.315114 0.0313850243886
4459.324157 0.0305766264598
4461.897604 0.0311290423075
4464.46046 0.0315267244975
4467.008757 0.0312836170197
4469.595701 0.0319443543752
4472.246613 0.0314877033234
4474.767571 0.015119711558
4477.492894 0.0465885798136
4480.069129 0.0308469931285
4482.64458 0.0148019790649
4485.162572 0.0152282714844
4487.691343 0.0153714021047
4490.796026 0.0335365931193
4493.351452 0.0313589572906
4495.951198 0.0316210587819
4498.51165 0.031841357549
4501.137245 0.0315500100454
4503.72795 0.0314783255259
4506.315498 0.0309810638428
4508.943099 0.0312043031057
4511.525133 0.0321865876516
4514.101501 0.0316763718923
4516.675325 0.0314126014709
4519.316127 0.0319705804189
4522.441358 0.0411094029744
4525.024767 0.0309002399445
4527.583207 0.0316390196482
4530.175443 0.0317145188649
4532.763398 0.0318503379822
4535.356076 0.0316073894501
4537.928674 0.0309398969014
4540.516843 0.0321239630381
4543.099241 0.0317026774089
4545.670553 0.0324696699778
4548.252809 0.0315152804057
4550.878669 0.0314746697744
4553.980555 0.0372516314189
4556.55145 0.0307896931966
4559.120607 0.0313509305318
4561.720711 0.0312665303548
4564.361423 0.0315573215485
4566.962282 0.0321813424428
4569.518191 0.0314416885376
4572.065713 0.0145943959554
4574.664748 0.0314710140228
4577.200534 0.0148593584696
4579.782673 0.0318369865417
4582.37836 0.0308830738068
4585.439177 0.0316237608592
4588.010268 0.0317250092824
4590.596153 0.0316863059998
4593.169218 0.031547943751
4595.776057 0.0313683350881
4598.362081 0.031779607137
4600.957185 0.0318546295166
4603.47785 0.0145400365194
4606.062711 0.0316743850708
4608.628734 0.0314129988352
4611.182687 0.0148691336314
4613.819539 0.0320589542389
4616.918689 0.0317039489746
4619.53993 0.0304787158966
4622.14012 0.031135002772
4624.742042 0.0316349665324
4627.273474 0.0147166252136
4629.811504 0.014999628067
4632.355233 0.0313146114349
4634.96343 0.0319886207581
4637.594767 0.0318717161814
4640.200335 0.0313753286997
4642.782944 0.0307674407959
4645.368396 0.0309542814891
4648.433161 0.0315773487091
4650.991082 0.0154169400533
4653.559429 0.0313343207041
4656.142688 0.031613111496
4658.689586 0.0148282845815
4661.26966 0.0322629610697
4663.898386 0.0321052869161
4666.495969 0.0321570237478
4669.07601 0.0313773155212
4671.692167 0.0325682957967
4674.321591 0.0312009652456
4676.887116 0.0310389200846
4679.935746 0.0153779983521
4682.505767 0.0313872496287
4685.056522 0.0318876902262
4687.631193 0.032427072525
4690.17893 0.0157920519511
4692.821112 0.0313056310018
4695.38905 0.0318739414215
4697.9592 0.0319216251373
4700.607278 0.0316863854726
4703.183178 0.0315206845601
4705.766104 0.0320829550425
4708.333423 0.0323369503021
4711.379174 0.0316220124563
4713.95398 0.0316546758016
4716.521157 0.0319272677104
4719.158392 0.0313076178233
4721.737801 0.0315713882446
4724.341278 0.0309670766195
4726.888869 0.0158333778381
4729.494224 0.0317786534627
4732.067156 0.0314066410065
4734.643148 0.0311113198598
4737.206044 0.0315106709798
4739.785877 0.0312790075938
4742.872301 0.0313835938772
4745.436644 0.0314896901449
4748.029143 0.0314259529114
4750.588289 0.0319746335347
4753.106445 0.0152072906494
4755.714983 0.0316366354624
4758.330078 0.0316783587138
4760.88884 0.030788342158
4763.426282 0.0154536565145
4766.011154 0.0314026673635
4768.604406 0.0322643915812
4771.18187 0.0317930380503
4774.179204 0.0155076980591
4776.769058 0.0316583315531
4779.329088 0.0323696136475
4781.886411 0.0158660411835
4784.509007 0.0314197540283
4787.049836 0.0158016681671
4789.642385 0.0326166947683
4792.225381 0.0154389540354
4794.81059 0.0320829550425
4797.388742 0.031632900238
4799.964687 0.0312530199687
4802.537956 0.0317355791728
4805.588021 0.0315574010213
4808.172624 0.0317039489746
4810.742765 0.0322434107463
4813.339203 0.0311516920726
4815.915587 0.0311252276103
4818.492999 0.0308939615885
4821.032247 0.0308709939321
4823.633812 0.0320216019948
4826.262248 0.0316380659739
4828.851246 0.0310677687327
4831.450534 0.0315012137095
4834.028754 0.0309813022614
4837.110549 0.0311533610026
4839.683626 0.0312467416128
4842.274206 0.0317946275075
4844.846457 0.0309729576111
4847.401172 0.0314548810323
4849.963519 0.0309423605601
4852.540966 0.0318836371104
4855.155323 0.0316396554311
4857.725345 0.0308360258738
4860.278485 0.0312929948171
4862.872305 0.0314290523529
4865.472151 0.0307037035624
4868.541523 0.0314552783966
4871.102269 0.0311753749847
4873.67057 0.0310346285502
4876.267231 0.0311606725057
4878.803869 0.0152016480764
4881.388881 0.0304206212362
4883.94162 0.0153562227885
4886.495553 0.030747016271
4889.111865 0.0319133599599
4891.701984 0.0309979915619
4894.27599 0.0316386222839
4896.900748 0.0308950742086
4899.982118 0.0319413344065
4902.507182 0.0155409971873
4905.093847 0.0307379563649
4907.714125 0.0315730571747
4910.27164 0.0307107766469
4912.869261 0.0310567220052
4915.439778 0.030279080073
4917.973597 0.0149953365326
4920.565204 0.0303208827972
4923.140816 0.0318787097931
4925.713802 0.0309320290883
4928.294353 0.031246026357
4931.32351 0.0310905774434
4933.922771 0.0311013062795
4936.429238 0.0154633522034
4939.022432 0.0314042568207
4941.589612 0.031298716863
4944.115892 0.0157893498739
4946.662052 0.0150659879049
4949.391253 0.0317431290944
4951.980107 0.0305976867676
4954.562959 0.0311486721039
4957.138892 0.0306469599406
4959.697999 0.0307866732279
4962.819083 0.0315989653269
4965.393777 0.0306719938914
4967.956064 0.0301029682159
4970.557049 0.0314691861471
4973.173568 0.0314926306407
4975.768609 0.0314163366954
4978.370602 0.0305413405101
4980.980745 0.030908981959
4983.593496 0.0316329797109
4986.192335 0.0312929948171
4988.777052 0.031432946523
4991.343417 0.0155119101206
4994.497305 0.0319379965464
4997.057918 0.0316069920858
4999.631062 0.0312756697337
5002.187207 0.0314442316691
5004.772032 0.031317392985
5007.281946 0.0147120157878
5009.870156 0.030933936437
5012.444832 0.0310537020365
5015.037274 0.0307879447937
5017.627761 0.0309312343597
5020.236797 0.0314240455627
5022.799123 0.0310889879862
5025.87261 0.0306830406189
5028.482433 0.0311672687531
5031.060142 0.0308036804199
5033.571267 0.0151566664378
5036.170027 0.0317332744598
5038.76327 0.031453927358
5041.335897 0.0316123962402
5043.955266 0.0317586263021
5046.521627 0.0320463975271
5049.034822 0.0149539311727
5051.602722 0.0317134062449
5054.186739 0.0315144062042
5057.205146 0.014905055364
5059.761925 0.0152277151744
5062.35979 0.0311273733775
5064.921061 0.0320177078247
5067.499185 0.0312663714091
5070.090314 0.0314214229584
5072.697665 0.0316420396169
5075.293677 0.0314632256826
5077.879767 0.031453371048
5080.430353 0.0152513980865
5082.942994 0.0148142973582
5085.453181 0.0154890219371
5088.50594 0.0311950047811
5091.056204 0.0313444137573
5093.662518 0.0316636562347
5096.28994 0.0305886268616
5098.862791 0.0311119556427
5101.41434 0.0150916576385
5103.968812 0.0315464337667
5106.533549 0.0310086409251
5109.112721 0.0307626724243
5111.660621 0.0151768525441
5114.176103 0.0163963635763
5116.761125 0.0317553679148
5119.870063 0.0314140319824
5122.482854 0.0301566918691
5125.066201 0.0299196243286
5127.59131 0.0147462685903
5130.161295 0.0310059388479
5132.730943 0.0315944353739
5135.284696 0.0306310653687
5137.859289 0.031422217687
5140.419147 0.031404097875
5142.990351 0.0149508317312
5145.544203 0.0149436791738
5148.170607 0.0447680155436
5151.271531 0.030377070109
5153.862356 0.0311966737111
5156.445338 0.0306517283122
5159.025093 0.0365775426229
5161.593313 0.0310696760813
5164.153943 0.0309696992238
5166.754788 0.0314230124156
5169.333008 0.0304853916168
5171.9212 0.0307473341624
5174.494662 0.0315580368042
5177.05208 0.0310242970785
5179.638271 0.0310070514679
5182.762246 0.0306493441264
5185.351394 0.0369026660919
5187.965334 0.0319893360138
5190.563251 0.0324122905731
5193.159174 0.0316976706187
5195.689516 0.0157436529795
5198.189799 0.0152469476064
5200.807603 0.0322370529175
5203.405609 0.0320111115774
5205.992033 0.0315763155619
5208.558026 0.0316197077433
5211.124736 0.0313681761424
5214.142072 0.0146306355794
5216.714151 0.0308360258738
5219.266767 0.0318186283112
5221.853246 0.0317786534627
5224.450563 0.0311005910238
5226.974306 0.0148513317108
5229.570982 0.0312127272288
5232.137793 0.032076438268
5234.761405 0.0317104657491
5237.312639 0.0317846934001
5239.837915 0.0156970024109
5242.381843 0.0150975386302
5245.477061 0.0307546456655
5248.053173 0.0315960248311
5250.546663 0.0152215957642
5253.143559 0.0316243171692
5255.74253 0.0306200186412
5258.294366 0.0307606856028
5260.862452 0.031219959259
5263.408416 0.0145432154338
5266.004489 0.0311283270518
5268.548752 0.0151282946269
5271.119344 0.0315062204997
5273.669743 0.0153449376424
5276.781758 0.030791759491
5279.395158 0.031643708547
5281.942396 0.0312807559967
5284.516841 0.0312743186951
5287.116628 0.0311629772186
5289.738643 0.032124042511
5292.299851 0.0319272677104
5294.851776 0.031772295634
5297.444819 0.0316220124563
5300.015477 0.0153916676839
5302.593388 0.0318433443705
5305.155759 0.0310106277466
5308.212938 0.0314013957977
5310.807501 0.0309460163116
5313.373438 0.0313789844513
5315.971536 0.0313470363617
5318.567643 0.0309540430705
5321.124258 0.0304499467214
5323.701476 0.0311659971873
5326.292574 0.0325679779053
5328.853583 0.0307663281759
5331.420387 0.0315272808075
5333.984077 0.0309441884359
5336.523631 0.0318997701009
5339.594826 0.0310906569163
5342.108524 0.0156450271606
5344.732346 0.0310916105906
5347.352704 0.0313861370087
5349.941904 0.031112353007
5352.529239 0.0304822127024
5355.104764 0.0313003063202
5357.697072 0.0317006905874
5360.3008 0.0314919948578
5362.869528 0.014976978302
5365.436585 0.0310999552409
5368.011862 0.0151476860046
5371.192363 0.0311446984609
5373.716409 0.0152909755707
5376.290796 0.0312066872915
5378.882682 0.0313993295034
5381.390592 0.0152733325958
5383.984714 0.031133333842
5386.582975 0.0314850012461
5389.105601 0.0157731374105
5391.652628 0.015546242396
5394.214968 0.0311773618062
5396.801057 0.031843662262
5399.377755 0.0311760107676
5402.446458 0.0310537020365
5405.035404 0.0317099094391
5407.572088 0.0150835514069
5410.132247 0.0311430295308
5412.780433 0.0325256983439
5415.3715 0.031393289566
5417.923206 0.0315810044607
5420.464367 0.0156977176666
5423.018786 0.0312990347544
5425.603694 0.0316789150238
5428.182387 0.0313906669617
5430.788898 0.030345360438
5433.95194 0.0308711528778
5436.470369 0.0149943828583
5438.993173 0.0153293609619
5441.577185 0.0310821533203
5444.188754 0.031883875529
5446.758503 0.0307173728943
5449.347656 0.0315710703532
5451.944814 0.03107158343
5454.51758 0.0309979915619
5457.101418 0.0311942895253
5459.680865 0.0317223072052
5462.266614 0.0313796202342
5465.374574 0.0305243333181
5467.960805 0.0312953790029
5470.548991 0.0311553478241
5473.098634 0.0311336517334
5475.6653 0.0144027074178
5478.222691 0.0317460695903
5480.791681 0.0309899648031
5483.363262 0.0315246582031
5485.956449 0.0312068462372
5488.541037 0.0318442980448
5491.125982 0.0340036551158
5493.714209 0.0312206745148
5496.820459 0.0310249328613
5499.412445 0.0313563346863
5502.003767 0.03107325236
5504.533779 0.0151887734731
5507.112235 0.0308433373769
5509.689233 0.0310666561127
5512.240777 0.0314433574677
5514.782015 0.0319124062856
5517.352311 0.031490723292
5519.984609 0.0322556495667
5522.493223 0.0162862936656
5525.057531 0.0315850575765
5528.135015 0.0155510107676
5530.723784 0.0318485895793
5533.306288 0.0308989683787
5535.89291 0.0321573416392
5538.486484 0.0313700040181
5541.055958 0.0320373376211
5543.622186 0.0150286356608
5546.191843 0.0322216351827
5548.83997 0.0316230456034
5551.442692 0.0314069588979
5554.006813 0.0309806664785
5556.60974 0.0307277838389
5559.729278 0.031152009964
5562.351084 0.0309320290883
5564.932719 0.031681617101
5567.52709 0.0328380266825
5570.141617 0.0308250586192
5572.759625 0.0314590930939
5575.313564 0.0314931074778
5577.833058 0.0151762962341
5580.422528 0.0308137734731
5583.025749 0.0313053131104
5585.622263 0.0315446058909
5588.160056 0.0141743818919
5591.333738 0.0313456853231
5593.913089 0.031551361084
5596.46075 0.030988295873
5599.056396 0.035366376241
5601.626878 0.0309283733368
5604.190037 0.031351963679
5606.757491 0.031588713328
5609.333298 0.0318202972412
5611.879549 0.0155890782674
5614.448262 0.0314067204793
5617.006583 0.0314056873322
5619.572001 0.0318756898244
5622.775296 0.0314386685689
5625.34729 0.0315440495809
5627.923937 0.0319010416667
5630.520583 0.0317041079203
5633.079662 0.0155310630798
5635.651349 0.031772295634
5638.191634 0.015779654185
5640.786454 0.0315989653269
5643.343548 0.031658967336
5645.973102 0.031883319219
5648.575353 0.031801700592
5651.153098 0.0310742855072
5654.279564 0.0309840838114
5656.868217 0.0314212640127
5659.44418 0.0309996604919
5662.033509 0.0313597520192
5664.606596 0.0314803123474
5667.183338 0.0311825275421
5669.732859 0.0314989884694
5672.329632 0.0310240586599
5674.932519 0.0316662788391
5677.502105 0.0309906800588
5680.074411 0.0309480031331
5682.6393 0.0313643614451
5685.749621 0.0310353438059
5688.354244 0.0310757160187
5690.905836 0.0310962994893
5693.520647 0.0316087404887
5696.11834 0.0317803223928
5698.708508 0.031330982844
5701.288889 0.0310826301575
5703.989237 0.0323236783346
5706.587138 0.0314606825511
5709.171263 0.031884988149
5711.751944 0.0313464005788
5714.311731 0.0312653382619
5717.441031 0.0328783988953
5720.00957 0.0306062698364
5722.568247 0.0315282344818
5725.138503 0.0311589241028
5727.757463 0.0310343106588
5730.318482 0.0157109101613
5732.898111 0.0315424601237
5735.466457 0.0309112071991
5738.049999 0.0313669840495
5740.616342 0.0314183235168
5743.169005 0.0316239992778
5745.706662 0.0157986481984
5748.864345 0.0315406322479
5751.451115 0.0157426993052
5753.976829 0.0149404207865
5756.542688 0.0155734221141
5759.142491 0.0317807197571
5761.754501 0.0315129756927
5764.323281 0.0310892264048
5766.93853 0.0312569936117
5769.534293 0.0312373638153
5772.113944 0.0319406986237
5774.665455 0.0155999660492
5777.184854 0.0156273841858
5780.32436 0.0148056348165
5782.848522 0.0155760447184
5785.412587 0.0313130219777
5788.030002 0.0310823917389
5790.637234 0.0309433142344
5793.199155 0.0316112836202
5795.811574 0.0315260092417
5798.351395 0.0156870683034
5800.933305 0.0311977068583
5803.550999 0.0310616493225
5806.153861 0.0313803354899
5808.724625 0.0312586625417
5811.846947 0.0311079819997
5814.365149 0.0149815877279
5816.926213 0.0309440294902
5819.506356 0.0311103661855
5822.108171 0.0309720039368
5824.733365 0.0316909948985
5827.305767 0.0309197107951
5829.896588 0.0310626824697
5832.510227 0.0315416653951
5835.122256 0.031457344691
5837.728426 0.0314933458964
5840.333303 0.0317467053731
5843.497171 0.0311169624329
5846.060442 0.0150748888652
5848.682229 0.0320672988892
5851.216052 0.0152657032013
5853.724523 0.0154070059458
5856.309259 0.0314524173737
5858.863949 0.016193707784
5861.482541 0.0320136547089
5864.095883 0.0318908691406
5866.692432 0.0310086409251
5869.271869 0.031919002533
5871.86803 0.0315852959951
5875.013227 0.0317029953003
5877.543237 0.0153816541036
5880.126838 0.0320219198863
5882.740008 0.0156500339508
5885.356349 0.0312883059184
5887.978021 0.0318287213643
5890.589319 0.0315012931824
5893.105372 0.0153076648712
5895.643824 0.0159086386363
5898.257983 0.0321163336436
5900.798469 0.015016635259
5903.407101 0.0315637588501
5906.57531 0.0311086972555
5909.188574 0.031534353892
5911.798463 0.0309708913167
5914.375323 0.0317320028941
5916.977939 0.0319822629293
5919.581378 0.032128016154
5922.171083 0.0309439500173
5924.739755 0.0146090189616
5927.334054 0.0315123399099
5929.959634 0.0320523579915
5932.555109 0.0317622025808
5935.092565 0.014794588089
5938.24021 0.0156163374583
5940.844098 0.0322983264923
5943.425183 0.0311833222707
5945.982187 0.0151713689168
5948.512853 0.0143553415934
5951.092657 0.0315993626912
5953.656092 0.0317729314168
5956.25175 0.0313529968262
5958.835655 0.0159107049306
5961.439398 0.0307732423147
5963.998733 0.0150309403737
5966.612116 0.0313057104747
5969.727285 0.031967719396
5972.302538 0.0317313671112
5974.880065 0.0326960086823
5977.491742 0.0325992107391
5980.073785 0.0319306850433
5982.694868 0.0323780377706
5985.271273 0.0317836602529
5987.865029 0.0309779644012
5990.461193 0.0316466490428
5993.091835 0.0317504405975
5995.688351 0.0319680372874
5998.270727 0.0312848885854
6001.429111 0.0311677455902
6004.009943 0.0311496257782
6006.601834 0.0310323238373
6009.188296 0.0311213334401
6011.838188 0.0315362612406
6014.454551 0.0310378869375
6017.058125 0.0307950973511
6019.692589 0.0319813887278
6022.289623 0.0314397017161
6024.871235 0.0309557120005
6027.49849 0.0312906901042
6030.104391 0.0305946667989
6033.226531 0.0311597188314
6035.848164 0.030570268631
6038.465479 0.0317796866099
6041.061498 0.0322500069936
6043.71281 0.0317043463389
6046.297547 0.0166805585225
6048.872857 0.0319213072459
6051.425154 0.0156056086222
6054.029287 0.0318140983582
6056.629544 0.031636317571
6059.243943 0.0313683350881
6061.844974 0.0319073994954
6064.979088 0.0151606400808
6067.584761 0.0311379432678
6070.174585 0.0311578909556
6072.704419 0.0153948465983
6075.275216 0.0152093569438
6077.885509 0.032067378362
6080.457089 0.0320449670156
6082.995221 0.0156613190969
6085.641986 0.031773964564
6088.233211 0.031244357427
6090.82844 0.0318336486816
6093.401465 0.0309336980184
6096.554377 0.0314842859904
6099.11285 0.0149700641632
6101.731244 0.0314662456512
6104.315875 0.0314626693726
6106.929745 0.0311993757884
6109.546634 0.0309143861135
6112.140898 0.0320003827413
6114.785987 0.0317516326904
6117.45289 0.0307520230611
6120.076968 0.031664053599
6122.655274 0.0310659408569
6125.315748 0.0317129294078
6128.519241 0.0315127372742
6131.078487 0.0144876639048
6133.64889 0.0319820245107
6136.219307 0.0303882757823
6138.748167 0.0154529412587
6141.329245 0.0312483310699
6143.905851 0.0324486891429
6146.531949 0.0313890775045
6149.089727 0.0150113105774
6151.70779 0.0310792922974
6154.297019 0.0318636894226
6156.912659 0.031706015269
6160.040282 0.0315697193146
6162.637529 0.0320390065511
6165.160287 0.0150703589122
6167.83262 0.0310979684194
6170.394267 0.0310122966766
6173.024438 0.0315794150035
6175.619795 0.0313006242116
6178.232138 0.031862894694
6180.810486 0.0314819812775
6183.406614 0.0313543478648
6185.998733 0.0304742654165
6188.559078 0.0311773618062
6191.689274 0.0315799713135
6194.284976 0.0308263301849
6196.858855 0.0311380227407
6199.393821 0.014799674352
6201.988443 0.0315399169922
6204.53563 0.0155330499013
6207.110122 0.0319120883942
6209.712136 0.0317142804464
6212.292065 0.0317642688751
6214.834701 0.0152803262075
6217.420621 0.0307093461355
6219.92524 0.0149076779683
6223.106845 0.0326033433278
6225.618895 0.0150822003682
6228.215451 0.0315363407135
6230.769459 0.0150269667308
6233.331525 0.031387646993
6235.854626 0.0154763062795
6238.418053 0.032035668691
6240.974799 0.014808734258
6243.580992 0.0317480564117
6246.112944 0.0149786472321
6248.692262 0.0327479839325
6251.273605 0.0314447085063
6254.467304 0.0317816734314
6257.067983 0.0309120019277
6259.608573 0.0154999891917
6262.192995 0.0313366254171
6264.767369 0.0153136253357
6267.339244 0.0309570630391
6269.892598 0.0310680071513
6272.512118 0.031779607137
6275.056518 0.0147664546967
6277.614018 0.0312823454539
6280.183997 0.0307116508484
6282.772597 0.0316587289174
6285.865601 0.0154980023702
6288.46075 0.0313259760539
6291.061016 0.0309369564056
6293.630769 0.0309360027313
6296.201173 0.0309686660767
6298.836101 0.0513474146525
6301.437103 0.0311486721039
6303.995272 0.0153693358103
6306.590019 0.0314509073893
6309.190959 0.0317366917928
6311.780634 0.0318819681803
6314.345994 0.0309306780497
6317.466986 0.0315033594767
6320.007429 0.015598932902
6322.587788 0.0319429238637
6325.172714 0.031328757604
6327.760373 0.0320419470469
6330.378206 0.0364526112874
6332.991423 0.0310956637065
6335.552812 0.0313996473948
6338.13067 0.0316313107808
6340.691911 0.0150452454885
6343.337975 0.0319810708364
6345.94302 0.030409971873
6349.121024 0.0381373564402
6351.700425 0.0315426190694
6354.259905 0.0308581193288
6356.862431 0.0314364433289
6359.453127 0.0310125350952
6362.008614 0.0150499343872
6364.568163 0.0150907039642
6367.122721 0.0311220486959
6369.715703 0.0316949685415
6372.291345 0.0309432347616
6374.881062 0.0318640867869
6377.490768 0.0315536657969
6380.737623 0.0311253070831
6383.292267 0.0316587289174
6385.868651 0.0314309597015
6388.435463 0.0309186776479
6390.996691 0.0149504343669
6393.56061 0.014910697937
6396.115014 0.0311296780904
6398.821333 0.0306509335836
6401.413796 0.0312821070353
6403.995145 0.031192779541
6406.632662 0.0311776002248
6409.196784 0.0315527915955
6412.309103 0.031321366628
6414.876963 0.0314145882924
6417.424724 0.0311762491862
6420.031962 0.030375957489
6422.623371 0.0311827659607
6425.197326 0.0315493742625
6427.761023 0.0316936969757
6430.33163 0.0311677455902
6432.904551 0.0312643845876
6435.440614 0.0153220494588
6438.038273 0.0307610034943
6440.556171 0.0151031017303
6443.720284 0.0154333114624
6446.255206 0.0148599942525
6448.840979 0.0310429732005
6451.419402 0.0308500130971
6454.012058 0.0305616060893
6456.57605 0.0306966304779
6459.207536 0.0307817459106
6461.804251 0.0308559735616
6464.382356 0.0313590367635
6467.000825 0.0314346949259
6469.590071 0.0308566888173
6472.180792 0.0310476620992
6475.320424 0.0153422355652
6477.865874 0.0306543509165
6480.427457 0.0316056410472
6483.037448 0.0308825969696
6485.660409 0.0318333307902
6488.23422 0.0307046572367
6490.80425 0.0311659971873
6493.382149 0.0311489105225
6495.976793 0.0312219460805
6498.563392 0.0318229993184
6501.131748 0.0311459700267
6503.728549 0.0307196776072
6506.975274 0.0307669639587
6509.522634 0.014466047287
6512.11214 0.031741698583
6514.699644 0.0306197007497
6517.30213 0.0313283602397
6519.886738 0.0299847126007
6522.441374 0.0302282969157
6525.03247 0.0147717793783
6527.628134 0.031208674113
6530.178095 0.0313103199005
6532.73781 0.0306689739227
6535.342407 0.0319286982218
6538.475633 0.0312886238098
6541.052014 0.0321016311646
6543.637346 0.0322040716807
6546.196619 0.0304952462514
6548.753329 0.0151013533274
6551.373039 0.0306053161621
6553.905008 0.0155839920044
6556.49448 0.0315736134847
6559.080494 0.0306344032288
6561.65852 0.0316387017568
6564.258537 0.0314353307088
6566.839739 0.0313055515289
6570.008478 0.0318319002787
6572.608202 0.0313010215759
6575.158134 0.0305432478587
6577.721084 0.0308736165365
6580.248423 0.0153663158417
6582.853822 0.0309092998505
6585.431325 0.0313143730164
6588.007571 0.0309425989787
6590.584508 0.0316820144653
6593.19943 0.0321232477824
6595.781065 0.0317977269491
6598.392759 0.0312193234762
6601.545124 0.0307859579722
6604.116541 0.0310463110606
6606.665392 0.0154727300008
6609.206656 0.0148593584696
6611.759616 0.0147566000621
6614.428117 0.0311025778453
6616.962609 0.0148296356201
6619.508273 0.0151189963023
6622.057648 0.031259616216
6624.654846 0.0315029621124
6627.25793 0.0307402610779
6629.839878 0.0312000115712
6633.009778 0.0313309033712
6635.561331 0.0153579711914
6638.116527 0.0317549705505
6640.701467 0.0307555993398
6643.307265 0.0306262969971
6645.905326 0.0307896137238
6648.487632 0.0319639841715
6651.086339 0.0318296750387
6653.653717 0.0153005917867
6656.240295 0.0311714013418
6658.818933 0.0308673381805
6661.411158 0.0313569704692
6664.623675 0.0315753618876
6667.163398 0.0313696861267
6669.715698 0.0305333932241
6672.302432 0.0303343931834
6674.858298 0.0146882534027
6677.453274 0.0311005910238
6680.016672 0.030684709549
6682.636514 0.0309875806173
6685.226371 0.0310310522715
6687.941476 0.0304102897644
6690.527461 0.0308856169383
6693.120416 0.0306568940481
6696.199589 0.0150792598724
6698.792585 0.0308310190837
6701.339089 0.0315963427226
6703.883295 0.0147389570872
6706.569935 0.0311577320099
6709.13334 0.0311284065247
6711.687734 0.0151189168294
6714.276402 0.0304009914398
6716.89443 0.0313686529795
6719.511583 0.0312689940135
6722.051912 0.0151059627533
6724.615652 0.0310637156169
6727.852801 0.0319439570109
6730.438284 0.0311477184296
6732.989107 0.0314350128174
6735.565756 0.0150500138601
6738.156861 0.0308990478516
6740.68884 0.0159366925557
6743.247437 0.0303653081258
6745.755759 0.0147523880005
6748.359979 0.0315119425456
6750.899503 0.0151430765788
6753.454423 0.0309654076894
6756.028946 0.031099319458
6759.20579 0.0320612589518
6761.795426 0.0305869579315
6764.375646 0.0314146677653
6766.954958 0.0320293903351
6769.541033 0.0310786565145
6772.141029 0.0317369302114
6774.721235 0.0308962663015
6777.310049 0.0310996373494
6779.916301 0.0306697686513
6782.488141 0.0314217408498
6785.081476 0.0315463542938
6787.693078 0.0309266249339
6790.826662 0.0319443543752
6793.388612 0.0309256712596
6795.949399 0.0314280986786
6798.545069 0.0313803354899
6801.130263 0.0310893058777
6803.734378 0.0311783949534
6806.310999 0.0312879880269
6808.903485 0.0312577088674
6811.489523 0.0315656661987
6814.026486 0.0156246821086
6816.591345 0.0152819951375
6819.176451 0.0324799219767
6822.338036 0.0314029852549
6824.924272 0.0316746234894
6827.503536 0.0311543146769
6830.096977 0.0318822860718
6832.677034 0.0314516226451
6835.256305 0.031823237737
6837.844048 0.0317906538645
6840.427481 0.0324699083964
6842.991525 0.0317753156026
6845.526638 0.0148224035899
6848.113941 0.0315922896067
6850.737422 0.0316530068715
6853.982739 0.0322912534078
6856.571922 0.0315063794454
6859.146455 0.0312634309133
6861.729388 0.0312090714773
6864.336109 0.0303223927816
6866.949785 0.0315093994141
6869.56891 0.0329630374908
6872.165122 0.0313417116801
6874.742288 0.0310033162435
6877.307559 0.0309136708577
6879.896762 0.0311766465505
6882.45981 0.031804005305
6885.697449 0.0307749112447
6888.268803 0.0321469306946
6890.863377 0.0316500663757
6893.420167 0.0309323469798
6895.963718 0.0155922571818
6898.548147 0.0320110321045
6901.125307 0.0322104295095
6903.733126 0.0309631824493
6906.256412 0.0146787166595
6908.833806 0.0318280061086
6911.394906 0.0312961737315
6913.983198 0.0312469800313
6917.200674 0.0308647155762
6919.78255 0.0313669840495
6922.399571 0.0307107766469
6924.949062 0.0147029558818
6927.530283 0.0313596725464
6930.132777 0.0308269659678
6932.732493 0.0311982631683
6935.33269 0.031193335851
6937.929284 0.0320859750112
6940.520584 0.0308006604513
6943.082477 0.0309580167135
6945.607452 0.0159080028534
6948.78344 0.0317003726959
6951.381291 0.0312170187632
6953.927989 0.0314106941223
6956.527719 0.0315672556559
6959.109401 0.0322199662526
6961.707656 0.0314876238505
6964.267825 0.0320074558258
6966.864845 0.030722061793
6969.496813 0.0309393405914
6972.001507 0.0152166684469
6974.595815 0.0320227146149
6977.177318 0.0314106146495
6980.343308 0.0313670635223
6982.882469 0.014549334844
6985.489743 0.0318113168081
6988.066019 0.0309679508209
6990.632032 0.0312259197235
6993.220694 0.0306993325551
6995.79121 0.0311246713003
6998.391056 0.0314269860586
7000.982943 0.0313427448273
7003.584808 0.0307610034943
7006.087898 0.0152203241984
7008.696846 0.0316316286723
7011.888133 0.015295902888
7014.377762 0.0150806903839
7016.940596 0.0321962833405
7019.563541 0.0323363939921
7022.14406 0.031806230545
7024.74357 0.0311556657155
7027.299002 0.031104962031
7029.918403 0.0315917332967
7032.549468 0.0320156415304
7035.13078 0.0320432980855
7037.703911 0.0317170619965
7040.246427 0.0158119996389
7043.476803 0.0146299203237
7046.078939 0.0153390566508
7048.665574 0.031636317571
7051.279568 0.0312053362528
7053.843592 0.0315903822581
7056.44518 0.0319259961446
7058.989442 0.0155099232992
7061.593139 0.0316517353058
7064.226676 0.0311643282572
7066.747292 0.015388250351
7069.324746 0.0322484175364
7071.931922 0.0311709245046
7075.184566 0.0311260223389
7077.784326 0.0316603183746
7080.309465 0.0153696537018
7082.877959 0.0318253835042
7085.39023 0.0154376824697
7087.998957 0.0307946205139
7090.575434 0.0320886770884
7093.188001 0.032408952713
7095.786922 0.0318229993184
7098.339601 0.0310196876526
7100.878649 0.015061934789
7103.4731 0.0312559604645
7106.720983 0.0304806232452
7109.321108 0.031325340271
7111.913849 0.0325229962667
7114.500966 0.0318609873454
7117.121236 0.0313699245453
7119.739592 0.0319132804871
7122.315788 0.0316686630249
7124.935134 0.0151395797729
7127.506923 0.0317375659943
7130.090191 0.0316940148671
7132.663666 0.0319789250692
7135.253146 0.0316586494446
7138.446183 0.0159183343252
7140.985115 0.0160450140635
7143.577391 0.0317107041677
7146.164794 0.0318673451742
7148.730955 0.0316473642985
7151.294166 0.0313285986582
7153.809269 0.0151473681132
7156.399724 0.0322963396708
7158.927596 0.0146249930064
7161.529897 0.0317399501801
7164.077064 0.0154569943746
7166.641086 0.0308163166046
7169.798497 0.0147302945455
7172.368024 0.0315469106038
7174.950531 0.0307383537292
7177.521296 0.0309739907583
7180.129028 0.0310420195262
7182.702047 0.031485637029
7185.284086 0.0319607257843
7187.89249 0.0318489869436
7190.478079 0.0308470726013
7193.034594 0.0150543053945
7195.621607 0.0320244630178
7198.194994 0.0304859479268
7201.370119 0.0306906700134
