144.884714 47.4439300696
290.277622 47.6238839626
435.034291 47.4134803613
876.313916 146.240262349
1021.222641 47.4577913284
1166.43105 47.5666903655
1320.862512 50.6263039907
1475.577401 50.7230232557
1538.390881 20.0855176449
1600.837412 19.9719187419
1745.8965 47.5065036615
1808.393591 19.9817022483
1870.67425 19.9169347286
2015.300217 47.3677773476
2077.79393 19.9837124348
2139.893146 19.8561092218
2577.586426 145.054045677
2639.713083 19.8682180246
3077.192119 144.981866678
3139.269131 19.8517371019
3284.226788 47.4777543545
3346.60599 19.944006602
3408.803116 19.8911702633
3470.868043 19.8536663055
3532.982741 19.8563686212
3596.659373 20.3813183308
3658.872964 19.8825172583
3803.497853 47.3532660802
3948.622536 47.5218074322
4102.808297 50.5444262822
4165.751391 20.1305730343
4228.114 19.9339273771
4666.04349 145.124767939
5103.667526 145.012514432
5248.342127 47.3790956338
5392.91675 47.3538986047
5456.350735 20.2916303476
5519.597705 20.2319587072
5581.80699 19.8798452218
6019.3171 144.991763274
6081.29717 19.8127403259
6226.074767 47.4110740026
6380.289222 50.5527069569
6443.150662 20.1028353373
6505.429665 19.9157323837
6650.575143 47.5322343508
6712.950992 19.9365433057
6857.777264 47.4293042819
6920.22486 19.9625600974
7357.849654 145.021138032
