0.354762077332
0.353462934494
0.352676868439
0.353547811508
0.35329413414
0.351922988892
0.361212015152
0.357882022858
0.352437019348
0.351916074753
0.353651046753
0.351278066635
0.35170507431
0.353235006332
0.352399110794
0.354866981506
0.353456020355
0.353997945786
0.353124141693
0.354427099228
0.360244035721
0.367464065552
0.363679885864
0.368526935577
0.364964962006
0.360038042068
0.360129833221
0.365386009216
0.361680030823
0.360685110092
0.359824895859
0.359708070755
0.362547874451
0.357558012009
0.362715959549
0.357137918472
0.368099927902
0.362797021866
0.368369102478
0.384585857391
