0.365272045135
0.368418931961
0.360303878784
0.361689090729
0.360199928284
0.365818023682
0.362809896469
0.3599421978
0.359331130981
0.359950780869
0.359628915787
0.362293958664
0.360790967941
0.357153892517
0.35857796669
0.362708806992
0.369146108627
0.362864971161
0.36548781395
0.362752199173
0.365524053574
0.362454891205
0.356362819672
0.368306875229
0.362553834915
0.360306978226
0.359828948975
0.362187862396
0.358000040054
0.362402915955
0.360159873962
0.360166072845
0.359903097153
0.356539964676
0.353814125061
0.354532003403
0.352889060974
0.362920045853
0.358384847641
0.356745958328
