0.361048936844
0.363173007965
0.360023021698
0.359601020813
0.357269048691
0.358781099319
0.362763881683
0.368105888367
0.370527982712
0.364900112152
0.368630886078
0.371817827225
0.363484144211
0.368988990784
0.372252941132
0.371374845505
0.370908975601
0.36943602562
0.363065004349
0.368340015411
0.355172872543
0.352169036865
0.354040145874
0.363619089127
0.362873077393
0.357003927231
0.353866100311
0.352931022644
0.352921009064
0.3579890728
0.356781005859
0.352535009384
0.353488922119
0.35360789299
0.353030920029
0.362761974335
0.358597993851
0.353526830673
0.353348016739
0.360087156296
