7.753258 9999
15.381119 9999
22.889197 9999
30.451066 9999.0
45.244989 2.3644926548
52.84074 9999
60.481866 9999.0
68.272926 9999
82.973118 2.3825117747
92.834958 9999.0
107.741878 2.37526567777
122.335888 2.36960705121
136.947012 2.35708697637
144.635313 9999
159.299801 2.36685824394
166.877107 9999
181.567874 2.38554795583
189.314151 9999
204.015025 2.37097064654
218.657431 2.35955063502
228.722345 9999
243.42659 2.37701201439
258.088694 2.37288697561
265.782328 9999
280.453299 2.38297168414
295.148063 2.37955125173
309.792447 2.31696295738
317.411722 9999
324.916354 9999
332.503519 9999.0
347.321156 2.37814299266
361.998454 2.37900543213
376.629306 2.37233710289
384.399766 9999
391.929942 9999
399.499687 9999
414.156754 2.37663507462
424.301145 9999
439.055236 2.38955434163
453.737231 2.38291231791
468.661079 2.38605499268
483.305122 2.37324357033
498.016198 2.37879832586
508.096309 9999
518.000054 9999
527.857684 9999
542.535324 2.37936266263
552.626049 9999
567.317527 2.37258148193
582.000473 2.36937665939
596.856666 2.38564602534
611.617646 2.37533601125
626.345615 2.38351329168
641.20638 2.37091032664
651.10089 9999
665.758385 2.38097961744
680.686133 2.38337628047
688.255409 9999
695.814508 9999.0
710.758885 2.39123241107
718.331688 9999
733.060497 2.39108173052
747.953137 2.38022534053
762.697046 2.39248299599
770.280322 9999.0
785.197035 2.38368701935
799.89372 2.38153370221
807.522402 9999.0
815.285485 9999
829.94915 2.36671304703
844.661731 2.38391971588
859.585545 2.36702863375
874.213333 2.36823034286
888.874607 2.37292726835
896.663617 9999
904.213661 9999
918.91684 2.38229401906
933.858041 2.38502335548
941.437816 9999
956.127508 2.38378556569
971.086668 2.39347902934
978.701453 9999
993.454026 2.39253799121
1008.364814 2.38289237022
1023.074565 2.37349971135
1037.788113 2.38241704305
1052.697577 2.39182861646
1067.441748 2.3828543822
1075.044991 9999.0
1089.925325 2.38569998741
1097.566619 9999
1112.295487 2.3835460345
1127.220873 2.38554143906
1134.85182 9999
1149.588067 2.38697957993
1164.580693 2.40208355586
1179.341124 2.3779129982
1194.072505 2.38160872459
1209.064114 2.38532908758
1223.758427 2.37634666761
1238.504039 2.38539330165
1253.398577 2.37132795652
1268.09191 2.37555623055
1282.852739 2.39439066251
1297.716351 2.38346004486
1305.341719 9999
1320.081453 2.39164098104
1335.00914 2.38338836034
1342.602859 9999
1357.325924 2.381929636
1365.159965 9999
1379.907779 2.38309971491
1394.552484 2.36853845914
1402.350451 9999
1417.085646 2.39180342356
1424.663645 9999.0
1439.586046 2.38236625989
1454.299971 2.38187432289
1464.254051 9999.0
1472.047636 9999
1486.72147 2.36658143997
1494.355391 9999.0
1509.241454 2.37131524086
1516.899796 9999
1531.621676 2.39691066742
1546.582409 2.39620518684
1554.176341 9999
1561.759954 9999.0
1569.519718 9999
1584.243987 2.37771995862
1598.93863 2.37295126915
1609.085631 9999
1623.724041 2.36787931124
1638.452357 2.37679123878
1653.413359 2.38511562347
1668.156806 2.39247433345
1675.761444 9999.0
1690.691313 2.38999859492
1705.357389 2.36955094337
1720.045492 2.36965330442
1734.990823 2.39377975464
1749.65126 2.37262630463
1757.225654 9999.0
1772.119763 2.367065986
1786.813304 2.36953632037
1794.411356 9999.0
1809.381281 2.37258108457
1824.123095 2.38515734673
1838.783631 2.37279963493
1846.563782 9999
1861.267433 2.38396366437
1875.978956 2.38345225652
1890.922842 2.381098032
1898.48274 9999
1913.159731 2.37082107862
1920.998328 9999
1928.562687 9999
1938.495254 9999
1948.424547 9999.0
1963.380071 2.38220707575
1973.304987 9999
1988.012291 2.37513534228
2002.975754 2.38653262456
2017.584215 2.34760737419
2025.219586 9999.0
2032.997689 9999
2047.673312 2.36848767598
2062.385103 2.38459189733
2077.33142 2.37917304039
2092.006626 2.3750936985
2101.91196 9999.0
2116.841683 2.38814496994
2131.571839 2.38488459587
2146.247753 2.37425033251
2161.158843 2.37616674105
2175.852401 2.38034033775
2190.547129 2.37505237261
2205.458583 2.37523261706
2220.18565 2.37824598948
2234.93005 2.38887961706
2245.209767 9999
2259.967543 2.40186866124
2274.693295 2.38892833392
2282.526165 9999
2297.20987 2.38274327914
2304.787758 9999.0
2319.693897 2.38804507256
2327.280211 9999
2341.843226 2.3483680884
2356.771681 2.37558499972
2371.482003 2.38104685148
2386.161331 2.38253124555
2401.037674 2.37542096774
2415.749731 2.37762665749
2430.427776 2.38929700851
2445.32496 2.37050016721
2452.888536 9999
2460.440795 9999.0
2470.644858 9999
2485.351642 2.37632409732
2500.044686 2.37792404493
2515.022678 2.3815185229
2529.751087 2.38742526372
2544.410958 2.37347245216
2559.307784 2.38228201866
2573.967588 2.37588596344
2583.945756 9999.0
2598.835571 2.35937261581
2613.50054 2.36676398913
2621.097601 9999.0
2636.064501 2.40030574799
2650.724493 2.37243390083
2665.334721 2.36298831304
2680.246839 2.37486632665
2694.926753 2.37618470192
2709.618475 2.37388451894
2719.696429 9999
2734.355287 2.37266325951
2744.296391 9999.0
2752.008656 9999
2759.622612 9999
2774.3165 2.37727530797
2789.210629 2.37696528435
2803.956108 2.38411863645
2818.552941 2.3618367513
2833.477644 2.39278101921
2843.390999 9999
2858.062758 2.37766329447
2872.957254 2.36987670263
2887.537933 2.33834679921
2895.063827 9999.0
2902.865222 9999
2910.466744 9999
2920.361077 9999
2935.055522 2.38744632403
2949.91396 2.34487875303
2959.861547 9999
2974.515848 2.37127534548
2982.33126 9999
2989.910898 9999
2997.500459 9999
3012.196959 2.3838429451
3027.088875 2.37709927559
3041.751856 2.37100235621
3051.678566 9999.0
3061.800452 9999
3076.559199 2.40161991119
3091.253044 2.38097000122
3099.070929 9999
3113.754552 2.37102270126
3128.414779 2.37525073687
3143.441766 2.39834364255
3158.056389 2.35581000646
3172.614746 2.33017023404
3187.375895 2.32163802783
3194.945013 9999
3202.520529 9999
3210.133317 9999.0
3217.943535 9999
3232.611987 2.37305529912
3247.270079 2.37062795957
3255.151326 9999
3269.856591 2.38572597504
3284.614551 2.40462199847
3299.560718 2.37707996368
3307.182639 9999
3321.892794 2.38593705495
3329.701713 9999
3344.409531 2.37784735362
3354.336575 9999.0
3369.299339 2.37984228134
3376.856409 9999
3386.851598 9999.0
3401.768885 2.37016701698
3416.465207 2.38829962413
3431.159754 2.38494960467
3439.010335 9999
3453.690273 2.3783510526
3468.384828 2.36179407438
3483.332653 2.39539766312
3493.239589 9999
3507.934881 2.38125435511
3522.912392 2.39947295189
3537.586814 2.37986103694
3552.282017 2.38221438726
3567.209042 2.37933667501
3574.848644 9999
3589.479701 2.37743830681
3604.453457 2.38803863525
