6.629361 1.37054260572
12.466978 1.15899689992
18.259 1.13930034637
24.046218 1.13588706652
30.029843 1.19464508692
35.884536 1.13615099589
41.675956 1.13084236781
47.462542 1.1220916907
53.281165 1.14763863881
59.101762 1.12806868553
64.989493 1.14942646027
71.01043 1.13921872775
76.881497 1.15622997284
82.773382 1.15369764964
88.657095 1.16167028745
94.579405 1.17664178212
100.349461 1.13356598218
106.322322 1.14891401927
112.19285 1.1591916879
117.965825 1.13478509585
123.833223 1.14486503601
129.672628 1.150431633
135.492597 1.14241433144
141.3661 1.13900963465
147.284985 1.13762036959
153.805982 1.36831124624
159.627954 1.14885361989
165.452591 1.14247369766
171.268812 1.14099240303
177.191395 1.13840675354
183.862377 1.41469597816
189.669615 1.1371281147
195.488476 1.14614971479
201.241196 1.13311759631
207.050312 1.1447549661
213.804282 1.408517917
219.740038 1.15022802353
225.576007 1.15487241745
231.397759 1.15206360817
237.202643 1.13824240367
243.943171 1.40193923314
249.7443 1.14668806394
255.531827 1.13615361849
261.320292 1.13509774208
267.160571 1.14702057838
273.396167 1.26530909538
280.036821 1.14944672585
285.854761 1.14766391118
291.694379 1.15454999606
297.49678 1.13709203402
303.3524 1.15965286891
309.157046 1.13524158796
315.21363 1.17163507144
321.048832 1.16011691093
326.852463 1.14508398374
333.227741 1.32162102063
339.064797 1.14611538251
344.885699 1.15173864365
350.857228 1.15574558576
356.692694 1.15375733376
363.30028 1.29989997546
369.116918 1.15463034312
374.904843 1.14026037852
380.858893 1.15361746152
386.663756 1.1477449735
392.588336 1.18593335152
398.405924 1.13951865832
404.22844 1.14825693766
410.065171 1.14925607045
415.985848 1.14142664274
421.893917 1.17090368271
428.299164 1.32795039813
434.082852 1.13093757629
439.854051 1.1368496418
445.741783 1.16821368535
451.812037 1.19885031382
458.05454 1.27096891403
463.854832 1.14570903778
469.663349 1.14358433088
475.450812 1.14287527402
481.301814 1.15911014875
487.372918 1.17630108198
493.211552 1.15183504423
499.001413 1.13925512632
504.852997 1.15592821439
510.573668 1.12685759862
516.947003 1.32028094927
522.836613 1.12746310234
528.686637 1.14844266574
534.544422 1.15198230743
540.345226 1.14126467705
546.649798 1.30226635933
552.441704 1.14302357038
558.425651 1.15602707863
564.280785 1.16021943092
570.101012 1.13779822985
576.293367 1.26179790497
581.97645 1.11652199427
587.76452 1.13775165876
593.736968 1.16756558418
599.507361 1.13374972343
605.761537 1.28814260165
611.467333 1.1174343427
617.287702 1.15312536558
623.057635 1.13744894663
628.964037 1.14827839533
634.784033 1.15490293503
640.591605 1.14154203733
646.375223 1.13320000966
652.196492 1.14606428146
658.003598 1.14326572418
664.507581 1.33632763227
670.330011 1.14920894305
676.117994 1.14118631681
681.918554 1.14386638006
687.743027 1.15466022491
693.71435 1.19256663322
699.832316 1.2011133035
705.589597 1.12322402
711.389848 1.14681164424
717.161268 1.13400999705
723.118919 1.18704430262
729.353775 1.28387467066
735.243205 1.14040223757
741.032488 1.14049092929
746.853959 1.14557766914
752.821012 1.20088982582
759.145618 1.3102452755
765.033888 1.16278592745
771.018378 1.1538687547
776.789548 1.12308041255
782.594062 1.15075127284
788.415809 1.13323569298
794.238112 1.13617730141
800.073324 1.14283665021
805.964365 1.14518229167
811.81676 1.15778843562
818.321107 1.36319899559
824.194601 1.14627369245
829.999528 1.14239867528
835.799633 1.15155434608
841.837277 1.16346136729
847.713415 1.15179753304
853.533708 1.15367126465
859.317394 1.13888939222
865.142484 1.14139469465
870.962067 1.14403541883
877.201509 1.22294942538
883.020002 1.14006543159
888.823872 1.13950268428
894.647858 1.14873226484
900.481497 1.1425400575
906.404084 1.18062400818
912.308379 1.13729270299
918.128437 1.14517331123
923.93504 1.14366666476
929.78755 1.15300941467
935.674859 1.16832733154
941.483375 1.14764404297
947.433364 1.14157040914
953.255492 1.15024550756
959.060692 1.14682428042
965.030515 1.15851275126
970.854807 1.15408905347
976.705627 1.15343936284
982.693509 1.14810800552
988.548765 1.15651400884
994.369463 1.14914703369
1000.190736 1.14815330505
1006.060479 1.1621846358
1011.882773 1.14575473468
1017.76939 1.12834469477
1023.757629 1.1952513059
1029.661514 1.17788298925
1035.500813 1.14910936356
1041.303809 1.14374375343
1047.124719 1.14028668404
1053.179157 1.16785001755
1059.116965 1.18363372485
1064.921697 1.14591558774
1070.758948 1.14896202087
1076.583946 1.15322637558
1082.418069 1.14525095622
1088.755842 1.14839959145
1094.560981 1.13613565763
1100.351861 1.13207705816
1106.188951 1.14535768827
1111.944351 1.12946971258
1118.245241 1.30107394854
1124.933555 1.13198192914
1130.806672 1.1605246067
1136.558212 1.12519788742
1142.465696 1.16986298561
1148.770543 1.29746731122
1154.705861 1.13819074631
1160.4933 1.13857698441
1166.299589 1.1395213604
1172.122206 1.14984361331
1178.024036 1.17542274793
1183.844267 1.13982073466
1189.833218 1.14429632823
1195.606591 1.12993367513
1201.44069 1.14490969976
1208.029054 1.3953696092
1213.884989 1.15577570597
1219.803661 1.12684329351
1225.625151 1.14681402842
1231.464361 1.14846404394
1238.121436 1.40524665515
1243.921875 1.14175891876
1249.893783 1.13018170993
1255.64863 1.12542271614
1261.469779 1.1380742391
1268.027616 1.37622364362
1273.777389 1.12591600418
1279.601484 1.14957125982
1285.620449 1.14912470182
1291.442931 1.14501531919
1297.297002 1.17079337438
1303.103395 1.14101163546
1308.906228 1.14530801773
1314.727071 1.1480263869
1320.69595 1.12526226044
1326.733846 1.21151741346
1332.521834 1.13545862834
1338.296096 1.1379699707
1344.167572 1.15060265859
1349.984769 1.14645123482
1356.172767 1.19636154175
1362.331973 1.25565767288
1368.181935 1.16645805041
1373.970108 1.13945492109
1379.809562 1.15813541412
1385.71194 1.18883959452
1392.400142 1.28975447019
1398.155727 1.1301706632
1403.979345 1.15128334363
1409.729443 1.13041694959
1415.537316 1.15255037944
1421.276126 1.12425438563
1427.29261 1.14691742261
1433.134228 1.15635975202
1438.888615 1.12146393458
1444.74035 1.15975292524
1450.628072 1.16352860133
1456.415648 1.13985729218
1462.420385 1.13783391317
1468.192611 1.13359038035
1473.930431 1.11842060089
1480.269655 1.30602701505
1486.072969 1.14974331856
1491.841137 1.13975199064
1497.866121 1.1556622982
1503.616451 1.13260873159
1509.988666 1.31255602837
1515.792038 1.14794341723
1521.63267 1.15755359332
1527.434031 1.13305123647
1533.409358 1.12481832504
1539.562271 1.24885598818
1545.480854 1.19023823738
1551.269827 1.14456661542
1557.056631 1.14311289787
1562.828457 1.13173317909
1568.833912 1.13725034396
1574.604169 1.13847366969
1580.411218 1.14234089851
1586.214247 1.14488569895
1592.048936 1.15667732557
1597.889207 1.15063699087
1604.094321 1.18864734968
1609.916119 1.1429956754
1615.704677 1.13564499219
1621.490128 1.14289395014
1627.392186 1.17265454928
1633.283832 1.17271828651
1639.70573 1.14704569181
1645.574587 1.168349425
1651.343648 1.13264369965
1657.283341 1.18200071653
1663.404558 1.23936231931
1669.390945 1.14754962921
1675.182718 1.13046264648
1681.000809 1.15058708191
1686.805594 1.14608828227
1692.695474 1.16852172216
1698.447944 1.12699993451
1704.399862 1.13347824415
1710.224653 1.14658474922
1716.046057 1.14741969109
1722.351116 1.29292201996
1728.136506 1.14458799362
1733.976395 1.14844290415
1739.960625 1.11779499054
1745.74748 1.13669037819
1751.53826 1.14354809125
1757.340155 1.13982462883
1763.147625 1.15333835284
1768.931784 1.13435943921
1774.972417 1.14659571648
1780.840385 1.16011603673
1786.616071 1.14639774958
1792.403356 1.13962761561
1798.137179 1.11770804723
1803.90986 1.13622291883
1810.513514 1.34829266866
1816.271496 1.11337796847
1822.105155 1.15300567945
1827.91266 1.14750655492
1833.717447 1.14550495148
1839.601403 1.1676372687
1845.606036 1.13497797648
1851.39359 1.13840603828
1857.197685 1.14260601997
1863.002547 1.14026800791
1869.440551 1.34912172953
1875.311179 1.14272999763
1881.366826 1.14462939898
1887.157303 1.13704435031
1892.957376 1.14417592684
1898.866291 1.17229239146
1905.217518 1.30509122213
1911.05904 1.1556977431
1917.093538 1.13920934995
1922.879922 1.13908441861
1928.784315 1.17006436984
1934.973162 1.2634499073
1940.71172 1.12988066673
1946.548518 1.14177147547
1952.536363 1.13680696487
1958.556513 1.207492431
1964.378888 1.1483976841
1970.168361 1.13302501043
1975.937832 1.1349410216
1981.792322 1.1570807298
1987.811892 1.13297907511
1993.61645 1.13902171453
1999.373897 1.12902029355
2005.209078 1.14696470896
2011.030223 1.14479994774
2016.885853 1.15881490707
2023.773061 1.15861701965
2029.544679 1.1332804362
2035.365084 1.14773337046
2041.202019 1.15561230977
2046.993138 1.14111661911
2053.181306 1.17839765549
2058.983581 1.14414000511
2064.803475 1.14810371399
2070.59514 1.14542198181
2076.47877 1.16765467326
2082.366353 1.162940979
2088.905022 1.14528465271
2094.746473 1.15228907267
2100.550895 1.13767727216
2106.352079 1.14247608185
2112.643171 1.29544520378
2118.714577 1.15380628904
2124.564418 1.14894763629
2130.353325 1.14402341843
2136.207026 1.14959573746
2142.095419 1.17105929057
2147.902622 1.14209938049
2153.953553 1.14768473307
2159.824648 1.15764164925
2165.628962 1.1534046332
2171.402996 1.13759462039
2177.420874 1.20866664251
2183.227004 1.1427500248
2189.364755 1.16342099508
2195.20418 1.14451972644
2200.971603 1.13352195422
2206.97825 1.19590059916
2212.832278 1.14458378156
2218.65415 1.14299058914
2224.758732 1.15498097738
2230.994152 1.27118730545
2236.832705 1.15877540906
2242.607308 1.12574537595
2248.424693 1.15900508563
2254.196814 1.134288311
2260.236679 1.15524133046
2266.470894 1.28032112122
2272.27956 1.15161005656
2278.013592 1.12330698967
2283.783724 1.1367816925
2289.541909 1.13541897138
2296.429708 1.14686926206
2302.234823 1.14346901576
2308.019308 1.14033897718
2313.826572 1.13902497292
2319.610264 1.13279326757
2326.09902 1.13587061564
2331.939346 1.15272561709
2337.757009 1.142318964
2343.565797 1.145282348
2349.533855 1.19724623362
2355.637713 1.23146637281
2361.725723 1.14914798737
2367.550467 1.15085363388
2373.404377 1.15617267291
2379.207997 1.14945133527
2385.130454 1.16028038661
2390.880739 1.13456932704
2396.884967 1.13644067446
2402.672818 1.14104763667
2408.460325 1.13857062658
2414.701586 1.29046996435
2420.5567 1.16072408358
2426.324171 1.14207156499
2432.345667 1.14891131719
2438.120312 1.14895971616
2444.003582 1.16735927264
2449.761893 1.13575140635
2455.562116 1.14697957039
2461.316677 1.13800954819
2467.323389 1.13577262561
2473.477642 1.25347836812
2479.266429 1.14682777723
2485.055385 1.14608820279
2490.922027 1.15936398506
2496.714416 1.14228359858
2502.768396 1.14353561401
2508.619663 1.15483474731
2514.410286 1.14239764214
2520.17714 1.13447968165
2525.967999 1.14366173744
2532.023828 1.2201329867
2538.192801 1.17068791389
2544.012417 1.14696065585
2549.834071 1.15270972252
2555.653525 1.1531012853
2562.125687 1.35889498393
2568.98136 1.4200053215
2574.754435 1.15164192518
2580.543413 1.14457694689
2586.296024 1.13382760684
2592.949196 1.41982158025
2599.136981 1.20415735245
2604.892969 1.12659931183
2610.645147 1.12635127703
2616.383859 1.11890268326
2623.024578 1.40615995725
2629.609023 1.29825663567
2635.364825 1.13731972377
2641.138351 1.14267428716
2646.972145 1.15327541033
2653.544179 1.39137768745
2661.184179 1.14284674327
2666.956461 1.14009094238
2672.679018 1.12021136284
2678.463005 1.13918320338
2684.751835 1.27538458506
2691.488934 1.13759962718
2697.278432 1.14716561635
2703.101138 1.14914210637
2708.918458 1.15083106359
2715.156903 1.27890499433
2721.214031 1.15580495199
2726.918325 1.11985993385
2732.719851 1.14086500804
2738.528396 1.14244532585
2744.699163 1.24724435806
2750.503828 1.14747397105
2756.504727 1.1426290671
2762.308616 1.14630794525
2768.046984 1.12576564153
2773.900635 1.16949534416
2779.739998 1.15344341596
2785.612435 1.16159168879
2791.647411 1.13527679443
2797.468088 1.14539893468
2804.039831 1.38987565041
2809.878537 1.15580566724
2815.682538 1.14687371254
2821.653387 1.14563171069
2827.457551 1.14072799683
2833.246878 1.14578493436
2839.349167 1.24114600817
2845.174668 1.1469596227
2850.893656 1.11869168282
2856.848121 1.13262025515
2862.67084 1.15294837952
2868.688929 1.2139673233
2874.445038 1.13388697306
2880.280026 1.15356969833
2886.139306 1.15446464221
2892.125067 1.15014266968
2897.943488 1.13344256083
2903.732736 1.13883805275
2909.539886 1.14485828082
2915.327416 1.14005502065
2921.111812 1.13609075546
2927.615885 1.27524669965
2933.404685 1.14146868388
2939.241703 1.1559890906
2945.048578 1.14715401332
2950.870249 1.15135733287
2956.821891 1.18357038498
2962.808555 1.13206370672
2968.616856 1.14826671282
2974.300576 1.11728541056
2980.055964 1.12521688143
2985.945545 1.18008240064
2991.665282 1.11766028404
2997.701668 1.14517529806
3003.489367 1.14240328471
3009.347892 1.16817935308
3015.63219 1.2911362648
3021.452627 1.15505329768
3027.257516 1.14259386063
3033.244691 1.12911868095
3039.069387 1.14686727524
3045.671777 1.40045730273
3051.45852 1.1481487751
3057.212697 1.13809434573
3062.933309 1.11655656497
3068.93958 1.12676374118
3075.576972 1.40651663144
3081.36426 1.14582840602
3087.08904 1.11887701352
3092.809821 1.12590559324
3098.628713 1.14612809817
3105.517018 1.41692694028
3111.820279 1.29016399384
3117.62654 1.15389204025
3123.39583 1.13945364952
3129.187341 1.14328606923
3135.792007 1.31237538656
3142.193651 1.32442299525
3147.966663 1.14642429352
3153.752098 1.13854503632
3159.526591 1.1361413002
3165.978067 1.29209407171
3171.802297 1.13828778267
3177.607109 1.15699664752
3183.357336 1.12746993701
3189.112892 1.14104104042
3195.717309 1.39591765404
3201.757951 1.1560716629
3207.592146 1.15975793203
3213.41669 1.15759976705
3219.269034 1.15334049861
3225.889391 1.40120689074
3232.231183 1.21489175161
3237.968166 1.13570133845
3243.755511 1.13904571533
3249.540841 1.14143768946
3256.164328 1.41069889069
3262.187119 1.14537278811
3268.036848 1.15608064334
3273.861274 1.14872121811
3279.629511 1.13517626127
3285.351797 1.1176867485
3291.441826 1.22867298126
3297.446685 1.14851498604
3303.217955 1.13332311312
3309.001786 1.13875937462
3314.775279 1.13995027542
3320.593394 1.13808902105
3326.432024 1.15079673131
3332.455773 1.12599571546
3338.193505 1.12552968661
3344.144367 1.19731338819
3349.98236 1.15782395999
3355.76912 1.13996871312
3361.642869 1.16676266988
3367.646951 1.13978131612
3373.517176 1.16565394402
3379.454405 1.18359271685
3385.295852 1.14987738927
3391.062776 1.13851205508
3396.799838 1.12330063184
3402.822006 1.15501976013
3409.07857 1.28606192271
3414.866923 1.14628299077
3420.638603 1.13024528821
3426.456242 1.15107361476
3432.29747 1.15823968252
3439.181909 1.16736801465
3444.956353 1.13381497065
3450.757412 1.15649088224
3456.565667 1.13254928589
3462.332748 1.13714559873
3468.691774 1.32217963537
3474.695828 1.13994304339
3480.51361 1.13935303688
3486.300889 1.14033897718
3492.055444 1.13205655416
3498.310096 1.28438568115
3504.097024 1.14013663928
3510.139496 1.16056068738
3515.989234 1.15041796366
3521.811416 1.14860232671
3528.449224 1.40570433935
3534.269822 1.13871502876
3540.324014 1.13375806808
3546.23236 1.1648774147
3552.021052 1.13444097837
3557.872006 1.16387812297
3563.708718 1.15357494354
3569.496319 1.13284230232
3575.554483 1.1473107338
3581.339259 1.14178435008
3587.242231 1.17128793399
3592.980711 1.12919100126
3598.739162 1.13606500626
3604.473639 1.12896299362
3610.511559 1.12804063161
3616.981511 1.34779572487
3623.219659 1.27887407939
3629.02827 1.13674934705
3634.832549 1.14413364728
3640.800057 1.13540546099
3646.754616 1.19057798386
3652.494445 1.1331752936
3658.295804 1.13987533251
3664.004149 1.12297662099
3669.787689 1.13849695524
3676.16172 1.26204927762
3682.117732 1.18182142576
3687.97194 1.17459130287
3693.826437 1.15308062236
3699.660094 1.14445201556
3705.60213 1.18025326729
3711.720456 1.16058047613
3717.527983 1.14446234703
3723.32789 1.13876636823
3729.115365 1.14589699109
3734.953239 1.16273204486
3740.724807 1.13150803248
3746.712129 1.14872336388
3752.500498 1.13285032908
3758.304383 1.14345208804
3764.109577 1.13574322065
3769.880969 1.1433476607
3775.700125 1.15464107196
3782.059603 1.14203794797
3787.928695 1.16098364194
3793.731583 1.13080104192
3799.58537 1.15661263466
3805.408977 1.16067266464
3811.231244 1.14796463648
3817.283049 1.15998633703
3823.090315 1.14226468404
3828.890803 1.14555104574
3834.715444 1.14676070213
3840.518911 1.14572993914
3846.254553 1.12760297457
3852.292531 1.16068967183
3858.132305 1.15056562424
3863.987046 1.17431958516
3869.790593 1.1460266908
3875.508949 1.11871862411
3881.312636 1.13177871704
3887.233533 1.11903500557
3893.021774 1.13952740033
3898.776068 1.13251725833
3904.617624 1.14800461133
3910.452494 1.16050402323
3916.208504 1.11830735207
3922.211288 1.13373200099
3928.018832 1.14382767677
3933.754108 1.12503099442
3939.592805 1.15963371595
3945.42942 1.15054011345
3951.198608 1.12576460838
3957.323639 1.13963540395
3963.207938 1.16606267293
3968.983015 1.14052168528
3974.7828 1.14670205116
3980.540453 1.13801908493
3986.361851 1.15556836128
3992.364038 1.14126340548
3998.186856 1.13914871216
4003.924987 1.11897500356
4009.775908 1.14539265633
4015.664869 1.16337927183
4021.384531 1.12058997154
4027.409863 1.1416053772
4033.211001 1.13972640038
4039.000407 1.13805031776
4044.821862 1.15189202627
4050.627123 1.15104500453
4056.394863 1.13554294904
4062.364716 1.13366580009
4068.186535 1.14467962583
4074.008842 1.15359926224
4079.832657 1.14801327387
4085.666246 1.16043170293
4091.490514 1.15188304583
4097.491548 1.14646339417
4103.280726 1.13694397608
4109.016536 1.12865225474
4114.807208 1.1374900341
4120.675634 1.16480294863
4126.533533 1.15343038241
4132.654888 1.15696199735
4138.525986 1.15545757612
4144.29364 1.12985245387
4150.081825 1.13826362292
4155.922603 1.14411664009
4161.727122 1.13648962975
4167.797292 1.1254234314
4173.616065 1.14495627085
4179.422412 1.1491440932
4185.208546 1.13249699275
4191.094319 1.14492456118
4196.900839 1.14635125796
4203.024082 1.14973735809
4208.841607 1.14333327611
4214.629448 1.14219236374
4220.450147 1.14250874519
4226.255652 1.1433283488
4232.108996 1.1501279672
4238.233315 1.14642771085
4244.071616 1.14790995916
4249.888527 1.15120697021
4255.79349 1.17319933573
4261.599866 1.14182662964
4267.536406 1.16708731651
4273.673135 1.15521454811
4279.446817 1.13281933467
4285.265779 1.15431205432
4291.056472 1.13916953405
4296.825735 1.1388220787
4302.645229 1.144704024
4308.702294 1.13574441274
4314.591278 1.16380325953
4320.424731 1.15062363942
4326.26358 1.15161665281
4332.10068 1.14499298731
4337.904769 1.14292216301
4344.045635 1.15025536219
4349.830927 1.13240830104
4355.619551 1.14109547933
4361.472359 1.15232865016
4367.260477 1.13759358724
4373.10134 1.15239302317
4379.822159 1.15573231379
4385.627948 1.13083100319
4391.431012 1.14244492849
4397.30164 1.1580277284
4403.104936 1.14573470751
4409.258206 1.15738344193
4415.162702 1.1457455953
4421.021095 1.15241503716
4426.837733 1.15649763743
4432.660236 1.14848502477
4438.497071 1.15128095945
4444.617849 1.14326270421
4450.422317 1.14590334892
4456.293588 1.15372443199
4462.118094 1.14560333888
4468.236063 1.22885330518
4474.12465 1.1759390831
4480.298486 1.15973496437
4486.069363 1.13882303238
4491.936542 1.15247893333
4497.741074 1.13730676969
4503.545263 1.14031235377
4509.370319 1.14091801643
4515.557764 1.15251302719
4521.395963 1.14903434118
4527.213654 1.14467406273
4533.051982 1.15441060066
4538.854778 1.14203198751
4544.643681 1.13852198919
4550.797682 1.14632662137
4556.685608 1.16561643283
4562.491739 1.14357368151
4568.293489 1.14021261533
4574.099221 1.14269296328
4579.938361 1.14793992043
4586.143767 1.16231266658
4591.999117 1.15725199382
4597.817734 1.15009228388
4603.607932 1.1350757281
4609.395314 1.13685425123
4615.296782 1.17004569372
4621.437443 1.1383963426
4627.187998 1.12177562714
4633.029526 1.14724294345
4638.796284 1.1252357165
4644.701253 1.16229629517
4650.458125 1.13942909241
4656.50991 1.11842536926
4662.381226 1.16819262505
4668.185097 1.13994503021
4673.95925 1.13309439023
4679.743665 1.12460168203
4685.547819 1.13284770648
4691.654641 1.13960798581
4697.457065 1.13429601987
4703.265339 1.14969364802
4709.16625 1.16820971171
4714.872865 1.11848831177
4720.660626 1.13032062848
4726.762702 1.13976295789
4732.603529 1.14482434591
4738.54124 1.18503292402
4744.392463 1.15274500847
4750.197516 1.14301427205
4755.935571 1.12663006783
4762.059503 1.14023200671
4767.813458 1.13095291456
4773.614308 1.14022866885
4779.455737 1.14348228772
4785.256563 1.14478905996
4791.043816 1.14003165563
4797.152627 1.14427002271
4802.989339 1.1411913236
4808.859127 1.16556978226
4814.665655 1.14531358083
4820.468705 1.14136528969
4826.288473 1.14650543531
4832.71233 1.13868824641
4838.566857 1.15469996134
4844.337724 1.13528140386
4850.123506 1.14236370722
4855.859123 1.12108627955
4861.932925 1.20825997988
4868.055515 1.15364933014
4873.842106 1.14040788015
4879.677894 1.14030329386
4885.467772 1.14951093992
4891.269611 1.14210430781
4897.025269 1.13089998563
4903.111337 1.14373071988
4908.986156 1.16866985957
4914.856946 1.15828760465
4921.141187 1.28852860133
4926.928633 1.14184308052
4932.703715 1.13922429085
4938.787859 1.13668823242
4944.510371 1.11803738276
4950.364696 1.15661462148
4956.183982 1.14663887024
4961.988579 1.13912733396
4967.775769 1.13480742772
4973.916834 1.14786442121
4979.918829 1.19607694944
4985.72709 1.14727656047
4991.563056 1.14677532514
4997.29856 1.12087257703
5003.120947 1.14391899109
5009.341147 1.18119899432
5015.146201 1.13389841715
5020.884024 1.12449423472
5026.670613 1.14001266162
5032.508679 1.15323734283
5038.39711 1.16021601359
5044.53759 1.13997960091
5050.304361 1.12176863352
5056.062895 1.12916763624
5061.797139 1.12699198723
5067.571944 1.13854503632
5073.372144 1.13784138362
5079.492955 1.15022142728
5085.301257 1.13860495885
5091.08639 1.12583104769
5096.924774 1.15067927043
5102.731534 1.14271990458
5108.465111 1.12594429652
5114.569232 1.13828341166
5120.32359 1.13234162331
5126.132586 1.14679765701
5131.966812 1.14611061414
5137.820809 1.15696803729
5143.609682 1.14626630147
5149.745338 1.1430153052
5155.599874 1.15240279833
5161.421663 1.14440266291
5167.260767 1.15713024139
5173.079784 1.14851133029
5178.885975 1.1447857221
5185.008777 1.13512508074
5190.82795 1.14611959457
5196.550996 1.12084174156
5202.322425 1.13684566816
5208.073016 1.12240258853
5213.860154 1.14059368769
5219.934338 1.14728101095
5225.770765 1.14841095606
5231.573574 1.14543557167
5237.378759 1.13801058133
5243.184857 1.1475156943
5248.973767 1.14021762212
5255.109948 1.13808472951
5260.896857 1.13940095901
5266.6847 1.13557529449
5272.472432 1.13885362943
5278.296097 1.14946389198
5284.616519 1.31188265483
5290.820788 1.15829531352
5296.656862 1.1537899971
5302.428454 1.13642374674
5308.200007 1.14105733236
5314.056175 1.15807835261
5319.772854 1.12204400698
5325.844021 1.1345214049
5331.665555 1.14886363347
5337.571922 1.13861997922
5343.675944 1.22853867213
5349.428555 1.1341539224
5355.217242 1.14176162084
5361.324826 1.14336697261
5367.125213 1.12981430689
5373.480413 1.30741222699
5379.303863 1.14865708351
5385.072814 1.1351219813
5390.793123 1.12312436104
5396.981162 1.17063999176
5403.405536 1.33821368217
5409.224788 1.14531405767
5415.047755 1.14195346832
5420.881635 1.15456032753
5426.886503 1.12303090096
5433.475757 1.39171759288
5439.232406 1.14336323738
5445.087968 1.15640274684
5450.887789 1.14720567067
5456.944961 1.14127739271
5462.764475 1.14256397883
5468.588756 1.14922936757
5474.305069 1.11577439308
5480.143226 1.1377316316
5485.96669 1.14975810051
5492.08563 1.15056506793
5497.826947 1.12783257167
5503.644054 1.14716132482
5509.436125 1.1310933431
5515.236062 1.13758913676
5521.073545 1.15319657326
5527.311964 1.14825407664
5533.083334 1.13618532817
5538.906354 1.14145263036
5544.724385 1.14152034124
5550.595957 1.17012874285
5556.533429 1.17334334056
5562.705187 1.13550059001
5568.509693 1.14748867353
5574.280857 1.14105367661
5580.134297 1.17000675201
5585.958593 1.14730040232
5591.77665 1.14901065826
5597.933968 1.16999530792
5603.653217 1.11958670616
5609.456319 1.1339023908
5615.777835 1.30881309509
5621.515185 1.11895426114
5627.303888 1.14575997988
5633.378298 1.14114435514
5639.199853 1.13510211309
5645.833945 1.38147966067
5651.625425 1.14714010557
5657.395719 1.13962507248
5663.415991 1.14423457781
5669.321301 1.15439303716
5675.625282 1.29060490926
5681.428049 1.13436166445
5687.214556 1.1335243384
5693.038731 1.15022802353
5699.11118 1.14717006683
5705.799002 1.357102712
5711.604313 1.14728895823
5717.504407 1.16543928782
5723.276316 1.13705460231
5729.43364 1.14358758926
5735.184668 1.12702099482
5740.972739 1.14543739955
5746.760847 1.13311306636
5752.566399 1.14118266106
5758.28643 1.12992858887
5765.010341 1.33391833305
5770.811484 1.14796233177
5776.684272 1.14692131678
5782.507122 1.15314730008
5788.257774 1.13420065244
5794.813946 1.3895462354
5800.900399 1.14223329226
5806.807246 1.15409302711
5812.644901 1.14160664876
5818.448748 1.14140431086
5824.30098 1.16249974569
5830.088031 1.14051334063
5836.229256 1.14362406731
5842.047771 1.15032402674
5847.784828 1.12937728564
5853.609968 1.15787339211
5859.377043 1.12471000353
5865.198817 1.14771326383
5871.389482 1.16198190053
5877.177508 1.14094201724
5883.01558 1.15563670794
5888.916005 1.14423004786
5894.787986 1.16439199448
5900.611517 1.14654604594
5906.812559 1.14868299166
5912.76807 1.17494400342
5918.675484 1.15719803174
5924.579657 1.17329907417
5930.399757 1.13945301374
5936.151922 1.1380879879
5942.339595 1.1612833341
5948.247596 1.16337672869
5954.08159 1.15157461166
5959.885691 1.15514977773
5965.676577 1.13903896014
5971.477771 1.13800660769
5977.616641 1.15094598134
5983.436457 1.14628434181
5989.26078 1.14759341876
5995.082755 1.16055806478
6000.868537 1.13973673185
6006.723899 1.16461666425
6012.878532 1.15209261576
6018.63277 1.13739856084
6024.450361 1.14375360807
6030.308038 1.16110571225
6036.793435 1.35102701187
6042.849536 1.14108196894
6048.622438 1.13362534841
6054.407647 1.13909427325
6060.279097 1.14928412437
6066.801695 1.36257004738
6072.890139 1.14708932241
6078.674301 1.1407883962
6084.563234 1.15698337555
6090.333564 1.13522100449
6096.254558 1.17224272092
6102.012767 1.13085667292
6108.164716 1.15248433749
6114.018554 1.14994096756
6119.82528 1.14284833272
6125.663536 1.15793132782
6131.464512 1.14182432493
6137.268732 1.13699666659
6143.473614 1.16201194127
6149.214129 1.12899335225
6155.099862 1.16406671206
6160.87292 1.13269027074
6166.673196 1.13807074229
6172.495453 1.15432238579
6178.649758 1.13973601659
6184.488119 1.15333064397
6190.294779 1.13292360306
6196.078502 1.13962602615
6201.867232 1.1380683581
6207.670794 1.14119768143
6213.945257 1.17711138725
6219.799484 1.14547101657
6225.585056 1.12630669276
6231.424424 1.1557123661
6237.263669 1.15324894587
6243.063956 1.14528926214
6249.272062 1.14917794863
6255.127642 1.14033667247
6260.961634 1.14586162567
6266.800176 1.15326031049
6272.57302 1.12496932348
6278.441243 1.14055673281
6284.596448 1.14236609141
6290.349929 1.12169067065
6296.171283 1.14384158452
6301.978706 1.14830319087
6308.483799 1.35852702459
6314.617895 1.14761734009
6320.456787 1.14467509588
6326.260408 1.14318839709
6332.081088 1.14058637619
6338.051678 1.18672498067
6343.841147 1.14249126116
6350.014789 1.1386636893
6355.831597 1.14426469803
6361.621641 1.1411960125
6367.573737 1.1832207044
6373.428929 1.15966065725
6379.232809 1.14192525546
6385.488907 1.16820398966
6391.379508 1.1560309728
6397.66637 1.28500803312
6403.517686 1.14430896441
6409.322569 1.14052804311
6415.510973 1.14809203148
6421.297244 1.13557561239
6427.168817 1.15855169296
6433.026945 1.15473500888
6438.845363 1.13872265816
6444.701727 1.16078631083
6450.956336 1.16744025548
6457.15741 1.25748538971
6462.947684 1.13601938883
6468.768917 1.15663035711
6474.639073 1.16043066978
6480.544841 1.1766714255
6487.163343 1.26163776716
6493.018949 1.15010627111
6498.822164 1.14353998502
6504.680484 1.16422001521
6510.466808 1.13841438293
6516.402661 1.18159826597
6522.639964 1.13714234034
6528.460774 1.14252535502
6534.281834 1.14207569758
6540.104072 1.15021498998
6545.960642 1.16289432844
6551.813603 1.15513968468
6558.0336 1.14537874858
6563.875064 1.15781807899
6569.679154 1.13841032982
6575.646269 1.19787462552
6581.586009 1.16406559944
6587.389244 1.13805071513
6593.576642 1.14104421933
6599.363909 1.13957373301
6605.219664 1.15435059865
6611.640069 1.33597366015
6617.494418 1.15579207738
6623.634814 1.12441388766
6629.491155 1.15096767743
6635.27671 1.13444487254
6641.146143 1.15432095528
6646.933052 1.13796639442
6652.772131 1.1547249953
6658.977081 1.14861575762
6664.882211 1.17413838704
6670.901495 1.20921738942
6676.708677 1.14808924993
6682.513458 1.14454372724
6688.300756 1.13924694061
6694.422306 1.16419537862
6700.456482 1.2034907341
6706.261017 1.14848470688
6712.131848 1.16064357758
6717.973676 1.15232499441
6723.794346 1.14215302467
6730.329362 1.25142470996
6736.08644 1.12931227684
6741.839901 1.13851102193
6747.75832 1.16565728188
6753.550167 1.14347402255
6759.684692 1.23669966062
6765.875197 1.15167196592
6771.693022 1.14280700684
6777.483994 1.12896140416
6783.28538 1.14235631625
6789.093499 1.14961234728
6794.877712 1.13957707087
6800.999462 1.14713668823
6806.80479 1.14098819097
6812.608822 1.14397533735
6818.731056 1.22147234281
6824.44955 1.11905940374
6830.270133 1.14558068911
6836.344234 1.14344676336
6842.22996 1.15375598272
6848.150979 1.18211269379
6853.956497 1.14116597176
6859.776639 1.15766191483
6865.584031 1.14150396983
6871.704888 1.14918629328
6877.523612 1.13760654132
6883.343947 1.12922525406
6889.164368 1.15161999067
6895.022916 1.15680273374
6900.790762 1.12791665395
6906.843887 1.14181399345
6912.681889 1.14091094335
6918.51971 1.14451273282
6924.324236 1.13776429494
6930.115723 1.13672804832
6935.902626 1.14189275106
6942.004988 1.15244245529
6947.841594 1.15177369118
6953.663677 1.15411369006
6959.454014 1.1429716746
6965.356058 1.16066741943
6971.57684 1.25316031774
6977.764034 1.14312664668
6983.605774 1.14850028356
6989.427003 1.14947366714
6995.260551 1.1464343071
7001.498219 1.27493969599
7007.303046 1.14018662771
7013.393085 1.13305401802
7019.282573 1.15958070755
7025.083527 1.14472301801
7031.024345 1.18065834045
7036.725604 1.11825060844
7042.562478 1.13333710035
7048.68699 1.12670167287
7054.525329 1.15137894948
7061.127841 1.39776762327
7066.950642 1.14047797521
7072.752277 1.14280064901
7078.909948 1.13289435705
7084.696836 1.1512602965
7090.63191 1.18728899956
7096.473473 1.15083297094
7102.328587 1.14507929484
7108.149057 1.13836844762
7114.35005 1.14849789937
7120.788589 1.34705932935
7126.593679 1.14488037427
7132.349879 1.13751594226
7138.168573 1.15495769183
7144.208692 1.14926616351
7150.89565 1.41604606311
7156.701823 1.14439368248
7162.452919 1.1175506115
7168.257115 1.13396771749
7174.444729 1.13702313105
7181.066803 1.4029258887
7186.83738 1.13323028882
7192.57931 1.13201038043
7198.346059 1.13429927826
7204.535 1.14599029223
