14.385375 4.1739397049
28.444679 4.15762996674
42.329812 4.12020103137
56.7854 4.12331565221
70.814626 4.15471029282
87.340365 5.00705798467
103.959243 4.88275170326
117.828683 4.11609172821
132.360228 4.25160868963
146.565935 4.16989533106
160.63396 3.98524332047
174.882186 4.1575050354
188.436253 3.9859940211
202.77598 4.23640036583
216.402445 3.98723292351
232.581757 4.89008808136
248.735377 4.88862029711
262.60214 3.9929646651
276.438336 4.10600328445
292.914918 4.88345774015
306.840407 3.99114902814
320.322566 3.98356993993
333.966186 4.01480142275
350.51114 4.88233566284
354.011817 9999
368.170885 4.20546793938
382.700034 4.16691064835
398.731083 4.85310228666
412.807869 3.99914399783
429.065614 4.84735695521
443.363648 4.14439026515
456.885638 4.00405065219
470.67506 3.98875904083
485.03889 4.16341352463
498.553032 3.98956934611
512.761924 4.23754898707
526.857333 4.10511342684
540.382719 3.98608231544
557.294489 5.02853473028
571.450591 4.10231804848
585.80595 4.25726000468
602.303844 4.99966398875
616.219074 3.99164644877
632.379097 4.89376505216
645.92775 4.02062328657
660.29651 4.16351731618
674.19195 4.13278158506
688.271109 4.15397930145
702.670448 4.15829833349
706.180627 9999
719.7294 3.99040961266
733.562639 3.98070295652
749.93896 4.88720393181
764.192993 4.12185033162
778.17175 4.15517465274
791.627718 3.98310931524
805.518269 3.98594665527
809.058602 9999
825.226465 4.87921142578
839.276296 3.99386572838
843.079685 9999
859.270465 4.84368213018
863.085641 9999
877.163112 4.16157404582
891.165101 4.15980744362
905.927048 4.25664504369
922.289357 4.88218728701
936.180119 3.99441623688
949.845017 4.00943700473
963.8342 4.15788459778
977.842925 4.02004734675
991.349604 3.98408929507
1007.477845 4.86261034012
1021.221925 3.99743302663
1037.797693 5.01853140195
1041.654051 9999
1055.685649 4.15723403295
1069.831785 4.2024269104
1083.564649 3.98825701078
1097.532854 4.1524430116
1111.493474 4.15630102158
1125.421827 3.99112065633
1139.403927 4.14862195651
1153.452737 4.17327809334
1167.907333 4.16879264514
1181.448159 4.00788696607
1194.907786 3.98404932022
1211.375776 4.87575531006
1227.560432 4.88141433398
1242.267461 4.25433675448
1258.361682 4.85145632426
1272.770555 4.15745608012
1288.995216 4.88732067744
1303.378862 4.16590889295
1316.941031 3.98814264933
1320.45541 9999.0
1334.639831 4.09881297747
1348.504461 4.10785563787
1362.235374 3.98441537221
1376.567787 4.160277764
1390.013746 3.98127698898
1404.079322 4.1647913456
1407.794297 9999
1421.659737 4.11231470108
1435.556942 4.11857263247
1450.127134 4.1555211544
1464.390945 4.16278235118
1480.516555 4.88113363584
1494.314561 3.99744502703
1507.830667 3.99277242025
1524.011095 4.88382236163
1537.963964 4.00022538503
1551.43677 3.98419499397
1554.960419 9999.0
1569.185617 4.15741260846
1582.680086 3.99093111356
1598.861972 4.89691829681
1612.759086 3.98532438278
1626.235403 3.98934499423
1629.725113 9999.0
1646.349931 4.87541270256
1659.924007 4.01418097814
1674.139317 4.2358323733
1690.770445 4.88317235311
1694.3386 9999
1707.894328 3.98564171791
1721.840401 3.99034865697
1735.856506 4.15628465017
1749.340609 3.98427399
1763.705347 4.1570057869
1777.225587 3.99128492673
1790.660192 3.98452242215
1805.682274 4.24052826564
1821.898692 4.89782635371
1835.681684 3.99967455864
1851.883666 4.88424801826
1865.944859 4.15280628204
1879.883525 3.99446662267
1893.372324 3.98411639531
1909.963821 5.01970060666
1923.787407 3.98529934883
1937.405353 3.99449729919
1953.593981 4.87854528427
1970.399075 4.88604529699
1973.966862 9999
1988.052015 4.16601141294
2001.903876 3.98594768842
2018.200988 4.88325357437
2032.18391 4.15534361204
2049.164053 5.0185687542
2063.213323 4.16321428617
2077.053494 3.98574733734
2090.584224 3.98888421059
2104.676356 4.15275168419
2119.125131 4.17202727
2122.625591 9999
2138.933386 4.88288100561
2142.798288 9999
2156.792984 4.15440964699
2172.943344 4.8798503081
2186.608546 3.98432731628
2200.084081 3.9868923823
2214.334752 4.24319640795
2230.900321 4.88707399368
2248.12071 5.23928697904
2264.617404 4.87539974848
2278.102445 3.98377402623
2292.099787 4.16320133209
2306.352105 4.14104072253
2322.482729 4.8695379893
2339.215474 4.88374527295
2353.278304 4.16117064158
2369.661469 4.85141793887
2383.139426 3.99287637075
2386.612999 9999.0
2403.178184 4.90224742889
2419.77871 5.01154971123
2433.929722 4.11466757456
2451.114739 5.21947662036
2467.92895 4.99286142985
2481.425617 3.98734299342
2495.805511 4.15559093157
2509.807556 4.15681497256
2523.538159 3.99266465505
2537.369356 3.98031934102
2551.401879 4.17040173213
2564.872295 3.98714637756
2578.625755 3.98523775736
2592.660484 4.15649763743
2609.178578 5.01046101252
2623.463894 4.16265360514
2636.947383 3.9869287014
2653.066445 4.86867467562
2666.951404 3.9867049853
2683.07588 4.87192765872
2697.141127 4.1614464124
2713.926062 5.02800655365
2727.908237 4.15412139893
2731.708649 9999
2745.211622 3.97736565272
2759.116594 4.11141935984
2773.089134 4.02448336283
2787.059721 4.15878065427
2800.543058 3.98945935567
2814.894551 4.15584564209
2831.074986 4.88142267863
2845.375999 4.15411535899
2858.828758 3.98970770836
2872.764104 4.15132300059
2886.679064 3.98018630346
2900.194961 3.99314673742
2914.22836 4.16902041435
2927.926825 3.98595635096
2931.420876 9999
2944.99003 3.98368096352
2958.761398 3.98165575663
2972.242066 3.99197777112
2988.416489 4.8804649512
3002.80536 4.15915306409
3016.822013 4.17147135735
3030.836602 4.16642196973
3044.71743 3.99306058884
3058.207397 3.98081326485
3072.168989 4.15440130234
3086.023239 3.98400600751
3099.749382 3.98782102267
3116.303662 5.0011827151
3130.12397 3.98368930817
3143.982987 4.10823861758
3160.122847 4.87733530998
3174.296383 4.11384431521
3188.280815 4.10347064336
3201.73129 3.98795803388
3215.99978 4.10597491264
3232.367288 4.88415598869
3246.23908 3.99261538188
3259.748838 3.99221428235
3273.245351 3.98928173383
3287.443114 4.16039880117
3300.991719 4.00197331111
3317.073699 4.85609936714
3331.411644 4.11886167526
3347.641587 4.89662289619
3364.283074 4.89454627037
3377.78886 3.9874197642
3391.74803 4.14913137754
3406.183253 4.15270376205
3420.202101 4.16640591621
3434.274292 4.19715007146
3449.031737 4.16244761149
3462.794298 4.00455872218
3476.755426 4.15466205279
3490.589712 3.99258271853
3504.113775 3.99252859751
3517.96162 4.11218086878
3532.416867 4.16324194272
3546.450126 4.16200915972
3560.408088 4.151963075
3574.67497 4.10943468412
3588.936067 4.1633986632
3602.803032 4.12463927269
