21.992174 0.977184510231
43.759799 0.973060071468
65.561894 0.970313537121
87.47588 0.977861106396
109.409986 0.975398397446
131.193937 0.973258209229
153.140901 0.977472400665
174.975833 0.974624896049
196.960183 0.979643070698
218.791772 0.976682436466
240.689004 0.974386119843
244.128699 9999
247.563302 9999
269.360469 0.97540371418
291.376562 0.975461244583
313.125943 0.972366774082
335.04633 0.975792109966
356.745755 0.969319796562
378.741497 0.975794303417
400.628511 0.977581179142
422.559257 0.973187160492
444.441204 0.97854654789
466.473916 0.976883220673
488.226303 0.972251522541
510.10695 0.972857713699
531.872919 0.973219680786
535.530991 9999
557.345666 0.974952888489
579.175744 0.976770091057
582.731116 9999
604.544493 0.976208865643
626.411501 0.978368008137
648.376837 0.972242546082
670.226379 0.976849162579
692.192991 0.977314221859
714.025573 0.976008486748
736.079247 0.981719887257
757.961767 0.977338290215
779.80989 0.972234916687
801.560429 0.972953772545
823.611478 0.98125783205
845.494515 0.979420554638
867.392544 0.974800825119
889.222979 0.975328743458
911.073408 0.96980047226
932.839816 0.973370432854
954.709258 0.972786152363
958.147076 9999
980.024674 0.980003356934
1002.011557 0.979668748379
1023.707856 0.968431305885
1045.611194 0.97469369173
1067.407652 0.973846113682
1089.356052 0.973880541325
1111.089113 0.970017158985
1133.023291 0.973852109909
1154.775579 0.972950565815
1158.329462 9999
1180.111244 0.975067615509
1201.859186 0.973134422302
1223.858158 0.978644740582
1245.589731 0.970858871937
1267.538868 0.974601960182
1289.35679 0.976029312611
1311.256225 0.972021722794
1333.023507 0.974071276188
1354.975356 0.975103235245
1358.395404 9999
1361.796985 9999
1383.579761 0.975171160698
1405.361885 0.967875027657
1427.227868 0.978545343876
1449.141451 0.974609303474
1471.076052 0.98097833395
1492.924668 0.972423434258
1514.777466 0.974878692627
1536.627666 0.971029412746
1558.406438 0.97257424593
1580.289545 0.97226896286
1602.091856 0.974568390846
1624.040388 0.974837744236
1645.872063 0.977475976944
1667.805047 0.976098048687
1689.504472 0.970985031128
1711.356797 0.971095240116
1733.157557 0.974519920349
1755.070444 0.973819613457
1776.82042 0.971008479595
1798.803584 0.977500140667
1820.635678 0.976340568066
1842.585494 0.975016212463
1864.48691 0.979941010475
1886.468508 0.97503412962
1908.202524 0.972472894192
1930.08463 0.970450496674
1951.852918 0.97188051939
1973.833487 0.974233031273
1995.553178 0.969703567028
2017.486958 0.974811291695
2039.20329 0.969689691067
2061.099996 0.973789000511
2082.848567 0.971548557281
2104.867766 0.977896881104
2126.698166 0.975991284847
2148.584494 0.972125899792
2170.38025 0.974306058884
2192.333449 0.974508440495
2214.167158 0.976193451881
2236.063985 0.970477962494
2239.503951 9999
2242.904719 9999
2264.82023 0.980001235008
2286.768456 0.97314517498
2308.634283 0.977566897869
2330.516873 0.971170175076
2352.320362 0.974078905582
2374.286426 0.973840045929
2396.066094 0.973345088959
2418.13252 0.97947384119
2421.588818 9999
2443.318045 0.972035384178
2465.22092 0.969404375553
2486.91993 0.967882037163
2508.853004 0.972569358349
2530.670524 0.974637138844
2534.189925 9999
2556.038906 0.97694517374
2577.903536 0.976963162422
2599.98487 0.980024266243
2621.752665 0.973798596859
2643.755071 0.97650936842
2665.436174 0.968630564213
2669.041259 9999
2690.823229 0.974486219883
2712.735748 0.980291926861
2734.820279 0.979975473881
2756.651932 0.976678311825
2778.568484 0.97261544466
2800.404886 0.975753116608
2822.367921 0.975355005264
2844.200405 0.976169490814
2866.268452 0.978941261768
2888.01715 0.97160077095
2891.658096 9999
2913.523206 0.978211808205
2935.306147 0.975141692162
2957.35228 0.976986944675
2979.155782 0.973999536037
2982.709565 9999
3004.471338 0.973664402962
3007.860809 9999
3029.706854 0.978089511395
3051.722985 0.974280142784
3073.488728 0.971750962734
3095.355184 0.97071710825
3117.14182 0.973612940311
3120.682134 9999
3142.523709 0.976023113728
3164.259001 0.972907710075
3186.224205 0.974903106689
3208.12261 0.979020142555
3230.140246 0.975539040565
3251.989077 0.976644456387
3273.808167 0.968328619003
3295.588194 0.973145270348
3317.591872 0.977194452286
3339.420646 0.975356006622
3361.487798 0.980444002151
3383.336922 0.977057719231
3405.319952 0.976293444633
3427.136304 0.974171340466
3449.136491 0.976042377949
3470.973084 0.976365733147
3493.119433 0.982869815826
3514.939313 0.975639462471
3536.936508 0.977074623108
3558.734357 0.973890721798
3580.735305 0.977198398113
3602.53386 0.975093305111
