2.106195 9999
4.036389 9999
5.993219 9999
7.887774 9999
9.784609 9999
11.713237 9999
13.636449 9999
15.577441 9999
17.510272 9999
19.468011 9999
21.400813 9999
23.401148 9999
25.298493 9999
27.242768 9999
29.186273 9999
31.129827 9999.0
33.266895 9999
35.222458 9999
37.178615 9999
39.100895 9999
41.03837 9999
42.95056 9999
44.846772 9999
46.752088 9999
48.70929 9999
50.668567 9999
52.588612 9999
54.510471 9999
56.451997 9999
58.320408 9999
60.229747 9999
62.160173 9999.0
64.273563 9999
66.167928 9999
68.092531 9999
69.998738 9999
71.940237 9999
73.850804 9999
75.773361 9999
77.716086 9999
79.669918 9999
81.57781 9999
83.514911 9999
85.453914 9999
87.398068 9999
89.333602 9999
91.277055 9999
93.205442 9999.0
95.31876 9999
97.216074 9999
99.114856 9999
101.023978 9999
102.923145 9999
104.837047 9999
106.757904 9999
108.70071 9999
110.63534 9999
112.576929 9999
114.520114 9999
116.465425 9999
118.366435 9999
120.276146 9999
122.173691 9999
124.071748 9999.0
126.187115 9999
128.125274 9999
130.05864 9999
132.004076 9999
133.929415 9999
135.831248 9999
137.75375 9999
139.684743 9999
141.614828 9999
143.550888 9999
145.492217 9999
147.438166 9999
149.383283 9999
151.321205 9999
153.278994 9999
155.224207 9999.0
157.326509 9999
159.265478 9999
161.186529 9999
163.116796 9999
165.047626 9999
166.983943 9999
168.925907 9999
170.885568 9999
172.806939 9999
174.760918 9999
176.725116 9999
178.646336 9999
180.554632 9999
182.500199 9999
184.404446 9999
186.32841 9999.0
188.461633 9999
190.382627 9999
192.326798 9999
194.246601 9999
196.150665 9999
198.0745 9999
200.018231 9999
201.937795 9999
203.862029 9999
205.802161 9999
207.734874 9999
209.656009 9999
211.586791 9999
213.545031 9999
215.478218 9999
217.436236 9999.0
219.532232 9999
221.461459 9999
223.41783 9999
225.335062 9999
227.308373 9999
229.249377 9999
231.196321 9999
233.12801 9999
235.083116 9999
237.032374 9999
238.969888 9999
240.916154 9999
242.869176 9999
244.804236 9999
246.745887 9999
248.702321 9999.0
250.831871 9999
252.772413 9999
254.704092 9999
256.639191 9999
258.559963 9999
260.513733 9999
262.421711 9999
264.339479 9999
266.27557 9999
268.180547 9999
270.124462 9999
272.08042 9999
274.01224 9999
275.906413 9999
277.839489 9999
279.770125 9999.0
281.870523 9999
283.795834 9999
285.737139 9999
287.66355 9999
289.588178 9999
291.537984 9999
293.475116 9999
295.406802 9999
297.290977 9999
299.234062 9999
301.166499 9999
303.086899 9999
305.018012 9999
306.962347 9999
308.881829 9999
310.802342 9999.0
312.893268 9999
314.82653 9999
316.769147 9999
318.717229 9999
320.635088 9999
322.56148 9999
324.486395 9999
326.41502 9999
328.345875 9999
330.283253 9999
332.222099 9999
334.155369 9999
336.082841 9999
338.020322 9999
339.950757 9999
341.873871 9999.0
343.970649 9999
345.914842 9999
347.839706 9999
349.740614 9999
351.67055 9999
353.582061 9999
355.503399 9999
357.4458 9999
359.364406 9999
361.286736 9999
363.194524 9999
365.091356 9999
367.019248 9999
368.957333 9999
370.894946 9999
372.847035 9999.0
374.97866 9999
376.876993 9999
378.830667 9999
380.750766 9999
382.69541 9999
384.638845 9999
386.586112 9999
388.494385 9999
390.436031 9999
392.346654 9999
394.257544 9999
396.161139 9999
398.109688 9999
400.033094 9999
401.952756 9999
403.8879 9999.0
406.001057 9999
407.954816 9999
409.913652 9999
411.856029 9999
413.821205 9999
415.754234 9999
417.677378 9999
419.631797 9999
421.597838 9999
423.54401 9999
425.454827 9999
427.386806 9999
429.310582 9999
431.222033 9999
433.168155 9999
435.109414 9999.0
437.235376 9999
439.167333 9999
441.098351 9999
443.030789 9999
444.958449 9999
446.870246 9999
448.805047 9999
450.722469 9999
452.66864 9999
454.574026 9999
456.509213 9999
458.438013 9999
460.375487 9999
462.280604 9999
464.221675 9999
466.142988 9999.0
468.2929 9999
470.22132 9999
472.155085 9999
474.0788 9999
476.034548 9999
477.961214 9999
479.851184 9999
481.8019 9999
483.722455 9999
485.632507 9999
487.574037 9999
489.482985 9999
491.378256 9999
493.287077 9999
495.230739 9999
497.166214 9999.0
499.274202 9999
501.2066 9999
503.138382 9999
505.097984 9999
507.027788 9999
508.960023 9999
510.856448 9999
512.824928 9999
514.778406 9999
516.711317 9999
518.621678 9999
520.563672 9999
522.495645 9999
524.43792 9999
526.372702 9999
528.289699 9999.0
530.390379 9999
532.337022 9999
534.278577 9999
536.210878 9999
538.139249 9999
540.051122 9999
541.93958 9999
543.845397 9999
545.749426 9999
547.658354 9999
549.578822 9999
551.524812 9999
553.458581 9999
555.373488 9999
557.319507 9999
559.238633 9999.0
561.364517 9999
563.282853 9999
565.205329 9999
567.13504 9999
569.073673 9999
570.999118 9999
572.913243 9999
574.861521 9999
576.785976 9999
578.689371 9999
580.633659 9999
582.568339 9999
584.547959 9999
586.481585 9999
588.410964 9999
590.345103 9999.0
592.466956 9999
594.398755 9999
596.332961 9999
598.276267 9999
600.197272 9999
602.161435 9999
604.106035 9999
606.065849 9999
608.009594 9999
609.961747 9999
611.875345 9999
613.80307 9999
615.754134 9999
617.690761 9999
619.656957 9999
621.61503 9999.0
623.70542 9999
625.622929 9999
627.567536 9999
629.486351 9999
631.431498 9999
633.354217 9999
635.297937 9999
637.219846 9999
639.157564 9999
641.058067 9999
642.988748 9999
644.917782 9999
646.830045 9999
648.746679 9999
650.677026 9999
652.64805 9999.0
654.797107 9999
656.730497 9999
658.682281 9999
660.592817 9999
662.535345 9999
664.465945 9999
666.423808 9999
668.350924 9999
670.274754 9999
672.209509 9999
674.139101 9999
676.088378 9999
678.027248 9999
679.947046 9999
681.854065 9999
683.813268 9999.0
685.972388 9999
687.926794 9999
689.875164 9999
691.805477 9999
693.74513 9999
695.70474 9999
697.658457 9999
699.594145 9999
701.546648 9999
703.477781 9999
705.386744 9999
707.318308 9999
709.245725 9999
711.134643 9999
713.057414 9999
715.010368 9999.0
717.157978 9999
719.091872 9999
721.008463 9999
722.923366 9999
724.834347 9999
726.769303 9999
728.715532 9999
730.646385 9999
732.589113 9999
734.487902 9999
736.424621 9999
738.363043 9999
740.294798 9999
742.202951 9999
744.134169 9999
746.080373 9999.0
748.203939 9999
750.133268 9999
752.067021 9999
753.965647 9999
755.890959 9999
757.815657 9999
759.755326 9999
761.714758 9999
763.684429 9999
765.638803 9999
767.618905 9999
769.56224 9999
771.52145 9999
773.453666 9999
775.421951 9999
777.350931 9999.0
779.462015 9999
781.417567 9999
783.365151 9999
785.305873 9999
787.238588 9999
789.157254 9999
791.078763 9999
793.024254 9999
794.969174 9999
796.898491 9999
798.854509 9999
800.80174 9999
802.723446 9999
804.677314 9999
806.618402 9999
808.538299 9999.0
810.655866 9999
812.556951 9999
814.479908 9999
816.4229 9999
818.369383 9999
820.302555 9999
822.232498 9999
824.167666 9999
826.094384 9999
828.013643 9999
829.958262 9999
831.894801 9999
833.84694 9999
835.769343 9999
837.674088 9999
839.618355 9999.0
841.781684 9999
843.700241 9999
845.669333 9999
847.610677 9999
849.542633 9999
851.502314 9999
853.481813 9999
855.412251 9999
857.370762 9999
859.287625 9999
861.206822 9999
863.165874 9999
865.105425 9999
867.06648 9999
868.985083 9999
870.931769 9999.0
873.12122 9999
875.05698 9999
876.979132 9999
878.92951 9999
880.889711 9999
882.830406 9999
884.798181 9999
886.720241 9999
888.615532 9999
890.547699 9999
892.501563 9999
894.425855 9999
896.375089 9999
898.264059 9999
900.194942 9999
902.127317 9999.0
904.263737 9999
906.207133 9999
908.13001 9999
910.070046 9999
912.005542 9999
913.915381 9999
915.811749 9999
917.706272 9999
919.636553 9999
921.583381 9999
923.510806 9999
925.468517 9999
927.416469 9999
929.35401 9999
931.286984 9999
933.197267 9999.0
935.319666 9999
937.241547 9999
939.161675 9999
941.104032 9999
943.048496 9999
944.980034 9999
946.913758 9999
948.857485 9999
950.779348 9999
952.720152 9999
954.660638 9999
956.618545 9999
958.550276 9999
960.496617 9999
962.442566 9999
964.370415 9999.0
966.569415 9999
968.52262 9999
970.464964 9999
972.37993 9999
974.290972 9999
976.207418 9999
978.11243 9999
980.030122 9999
981.928937 9999
983.834284 9999
985.755035 9999
987.694934 9999
989.601463 9999
991.518559 9999
993.438251 9999
995.37775 9999.0
997.514927 9999
999.458477 9999
1001.405513 9999
1003.33814 9999
1005.304277 9999
1007.234037 9999
1009.189488 9999
1011.134182 9999
1013.067684 9999
1015.025125 9999
1016.954232 9999
1018.875736 9999
1020.825392 9999
1022.774182 9999
1024.732308 9999
1026.666183 9999.0
1028.824034 9999
1030.766452 9999
1032.696875 9999
1034.632333 9999
1036.573973 9999
1038.496025 9999
1040.434319 9999
1042.369673 9999
1044.291804 9999
1046.220403 9999
1048.155089 9999
1050.100003 9999
1052.056189 9999
1054.001143 9999
1055.982635 9999
1057.912401 9999.0
1060.07648 9999
1062.001282 9999
1063.9116 9999
1065.8118 9999
1067.735227 9999
1069.669786 9999
1071.604749 9999
1073.534417 9999
1075.464552 9999
1077.38509 9999
1079.320169 9999
1081.238795 9999
1083.155692 9999
1085.067975 9999
1086.879837 9999
1088.774383 9999.0
1090.949927 9999
1092.907477 9999
1094.835385 9999
1096.790282 9999
1098.736163 9999
1100.666155 9999
1102.598505 9999
1104.567195 9999
1106.517302 9999
1108.457059 9999
1110.385525 9999
1112.293239 9999
1114.222993 9999
1116.122167 9999
1118.066506 9999
1120.01085 9999.0
1122.20958 9999
1124.103355 9999
1126.012551 9999
1127.943547 9999
1129.894861 9999
1131.842778 9999
1133.78766 9999
1135.748187 9999
1137.708759 9999
1139.61454 9999
1141.549962 9999
1143.46022 9999
1145.416113 9999
1147.348444 9999
1149.279798 9999
1151.223381 9999.0
1153.417944 9999
1155.360706 9999
1157.318533 9999
1159.237307 9999
1161.153907 9999
1163.078754 9999
1164.97411 9999
1166.922049 9999
1168.896613 9999
1170.817217 9999
1172.750774 9999
1174.718502 9999
1176.686444 9999
1178.631757 9999
1180.587881 9999
1182.530608 9999.0
1184.65605 9999
1186.585666 9999
1188.542747 9999
1190.47763 9999
1192.402767 9999
1194.327068 9999
1196.26956 9999
1198.177636 9999
1200.121767 9999
1202.055138 9999
1204.023041 9999
1205.953252 9999
1207.909445 9999
1209.85108 9999
1211.801741 9999
1213.742947 9999.0
1215.910219 9999
1217.844916 9999
1219.771164 9999
1221.701383 9999
1223.639353 9999
1225.603773 9999
1227.541894 9999
1229.526583 9999
1231.465308 9999
1233.410795 9999
1235.330484 9999
1237.279733 9999
1239.208272 9999
1241.15159 9999
1243.106754 9999
1245.04152 9999.0
1247.21156 9999
1249.120095 9999
1251.02555 9999
1252.961276 9999
1254.911803 9999
1256.858101 9999
1258.816683 9999
1260.748978 9999
1262.704737 9999
1264.627644 9999
1266.564946 9999
1268.49341 9999
1270.432032 9999
1272.389851 9999
1274.3536 9999
1276.310941 9999.0
1278.459684 9999
1280.402794 9999
1282.323314 9999
1284.256547 9999
1286.183586 9999
1288.123999 9999
1290.037126 9999
1291.99576 9999
1293.96133 9999
1295.909308 9999
1297.840207 9999
1299.771291 9999
1301.699728 9999
1303.614808 9999
1305.531768 9999
1307.439197 9999.0
1309.597346 9999
1311.520071 9999
1313.45122 9999
1315.381721 9999
1317.274539 9999
1319.221334 9999
1321.165005 9999
1323.115795 9999
1325.077928 9999
1327.022829 9999
1328.936419 9999
1330.840253 9999
1332.794098 9999
1334.714845 9999
1336.658915 9999
1338.614984 9999.0
1340.775306 9999
1342.723528 9999
1344.663658 9999
1346.606726 9999
1348.577944 9999
1350.533557 9999
1352.489929 9999
1354.443157 9999
1356.410671 9999
1358.354324 9999
1360.291635 9999
1362.200039 9999
1364.152628 9999
1366.062108 9999
1367.980157 9999
1369.932474 9999.0
1372.072599 9999
1374.013848 9999
1375.95804 9999
1377.902366 9999
1379.849887 9999
1381.782194 9999
1383.710396 9999
1385.675704 9999
1387.601174 9999
1389.518473 9999
1391.450577 9999
1393.363072 9999
1395.298619 9999
1397.258551 9999
1399.17858 9999
1401.122975 9999.0
1403.294901 9999
1405.214066 9999
1407.163283 9999
1409.106543 9999
1411.061137 9999
1412.973369 9999
1414.914536 9999
1416.866796 9999
1418.82288 9999
1420.733198 9999
1422.652473 9999
1424.573741 9999
1426.499323 9999
1428.422067 9999
1430.320246 9999
1432.218778 9999.0
1434.373585 9999
1436.287301 9999
1438.218084 9999
1440.146217 9999
1442.093237 9999
1444.024812 9999
1445.966503 9999
1447.935924 9999
1449.86698 9999
1451.801351 9999
1453.718793 9999
1455.662313 9999
1457.60996 9999
1459.549292 9999
1461.494561 9999
1463.46495 9999.0
1465.635845 9999
1467.593833 9999
1469.558546 9999
1471.52755 9999
1473.468702 9999
1475.377752 9999
1477.310007 9999
1479.255198 9999
1481.196687 9999
1483.129697 9999
1485.061766 9999
1486.981187 9999
1488.923238 9999
1490.834896 9999
1492.78159 9999
1494.735101 9999.0
1496.870293 9999
1498.801809 9999
1500.749083 9999
1502.690966 9999
1504.609493 9999
1506.559188 9999
1508.508969 9999
1510.439688 9999
1512.365629 9999
1514.258586 9999
1516.176016 9999
1518.109982 9999
1520.048747 9999
1521.973097 9999
1523.910169 9999
1525.864749 9999.0
1528.021235 9999
1529.956036 9999
1531.901015 9999
1533.818858 9999
1535.759379 9999
1537.687872 9999
1539.632703 9999
1541.570965 9999
1543.508013 9999
1545.445768 9999
1547.393201 9999
1549.309191 9999
1551.265044 9999
1553.223296 9999
1555.168081 9999
1557.110605 9999.0
1559.387393 9999
1561.337589 9999
1563.29316 9999
1565.245034 9999
1567.180525 9999
1569.112042 9999
1571.022636 9999
1572.950647 9999
1574.882433 9999
1576.81037 9999
1578.746453 9999
1580.690857 9999
1582.611655 9999
1584.537331 9999
1586.500517 9999
1588.455684 9999.0
1590.61564 9999
1592.572461 9999
1594.477607 9999
1596.38892 9999
1598.305421 9999
1600.276045 9999
1602.193802 9999
1604.130058 9999
1606.031023 9999
1607.963857 9999
1609.867322 9999
1611.805714 9999
1613.77661 9999
1615.694089 9999
1617.614649 9999
1619.557044 9999.0
1621.764077 9999
1623.710108 9999
1625.652468 9999
1627.612223 9999
1629.553467 9999
1631.496791 9999
1633.441641 9999
1635.376013 9999
1637.321378 9999
1639.273078 9999
1641.208063 9999
1643.149241 9999
1645.095432 9999
1647.051943 9999
1648.960363 9999
1650.917058 9999.0
1653.102831 9999
1655.065973 9999
1657.00221 9999
1658.930514 9999
1660.849996 9999
1662.761648 9999
1664.684569 9999
1666.611367 9999
1668.556617 9999
1670.48062 9999
1672.399839 9999
1674.308803 9999
1676.235601 9999
1678.154657 9999
1680.074588 9999
1682.044411 9999.0
1684.249722 9999
1686.20611 9999
1688.149832 9999
1690.043019 9999
1692.015991 9999
1693.969899 9999
1695.917376 9999
1697.83462 9999
1699.783572 9999
1701.762861 9999
1703.726255 9999
1705.669994 9999
1707.618224 9999
1709.545481 9999
1711.482247 9999
1713.436665 9999.0
1715.629639 9999
1717.572587 9999
1719.505831 9999
1721.489092 9999
1723.442779 9999
1725.376415 9999
1727.318551 9999
1729.277223 9999
1731.207407 9999
1733.151828 9999
1735.084496 9999
1737.026112 9999
1738.984484 9999
1740.94188 9999
1742.884105 9999
1744.792957 9999.0
1746.940839 9999
1748.894826 9999
1750.826457 9999
1752.770656 9999
1754.705887 9999
1756.646772 9999
1758.591324 9999
1760.509919 9999
1762.491274 9999
1764.435856 9999
1766.414542 9999
1768.335594 9999
1770.26746 9999
1772.213818 9999
1774.156597 9999
1776.113521 9999.0
1778.261086 9999
1780.181731 9999
1782.145542 9999
1784.090788 9999
1786.023251 9999
1787.947781 9999
1789.873438 9999
1791.816773 9999
1793.76657 9999
1795.70726 9999
1797.617586 9999
1799.535095 9999
1801.489601 9999
1803.426107 9999
1805.357998 9999
1807.298478 9999.0
1809.456002 9999
1811.393607 9999
1813.374125 9999
1815.316416 9999
1817.261336 9999
1819.215542 9999
1821.174083 9999
1823.127391 9999
1825.04739 9999
1826.975721 9999
1828.899436 9999
1830.82906 9999
1832.773967 9999
1834.717938 9999
1836.628352 9999
1838.582282 9999.0
1840.825976 9999
1842.806068 9999
1844.755099 9999
1846.682723 9999
1848.627044 9999
1850.582169 9999
1852.504444 9999
1854.459654 9999
1856.378309 9999
1858.324275 9999
1860.254563 9999
1862.188596 9999
1864.111548 9999
1866.074651 9999
1868.029502 9999
1869.990774 9999.0
1872.193793 9999
1874.138068 9999
1876.08224 9999
1878.027912 9999
1879.958334 9999
1881.891245 9999
1883.881995 9999
1885.814862 9999
1887.748506 9999
1889.703038 9999
1891.610808 9999
1893.56454 9999
1895.523438 9999
1897.457296 9999
1899.374888 9999
1901.299001 9999.0
1903.454999 9999
1905.411287 9999
1907.369026 9999
1909.335366 9999
1911.30535 9999
1913.235123 9999
1915.181055 9999
1917.113086 9999
1919.042336 9999
1920.991759 9999
1922.929553 9999
1924.833567 9999
1926.770902 9999
1928.695565 9999
1930.661277 9999
1932.604015 9999.0
1934.797333 9999
1936.744312 9999
1938.68686 9999
1940.621232 9999
1942.564195 9999
1944.484533 9999
1946.430054 9999
1948.3841 9999
1950.328276 9999
1952.271583 9999
1954.190379 9999
1956.138891 9999
1958.088644 9999
1960.02304 9999
1961.978134 9999
1963.925733 9999.0
1966.143598 9999
1968.090912 9999
1970.019224 9999
1971.950297 9999
1973.906913 9999
1975.866775 9999
1977.820337 9999
1979.778305 9999
1981.697212 9999
1983.626772 9999
1985.546403 9999
1987.482029 9999
1989.435004 9999
1991.36528 9999
1993.287176 9999
1995.217966 9999.0
1997.416428 9999
1999.360369 9999
2001.304816 9999
2003.245577 9999
2005.214972 9999
2007.133397 9999
2009.108044 9999
2011.059736 9999
2013.025421 9999
2014.970532 9999
2016.905411 9999
2018.809754 9999
2020.733361 9999
2022.679192 9999
2024.633652 9999
2026.551632 9999.0
2028.743029 9999
2030.653644 9999
2032.585217 9999
2034.492463 9999
2036.437452 9999
2038.384735 9999
2040.325607 9999
2042.273689 9999
2044.197644 9999
2046.147762 9999
2048.074156 9999
2050.024223 9999
2051.966833 9999
2053.901471 9999
2055.854474 9999
2057.800753 9999.0
2059.980705 9999
2061.884339 9999
2063.810875 9999
2065.778151 9999
2067.710025 9999
2069.654992 9999
2071.566283 9999
2073.517837 9999
2075.456391 9999
2077.423313 9999
2079.33847 9999
2081.258732 9999
2083.21846 9999
2085.174961 9999
2087.116525 9999
2089.07378 9999.0
2091.302658 9999
2093.234902 9999
2095.192737 9999
2097.134468 9999
2099.078457 9999
2101.034223 9999
2102.965406 9999
2104.923948 9999
2106.854872 9999
2108.774556 9999
2110.719037 9999
2112.655407 9999
2114.609227 9999
2116.526417 9999
2118.481535 9999
2120.427331 9999.0
2122.610856 9999
2124.566182 9999
2126.511466 9999
2128.453609 9999
2130.413354 9999
2132.330122 9999
2134.298463 9999
2136.245006 9999
2138.210774 9999
2140.133773 9999
2142.076502 9999
2144.022052 9999
2145.941108 9999
2147.87037 9999
2149.794438 9999
2151.708891 9999.0
2153.896829 9999
2155.830804 9999
2157.758556 9999
2159.743496 9999
2161.668881 9999
2163.605451 9999
2165.558074 9999
2167.514532 9999
2169.494116 9999
2171.415836 9999
2173.324335 9999
2175.254117 9999
2177.17467 9999
2179.116909 9999
2181.064253 9999
2182.971398 9999.0
2185.139688 9999
2187.097071 9999
2189.056228 9999
2191.008479 9999
2192.966776 9999
2194.914201 9999
2196.866137 9999
2198.824902 9999
2200.767702 9999
2202.698588 9999
2204.630606 9999
2206.574454 9999
2208.506548 9999
2210.462155 9999
2212.405239 9999
2214.327648 9999.0
2216.608745 9999
2218.566645 9999
2220.511504 9999
2222.475356 9999
2224.433529 9999
2226.374372 9999
2228.330952 9999
2230.324651 9999
2232.294655 9999
2234.246043 9999
2236.192864 9999
2238.156049 9999
2240.064589 9999
2242.007438 9999
2243.945129 9999
2245.851579 9999.0
2248.097609 9999
2250.061525 9999
2252.010406 9999
2253.92825 9999
2255.846149 9999
2257.810663 9999
2259.734733 9999
2261.64435 9999
2263.599332 9999
2265.530867 9999
2267.475868 9999
2269.430306 9999
2271.376057 9999
2273.304484 9999
2275.221845 9999
2277.159351 9999.0
2279.319067 9999
2281.265295 9999
2283.202537 9999
2285.141188 9999
2287.074991 9999
2289.029288 9999
2290.95985 9999
2292.878479 9999
2294.789709 9999
2296.706862 9999
2298.671184 9999
2300.602651 9999
2302.552537 9999
2304.508533 9999
2306.414841 9999
2308.348969 9999.0
2310.531228 9999
2312.465101 9999
2314.402414 9999
2316.352158 9999
2318.294591 9999
2320.253172 9999
2322.173282 9999
2324.10774 9999
2326.011422 9999
2327.930617 9999
2329.857196 9999
2331.77323 9999
2333.724766 9999
2335.636989 9999
2337.56833 9999
2339.510287 9999.0
2341.692647 9999
2343.617442 9999
2345.534999 9999
2347.454655 9999
2349.376257 9999
2351.316489 9999
2353.230584 9999
2355.180772 9999
2357.093901 9999
2359.033645 9999
2360.965631 9999
2362.901234 9999
2364.831336 9999
2366.739614 9999
2368.683774 9999
2370.619698 9999.0
2372.775741 9999
2374.718584 9999
2376.66291 9999
2378.594309 9999
2380.550183 9999
2382.485442 9999
2384.42895 9999
2386.382975 9999
2388.328447 9999
2390.26961 9999
2392.207166 9999
2394.148094 9999
2396.107035 9999
2398.060432 9999
2400.005066 9999
2401.932239 9999.0
2404.118607 9999
2406.060703 9999
2408.010422 9999
2409.940426 9999
2411.850789 9999
2413.787644 9999
2415.722441 9999
2417.669433 9999
2419.600092 9999
2421.557399 9999
2423.47314 9999
2425.40633 9999
2427.390124 9999
2429.319543 9999
2431.27443 9999
2433.256665 9999.0
2435.459792 9999
2437.40191 9999
2439.373886 9999
2441.308489 9999
2443.242155 9999
2445.179021 9999
2447.141186 9999
2449.081743 9999
2451.042348 9999
2453.009006 9999
2454.938233 9999
2456.862265 9999
2458.8174 9999
2460.758344 9999
2462.694358 9999
2464.634733 9999.0
2466.850604 9999
2468.786442 9999
2470.730916 9999
2472.699788 9999
2474.645976 9999
2476.610535 9999
2478.566816 9999
2480.510178 9999
2482.454978 9999
2484.364132 9999
2486.306912 9999
2488.241005 9999
2490.194649 9999
2492.092236 9999
2494.024967 9999
2496.003373 9999.0
2498.211701 9999
2500.157001 9999
2502.110943 9999
2504.033039 9999
2505.998846 9999
2507.929475 9999
2509.865877 9999
2511.781763 9999
2513.717324 9999
2515.666773 9999
2517.606651 9999
2519.558491 9999
2521.500799 9999
2523.448809 9999
2525.401779 9999
2527.370649 9999.0
2529.577688 9999
2531.532935 9999
2533.430209 9999
2535.399735 9999
2537.341495 9999
2539.275247 9999
2541.205037 9999
2543.152261 9999
2545.087421 9999
2547.024975 9999
2548.935785 9999
2550.892189 9999
2552.823557 9999
2554.769401 9999
2556.700599 9999
2558.653471 9999.0
2560.827246 9999
2562.771462 9999
2564.714635 9999
2566.633584 9999
2568.579174 9999
2570.510992 9999
2572.470898 9999
2574.410719 9999
2576.365366 9999
2578.312154 9999
2580.25618 9999
2582.197811 9999
2584.166067 9999
2586.085921 9999
2588.032147 9999
2589.95289 9999.0
2592.139475 9999
2594.080599 9999
2596.046753 9999
2597.989289 9999
2599.957423 9999
2601.925064 9999
2603.856854 9999
2605.825083 9999
2607.758637 9999
2609.729286 9999
2611.695539 9999
2613.649708 9999
2615.601362 9999
2617.526719 9999
2619.469263 9999
2621.416964 9999.0
2623.652558 9999
2625.605984 9999
2627.537137 9999
2629.493939 9999
2631.427103 9999
2633.34575 9999
2635.294115 9999
2637.232711 9999
2639.16539 9999
2641.155047 9999
2643.101566 9999
2645.053428 9999
2647.014678 9999
2648.96613 9999
2650.949559 9999
2652.87929 9999.0
2655.066231 9999
2657.022481 9999
2658.962563 9999
2660.91673 9999
2662.863454 9999
2664.820155 9999
2666.765303 9999
2668.721829 9999
2670.674665 9999
2672.621009 9999
2674.540053 9999
2676.485002 9999
2678.425165 9999
2680.383253 9999
2682.305732 9999
2684.223223 9999.0
2686.373289 9999
2688.340712 9999
2690.283984 9999
2692.202779 9999
2694.12285 9999
2696.052286 9999
2698.021005 9999
2699.956089 9999
2701.908214 9999
2703.853183 9999
2705.813227 9999
2707.757691 9999
2709.69978 9999
2711.646951 9999
2713.597472 9999
2715.543963 9999.0
2717.777198 9999
2719.718181 9999
2721.690434 9999
2723.618773 9999
2725.550097 9999
2727.485094 9999
2729.431245 9999
2731.35756 9999
2733.290369 9999
2735.186195 9999
2737.129715 9999
2739.074952 9999
2741.006644 9999
2742.953182 9999
2744.861775 9999
2746.778843 9999.0
2748.987785 9999
2750.941923 9999
2752.887091 9999
2754.845819 9999
2756.800639 9999
2758.733597 9999
2760.700405 9999
2762.608603 9999
2764.553901 9999
2766.51916 9999
2768.511841 9999
2770.466562 9999
2772.389274 9999
2774.342454 9999
2776.267244 9999
2778.182234 9999.0
2780.341109 9999
2782.288439 9999
2784.233231 9999
2786.188463 9999
2788.146853 9999
2790.097923 9999
2792.044403 9999
2793.986862 9999
2795.932709 9999
2797.886324 9999
2799.806189 9999
2801.743315 9999
2803.674148 9999
2805.582853 9999
2807.492965 9999
2809.408063 9999.0
2811.662282 9999
2813.582626 9999
2815.513466 9999
2817.440062 9999
2819.354974 9999
2821.291124 9999
2823.229413 9999
2825.138777 9999
2827.089469 9999
2829.049124 9999
2830.960734 9999
2832.89062 9999
2834.825443 9999
2836.756614 9999
2838.710972 9999
2840.665674 9999.0
2842.92247 9999
2844.856549 9999
2846.801911 9999
2848.755847 9999
2850.685565 9999
2852.678166 9999
2854.622059 9999
2856.555531 9999
2858.513671 9999
2860.469333 9999
2862.401505 9999
2864.331571 9999
2866.267842 9999
2868.206595 9999
2870.151074 9999
2872.106611 9999.0
2874.339428 9999
2876.271664 9999
2878.206627 9999
2880.120808 9999
2882.042811 9999
2883.963562 9999
2885.895628 9999
2887.81514 9999
2889.747171 9999
2891.691347 9999
2893.63591 9999
2895.603691 9999
2897.537472 9999
2899.480476 9999
2901.423777 9999
2903.39407 9999.0
2905.658993 9999
2907.591205 9999
2909.536786 9999
2911.490173 9999
2913.434899 9999
2915.376753 9999
2917.321608 9999
2919.24265 9999
2921.213895 9999
2923.148128 9999
2925.09904 9999
2927.054546 9999
2929.00255 9999
2930.932991 9999
2932.86406 9999
2934.804694 9999.0
2937.002025 9999
2938.949431 9999
2940.89076 9999
2942.83792 9999
2944.790045 9999
2946.733355 9999
2948.665748 9999
2950.609243 9999
2952.580991 9999
2954.52244 9999
2956.466517 9999
2958.422027 9999
2960.366645 9999
2962.3112 9999
2964.254387 9999
2966.201499 9999.0
2968.454723 9999
2970.413503 9999
2972.391018 9999
2974.37262 9999
2976.302177 9999
2978.261194 9999
2980.214759 9999
2982.149482 9999
2984.114988 9999
2986.082187 9999
2988.066796 9999
2990.033825 9999
2991.963224 9999
2993.909896 9999
2995.853512 9999
2997.797745 9999.0
2999.969165 9999
3001.901628 9999
3003.877819 9999
3005.825042 9999
3007.793106 9999
3009.736663 9999
3011.681877 9999
3013.634826 9999
3015.565904 9999
3017.512233 9999
3019.469008 9999
3021.446781 9999
3023.584587 9999
3025.526535 9999
3027.472946 9999
3029.442155 9999.0
3031.634543 9999
3033.577014 9999
3035.524826 9999
3037.456188 9999
3039.370479 9999
3041.29398 9999
3043.228298 9999
3045.156986 9999
3047.0959 9999
3049.033393 9999
3050.930521 9999
3052.895029 9999
3054.79656 9999
3056.690622 9999
3058.647407 9999
3060.57925 9999.0
3062.776193 9999
3064.721067 9999
3066.653742 9999
3068.596587 9999
3070.513867 9999
3072.495972 9999
3074.430064 9999
3076.387879 9999
3078.325291 9999
3080.236036 9999
3082.192534 9999
3084.134676 9999
3086.05895 9999
3087.972961 9999
3089.894812 9999
3091.82641 9999.0
3094.011208 9999
3095.944359 9999
3097.896538 9999
3099.83915 9999
3101.763684 9999
3103.717783 9999
3105.687103 9999
3107.657673 9999
3109.586443 9999
3111.54446 9999
3113.48552 9999
3115.502699 9999
3117.438256 9999
3119.376723 9999
3121.333803 9999
3123.282151 9999.0
3125.471331 9999
3127.435004 9999
3129.386333 9999
3131.342151 9999
3133.274466 9999
3135.207472 9999
3137.165679 9999
3139.100467 9999
3141.016535 9999
3142.982374 9999
3144.938221 9999
3146.882192 9999
3148.828942 9999
3150.757937 9999
3152.744145 9999
3154.671158 9999.0
3156.866399 9999
3158.846269 9999
3160.783804 9999
3162.728387 9999
3164.645214 9999
3166.597807 9999
3168.508995 9999
3170.413343 9999
3172.369619 9999
3174.313593 9999
3176.239884 9999
3178.19362 9999
3180.113192 9999
3182.057774 9999
3183.96651 9999
3185.799184 9999.0
3188.009458 9999
3189.928371 9999
3191.884593 9999
3193.855926 9999
3195.809313 9999
3197.753735 9999
3199.682592 9999
3201.616116 9999
3203.604575 9999
3205.579711 9999
3207.506492 9999
3209.466816 9999
3211.396371 9999
3213.339739 9999
3215.282913 9999
3217.217371 9999.0
3219.410449 9999
3221.356246 9999
3223.275218 9999
3225.219849 9999
3227.143077 9999
3229.093291 9999
3231.042168 9999
3232.983059 9999
3234.958883 9999
3236.905358 9999
3238.837284 9999
3240.818037 9999
3242.762671 9999
3244.695111 9999
3246.625667 9999
3248.557484 9999.0
3250.777544 9999
3252.722359 9999
3254.656029 9999
3256.609729 9999
3258.555144 9999
3260.49908 9999
3262.418347 9999
3264.342676 9999
3266.279019 9999
3268.204533 9999
3270.149279 9999
3272.13821 9999
3274.070973 9999
3276.017582 9999
3277.950674 9999
3279.866817 9999.0
3282.051629 9999
3283.974444 9999
3285.890785 9999
3287.847266 9999
3289.802368 9999
3291.737122 9999
3293.667071 9999
3295.599276 9999
3297.548108 9999
3299.487609 9999
3301.431612 9999
3303.362067 9999
3305.292125 9999
3307.221278 9999
3309.148366 9999
3311.101808 9999.0
3313.289513 9999
3315.233205 9999
3317.200683 9999
3319.166558 9999
3321.134398 9999
3323.10468 9999
3325.048667 9999
3326.993345 9999
3328.92135 9999
3330.84609 9999
3332.798671 9999
3334.742829 9999
3336.667492 9999
3338.618247 9999
3340.538867 9999
3342.483861 9999.0
3344.666267 9999
3346.610771 9999
3348.529536 9999
3350.461988 9999
3352.396241 9999
3354.353587 9999
3356.319695 9999
3358.263359 9999
3360.186463 9999
3362.164816 9999
3364.123351 9999
3366.087041 9999
3368.056922 9999
3370.023361 9999
3371.95794 9999
3373.878962 9999.0
3376.072004 9999
3378.002643 9999
3379.96954 9999
3381.939972 9999
3383.909506 9999
3385.840399 9999
3387.771576 9999
3389.693954 9999
3391.652228 9999
3393.569237 9999
3395.503351 9999
3397.430943 9999
3399.362632 9999
3401.296226 9999
3403.289216 9999
3405.241857 9999.0
3407.435807 9999
3409.382387 9999
3411.337008 9999
3413.296511 9999
3415.237707 9999
3417.176994 9999
3419.092437 9999
3421.038234 9999
3422.989203 9999
3424.935931 9999
3426.873162 9999
3428.815045 9999
3430.74371 9999
3432.687232 9999
3434.64541 9999
3436.651388 9999.0
3438.931511 9999
3440.873085 9999
3442.827236 9999
3444.762768 9999
3446.704809 9999
3448.651655 9999
3450.565993 9999
3452.498915 9999
3454.433813 9999
3456.355548 9999
3458.261162 9999
3460.1906 9999
3462.125836 9999
3464.058231 9999
3465.999546 9999
3467.906559 9999.0
3470.113902 9999
3472.061112 9999
3474.02591 9999
3475.97322 9999
3477.931944 9999
3479.909984 9999
3481.855843 9999
3483.809595 9999
3485.750443 9999
3487.706469 9999
3489.699484 9999
3491.703175 9999
3493.658534 9999
3495.628665 9999
3497.551337 9999
3499.486625 9999.0
3501.654577 9999
3503.606342 9999
3505.586961 9999
3507.494174 9999
3509.402787 9999
3511.334799 9999
3513.281804 9999
3515.227166 9999
3517.166815 9999
3519.099041 9999
3521.059035 9999
3522.9988 9999
3524.94297 9999
3526.863931 9999
3528.794386 9999
3530.753578 9999.0
3532.947317 9999
3534.891432 9999
3536.846568 9999
3538.79029 9999
3540.729697 9999
3542.681377 9999
3544.637215 9999
3546.57902 9999
3548.641352 9999
3550.586986 9999
3552.530259 9999
3554.443838 9999
3556.396953 9999
3558.301785 9999
3560.22642 9999
3562.149823 9999.0
3564.338417 9999
3566.282264 9999
3568.224397 9999
3570.172056 9999
3572.115076 9999
3574.071141 9999
3576.013713 9999
3577.969344 9999
3579.892923 9999
3581.837928 9999
3583.763966 9999
3585.690306 9999
3587.615579 9999
3589.539264 9999
3591.461171 9999
3593.402645 9999.0
3595.573601 9999
3597.52136 9999
3599.472785 9999
3601.411458 9999
