26.982349 1.1815071702
53.538732 1.21140227318
79.47245 1.17621982098
106.024853 1.21170330048
129.941667 1.07669824362
153.794779 1.07657421827
221.411183 3.26249755621
245.29562 1.07405484915
269.266332 1.08345317841
293.265396 1.0791721344
360.849548 3.26522390842
384.917235 1.08068964481
408.717431 1.07524536848
432.669459 1.07645320892
459.155516 1.20986812115
483.190417 1.08150283098
550.740472 3.26342180967
574.76036 1.07976734638
598.963207 1.09463435411
623.014509 1.08243883848
647.01347 1.08451009989
672.916434 1.17408447266
698.720039 1.17641836405
722.619458 1.07409497499
746.537426 1.08099998236
773.057227 1.20761395693
796.97854 1.08171832561
821.09293 1.08204773664
844.927925 1.07800089121
871.434003 1.20535665751
895.435453 1.08519028425
963.050356 3.25936057568
988.702342 1.16182032824
1015.138922 1.2073190093
1039.192391 1.08113341331
1063.073632 1.07864243984
1088.777961 1.16549704075
1112.731174 1.08240849972
1136.729629 1.07976467609
1160.74735 1.08623377085
1184.815008 1.08020347357
1211.301834 1.21003652811
1235.220515 1.07495573759
1259.037786 1.0757599473
1285.74114 1.21402699947
1309.641821 1.08059132099
1335.329321 1.16488418579
1359.246843 1.08091852665
1383.331117 1.08154168129
1409.753362 1.20616942644
1435.437392 1.16281766891
1459.453826 1.08389019966
1486.007277 1.20719417334
1512.427389 1.20697950125
1538.998102 1.2072894454
1562.9996 1.08447589874
1587.183653 1.088732481
1611.221107 1.08735984564
1635.355347 1.0835042119
1661.856278 1.21009202003
1685.740018 1.07481067181
1712.210138 1.20921808481
1736.444667 1.08588980436
1762.915045 1.20943478346
1787.049455 1.08528223038
1810.984259 1.08246120214
1835.085053 1.08397189379
1861.625174 1.20983920097
1888.192495 1.20843268633
1912.159289 1.08298221827
1936.178457 1.07996144295
1962.680575 1.21031415462
1986.83517 1.08728973866
2010.733444 1.08034921885
2037.319951 1.20921667814
2061.271614 1.08241435289
2086.95829 1.16375342607
2113.477577 1.21071897745
2137.479298 1.07898008823
2161.513321 1.0871819973
2229.197107 3.26386202574
2255.833242 1.20818247795
2279.752563 1.08084825277
2306.27415 1.20682243109
2332.741393 1.20777353048
2359.481068 1.21418381929
2383.49541 1.08610649109
2410.135439 1.21233085394
2434.100611 1.08381779194
2501.884729 3.26764264107
2527.907501 1.17592051029
2551.824361 1.08006680012
2578.475978 1.21203024387
2602.362997 1.07845778465
2626.413884 1.07918357849
2651.913681 1.16103972197
2719.663969 3.26411020756
2745.566308 1.16970208883
2813.134048 3.26267815828
2837.252225 1.08202871084
2861.136375 1.07897857428
2887.690006 1.20516514778
2911.69134 1.0846437335
2935.942645 1.088846457
2959.894443 1.08226095438
2983.881419 1.07661892176
3007.697535 1.07604062557
3075.447478 3.26354547739
3099.667903 1.08402094841
3123.63316 1.08229603767
3150.269556 1.21056482792
3176.107386 1.17742515802
3200.073818 1.07455954552
3224.141844 1.08816717863
3250.761341 1.20849335194
3274.730982 1.08332990408
3301.383892 1.21022584438
3325.333922 1.08319318295
3349.218745 1.07194925547
3373.206425 1.08484221697
3397.254332 1.08143244982
3421.139086 1.07993160486
3447.762107 1.21089798212
3471.745995 1.08425017595
3495.931653 1.0871188879
3519.746066 1.07717279196
3543.697821 1.07675956488
3567.616727 1.08160021305
3591.700373 1.08187966347
3615.687858 1.08428844213
