3.524395 9999
6.881677 9999
10.243799 9999
13.560342 9999
16.929416 9999
20.179157 1.4524409771
23.530399 9999
26.899562 9999
30.268906 9999.0
33.737831 9999
37.495618 9999
40.725533 1.45343995094
43.946687 1.44835591316
47.32529 9999
50.661757 9999
53.952231 1.4465110302
57.210588 1.43843102455
60.467961 1.44587397575
63.878122 1.44965100288
67.126323 1.44835281372
70.461008 9999
73.810025 9999
77.079638 1.45611786842
80.319168 1.44851398468
83.557411 1.44543385506
86.877175 9999
90.13399 1.46675109863
93.374549 1.44792509079
96.871155 9999
100.096063 1.45137000084
103.31279 1.45193815231
106.696516 9999
109.92644 1.43853592873
113.136778 1.44588708878
116.352641 1.44579482079
119.58241 1.44805598259
122.835935 1.44646596909
126.17172 9999.0
129.646005 9999
133.001201 9999
136.224099 1.44771289825
139.451529 1.45520806313
142.668592 1.45838499069
145.921518 1.44734406471
149.175049 1.45806503296
152.414321 1.45195102692
155.651751 1.45097088814
158.91004 1.45210504532
162.37946 9999
165.599301 1.44665503502
168.842847 1.45015716553
172.056641 1.44775891304
175.29862 1.44858884811
178.621606 9999
181.870443 1.45542407036
185.193597 9999
188.538643 9999
191.77282 1.45914888382
195.14373 1.44581985474
198.466514 1.4491648674
201.714481 1.45420598984
204.960207 1.44880890846
208.304875 9999
211.552557 1.45629787445
214.787927 1.4442179203
218.145105 9999
221.415558 1.45473408699
224.685629 1.45376086235
228.071695 1.4458899498
231.426633 9999
234.798507 9999
238.03314 1.44788813591
241.387948 9999
244.729271 9999
247.968053 1.45806002617
251.230433 1.44881296158
254.469768 1.4415268898
257.723702 1.4459900856
261.159213 1.44597196579
264.534896 9999
267.916581 9999
271.19495 1.46299576759
274.469001 1.45886087418
277.81719 9999
281.180619 9999
284.529007 9999
287.783716 1.44880414009
291.164085 9999.0
294.529725 1.44838285446
297.858113 9999
301.171764 9999
304.427766 1.44982409477
307.658159 1.4550909996
310.997457 9999
314.231942 1.43924498558
317.573525 9999
320.795217 1.44794797897
324.072812 1.45282101631
327.476638 1.45708489418
330.684934 1.4475839138
334.039257 9999
337.285957 1.44995999336
340.62887 9999
343.895028 1.44613909721
347.141084 1.45127105713
350.387856 1.44476914406
353.796032 1.45074677467
357.027378 1.44952106476
360.433419 1.44867300987
363.682301 1.44789791107
366.951793 1.44975996017
370.24544 1.45765590668
373.500898 1.45839285851
376.870472 9999
380.113012 1.45457696915
383.326391 1.44492197037
386.634932 9999
389.970264 9999.0
393.35303 1.46348381042
396.581699 1.45308995247
399.79374 1.44802999496
403.0004 1.45091915131
406.248849 1.46073698997
409.466149 1.45877814293
412.844748 9999
416.062269 1.45543980598
419.459652 9999
422.812649 9999.0
426.331069 9999
429.746982 9999
433.110888 9999
436.432552 9999
439.738544 1.45643496513
443.018661 1.44982004166
446.279984 1.44866704941
449.502835 1.45516514778
452.826295 9999
456.071581 1.45918416977
459.491849 1.45803380013
462.833608 9999
466.132663 1.45234799385
469.479374 9999
472.740308 1.45284700394
476.003338 1.45601701736
479.29075 1.45904994011
482.672335 9999
485.978425 1.46040797234
489.24704 1.46283197403
492.808531 9999
496.102785 1.45568203926
499.369181 1.4508960247
502.777248 1.54795908928
506.133278 1.48196387291
510.672136 1.45420408249
514.026933 9999
517.384735 9999
520.680043 1.46952199936
524.27699 9999
527.713153 9999
531.117742 9999
534.476587 9999
537.755353 1.47106599808
541.076669 1.48962402344
544.486212 9999
547.802036 1.48468995094
551.126291 1.48348808289
554.718633 9999
558.016364 1.48725199699
561.469928 1.51258087158
564.864197 9999
568.124236 1.45543694496
571.635962 9999
574.99891 9999
578.302701 1.47469305992
581.643269 1.49349212646
585.357364 9999
588.799266 9999
592.221388 9999
595.687422 9999
599.12321 9999
602.553995 9999
605.932095 1.46371293068
609.265343 1.47880601883
612.614142 1.46265792847
616.098975 9999
619.373129 1.47554802895
622.664678 1.50677585602
626.004606 1.48514294624
629.359348 9999
632.70243 1.49744200706
635.989214 1.47218894958
639.318045 1.52328419685
642.848526 9999.0
646.434497 9999
649.816499 9999
653.213829 9999
656.658909 9999
660.084767 9999
663.492196 9999
667.128038 9999
670.540311 9999
673.894803 9999.0
677.517051 9999
680.910616 9999
684.268275 9999
687.683347 9999
691.033877 9999
694.363605 9999
697.770067 9999
701.118658 9999
704.5498 9999.0
708.045547 9999
711.442013 9999
714.847376 9999
718.221525 9999
721.487826 1.44969701767
724.74729 1.45567202568
727.992657 1.45875501633
731.365251 9999
734.642529 1.47683882713
737.928825 1.4602060318
741.400599 1.46971297264
744.730567 1.46023082733
747.971154 1.45981502533
751.369954 9999
754.719784 1.46336603165
757.978205 1.45716500282
761.223565 1.47500610352
764.574694 9999
767.856923 1.47106695175
771.327082 9999.0
774.983489 9999
778.14035 1.45101881027
781.322251 9999
784.476106 1.44846796989
787.596963 1.45020699501
790.801437 9999
793.923174 1.45949101448
797.149527 9999
800.266629 1.45624899864
803.402872 1.45179414749
806.701352 1.45381593704
809.822631 1.45182800293
812.968471 1.44971013069
816.23463 9999
819.389856 1.45548510551
822.640445 1.46484708786
825.864015 9999
828.9935 1.45446300507
832.184719 1.45519280434
835.34951 1.45487880707
838.708809 1.46620583534
841.966822 9999
845.125284 1.4580450058
848.288635 1.45994615555
851.439219 1.45720601082
854.592997 1.45431995392
857.866756 9999
861.029889 1.45567822456
864.320422 9999
867.612202 1.45785808563
871.0761 1.45429706573
874.336206 1.45162677765
877.700615 9999
880.980001 1.45928502083
884.288776 1.46839094162
887.560533 1.47097492218
890.954819 9999
894.182858 9999
897.491239 9999
900.759568 9999.0
904.399387 9999
907.616357 9999
910.876948 9999
914.089943 9999
917.33088 9999
920.598558 9999
923.818504 9999
927.043995 9999
930.263629 9999
933.501181 9999.0
936.87241 9999
940.159299 9999
943.550355 9999
947.015271 9999
950.590418 9999
954.12042 9999
957.481159 9999
960.949339 9999
964.348903 9999.0
967.908619 9999
971.22667 9999
974.851582 9999
978.195164 9999
981.535552 9999
984.829019 9999
988.292204 9999
991.697978 9999
995.103247 9999.0
998.658963 9999
1002.041017 9999
1005.425541 9999
1008.846993 9999
1012.270022 9999
1015.661335 9999
1019.066762 9999
1022.448465 9999
1025.841128 9999.0
1029.429331 9999
1032.857821 9999
1036.278094 9999
1039.785249 9999
1043.279449 9999
1046.732392 9999
1050.462548 9999
1053.946567 9999
1057.378349 9999.0
1061.015406 9999
1064.486258 9999
1067.955689 9999
1071.378073 9999
1074.958898 9999
1078.355201 9999
1081.738283 9999
1085.148422 9999
1088.555701 9999.0
1092.179601 9999
1095.768216 9999
1099.181876 9999
1102.577533 9999
1105.96586 9999
1109.37568 9999
1112.790483 9999
1116.23808 9999
1119.678114 9999.0
1123.294957 9999
1126.676786 9999
1130.130173 9999
1133.569306 9999
1136.97322 9999
1140.485806 9999
1143.91953 9999
1147.394858 9999
1150.8517 9999.0
1154.5139 9999
1157.778139 9999
1161.05665 9999
1164.397346 9999
1167.716448 9999
1171.038778 9999
1174.33412 9999
1177.634023 9999
1181.441633 9999.0
1184.964622 9999
1188.281848 9999
1191.571178 9999
1194.87031 9999
1198.310997 9999
1201.834492 9999
1205.434451 9999
1208.754663 9999
1212.136179 9999.0
1215.647472 9999
1219.090031 9999
1222.527864 9999
1225.973301 9999
1229.3821 9999
1232.924227 9999
1236.389494 9999
1239.91329 9999
1243.38136 9999.0
1246.993481 9999
1250.43203 9999
1253.842592 9999
1257.191978 9999
1260.491507 9999
1263.790729 9999
1267.288336 9999
1270.684742 9999
1274.006544 9999.0
1277.611536 9999
1281.068618 9999
1284.583403 9999
1288.057188 9999
1291.919517 9999
1295.534757 9999
1299.010185 9999
1302.499934 9999
1305.914725 9999.0
1309.553753 9999
1313.024114 9999
1316.497445 9999
1319.894707 9999
1323.493858 9999
1327.015151 9999
1330.459397 9999
1333.883758 9999
1337.768179 9999.0
1341.427465 9999
1344.817717 9999
1348.190969 9999
1351.565422 9999
1354.965208 9999
1358.342671 9999
1361.657704 9999
1364.99546 9999
1368.352703 9999.0
1371.857506 9999
1375.186175 9999
1378.547343 9999
1381.903719 9999
1385.347064 9999
1388.69401 9999
1392.033178 9999
1395.508872 9999
1398.984727 9999.0
1402.507468 9999
1405.962546 9999
1409.362659 9999
1412.800752 9999
1416.33554 9999
1419.799033 9999
1423.236951 9999
1426.739448 9999
1430.208704 9999.0
1433.727097 9999
1437.082867 9999
1440.347998 9999
1443.628869 9999
1446.883456 9999
1450.178566 9999
1453.515501 9999
1456.826975 9999
1460.100087 9999
1463.41849 9999.0
1466.91086 9999
1470.326369 9999
1473.95768 9999
1477.390515 9999
1480.831617 9999
1484.302342 9999
1487.795497 9999
1491.371124 9999
1494.847462 9999.0
1498.693781 9999
1502.119466 9999
1505.53456 9999
1508.924325 9999
1512.324292 9999
1515.667197 9999
1519.837035 9999
1523.158327 9999
1526.495215 9999.0
1529.914159 9999
1533.196335 9999
1536.554824 9999
1539.965207 9999
1543.248386 9999
1546.568911 9999
1549.896653 9999
1553.283883 9999
1556.686469 9999.0
1560.269355 9999
1563.73368 9999
1567.055223 9999
1570.384061 9999
1573.744529 9999
1577.107602 9999
1580.454282 9999
1583.806076 9999
1587.180936 9999.0
1590.702723 9999
1593.995373 9999
1597.32767 9999
1600.864265 9999
1604.293565 9999
1607.714647 9999
1611.307942 9999
1614.680023 9999
1618.428308 9999.0
1622.318893 9999
1625.720186 9999
1629.13926 9999
1632.467513 9999
1635.82703 9999
1639.269413 9999
1642.765109 9999
1646.106055 9999
1649.442106 9999.0
1652.949167 9999
1656.237657 9999
1659.70172 9999
1663.040939 9999
1666.426283 9999
1669.893204 9999
1673.301353 9999
1676.68678 9999
1680.122232 9999.0
1683.646054 9999
1687.116621 9999
1690.546411 9999
1693.914387 9999
1697.305641 9999
1700.884405 9999
1704.404824 9999
1707.905973 9999
1711.975504 9999.0
1715.500962 9999
1718.918762 9999
1722.28354 9999
1725.608331 9999
1728.951195 9999
1732.409304 9999
1735.725362 9999
1739.091182 9999
1742.443278 9999.0
1746.070875 9999
1749.429791 9999
1752.800559 9999
1756.138415 9999
1759.530045 9999
1762.925345 9999
1766.401813 9999
1769.856392 9999
1773.262837 9999.0
1777.099233 9999
1780.528602 9999
1783.922897 9999
1787.254419 9999
1790.578926 9999
1793.95589 9999
1797.503024 9999
1800.904449 9999
1804.312915 9999.0
1807.850255 9999
1811.127645 9999
1814.460275 9999
1817.81823 9999
1821.138906 9999
1824.61588 9999
1828.068452 9999
1831.457539 9999
1834.842973 9999.0
1838.520726 9999
1841.848635 9999
1845.186954 9999
1848.547433 9999
1851.906947 9999
1855.306723 9999
1858.638252 9999
1862.322224 9999
1865.765579 9999.0
1869.297595 9999
1872.687262 9999
1876.191068 9999
1879.605193 9999
1883.079911 9999
1886.656978 9999
1890.038952 9999
1893.548179 9999
1896.982342 9999.0
1900.578292 9999
1903.937736 9999
1907.419093 9999
1910.868023 9999
1914.276992 9999
1917.706567 9999
1921.137286 9999
1924.593426 9999
1928.038734 9999.0
1931.631287 9999
1934.934864 9999
1938.24907 9999
1941.642854 9999
1945.077841 9999
1948.469099 9999
1951.988948 9999
1955.374893 9999
1958.900038 9999.0
1962.374906 9999
1965.832558 9999
1969.22004 9999
1972.523088 9999
1975.931603 9999
1979.385816 9999
1982.768482 9999
1986.163928 9999
1989.557055 9999.0
1993.135384 9999
1996.546733 9999
1999.905087 9999
2003.316322 9999
2006.738481 9999
2010.101467 9999
2013.50119 9999
2016.907165 9999
2020.357448 9999.0
2023.841508 9999
2027.216724 9999
2030.621984 9999
2033.945857 9999
2037.340021 9999
2040.784916 9999
2044.222242 9999
2047.574224 9999
2050.979785 9999.0
2054.459906 9999
2058.093562 9999
2061.439195 9999
2064.810813 9999
2068.124172 9999
2071.5024 9999
2074.909749 9999
2078.341537 9999
2081.816417 9999.0
2085.583961 9999
2089.013577 9999
2092.58856 9999
2096.960421 9999
2100.423397 9999
2103.843271 9999
2107.317239 9999
2110.804653 9999
2114.295021 9999.0
2117.967854 9999
2121.444394 9999
2124.85667 9999
2128.246851 9999
2131.670707 9999
2135.06512 9999
2138.510445 9999
2141.879357 9999
2145.256693 9999.0
2148.899691 9999
2152.261582 9999
2155.662791 9999
2159.037667 9999
2162.426965 9999
2165.841704 9999
2169.245486 9999
2172.904741 9999
2176.286423 9999.0
2179.894963 9999
2183.316182 9999
2186.764517 9999
2190.184254 9999
2193.601161 9999
2196.989069 9999
2200.356527 9999
2203.731545 9999
2207.197932 9999.0
2210.788412 9999
2214.238476 9999
2217.673885 9999
2221.077267 9999
2224.486908 9999
2227.929517 9999
2231.596773 9999
2235.058779 9999
2238.482169 9999.0
2242.144787 9999
2245.520794 9999
2248.932159 9999
2252.275194 9999
2255.632772 9999
2259.025271 9999
2262.367979 9999
2265.744567 9999
2269.208637 9999.0
2272.84342 9999
2276.241154 9999
2279.648841 9999
2283.048044 9999
2286.422334 9999
2289.858258 9999
2293.259901 9999
2296.700887 9999
2300.117096 9999.0
2303.736622 9999
2307.429358 9999
2310.842738 9999
2314.266109 9999
2317.672871 9999
2321.094272 9999
2324.472275 9999
2327.881711 9999
2331.279483 9999.0
2334.899187 9999
2338.333371 9999
2341.787427 9999
2345.210783 9999
2348.613294 9999
2352.022097 9999
2355.382436 9999
2358.782105 9999
2362.222961 9999.0
2365.719174 9999
2369.093554 9999
2372.447857 9999
2375.761107 9999
2379.188759 9999
2382.60996 9999
2386.047748 9999
2389.403957 9999
2392.849211 9999.0
2396.463439 9999
2399.901295 9999
2403.328304 9999
2406.745538 9999
2410.127032 9999
2413.571646 9999
2416.980283 9999
2420.414872 9999
2423.817417 9999.0
2427.478988 9999
2430.925814 9999
2434.354839 9999
2437.793093 9999
2441.190854 9999
2444.603084 9999
2448.005879 9999
2451.419829 9999
2454.859706 9999.0
2458.538355 9999
2461.943334 9999
2465.30154 9999
2468.676487 9999
2472.046967 9999
2475.470967 9999
2479.009302 9999
2482.439526 9999
2485.903553 9999.0
2489.538043 9999
2492.944644 9999
2496.359249 9999
2499.783518 9999
2503.205085 9999
2506.63715 9999
2510.060113 9999
2513.530292 9999
2516.967138 9999.0
2520.623882 9999
2524.370993 9999
2527.795556 9999
2531.166349 9999
2534.531038 9999
2537.924138 9999
2541.268278 9999
2544.604741 9999
2547.977758 9999.0
2551.538945 9999
2554.877187 9999
2558.24788 9999
2561.798933 9999
2565.491998 9999
2568.851561 9999
2572.156756 9999
2575.488134 9999
2578.85659 9999.0
2582.451068 9999
2585.741349 9999
2589.101323 9999
2592.420656 9999
2595.741127 9999
2599.077325 9999
2602.601674 9999
2605.966791 9999
2609.374488 9999.0
2612.984469 9999
2616.406513 9999
2619.734975 9999
2623.155108 9999
2626.549281 9999
2629.985363 9999
2633.328929 9999
2636.714722 9999
2640.086196 9999.0
2643.634892 9999
2646.990747 9999
2650.328318 9999
2653.728493 9999
2657.062911 9999
2660.444251 9999
2663.863965 9999
2667.20717 9999
2670.88704 9999.0
2674.419327 9999
2677.738909 9999
2681.066244 9999
2684.415997 9999
2687.735003 9999
2691.177644 9999
2694.515071 9999
2697.847685 9999
2701.193001 9999.0
2704.691768 9999
2708.027543 9999
2711.367664 9999
2714.75749 9999
2718.082435 9999
2721.446554 9999
2724.788071 9999
2728.146426 9999
2731.509045 9999.0
2735.083464 9999
2738.466232 9999
2741.839519 9999
2745.198643 9999
2748.544651 9999
2751.897919 9999
2755.260687 9999
2758.625433 9999
2762.010223 9999.0
2765.522078 9999
2768.888898 9999
2772.396652 9999
2775.882534 9999
2779.296155 9999
2782.676486 9999
2786.010864 9999
2789.382415 9999
2792.770973 9999.0
2796.411554 9999
2799.841653 9999
2803.207083 9999
2806.623181 9999
2810.048845 9999
2813.474328 9999
2816.87279 9999
2820.234072 9999
2823.65495 9999.0
2827.281507 9999
2830.682293 9999
2834.086173 9999
2837.494744 9999
2840.874563 9999
2844.352521 9999
2847.807371 9999
2851.261415 9999
2854.714445 9999.0
2858.360148 9999
2861.831565 9999
2865.299945 9999
2868.782069 9999
2872.281908 9999
2875.729037 9999
2879.139812 9999
2882.505132 9999
2885.923467 9999.0
2889.581595 9999
2892.996125 9999
2896.369262 9999
2899.745339 9999
2903.160357 9999
2906.57767 9999
2909.9651 9999
2913.380364 9999
2916.850683 9999.0
2920.489309 9999
2923.927191 9999
2927.327264 9999
2930.779689 9999
2934.206414 9999
2937.648005 9999
2941.062074 9999
2944.471303 9999
2947.873359 9999.0
2951.535786 9999
2954.978483 9999
2958.414707 9999
2961.866058 9999
2965.320565 9999
2968.773537 9999
2972.215572 9999
2975.640239 9999
2979.060694 9999.0
2983.1452 9999
2986.596229 9999
2990.030045 9999
2993.450922 9999
2996.885039 9999
3000.264382 9999
3003.827386 9999
3007.229063 9999
3010.62566 9999.0
3014.287167 9999
3018.10782 9999
3021.49481 9999
3024.913646 9999
3028.324992 9999
3031.753123 9999
3035.177682 9999
3038.874697 9999
3042.331431 9999.0
3045.917212 9999
3049.37362 9999
3052.831754 9999
3056.254447 9999
3059.687613 9999
3063.08448 9999
3066.508099 9999
3069.95772 9999
3073.388239 9999.0
3077.010637 9999
3080.469315 9999
3084.134431 9999
3087.607166 9999
3091.079941 9999
3094.588143 9999
3098.104192 9999
3101.519096 9999
3104.948453 9999.0
3108.513109 9999
3111.822101 9999
3115.220518 9999
3118.793711 9999
3122.252215 9999
3125.579414 9999
3128.897137 9999
3132.205275 9999
3135.523403 9999.0
3139.163697 9999
3142.425863 9999
3145.959802 9999
3149.322265 9999
3152.637687 9999
3156.020665 9999
3159.502305 9999
3163.00172 9999
3166.507181 9999.0
3170.213011 9999
3173.646218 9999
3177.086757 9999
3180.365734 9999
3183.655714 9999
3186.94446 9999
3190.335715 9999
3193.667322 9999
3196.942113 9999.0
3200.464432 9999
3203.777187 9999
3207.160101 9999
3210.578383 9999
3214.021399 9999
3217.421366 9999
3220.813426 9999
3224.19708 9999
3227.564894 9999.0
3231.14212 9999
3234.561141 9999
3238.009207 9999
3241.53313 9999
3245.206048 9999
3248.5175 9999
3251.766431 9999
3255.182364 9999
3258.590652 9999.0
3262.003056 9999
3265.475949 9999
3268.886585 9999
3272.229728 9999
3275.513639 9999
3278.780176 9999
3282.117033 9999
3285.702945 9999
3289.029503 9999.0
3292.530402 9999
3295.818456 9999
3299.176191 9999
3302.560077 9999
3305.944731 9999
3309.37421 9999
3312.791801 9999
3316.210769 9999
3319.665594 9999.0
3323.339859 9999
3326.664854 9999
3330.280787 9999
3333.562665 9999
3336.950921 9999
3340.457444 9999
3343.824593 9999
3347.082111 9999
3350.409925 9999.0
3353.996505 9999
3357.346197 9999
3360.770983 9999
3364.100994 9999
3367.529196 9999
3370.92818 9999
3374.305938 9999
3377.6647 9999
3381.089456 9999.0
3384.890419 9999
3388.312123 9999
3391.704468 9999
3395.056681 9999
3398.486984 9999
3401.929537 9999
3405.438721 9999
3408.856811 9999
3412.17857 9999.0
3415.784407 9999
3419.144969 9999
3422.677158 9999
3426.117104 9999
3429.577561 9999
3433.060241 9999
3436.464866 9999
3439.884309 9999
3443.2455 9999.0
3446.798015 9999
3450.147212 9999
3454.196571 9999
3457.631294 9999
3461.068378 9999
3464.337478 9999
3467.663997 9999
3471.093832 9999
3474.439523 9999.0
3478.100118 9999
3481.505832 9999
3484.943356 9999
3488.356578 9999
3491.738326 9999
3495.193611 9999
3498.594947 9999
3501.995476 9999
3505.467672 9999.0
3508.987061 9999
3512.334702 9999
3515.65236 9999
3518.965147 9999
3522.260716 9999
3525.591095 9999
3528.930405 9999
3532.200686 9999
3535.465789 9999
3538.731311 9999.0
3542.265659 9999
3545.497311 9999
3548.760521 9999
3552.116775 9999
3555.514721 9999
3558.929884 9999
3562.243031 9999
3565.659068 9999
3568.962199 9999
3572.475293 9999
3575.866769 9999
3579.197672 9999
3582.553185 9999
3585.86973 9999
3589.172703 9999
3592.547588 9999
3595.960794 9999
3599.406929 9999.0
3603.189358 9999
