8.329558 6.2840628624
17.450413 7.00023913383
25.750748 6.21198797226
33.937636 6.10518217087
42.711164 6.55668187141
50.989088 6.20996999741
59.297121 6.21114397049
67.62314 6.23844790459
75.970328 6.16435313225
84.173714 6.13931488991
92.046735 5.78058600426
100.336793 6.20698904991
108.730175 6.18266391754
117.415827 6.58783793449
125.376488 5.85770583153
133.969434 6.50208711624
142.383307 6.21386814117
151.346005 6.86993193626
159.593328 6.13514399529
167.885237 6.21115708351
176.412089 6.29743218422
184.693763 6.18280887604
192.620575 5.83631801605
201.28646 6.59283494949
209.675425 6.17994499207
217.898527 6.14839887619
226.519431 6.51945304871
234.818804 6.19119000435
242.975227 9999
251.435976 9999
259.714234 6.18701601028
267.959313 6.14821100235
276.581163 9999
285.2187 6.55959701538
293.738299 9999
301.766402 9999.0
309.634656 5.63501906395
317.82606 6.08934807777
325.772819 5.81639504433
334.070928 6.19835186005
342.447466 6.13697004318
350.25968 5.70090198517
358.776705 6.39136505127
366.78668 5.87897491455
375.368053 9999
383.249158 5.79529094696
392.015507 9999
399.818702 5.72405290604
407.806652 5.76002883911
415.583563 5.68527913094
424.126589 6.47071003914
432.767368 6.54306602478
441.146838 6.16298699379
450.086555 6.86184215546
458.427721 6.24370908737
466.7863 6.2600479126
475.170569 6.1691160202
483.791867 6.57062911987
492.023231 6.11277794838
499.891903 5.79146194458
508.302378 6.20815181732
516.108449 5.71748590469
524.717975 6.48573803902
532.512309 5.70472311974
541.754252 7.0262389183
550.51658 6.63379096985
558.792876 6.15365791321
567.268197 6.37895917892
576.092502 6.58643102646
584.488031 6.27480506897
592.3746 5.77855992317
601.149795 6.69108009338
609.071953 5.70527100563
617.774989 6.60264205933
626.056841 6.18351888657
634.226497 6.08091306686
642.557035 6.10328102112
650.842307 6.18806791306
659.112638 6.17769908905
666.911253 5.71053385735
675.790689 6.65727996826
684.179919 9999
692.330527 6.05154490471
700.73853 6.27332305908
710.026535 9999
718.264185 6.12488603592
726.459248 6.1400539875
734.674927 6.11251521111
742.740046 5.8096241951
751.418548 6.56820297241
759.663783 6.13200998306
768.084904 6.31237220764
777.154205 9999
784.98114 5.71124696732
793.264525 6.16619420052
801.604378 6.22893214226
809.558064 5.75253105164
817.844463 6.18859601021
826.133976 6.18063592911
834.523309 6.28946304321
842.964515 6.22601795197
851.246042 6.18463206291
859.167392 5.82537388802
867.599239 6.33231496811
875.606973 5.79000782967
884.379021 6.66247296333
892.3107 5.81033205986
901.038285 6.62225317955
910.259519 6.98642778397
918.810734 9999
926.70343 5.77743601799
935.276819 6.49374604225
943.735753 6.22905611992
951.953787 6.11949300766
959.719391 5.67354607582
968.666552 6.83306694031
977.007744 6.11584377289
985.684448 6.60648298264
994.030618 6.21171593666
1002.360164 6.23081088066
1011.149421 6.57524704933
1019.457561 6.21643805504
1027.806292 6.23939013481
1036.099092 6.19124007225
1044.521877 6.1904361248
1053.014767 9999
1061.232906 6.11943817139
1069.513435 6.16275310516
1078.552778 6.84866309166
1087.351035 9999
1095.647076 6.19701194763
1104.00904 6.27411007881
1112.721805 6.52952504158
1121.296427 6.4697060585
1130.00973 6.57887291908
1138.238024 6.13056206703
1146.986879 9999
1155.569819 6.49077892303
1164.099131 9999
1172.510324 6.32422494888
1180.890976 6.12679600716
1189.194191 6.21118402481
1198.260162 6.95196199417
1206.835779 6.46053600311
1215.333204 6.27227401733
1224.331119 6.88874292374
1232.701029 6.24688601494
1240.550442 5.7570579052
1248.616769 5.85052108765
1256.607808 5.87306189537
1265.046667 9999
1273.083331 5.90823888779
1281.650974 9999
1289.567495 5.80354404449
1298.741779 7.07501602173
1307.358148 6.53404998779
1315.867611 6.28744101524
1324.250088 6.2761991024
1332.060185 5.69876194
1340.43763 6.26638913155
1348.950736 6.29068398476
1357.428147 6.37528896332
1366.444002 6.8941218853
1374.788134 6.24834609032
1382.918983 5.9021191597
1391.618329 6.56993079185
1399.960509 6.22870612144
1408.648902 6.57256007195
1416.681331 5.79838895798
1424.970093 6.19769001007
1433.223668 6.15234398842
1441.575161 6.25669693947
1450.907226 9999
1458.809104 5.79041194916
1467.141907 6.20143485069
1475.645733 9999.0
1483.662934 5.79329800606
1492.380759 6.6348772049
1500.739741 6.23797297478
1509.279522 6.45026707649
1518.145147 6.61774110794
1526.764156 6.52088499069
1535.112832 6.22367191315
1543.29887 6.09772396088
1551.336032 5.76483607292
1560.134132 6.69006800652
1568.47186 6.22641515732
1576.710543 6.14368796349
1585.270429 6.23094987869
1593.91166 6.56704998016
1602.13465 6.11273503304
1610.575428 6.30975317955
1619.29336 6.47425580025
1627.720368 6.35085582733
1636.124277 6.30276203156
1644.493774 6.27027797699
1653.478965 6.64880800247
1662.100197 6.52500605583
1670.102251 5.91712093353
1678.360769 6.15949892998
1687.170332 6.6103708744
1695.149807 5.8918159008
1703.239309 9999
1711.730535 6.38127708435
1720.559168 6.60565090179
1729.259836 6.59972596169
1737.966144 6.59276390076
1746.308902 6.2429060936
1755.194966 6.53476190567
1762.765713 5.44522309303
1771.475191 6.59963989258
1779.728776 6.14451313019
1788.270817 6.30142903328
1796.57345 6.18431591988
1804.865805 6.20417094231
1813.582768 6.60276198387
1822.541002 9999
1830.410126 5.75968909264
1838.678444 6.18348312378
1846.437972 5.66185092926
1855.264354 6.59760212898
1863.864236 6.492882967
1871.95138 9999
1880.151923 6.10262012482
1888.802131 6.42660498619
1897.031596 6.11573386192
1905.863524 6.72823500633
1914.601197 6.60368490219
1922.989968 6.17473602295
1930.752375 5.65304303169
1939.322674 6.44271802902
1947.614149 6.17516708374
1956.037305 6.19083404541
1964.365067 6.20767807961
1972.148482 5.6692481041
1981.125749 9999.0
1989.102831 5.74962091446
1997.482923 6.27250289917
2005.455333 5.8694999218
2013.383397 5.79261898994
2022.216725 6.61476182938
2030.558795 6.24348807335
2039.022086 6.33677387238
2047.280369 6.12499785423
2055.255733 5.7153699398
2063.085876 5.70972514153
2071.402913 6.21227002144
2079.997626 6.49211597443
2088.505108 6.28306603432
2096.834693 6.20964503288
2105.163731 6.22102093697
2113.147871 5.84938693047
2121.733981 6.25566291809
2130.398904 6.55562615395
2138.76011 6.2459051609
2146.769279 5.90835595131
2155.1358 6.11238598824
2162.864448 5.68724584579
2170.672175 5.7012398243
2179.330713 6.55532503128
2187.726674 6.14661598206
2196.039125 6.20114612579
2204.496149 9999
2212.775112 6.14985990524
2221.286738 6.29048395157
2229.875565 9999
2238.181195 6.19963693619
2247.039248 9999.0
2255.785883 6.48135304451
2264.049815 6.16229104996
2272.33781 6.14605903625
2280.749327 6.30806207657
2289.19452 6.19399213791
2297.686198 6.37574696541
2306.299388 6.52124786377
2314.166712 5.75460004807
2322.477909 6.09647607803
2330.43544 5.85665678978
2338.917935 6.3597869873
2346.702666 5.75859689713
2355.073174 6.09978795052
2363.654668 9999
2372.443231 6.67590308189
2380.24209 5.71589493752
2388.233468 5.74083304405
2396.683933 6.33383703232
2405.273341 6.47871685028
2413.347016 5.95304083824
2422.299242 6.68590188026
2430.499412 6.09423398972
2439.115796 6.50010514259
2447.537631 6.32711791992
2456.026403 6.22454285622
2464.616924 6.48633313179
2472.925461 6.18078899384
2481.294146 6.25413894653
2489.483212 5.82008504868
2498.295229 6.68225097656
2506.941159 6.52307796478
2514.820216 5.78102397919
2523.401717 6.34823203087
2532.003422 6.51725006104
2540.239885 6.14948511124
2548.960453 6.63248705864
2557.426377 6.19286990166
2565.65609 6.12197399139
2573.624686 5.85204195976
2582.319615 6.58100390434
2590.419581 5.802754879
2598.773582 6.24644398689
2607.146077 6.25570702553
2615.131018 5.88136601448
2623.761025 6.26415491104
2632.354741 6.49721598625
2640.804229 6.33792686462
2649.178646 6.26134419441
2658.062874 6.52250409126
2665.988783 5.79662203789
2674.265714 6.14907097816
2682.80784 6.45314502716
2690.843977 5.75334715843
2698.905404 9999
2707.195895 6.17793893814
2715.062093 5.76021289825
2724.019843 9999
2732.244784 6.11335515976
2740.003437 5.64652514458
2748.310063 6.20356202126
2756.839063 6.1915268898
2765.450344 6.49204182625
2773.971478 9999
2781.883946 5.77272987366
2790.52729 6.39819717407
2798.829342 6.18819403648
2806.902173 5.95235204697
2815.24951 6.2386739254
2823.406927 5.91424202919
2831.334048 5.83243703842
2839.708137 6.23549890518
2847.909974 6.10257005692
2856.489943 6.32100701332
2864.885643 6.28335189819
2872.781529 5.78033900261
2881.233074 6.36063623428
2889.602071 6.12106394768
2898.443534 9999
2906.352547 5.78235602379
2915.076411 6.64041996002
2923.038244 5.70238494873
2931.642942 6.51355981827
2940.374964 6.61377000809
2948.968494 6.47798705101
2957.689952 6.48213291168
2966.30075 6.494617939
2974.212959 5.78152394295
2982.12049 5.80434298515
2990.606171 6.25749492645
2999.265728 6.55281400681
3007.151176 5.78032898903
3015.48519 6.22727918625
3023.939577 6.21688485146
3031.734051 5.7012321949
3040.438811 6.58390522003
3048.374077 5.82699012756
3056.893027 6.25679206848
3065.24352 6.23015999794
3073.17788 5.82843804359
3081.544112 6.26050400734
3090.273496 6.49767708778
3098.901389 6.49739003181
3107.115779 6.10715913773
3115.465097 6.23823809624
3123.852423 6.14885687828
3132.11866 6.14879202843
3140.014883 5.78320097923
3148.295721 6.16748714447
3156.281789 5.72922992706
3164.541586 6.16118311882
3172.746638 6.1949570179
3181.019275 6.16892194748
3189.65207 9999
3197.554806 5.78206086159
3205.875265 6.20505595207
3214.487368 6.50915694237
3222.947774 6.19829106331
3231.25951 6.1893029213
3239.461248 6.09354996681
3247.909638 6.32342815399
3256.359343 6.21700882912
3264.880721 6.41051292419
3272.99055 5.99440717697
3281.238676 6.12768983841
3289.737226 6.24106097221
3297.954448 6.11760997772
3307.046804 6.97295713425
3315.681033 6.52903413773
3323.708184 5.77273488045
3331.891751 6.07895994186
3340.184199 6.18616700172
3348.661968 6.34295201302
3357.149344 6.23592114449
3365.647623 9999
3374.387617 6.61241984367
3382.153416 5.67316579819
3390.611713 6.18551301956
3398.940511 6.19691801071
3407.357 6.27364993095
3416.068074 6.60763192177
3424.615593 6.17147803307
3432.814617 6.09023690224
3441.574042 6.65004897118
3449.889815 6.19361209869
3458.668294 6.51919412613
3466.549905 5.76023507118
3474.837357 6.17064595222
3483.117331 6.16330289841
3491.58268 6.20261788368
3499.404472 5.7058570385
3507.293529 5.75641298294
3515.547522 6.15524291992
3523.631336 5.7177529335
3531.483489 5.73082613945
3539.800794 6.17969894409
3548.474585 6.55960988998
3557.108508 9999
3565.5378 6.3136510849
3574.05814 9999
3581.954933 5.82915902138
3590.450997 6.21050310135
3599.066418 6.51340103149
3607.32357 6.19663310051
