12.488523 9999
25.079141 9999
37.92212 9999.0
50.463337 9999
62.871663 9999
75.362017 9999.0
87.854245 9999
100.214123 9999
112.504395 9999.0
125.082092 9999
137.686222 9999
149.978012 9999.0
162.537972 9999
174.981815 9999
187.3375 9999.0
200.161098 9999
212.669789 9999
225.266346 9999.0
237.653425 9999
249.945178 9999
262.252637 9999.0
274.978587 9999
287.52331 9999
299.794748 9999.0
312.052306 9999
324.260401 9999
336.620189 9999.0
348.828298 9999
361.336285 9999
373.526827 9999.0
385.818018 9999
398.343247 9999
410.584283 9999.0
422.792327 9999
435.267 9999
447.641586 9999.0
460.200278 9999
472.658804 9999
484.733673 9999.0
497.125 9999
509.566285 9999
522.024391 9999.0
534.06621 9999
546.541647 9999
558.782299 9999.0
571.257936 9999
583.465574 9999
595.374374 9999.0
607.797649 9999
619.825958 9999
632.450335 9999.0
644.708347 9999
657.048031 9999
669.105988 9999.0
681.730478 9999
693.854541 9999
705.879093 9999.0
718.154612 9999
730.611903 9999
742.737521 9999.0
754.945669 9999
767.203272 9999
779.56241 9999.0
792.00324 9999
804.013005 9999
816.453125 9999.0
828.926713 9999
841.002666 9999
853.34409 9999.0
865.668331 9999
877.67683 9999
889.652711 9999.0
901.775667 9999
913.8163 9999
926.324392 9999.0
938.565983 9999
950.807154 9999
963.16739 9999.0
975.608091 9999
987.884028 9999
1000.240384 9999.0
1012.565993 9999
1025.107432 9999
1037.214992 9999.0
1049.607392 9999
1061.964095 9999
1074.223803 9999.0
1086.280417 9999
1098.723202 9999
1111.031206 9999.0
1123.339939 9999
1135.363557 9999
1147.754652 9999.0
1160.21366 9999
1172.47128 9999
1184.712045 9999.0
1196.737517 9999
1208.929423 9999
1221.203195 9999.0
1233.266177 9999
1245.403773 9999
1257.744627 9999.0
1269.752436 9999
1282.177712 9999
1294.3343 9999.0
1306.413384 9999
1318.785533 9999
1331.129878 9999.0
1343.168286 9999
1355.675346 9999
1367.653909 9999.0
1380.146045 9999
1392.350104 9999
1404.508265 9999.0
1416.850368 9999
1429.307362 9999
1441.716128 9999.0
1453.858991 9999
1465.831643 9999
1478.209541 9999.0
1490.34881 9999
1502.456076 9999
1514.41484 9999.0
1526.772258 9999
1538.981703 9999
1550.905044 9999.0
1563.629309 9999
1575.588428 9999
1588.046673 9999.0
1601.104507 9999
1613.413846 9999
1625.820324 9999.0
1638.096343 9999
1650.237203 9999
1662.379383 9999.0
1674.9538 9999
1687.34488 9999
1699.670418 9999.0
1712.077598 9999
1724.053214 9999
1736.478346 9999.0
1748.585152 9999
1760.54404 9999
1772.502111 9999.0
1785.193914 9999
1798.352225 9999
1810.643139 9999.0
1823.102512 9999
1835.37656 9999
1847.584788 9999.0
1859.77857 9999
1871.935345 9999
1884.176019 9999.0
1896.733954 9999
1909.10997 9999
1921.550615 9999.0
1933.741752 9999
1946.100008 9999
1958.325821 9999.0
1970.283243 9999
1982.357576 9999
1994.764545 9999.0
2006.807875 9999
2018.76461 9999
2030.872154 9999.0
2043.08027 9999
2055.021426 9999
2067.431446 9999.0
2079.922484 9999
2092.196065 9999
2104.537801 9999.0
2116.761706 9999
2129.121827 9999
2141.181658 9999.0
2153.319823 9999
2165.444606 9999
2177.503147 9999.0
2190.078195 9999
2202.002646 9999
2214.009873 9999.0
2226.385604 9999
2238.459152 9999
2250.685829 9999.0
2262.82647 9999
2274.783492 9999
2286.825288 9999.0
2298.999281 9999
2311.057499 9999
2323.285939 9999.0
2335.890992 9999
2347.898898 9999
2360.173116 9999.0
2372.565292 9999
2384.556488 9999
2396.917405 9999.0
2409.572671 9999
2421.864316 9999
2434.206087 9999.0
2446.747757 9999
2458.691603 9999
2470.66589 9999.0
2482.854406 9999
2494.896179 9999
2507.103835 9999.0
2519.513817 9999
2531.503285 9999
2543.862119 9999.0
2556.473516 9999
2568.764353 9999
2580.671161 9999.0
2593.310351 9999
2605.468921 9999
2617.811439 9999.0
2630.30598 9999
2642.228078 9999
2654.619242 9999.0
2666.81022 9999
2679.203679 9999
2691.510648 9999.0
2704.200946 9999
2716.125401 9999
2728.466349 9999.0
2740.559882 9999
2752.816374 9999
2764.8918 9999.0
2777.48271 9999
2789.857392 9999
2802.216709 9999.0
2814.841417 9999
2827.235725 9999
2839.173771 9999.0
2851.535085 9999
2863.691138 9999
2875.966094 9999.0
2888.157057 9999
2900.349427 9999
2912.53868 9999.0
2924.598791 9999
2936.971798 9999
2949.230376 9999.0
2961.304416 9999
2973.312152 9999
2985.755299 9999.0
2998.195194 9999
3010.454012 9999
3024.830106 9999.0
3036.953585 9999
3049.313552 9999
3061.571997 9999.0
3074.11274 9999
3086.371442 9999
3098.695456 9999.0
3111.137601 9999
3123.512936 9999
3135.769834 9999.0
3148.094694 9999
3160.519773 9999
3172.763107 9999.0
3185.002427 9999
3197.311707 9999
3209.535074 9999.0
3221.977693 9999
3234.287253 9999
3246.594759 9999.0
3258.785072 9999
3271.076836 9999
3283.220894 9999.0
3295.576238 9999
3307.984676 9999
3323.328045 9999.0
3335.869083 9999
3348.226204 9999
3360.454567 9999.0
3372.64326 9999
3384.46768 9999
3398.881033 9999.0
3411.385503 9999
3423.779153 9999
3436.03488 9999.0
3448.412068 9999
3460.319816 9999
3472.426539 9999.0
3484.951557 9999
3497.226325 9999
3509.517857 9999.0
3521.907806 9999
3534.233406 9999
3546.095945 9999.0
3558.699128 9999
3570.724947 9999
3582.932789 9999.0
3595.506498 9999
3607.616838 9999
