8.345326 6.36409497261
17.084354 6.64258503914
25.758245 6.50238990784
34.924598 7.00815796852
44.622206 9999
53.797481 7.06745314598
62.986458 7.05268192291
71.610297 6.52197480202
80.035758 6.2025270462
89.124715 6.96638393402
98.272365 7.0279841423
107.065617 6.68793511391
116.542423 7.23982691765
125.204715 6.54786896706
133.917451 6.5931289196
143.044985 7.00302481651
152.602988 7.3543908596
160.773344 6.05401206017
169.656755 6.77236509323
178.774122 7.03736495972
187.302968 6.29097485542
196.352847 6.93581700325
204.67733 6.20970892906
213.449029 6.66162419319
222.317979 6.62798810005
231.03121 6.60508108139
239.593455 6.4610080719
248.652555 6.94817304611
257.688815 6.840102911
266.715412 6.90140795708
276.197929 7.39248490334
285.328048 7.01315307617
294.582633 6.99958395958
304.035217 7.34848093987
313.117692 6.94989180565
321.079839 5.86611390114
330.290194 6.97320604324
339.052526 6.63665294647
348.131864 6.96007704735
356.983224 6.75850486755
366.169527 6.95517802238
375.418334 9999
384.50698 6.98792886734
393.653644 7.04756498337
402.422021 6.53614592552
411.519996 6.98550200462
420.27353 6.61016702652
429.822573 7.47552609444
439.026911 6.95489001274
447.431192 6.30288100243
456.32241 6.79037499428
464.958144 6.53996491432
473.693445 6.49528694153
482.88715 9999
491.152063 6.14842295647
499.769778 6.49631810188
509.036338 7.04100608826
518.152806 7.00249695778
526.926627 6.66787910461
535.239132 6.20177102089
544.683024 7.21483612061
553.462888 6.6660990715
562.922686 7.33174085617
572.384283 7.35382294655
581.665681 7.04209804535
590.469413 6.68081188202
598.849194 6.26578307152
608.03311 7.06316208839
617.265054 6.98946690559
626.012428 6.64397501945
634.678579 6.54039502144
644.861381 8.06753587723
654.235622 9999
662.969304 6.6116399765
672.08141 6.99799489975
681.133993 6.94657802582
690.138636 9999
698.852716 6.61994314194
708.318908 7.3195579052
717.445897 6.99151301384
726.546954 6.96602296829
735.208513 6.56751084328
744.300764 6.98248004913
753.099508 6.69788718224
762.441699 9999
771.142068 6.57480692863
779.541569 6.28116607666
788.419642 6.78448009491
797.253019 6.6313188076
805.643039 6.28683996201
814.260057 6.46986103058
823.765211 9999.0
832.202533 6.16909599304
841.182706 6.87691307068
850.702578 7.38555407524
859.49912 9999.0
868.67201 6.93249988556
877.903133 7.11806893349
886.535658 6.51843500137
895.633341 6.98174214363
904.576548 6.69280314445
913.223544 6.53872418404
921.93771 6.600867033
931.089843 7.03869199753
940.206499 9999
948.983019 6.66205716133
957.735989 6.56979799271
966.25985 9999.0
975.248958 9999
984.725944 7.34339594841
993.733667 6.89420604706
1002.367459 6.51876711845
1011.292781 6.66882491112
1020.391484 6.94404911995
1029.515924 6.96455192566
1038.134543 6.51926183701
1047.083835 6.72053194046
1056.233229 7.05066204071
1065.415652 7.05675506592
1074.148242 9999.0
1083.09329 6.69501805305
1091.226454 6.00985407829
1099.961536 6.60007095337
1108.211302 6.15641903877
1117.725472 7.27572989464
1126.804599 6.97057700157
1135.496811 6.57279205322
1144.305252 6.63222694397
1153.851254 7.31092095375
1163.365805 7.40652608871
1172.126836 6.62845492363
1180.850216 6.59160995483
1189.607859 6.52251815796
1198.521966 6.81633114815
1207.77878 7.05538201332
1216.455666 6.58346199989
1225.104095 6.40878796577
1233.862406 6.64974212646
1242.970435 7.00557684898
1252.437041 7.37325191498
1261.744553 6.99223184586
1270.825183 6.9245159626
1279.480616 6.62958502769
1289.009008 7.42681312561
1297.806434 6.63692212105
1306.187429 6.22109985352
1315.116288 6.7956469059
1324.260416 7.05953192711
1333.069068 6.5578918457
1341.829451 6.65724992752
1350.955728 7.00216412544
1359.371473 9999.0
1368.61009 7.06234502792
1377.162801 6.49896597862
1386.592844 7.31740188599
1395.749139 7.0429558754
1405.04527 6.99014186859
1414.269997 7.09904003143
1422.866488 6.4990530014
1431.908179 6.91028285027
1440.484129 6.35442304611
1449.534871 6.9346511364
1457.846459 6.19073081017
1467.372127 7.39449501038
1476.219376 6.55612897873
1484.826055 6.5124399662
1494.421802 7.46799707413
1503.19267 6.67219305038
1511.996099 6.50388097763
1520.376065 6.26420903206
1529.086996 6.60314798355
1537.297933 6.0917057991
1546.193416 6.57253408432
1555.351851 7.05977106094
1564.464512 9999
1573.150725 6.53674006462
1582.909422 9999
1591.613185 6.5928709507
1600.240303 6.50639605522
1609.784103 7.41744089127
1619.038019 6.97811603546
1628.054508 6.9191069603
1636.787211 6.63681793213
1645.937118 7.02562189102
1655.39749 9999
1664.161034 6.62211608887
1672.908127 6.62582707405
1681.953891 6.92093896866
1690.919799 6.71577501297
1699.74628 6.70015978813
1709.080641 7.2152299881
1717.898348 6.71108794212
1727.121918 6.98186707497
1736.036703 6.79875993729
1744.646772 6.51148295403
1752.934146 6.18366193771
1761.939727 6.74028205872
1771.170676 7.09441184998
1780.705392 7.40174102783
1789.70025 6.88666200638
1798.269078 9999
1807.998173 7.6297249794
1817.09603 7.07403111458
1826.321929 7.08992981911
1835.457143 6.87375593185
1844.23928 6.67189908028
1853.442493 7.09397506714
1863.002581 7.44239997864
1872.344665 7.0606110096
1881.058487 6.6129720211
1890.546689 7.37633800507
1899.219145 6.53968501091
1907.776058 9999
1916.593835 6.70733809471
1925.377575 6.66141915321
1934.946202 7.44881081581
1943.073237 5.85995388031
1951.818433 6.64440083504
1961.043698 7.07339382172
1970.361511 9999.0
1979.219665 6.58682608604
1988.598732 7.27413702011
1997.963858 9999
2007.063919 6.99756908417
2016.285722 6.95524215698
2025.579789 9999
2034.792926 7.08400607109
2043.534993 6.62222909927
2053.249904 7.44248914719
2062.381496 6.98395586014
2071.503008 6.97405791283
2080.621551 6.99123978615
2089.402485 6.52773499489
2098.515448 7.01501297951
2107.432222 6.76986718178
2116.376614 6.81797409058
2125.273827 6.61928486824
2134.600435 9999
2143.657685 6.94863200188
2152.808115 6.99549388885
2162.074965 6.96611905098
2171.497075 7.30495500565
2180.204074 9999
2189.622751 7.28565907478
2198.710519 6.86394906044
2207.558028 6.72394490242
2216.412045 6.72830510139
2225.104427 6.58063101768
2233.48892 6.18805885315
2242.330502 9999
2251.122985 6.68040204048
2260.323688 7.07731509209
2269.007897 9999
2278.142046 6.98346805573
2286.822698 6.54682683945
2295.715357 9999.0
2304.618736 6.64441585541
2313.797518 7.07124590874
2322.430851 6.52139997482
2331.176273 6.62099194527
2340.120552 6.69476509094
2348.677542 6.45949196815
2358.216257 7.41930699348
2366.929645 6.60381913185
2376.340012 7.18901515007
2385.568287 7.12630295753
2393.761735 6.05941605568
2402.989342 7.12185502052
2412.685277 7.47254800797
2422.259045 7.47827506065
2431.418616 7.03864407539
2440.518465 6.97388792038
2449.017634 6.2463259697
2457.406626 6.28284096718
2466.102594 6.5539329052
2474.798409 6.57857012749
2483.922567 6.90757489204
2492.704081 6.66350698471
2501.938339 7.07601809502
2510.671174 6.56777906418
2519.937125 7.01677298546
2529.018537 6.95008111
2537.524106 9999
2546.219809 6.58910298347
2555.1499 6.6991648674
2563.864611 6.59232592583
2572.582264 6.5884680748
2581.669082 6.98576688766
2590.59662 6.6702671051
2600.071219 7.36304593086
2609.239268 7.07354092598
2618.333616 6.97425794601
2627.200013 6.63223099709
2635.92752 6.60600996017
2645.395185 9999
2654.426216 6.87924790382
2663.77549 9999
2672.953211 7.05819010735
2681.590402 6.51436090469
2690.773651 7.05847215652
2700.396995 9999
2709.069438 6.56344199181
2717.82652 6.63617300987
2726.974809 7.02594089508
2735.848307 6.57690095901
2744.260161 9999
2753.328457 6.97334003448
2762.47344 7.01738381386
2770.762172 6.04282903671
2779.371635 6.52011609077
2788.511558 7.01921486855
2797.91093 7.28097605705
2807.243 7.07420802116
2815.51248 6.15140390396
2823.727222 6.06996202469
2833.074942 9999.0
2842.321793 6.9831571579
2851.989929 7.52764487267
2860.69884 6.56660509109
2869.074236 6.27171301842
2878.353375 7.01322698593
2887.445248 6.97814297676
2896.600442 7.06100606918
2905.062883 9999.0
2914.347797 7.03394412994
2923.0953 6.62515807152
2932.178967 6.95011806488
2941.200373 6.90456700325
2949.613162 6.2107231617
2959.103378 7.35190010071
2968.0782 6.85309910774
2978.021594 9999.0
2987.152682 6.93466997147
2996.645269 7.36221218109
3005.717821 6.95603299141
3014.355715 6.51554203033
3023.613735 7.02137207985
3032.393662 6.64115190506
3041.123681 6.62331295013
3050.585531 7.34652400017
3059.72564 6.90075516701
3068.36956 6.53191804886
3077.619185 7.11108398438
3086.918601 7.16501808167
3095.723861 6.5283741951
3103.892621 6.08118486404
3113.360529 7.37374711037
3121.598846 6.13984799385
3130.375674 6.53861093521
3139.134676 6.62351799011
3148.2437 6.97160601616
3156.578044 6.21939206123
3165.805259 6.99152302742
3174.907366 6.97521710396
3183.604392 6.58271217346
3192.774861 7.07939386368
3201.54219 6.52836799622
3210.304699 6.63899207115
3219.314099 6.89710903168
3228.527664 7.06993985176
3237.00407 6.24896216393
3246.413076 7.32485294342
3255.382411 9999
3264.024187 6.53835201263
3273.352596 7.04524993896
3282.503133 7.01849889755
3291.568713 6.95584082603
3299.765289 6.10106396675
3308.88278 6.90449595451
3318.347769 7.35476994514
3327.07942 6.58550095558
3336.238067 7.02548503876
3344.723116 6.20371103287
3353.860448 7.03289794922
3362.982511 7.07713699341
3371.809212 9999.0
3381.419189 9999
3390.620889 9999
3399.762297 7.00530481339
3408.234118 6.38088202477
3417.101576 6.61711001396
3426.295178 7.08450698853
3435.354504 6.93278503418
3443.989276 6.50125098228
3453.962602 7.7070980072
3463.114221 7.03937721252
3472.450294 7.24745893478
3480.776749 6.20868182182
3489.995518 6.97610211372
3499.076943 6.97160696983
3507.89838 6.68275094032
3516.557696 6.52278208733
3525.461326 6.68620920181
3533.764087 6.18336296082
3542.395004 6.48559093475
3551.50743 6.97341108322
3560.883254 9999
3569.086273 6.08490610123
3577.738341 6.55123019218
3585.942181 6.07945394516
3595.140237 6.94478106499
3604.653355 9999
