8.908788 9999
16.87916 9999
25.381629 9999
34.037658 6.52100300789
42.963474 9999
51.668661 6.58069396019
60.391006 6.56493210793
69.397675 6.87229990959
78.221691 6.59304904938
86.955485 6.60468196869
95.704035 6.59603404999
104.645883 9999.0
113.23952 9999
121.643656 9999
129.915656 6.15999889374
138.507424 6.47493219376
146.774625 6.07695817947
155.092288 6.19017291069
163.234643 6.04790592194
171.863516 9999.0
180.307684 6.20630788803
189.088457 6.6471991539
197.772991 6.56892800331
205.99591 6.1221139431
214.739489 6.50232315063
222.301554 5.46177887917
231.026111 6.62022304535
239.134445 5.99835705757
247.144767 5.78758001328
256.215646 6.95575904846
265.04979 6.69047403336
273.671517 6.51405286789
281.92836 6.02145290375
290.078678 6.05536389351
298.77125 6.57153701782
307.820474 6.9079041481
316.792432 6.66412210464
324.587929 5.64836597443
333.330153 6.61694693565
341.668429 6.17495703697
350.48571 6.57967305183
359.15258 6.54033994675
367.434974 6.10700082779
375.766185 6.21813201904
384.548632 6.55747795105
393.199193 6.56309700012
401.248089 5.93730306625
409.963957 6.56574583054
418.591534 9999
427.179187 6.47911310196
435.048561 5.74096894264
442.941675 5.78808784485
451.289577 6.07577705383
459.592895 6.18963503838
468.200677 6.49243593216
476.644471 9999.0
485.093059 6.1986310482
493.351099 6.13853001595
502.139526 6.53922605515
511.037735 9999.0
519.470129 6.19784498215
527.706992 6.12213277817
536.393904 6.56964802742
545.072972 6.57371306419
553.480941 6.14735817909
561.769447 6.17328095436
570.038561 6.15630793571
578.4581 6.31450390816
587.358699 6.63047599792
595.660796 6.21667909622
603.947424 6.17519402504
611.711846 5.66027593613
620.469121 6.49303221703
629.137364 6.5410900116
637.864759 6.61739706993
646.579338 6.57105898857
655.032269 6.23337078094
662.870825 5.73339700699
671.460781 6.48928403854
679.660806 6.0982708931
688.169399 6.24039101601
696.11217 5.86139512062
704.430516 6.1864991188
712.260496 5.72721290588
721.027697 6.51938509941
728.848616 5.70913410187
737.459868 6.49634814262
746.478064 6.90466189384
754.786698 6.09819483757
763.239668 9999
771.505855 6.17657589912
779.760568 6.15624308586
788.533979 6.53522920609
797.2541 6.61220192909
805.838165 6.49146604538
814.745129 9999.0
823.219655 6.20571208
831.02977 5.71791315079
838.896268 5.75319218636
847.550351 6.52509307861
856.001026 6.18932199478
863.721915 5.60355496407
871.728653 9999
879.601489 5.75203204155
887.605864 5.76192212105
895.913895 6.19941282272
903.751284 5.70271396637
912.362298 6.52447390556
920.883527 6.27636885643
929.592268 6.61157107353
937.852077 6.12113595009
946.518204 9999.0
955.82612 7.0221118927
964.056094 6.11586594582
972.362427 6.21650505066
981.571458 9999.0
990.470125 6.63292384148
999.34834 9999
1008.110042 6.63634705544
1016.308697 6.08019685745
1024.735255 6.15847396851
1033.068932 6.2085750103
1041.761091 6.57639098167
1050.124473 6.25912809372
1058.975375 6.60040903091
1066.838574 5.74525117874
1075.429072 6.46152496338
1083.738993 6.20500898361
1091.795204 5.78788995743
1099.983762 6.1004960537
1108.587932 6.50416612625
1116.950653 9999.0
1125.269738 6.06578183174
1133.33237 9999
1141.581327 6.12787389755
1150.552247 6.88389396667
1158.748026 9999
1167.2676 9999
1175.86418 9999
1184.181851 6.20082092285
1192.232417 5.79571700096
1200.501829 6.16763901711
1208.675582 6.0812060833
1217.404751 6.62436199188
1226.347157 9999
1235.00988 6.56732678413
1243.319876 6.18033695221
1252.206961 9999.0
1260.597986 6.09599900246
1268.956378 6.26164603233
1277.548539 6.48242688179
1286.255765 6.59866404533
1294.271974 5.76294398308
1302.569559 6.19778609276
1311.214503 6.52836894989
1319.791907 6.4846060276
1328.008553 9999
1336.181206 6.06041693687
1344.471689 6.19180512428
1352.753369 6.16564798355
1361.300588 6.27871704102
1369.564808 6.13970994949
1378.430966 9999
1386.760469 6.21132111549
1395.22088 6.19532704353
1403.945792 6.60383009911
1411.759727 5.6758389473
1420.30504 6.45052886009
1428.942118 9999
1437.275446 6.20360994339
1445.871346 9999
1454.429814 6.46675896645
1463.763574 7.05723285675
1472.374331 6.51341986656
1480.159943 5.69212508202
1489.217813 6.95417308807
1497.574724 6.09894609451
1506.289401 6.58477902412
1514.672984 6.24424290657
1523.665515 6.84853291512
1531.972272 6.07087492943
1540.549414 6.47891688347
1548.92396 9999
1558.138696 9999.0
1566.542093 6.15444803238
1575.081898 9999
1584.011288 9999
1592.296624 6.1520960331
1601.061906 6.51146197319
1609.261627 6.08710408211
1617.931426 6.56142997742
1626.213442 6.17595005035
1634.970141 9999
1643.250708 6.16212916374
1651.831333 9999
1659.686742 5.74061203003
1668.141175 6.15386390686
1676.309547 6.06605696678
1684.579544 6.1635890007
1693.194749 6.51933598518
1701.55499 6.09270405769
1709.801275 6.13495993614
1717.640738 5.71759104729
1725.460841 5.70056700706
1734.302645 6.56919693947
1742.359278 9999
1750.964417 6.49361610413
1758.704133 5.62624907494
1766.664269 5.71286201477
1775.513871 9999
1783.361028 5.6962211132
1791.166062 5.75475502014
1800.152898 6.74356603622
1809.446339 9999
1818.09582 6.5327091217
1826.237509 6.06203818321
1834.947936 6.42922687531
1843.228942 6.15064907074
1851.796885 6.44376802444
1860.265364 6.37799882889
1869.319369 9999
1877.765837 9999
1886.371892 6.48872208595
1894.961008 6.48326802254
1903.521772 9999
1911.962985 6.31483006477
1919.806617 5.74788403511
1928.050974 6.1538939476
1936.034663 5.73105382919
1944.398182 6.22753310204
1952.160303 5.64267492294
1960.777257 6.5007250309
1968.832067 5.80607700348
1977.42404 6.4544479847
1985.838532 6.29723310471
1994.133458 6.16634106636
2002.744326 9999
2011.213117 9999
2019.477454 6.13243699074
2028.549015 6.98339390755
2037.216783 6.49184703827
2045.478058 6.12862706184
2054.145196 6.55991697311
2062.340178 6.06732797623
2070.297563 5.69045901299
2078.932831 6.52294301987
2087.61804 6.55993103981
2096.025406 6.30250287056
2104.352111 6.06034994125
2112.597679 6.13510203362
2120.44976 5.7031288147
2128.958401 6.40347981453
2137.540995 6.31611394882
2146.123231 6.46720194817
2154.864729 6.60016393661
2163.556349 6.57988595963
2172.402858 6.6023311615
2180.397076 9999
2188.698345 6.19727396965
2197.510955 9999.0
2205.636218 9999
2213.499498 5.73719000816
2221.861409 6.23175597191
2230.636465 6.63988518715
2239.913606 9999
2248.566236 6.54775309563
2257.675067 6.98697090149
2265.960555 6.17986607552
2274.367099 6.14720392227
2282.221366 5.72329688072
2290.919851 6.5730240345
2298.901933 5.86473894119
2307.376341 6.17111492157
2315.486687 9999
2323.795527 6.17813897133
2332.075022 6.13997602463
2340.633432 6.27435207367
2349.673573 6.89222812653
2357.918553 6.12673807144
2366.104674 9999.0
2374.153195 5.78661179543
2382.384343 6.12807106972
2390.479116 5.94545412064
2398.80872 6.20771408081
2407.625404 6.55998802185
2416.247145 6.48509120941
2424.624843 6.24884295464
2433.077368 9999.0
2441.924427 6.59463787079
2449.76801 5.71739602089
2458.578602 9999
2466.88168 6.18866991997
2475.59065 6.42774796486
2485.044935 9999
2493.404546 6.253937006
2501.708612 6.1464009285
2510.475696 6.5083360672
2518.812535 6.21068906784
2527.05875 6.116533041
2535.057758 5.88677000999
2543.522791 6.17626714706
2552.404878 6.7601211071
2561.151852 6.57530403137
2569.588601 9999.0
2578.424047 6.60582113266
2587.072742 6.4961681366
2594.932953 5.75315499306
2603.310906 6.2616610527
2611.205657 5.65662407875
2619.00146 5.69444108009
2627.274669 6.13013887405
2635.490251 6.07959890366
2644.286678 6.53930902481
2652.936852 6.53670597076
2661.544258 6.47914099693
2670.214129 6.55485510826
2678.631796 6.16134214401
2686.999597 6.21202206612
2695.274667 6.15212011337
2703.527309 6.15742111206
2712.015003 6.20884394646
2720.342788 6.2235019207
2728.551701 6.09020280838
2737.09393 9999.0
2745.919589 6.56219005585
2754.478449 9999
2762.289241 5.66138720512
2770.593741 6.16915297508
2779.019111 6.1225039959
2787.72094 6.58062505722
2796.572913 9999
2804.878044 6.20069408417
2813.508942 9999
2822.152286 6.52858614922
2830.441032 6.18409895897
2839.108002 6.56220793724
2847.512428 6.13094687462
2855.670773 6.04947304726
2864.276887 6.48311185837
2872.321788 9999.0
2881.057193 6.45873999596
2889.279682 6.0783200264
2897.165023 5.74872088432
2905.922461 6.63491487503
2914.589461 9999
2922.411734 5.72304010391
2930.82149 6.2838909626
2939.513392 6.53971099854
2947.978062 6.1802918911
2956.562056 6.44554591179
2965.229079 6.58552908897
2973.113315 5.73607301712
2981.924366 9999
2991.146743 9999
2999.432394 6.13708400726
3007.939525 9999.0
3015.84235 5.64475417137
3023.346066 5.38659214973
3031.749661 9999
3040.427012 6.58162093163
3049.187756 6.49944996834
3057.056146 5.76386499405
3065.221511 6.0552380085
3073.843358 6.50636696815
3082.19061 6.09677815437
3090.503269 6.20001602173
3098.358765 5.73516917229
3106.985248 6.5067191124
3115.858289 6.62432003021
3123.837614 9999
3132.06203 6.1198720932
3140.664634 6.49963903427
3149.5281 6.5950820446
3157.389731 5.75772690773
3166.383022 6.87649011612
3174.698548 6.21216011047
3183.497739 6.55230998993
3191.742773 6.13823318481
3199.950784 6.10802602768
3208.562697 6.51701307297
3217.43367 6.6062951088
3226.016874 6.4471540451
3234.054017 5.92034506798
3242.374231 6.19851493835
3250.658189 6.02726602554
3258.834714 6.07965707779
3267.419155 6.47400999069
3276.011813 6.48816514015
3284.415799 6.17428517342
3293.523721 7.00811886787
3302.23419 6.60071611404
3310.396744 6.05104398727
3318.838034 6.20094299316
3327.410781 6.4575920105
3335.782307 6.26085591316
3344.426975 6.5387160778
3352.957286 6.27574300766
3361.272458 6.22287487984
3369.717076 9999
3377.610305 5.78102302551
3386.1346 6.24681687355
3395.341835 7.10013890266
3403.972387 6.52737879753
3412.588924 6.48444199562
3420.92712 6.08716201782
3429.51429 6.47007203102
3437.485655 5.83214902878
3446.113392 6.50312781334
3454.493277 6.10082221031
3463.205614 6.5919508934
3471.953161 6.59064102173
3480.096824 6.05302810669
3488.649893 9999
3497.353304 6.60396194458
3505.925274 6.47068500519
3514.219347 6.1823079586
3522.906625 6.42256593704
3531.677428 6.65744590759
3540.294849 6.49751806259
3548.574681 6.16452717781
3557.33134 6.46028995514
3565.569348 6.13725280762
3574.561947 6.86534690857
3583.200541 6.54746603966
3592.397622 9999
3600.976331 6.45321989059
