29.584577 9.03317435582
57.989738 8.66510820389
92.812639 10.7610170046
127.706169 10.7726914088
162.482107 10.7531704108
191.089126 8.67955795924
226.362737 10.9482283592
261.388443 10.8093909423
289.946182 8.67436703046
324.751801 10.7916636467
354.47475 9.04919266701
384.113015 9.06310836474
412.735516 8.69746303558
446.993628 10.6045670509
476.831934 9.06902702649
505.304009 8.68373243014
535.00884 9.05252528191
564.615582 9.04770000776
593.185385 8.68273671468
628.127973 10.8290816148
662.937909 10.7547623316
692.697259 9.05473128955
722.298842 9.06612539291
750.903595 8.68079296748
779.445181 8.69698500633
809.19631 9.04743170738
838.386035 8.91915337245
868.1584 9.07565999031
897.949548 9.1146042347
926.585176 8.69598754247
961.860509 10.9441943169
990.481627 8.68700965246
1020.088268 9.05251423518
1048.625212 8.66106526057
1078.33152 9.08705178897
1106.952631 8.68609603246
1135.456796 8.6817967097
1164.06181 8.67980202039
1597.572101 143.699762265
1626.107716 8.67210459709
1654.527861 8.66446733475
1683.066317 8.66828028361
1711.453286 8.6432659626
1739.959016 8.65197094282
1768.39663 8.66681631406
1798.684833 9.24229129155
1833.995287 10.9166756471
1862.549098 8.66702540716
1897.492789 10.8373132547
1926.098097 8.68549140294
1960.505879 10.6520939668
1988.993427 8.64853127797
2023.085627 10.5531623363
2051.606589 8.65654770533
2080.011757 8.65607229869
2108.700418 8.70716428757
2137.15426 8.67472020785
2165.642476 8.65119401614
2194.063745 8.65162229538
2229.493477 10.9533162912
2258.031014 8.66492271423
2292.904282 10.8137016296
2321.641234 8.7247950236
2356.401486 10.7782816092
2386.157559 9.04102834066
2414.677204 8.69810374578
2449.505024 10.7667456468
2478.14563 8.69395407041
2513.451725 10.9505499999
2543.258044 9.05283498764
2571.662674 8.65362270673
2600.399585 8.72889574369
3033.873493 143.684308688
3068.567001 10.7248299917
3098.371407 9.05523562431
3133.668193 10.952998956
3162.252491 8.67799933751
3191.559217 8.96463600794
3220.163449 8.68581461906
3249.784971 9.05145835876
3285.14422 10.9279578527
3313.751474 8.67429216703
3349.127902 10.9554116726
3782.715172 143.674736102
