3.375233 9999
6.55953 9999
9.731853 9999
51.505081 2.0320531249
93.37474 2.03082643747
135.327921 2.03224103451
177.372098 2.03308374882
219.264846 2.02866051197
261.19259 2.03017551899
303.131826 2.0303488493
345.191876 2.03538379669
387.193578 2.03282905817
429.250819 2.03346236944
471.148699 2.02753442526
513.14455 2.03339338303
555.048755 2.02901698351
597.122379 2.03573795557
639.176205 2.03384734392
681.110826 2.03072187901
723.194583 2.03343408108
765.20419 2.03212080002
807.057177 2.0244502902
849.031308 2.0331849575
890.998906 2.03145192862
932.977795 2.03005187511
974.967096 2.03118162155
1017.016696 2.03676487207
1059.039937 2.03253896236
1062.46095 9999
1104.20522 2.03054677248
1146.227403 2.03117959499
1188.198125 2.03120368719
1230.169378 2.03332804441
1233.581023 9999
1275.384118 2.03259350061
1278.746099 9999
1320.532371 2.03308889866
1362.549943 2.03223315477
1404.661235 2.03704653978
1446.618249 2.02751947641
1488.618007 2.03371862173
1530.614212 2.03371219635
1572.609673 2.03046298027
1614.592643 2.032911098
1656.624676 2.03246736526
1660.041907 9999
1701.790934 2.03139787912
1743.82337 2.0362228632
1785.703989 2.02670667171
1827.68563 2.03263136148
1869.63734 2.02944885492
1911.572576 2.0289603591
1953.448597 2.02870217562
1995.384519 2.02843949795
2037.333453 2.03072251081
2079.248187 2.02890880108
2082.650394 9999
2124.445017 2.03279844522
2166.563841 2.03727430105
2208.539983 2.03244695663
2250.501914 2.03027074337
2292.468985 2.03165808916
2334.429119 2.02822906971
2376.426288 2.03256032467
2418.368676 2.03226616383
2460.301482 2.03116394281
2502.231774 2.03045598269
2544.145467 2.0282802701
2586.071786 2.02922433615
2628.036429 2.02749339342
2670.041392 2.03462663889
2711.947227 2.03038276434
2753.772219 2.02662546635
2757.217902 9999
2798.982129 2.03194060326
2840.971604 2.0285631299
2882.926905 2.02786332369
2924.968914 2.03261147738
2966.906114 2.02892944813
3008.869457 2.03101302385
3050.831177 2.03157994747
3092.808605 2.03046550751
3134.759635 2.02971720695
3176.709296 2.0320728898
3218.644395 2.02952889204
3260.652451 2.03174943924
3302.564248 2.03087587357
3344.519174 2.03302769661
3386.557731 2.03367116451
3428.508963 2.03065421581
3470.429789 2.0295476675
3512.407457 2.03206968307
3554.328261 2.02913671732
3596.247611 2.02864624262
3638.226166 2.02962799072
