36.846299 1.7201264143
73.617835 1.71295042038
110.925599 1.73739292622
114.298767 9999
151.102056 1.71906378269
187.945578 1.71322405338
225.336496 1.73964571953
297.701734 3.49157161713
335.541075 1.761082232
372.648625 1.72654904127
409.789694 1.73083785772
447.017037 1.73455712795
450.454196 9999
487.458207 1.72807079554
524.602207 1.72891201973
561.473238 1.71594635248
598.247642 1.71252691746
635.14179 1.71399321556
672.480693 1.73891283274
709.521953 1.72339388132
746.849975 1.73759070635
783.906932 1.72601002455
820.698279 1.71210011244
893.359781 3.50226197243
930.317992 1.71825560331
1002.70214 3.49240789413
1039.440123 1.70861877203
1076.797961 1.73872994184
1113.755604 1.7184841156
1184.736511 3.42040507793
1221.9778 1.73221235275
1258.886482 1.71564987898
1296.059966 1.72902399302
1333.167834 1.72705717087
1404.465083 3.43286191225
1441.4919 1.72293254137
1478.563764 1.72501096725
1515.354535 1.70998562574
1552.548024 1.72780323029
1589.857047 1.73654029369
1593.360973 9999
1596.612746 9999
1633.133459 1.70551249981
1670.024063 1.71639578342
1740.988074 3.4191947937
1778.112246 1.72720288038
1815.440225 1.73541873693
1852.697885 1.73232706785
1889.586385 1.7151855588
1926.460293 1.71463228464
1963.551544 1.72484987974
2000.392771 1.71284178495
2003.816913 9999
2040.488822 1.71109764576
2077.660811 1.72957085371
2114.537999 1.71089732647
2151.375659 1.71101014614
2188.316923 1.72058939934
2225.577863 1.73252755404
2262.302141 1.70843102932
2299.807452 1.74351928234
2336.701249 1.71650085449
2374.842518 1.77817442417
2411.918211 1.7247859478
2448.655944 1.70826808214
2485.63185 1.71767386198
2489.08991 9999
2561.347595 3.490188241
2598.205018 1.71455395222
2635.066216 1.7146579504
2707.013185 3.468258214
2743.951449 1.71759417057
2780.846506 1.71529809237
2817.750585 1.71633511782
2854.761238 1.71909213066
2891.699279 1.7180539012
2928.674811 1.71593453884
2965.748124 1.72035173178
3002.691984 1.71546570063
3039.649821 1.7178004384
3076.922667 1.73437635899
3114.23006 1.73562728167
3186.661548 3.49155043364
3223.952429 1.73195363283
3261.327217 1.73830293417
3298.336741 1.71764792204
3335.24435 1.71389547586
3372.384778 1.72660752535
3409.191933 1.7078645587
3412.698631 9999
3449.804531 1.73677420616
3486.810036 1.72094185352
3523.834563 1.72258896828
3560.792246 1.71828354597
3597.683212 1.71586076021
3634.42454 1.7075729847
