40.712823 1.97140187025
81.534555 1.97108989954
122.266017 1.9682408452
125.603657 9999
166.149078 1.97118325233
206.938193 1.97092840672
247.785274 1.97468583584
288.397126 1.96690335274
329.096435 1.96815299988
369.884983 1.97488467693
410.589775 1.96761528254
451.254547 1.96586806774
492.039268 1.97247744799
532.781891 1.97128546238
573.505003 1.97051353455
614.278128 1.97072240114
655.004953 1.97153599262
695.8042 1.97265583277
736.525254 1.97022709846
777.325429 1.97212121487
818.156093 1.97498797178
858.899058 1.97122546434
899.718637 1.97356007099
940.441478 1.96863666773
981.113419 1.96918076277
1021.94553 1.97479541302
1062.741336 1.97190182209
1103.469305 1.97315891981
1144.248707 1.97108448744
1185.010409 1.97002497911
1225.761822 1.96945769787
1266.512986 1.97036334276
1307.421933 1.97037144899
1310.785266 9999
1351.289394 1.96941561699
1392.004997 1.96886907816
1395.391507 9999
1435.905637 1.96991212368
1476.580785 1.9686938405
1517.305977 1.96945712566
1558.055046 1.96953219175
1598.794389 1.97064938545
1639.613933 1.97239377499
1680.437353 1.97021070719
1683.856995 9999
1724.360755 1.96975554228
1727.723929 9999
1768.257737 1.97040560246
1808.985541 1.96919484138
1849.763828 1.97253459692
1890.645826 1.97582575083
1931.449114 1.9740618825
1972.169207 1.97035716772
2012.871234 1.96718323231
2053.644189 1.96961419582
2057.004887 9999
2097.54317 1.97027928829
2100.933349 9999
2141.459436 1.96833574772
2182.234514 1.97243118286
2223.119402 1.97514997721
2263.809224 1.96848298311
2267.259314 9999
2307.874234 1.97336519957
2348.555464 1.96801666021
2389.230418 1.97016255856
2429.907224 1.96788607836
2470.642332 1.97229248285
2511.421436 1.97334834337
2552.2155 1.97199033499
2592.964123 1.9721247673
2633.789206 1.97255909443
2674.497053 1.97017210722
2715.214148 1.97025698423
2755.917293 1.97032241821
2796.641173 1.96858608723
2837.482344 1.97099081278
2878.141638 1.96926156282
2918.979463 1.97386893034
2959.667515 1.96980307102
2963.02436 9999
3003.597055 1.97184774876
3044.362305 1.97064808607
3085.076272 1.96940885782
3125.85503 1.97229679823
3129.24563 9999
3169.765642 1.97033381462
3210.452776 1.96908956766
3251.205461 1.97120702267
3254.555013 9999
3295.042112 1.96932685375
3335.772116 1.9701910615
3376.524415 1.97049517632
3417.264676 1.97069303989
3458.033777 1.97082284689
3498.825188 1.97273089886
3539.577121 1.97179143429
3580.352353 1.97207790613
3621.152156 1.97215930223
