39.472113 1.88145045042
78.953637 1.88216016293
118.451168 1.87946000099
157.84921 1.87993135452
197.376897 1.87845721245
236.883337 1.87995610237
276.398043 1.8808127284
315.938925 1.87692781687
355.516109 1.88122397661
395.257031 1.88047105074
434.729986 1.88194791079
474.161203 1.88057745695
513.57826 1.87894412279
553.024163 1.88194208145
592.618052 1.88523077965
632.074556 1.88280037642
671.507429 1.88005120754
711.134304 1.88370064497
750.58498 1.87978961468
790.116039 1.88486292362
829.780024 1.88249298334
869.432115 1.88128367662
908.873013 1.87995436192
948.36966 1.88214446306
987.735521 1.87926135063
1027.255689 1.8798330307
1066.68489 1.87915167809
1106.125017 1.88063179255
1145.566379 1.87913243771
1184.927954 1.87996912003
1224.340334 1.87880032063
1263.828329 1.87929276228
1303.379312 1.88175854683
1342.798502 1.88100267649
1382.316532 1.88087614775
1421.860413 1.88009158373
1461.342854 1.88016513586
1500.919831 1.88225710392
1540.536351 1.88242703676
1579.902486 1.8795161128
1619.368817 1.88131998777
1658.834462 1.88006439209
1698.185798 1.87785466909
1737.573465 1.88110836744
1777.126836 1.88320008516
1816.62607 1.88346899748
1855.957046 1.87915068865
1895.333605 1.8793222785
1934.672931 1.87805988789
1974.023947 1.88098348379
2013.404915 1.87957801819
2052.8001 1.87819238901
2092.261371 1.88236188889
2131.798112 1.88157176971
2171.269977 1.88011078835
2210.729253 1.88267092705
2250.157082 1.88184001446
2289.649206 1.8803393364
2329.121847 1.88348969221
2368.48631 1.87857573032
2408.064537 1.88469674587
2447.519444 1.8816582799
2486.961913 1.8807060957
2526.394771 1.88328220844
2565.84758 1.88101490736
2605.235972 1.88109368086
2644.759185 1.88447421789
2684.113885 1.88031432629
2723.615437 1.88111307621
2763.047543 1.87912414074
2802.499955 1.88070617914
2841.928001 1.8788564682
2881.291171 1.87734727859
2920.649412 1.87645556927
2960.145918 1.88487718105
2999.731888 1.8816439867
3039.569974 1.88144543171
3078.947379 1.87727020979
3118.495392 1.88708405495
3157.9427 1.87970917225
3197.26589 1.87843481302
3236.790836 1.88399618864
3276.174071 1.88166652918
3315.774306 1.87852629423
3355.263456 1.88489224911
3394.693046 1.87836995125
3434.307759 1.88075927496
3473.834612 1.88245835304
3513.207622 1.88027225733
3552.746954 1.88149710894
3592.189701 1.88042449951
3631.660329 1.8812065959
