2.973752 1.09688591957
5.822538 1.07862615585
8.669581 1.09218788147
11.545772 1.10224199295
14.368251 1.08074617386
17.196662 1.07616496086
20.026838 1.09059906006
22.854199 1.06932902336
25.705956 1.07947492599
28.519483 1.07038903236
31.363169 1.09499311447
34.36979 1.08990311623
37.243651 1.08473920822
40.153159 1.1511631012
43.062248 1.15477800369
45.941934 1.11855101585
48.784797 1.06944704056
51.60305 1.09124088287
54.462767 1.10640597343
57.303579 1.10351800919
60.135124 1.07934403419
62.95608 1.08086299896
65.918449 1.09183120728
68.742906 1.08262991905
71.584665 1.08116889
74.404884 1.06830000877
77.244967 1.08271789551
80.067282 1.07602405548
82.888536 1.0628631115
85.724878 1.08259916306
88.584075 1.09081697464
91.41928 1.0905380249
94.250043 1.07006216049
97.241788 1.07530093193
100.084368 1.07939887047
102.917805 1.08317399025
105.771893 1.09397006035
108.600302 1.064057827
111.400535 1.06775021553
114.320307 1.13731384277
117.1768 1.08317899704
120.003051 1.07553195953
122.823593 1.06729388237
125.674701 1.08979487419
128.666008 1.08729195595
131.500283 1.08068609238
134.319491 1.06780409813
137.189986 1.10573887825
140.005137 1.08847117424
142.877729 1.10514807701
145.75364 1.14809799194
148.585196 1.06553196907
151.384861 1.06897187233
154.216705 1.07473802567
157.051053 1.07333803177
160.044584 1.08491802216
162.91686 1.05624198914
165.771906 1.11447811127
168.602304 1.05921411514
171.483514 1.12684392929
174.344079 1.08346509933
177.168184 1.065928936
180.017136 1.09371685982
182.87021 1.07930517197
185.708227 1.08002400398
188.532779 1.07659387589
191.579483 1.08387207985
194.403025 1.07021617889
197.249938 1.07817602158
200.126427 1.11483693123
202.972769 1.08041715622
205.904551 1.17318701744
208.717159 1.04993391037
211.550995 1.078166008
214.409625 1.08003592491
217.259231 1.0844848156
220.086224 1.06914806366
223.04999 1.08125495911
225.890286 1.09269714355
228.700527 1.07963895798
231.533485 1.07600688934
234.365211 1.08052206039
237.209389 1.09252095222
240.016479 1.068983078
242.919394 1.16296601295
245.764713 1.08136487007
248.621249 1.10062289238
251.435651 1.06422901154
254.449849 1.06239795685
257.273122 1.080701828
260.308482 1.12846899033
263.14008 1.07949113846
265.988953 1.08683586121
268.783153 1.06791877747
271.625758 1.09260606766
274.476237 1.08469390869
277.321164 1.07487392426
280.251399 1.17915391922
283.074837 1.08237099648
286.240878 1.22755503654
289.085277 1.08035492897
291.909574 1.08084511757
294.817231 1.18480396271
297.647399 1.08608698845
300.481363 1.09129118919
303.324286 1.07616496086
306.148347 1.07758498192
308.980887 1.0786511898
311.84863 1.09242200851
314.749139 1.16169500351
317.750137 1.06249594688
320.621634 1.0931289196
323.449379 1.07861304283
326.281467 1.09222793579
329.151316 1.09990692139
331.982643 1.09245610237
334.814024 1.08674001694
337.680989 1.10160303116
340.610889 1.13842105865
343.433167 1.07992601395
346.349242 1.142318964
349.355316 1.08586406708
352.167527 1.07678484917
355.090933 1.18334293365
357.958998 1.08983707428
360.783203 1.08372306824
363.622966 1.08734607697
366.448904 1.07748913765
369.252546 1.07748985291
372.066406 1.05708384514
374.86733 1.07558488846
377.775242 1.17836999893
380.763506 1.06375479698
383.717324 1.20323705673
386.617143 1.15714097023
389.489019 1.11297702789
392.369387 1.08163499832
395.297381 1.16616511345
398.138715 1.07841610909
400.996334 1.07949113846
403.888445 1.12298512459
406.755227 1.07943201065
409.608913 1.1022810936
412.59109 1.08218407631
415.515276 1.15423607826
418.333084 1.07738113403
421.155433 1.09007406235
424.016209 1.11968898773
426.821364 1.0773499012
429.66323 1.10110902786
432.564147 1.15941119194
435.383734 1.08455181122
438.181545 1.06672120094
441.028463 1.09167790413
444.096768 1.15780591965
446.931334 1.09781289101
449.750188 1.09063410759
452.59522 1.09084606171
455.412911 1.07757115364
458.245373 1.08690810204
461.081136 1.06817102432
463.912466 1.07688498497
466.774031 1.10734319687
469.614501 1.07004284859
472.513939 1.1391119957
475.597775 1.07874083519
478.428904 1.07292199135
481.340801 1.13818216324
484.163025 1.06317806244
487.013712 1.09131503105
489.880452 1.06804895401
492.71373 1.06902885437
495.53916 1.08647608757
498.392731 1.10221099854
501.217061 1.0880150795
504.061938 1.07524609566
507.087014 1.08953094482
509.89446 1.067040205
512.727881 1.09166502953
515.535161 1.06872797012
518.378196 1.0776078701
521.183686 1.07537388802
523.986465 1.08206915855
526.815137 1.08223605156
529.645919 1.08916306496
532.480075 1.09102988243
535.395451 1.16222119331
538.430575 1.08410596848
541.26447 1.07904720306
544.08374 1.07591295242
546.970006 1.09698677063
549.905216 1.16562199593
552.796078 1.08902716637
555.628889 1.06827712059
558.482885 1.09256005287
561.352866 1.10097002983
564.286138 1.15949511528
567.160734 1.10517215729
570.145405 1.07562494278
572.986462 1.07348108292
575.80693 1.07660079002
578.621965 1.07934498787
581.456305 1.08486700058
584.379204 1.17879796028
587.247931 1.09152889252
590.066501 1.07897806168
592.920436 1.08862400055
595.785883 1.13157200813
598.611995 1.0675470829
601.744053 1.17472887039
604.603416 1.10852909088
607.478861 1.13949394226
610.40164 1.15567302704
613.22958 1.06763482094
616.120149 1.15345788002
619.086996 1.15038013458
621.933711 1.09486699104
624.761218 1.06858205795
627.58078 1.06504011154
630.438139 1.08336496353
633.543867 1.18362116814
636.410445 1.09920191765
639.269007 1.08022284508
642.147354 1.09022021294
644.993796 1.0697081089
647.846314 1.0867369175
650.687442 1.09098505974
653.594051 1.15281009674
656.43013 1.06905913353
659.29276 1.0758459568
662.136463 1.0859708786
665.134116 1.07274103165
668.000298 1.09551596642
670.83629 1.08860206604
673.746933 1.19219589233
676.636572 1.12742495537
679.521391 1.10399198532
682.362014 1.07853078842
685.225685 1.08867001534
688.060681 1.08010792732
690.894713 1.09150791168
693.832395 1.17925310135
696.845021 1.08984589577
699.679987 1.0801858902
702.54784 1.09504318237
705.409433 1.07611989975
708.263927 1.08424496651
711.209998 1.17726898193
714.05841 1.08504700661
716.882698 1.07915711403
719.735648 1.10012602806
722.63081 1.15019083023
725.449644 1.07444906235
728.477552 1.06883716583
731.284367 1.07813882828
734.166289 1.09301519394
737.028455 1.09775900841
739.877131 1.06980395317
742.693761 1.07545614243
745.648158 1.07986617088
748.479784 1.09350895882
751.346242 1.08991718292
754.192021 1.0946290493
757.051007 1.09384393692
760.045244 1.0652320385
762.87648 1.07771110535
765.726011 1.09302997589
768.582835 1.09538292885
771.404374 1.07392096519
774.278477 1.10324287415
777.194049 1.12549209595
780.051396 1.0996530056
782.908488 1.09348583221
785.724994 1.07658100128
788.526265 1.07200598717
791.633035 1.18586802483
794.47795 1.07831192017
797.331272 1.11444091797
800.175471 1.07583189011
803.007627 1.08279800415
805.849823 1.07690191269
808.694966 1.09357786179
811.532772 1.07216787338
814.336314 1.07953596115
817.192643 1.11696696281
820.093459 1.14954185486
823.098665 1.08211398125
825.93537 1.08856391907
828.780329 1.07700681686
831.599811 1.08724308014
834.408872 1.06772589684
837.267027 1.0905790329
840.107254 1.08855605125
842.935084 1.08377313614
845.868419 1.1724729538
848.702831 1.09112405777
851.559949 1.09400701523
854.675276 1.15602302551
857.498005 1.0894920826
860.357296 1.08869600296
863.196629 1.07716202736
866.04418 1.07945585251
868.875318 1.06737804413
871.706504 1.089812994
874.543242 1.07268714905
877.356813 1.0860209465
880.296794 1.16850996017
883.126559 1.08701515198
886.198828 1.08825707436
889.112266 1.1575460434
891.967308 1.09586000443
894.833114 1.0922999382
897.686077 1.10205101967
900.516305 1.10089182854
903.377715 1.10570716858
906.207952 1.0673019886
909.11043 1.13263702393
911.992858 1.11734604836
914.874896 1.11701798439
917.992188 1.17762494087
920.825033 1.06959700584
923.689234 1.08853983879
926.609239 1.13954997063
929.440643 1.06891298294
932.388643 1.18371009827
935.210022 1.08769512177
938.041373 1.07547497749
940.873287 1.09493589401
943.705926 1.08907818794
946.531106 1.07972407341
949.541579 1.0775680542
952.393823 1.1001830101
955.228514 1.06394004822
958.073862 1.09198689461
960.890924 1.05436396599
963.772603 1.1029150486
966.625628 1.07734012604
969.474396 1.08182287216
972.289834 1.06518483162
975.168189 1.09251999855
978.026106 1.0775949955
981.12514 1.16990113258
983.957702 1.08052492142
986.914673 1.14280295372
989.711877 1.06267213821
992.516377 1.07247591019
995.342007 1.06512093544
998.173139 1.08323502541
1000.97258 1.07031798363
1003.797008 1.07182383537
1006.646532 1.09898900986
1009.47716 1.08775401115
1012.512242 1.09989309311
1015.356812 1.10240912437
1018.273262 1.16381883621
1021.0722 1.07734417915
1023.916243 1.10583090782
1026.756768 1.07714009285
1029.583373 1.09163093567
1032.42183 1.10064816475
1035.243605 1.09136795998
1038.17253 1.18775892258
1041.07417 1.14953923225
1044.115956 1.05861401558
1047.005449 1.09389901161
1049.85661 1.08722615242
1052.731129 1.10066604614
1055.573187 1.06975293159
1058.407453 1.08174610138
1061.259779 1.07959985733
1064.106854 1.09591221809
1066.944726 1.07870697975
1069.776396 1.07609915733
1072.718855 1.17548513412
1075.742959 1.0901260376
1078.572786 1.08859014511
1081.466902 1.10196185112
1084.290012 1.08162498474
1087.129252 1.10046386719
1090.058838 1.1652879715
1092.903856 1.08019304276
1095.724105 1.0790541172
1098.645767 1.14526581764
1101.521657 1.11610388756
1104.408602 1.1085062027
1107.459471 1.06985902786
1110.375245 1.1504509449
1113.208289 1.0801961422
1116.050193 1.08380818367
1118.892792 1.07672715187
1121.728572 1.06801605225
1124.576187 1.09547019005
1127.404558 1.08696985245
1130.255137 1.06272888184
1133.116282 1.093791008
1135.972195 1.09290409088
1139.088941 1.16626882553
1141.922576 1.08712506294
1144.865832 1.17391014099
1147.721026 1.08918380737
1150.568478 1.07804703712
1153.422011 1.0811188221
1156.238362 1.0631210804
1159.072077 1.06689214706
1161.923746 1.08722805977
1164.764445 1.08570408821
1167.605215 1.08065104485
1170.68186 1.09675383568
1173.505031 1.07668495178
1176.372596 1.12208509445
1179.206539 1.07664299011
1182.077763 1.09347319603
1184.92126 1.08446192741
1187.786482 1.08834505081
1190.638268 1.09944796562
1193.479566 1.08273386955
1196.321661 1.07268500328
1199.486689 1.08083701134
1202.477158 1.08041191101
1205.307203 1.07824397087
1208.137339 1.07463693619
1210.997972 1.10544610023
1213.838585 1.0779030323
1216.670391 1.07635688782
1219.528515 1.09219288826
1222.360987 1.07766699791
1225.205132 1.0897500515
1228.060402 1.0917429924
1230.938475 1.07696700096
1233.986874 1.09036207199
1236.796854 1.07975506783
1239.638642 1.06806397438
1242.469999 1.0868730545
1245.337224 1.10174703598
1248.169525 1.08906793594
1251.004465 1.0701611042
1253.836955 1.08081007004
1256.677307 1.09720206261
1259.524386 1.09502291679
1262.378623 1.08962416649
1265.476926 1.10110616684
1268.323278 1.08211183548
1271.25506 1.14691996574
1274.104143 1.09321498871
1276.960222 1.08879494667
1279.828631 1.09147286415
1282.660655 1.08078598976
1285.490018 1.07906103134
1288.336829 1.06875896454
1291.153636 1.07404303551
1293.984808 1.09745383263
1297.036449 1.09160995483
1299.868764 1.07229399681
1302.810152 1.15915894508
1305.806345 1.19945311546
1308.652241 1.09392118454
1311.553283 1.12387800217
1314.427209 1.10926795006
1317.296291 1.11424708366
1320.128923 1.08448219299
1323.003368 1.078125
1325.837713 1.07577896118
1328.869072 1.08761501312
1331.72967 1.10420203209
1334.557717 1.07908892632
1337.402911 1.09106588364
1340.264863 1.11928009987
1343.103055 1.09018397331
1346.055296 1.20113396645
1348.873384 1.06829190254
1351.727458 1.10416316986
1354.538277 1.06089186668
1357.361534 1.07654595375
1360.385697 1.08146905899
1363.236743 1.08837580681
1366.071618 1.07881903648
1368.952682 1.09189081192
1371.78613 1.08132386208
1374.611234 1.08388495445
1377.575468 1.17327308655
1380.440519 1.10001587868
1383.255636 1.07915997505
1386.086142 1.08400607109
1388.939937 1.09888100624
1391.955433 1.0664498806
1394.802529 1.07317495346
1397.669427 1.06995010376
1400.502216 1.08172988892
1403.453447 1.17352509499
1406.258101 1.0669760704
1409.153957 1.14237093925
1411.968169 1.07342100143
1414.792402 1.08870792389
1417.662216 1.10518288612
1420.493046 1.08003902435
1423.504552 1.07995390892
1426.360295 1.08758592606
1429.188435 1.0739440918
1432.021101 1.08811211586
1434.842486 1.08767199516
1437.674405 1.08333492279
1440.519006 1.09923601151
1443.35209 1.06753897667
1446.184527 1.08050203323
1449.054023 1.09620118141
1451.884847 1.06960988045
1454.958545 1.17289304733
1457.834461 1.07322502136
1460.691027 1.09071493149
1463.561298 1.09562897682
1466.408745 1.07925891876
1469.24414 1.0633020401
1472.087756 1.10576415062
1474.885773 1.0770637989
1477.767357 1.13951301575
1480.587056 1.06697106361
1483.37667 1.06933999062
1486.551643 1.15859508514
1489.406374 1.0800549984
1492.216939 1.08105707169
1495.127996 1.10221099854
1497.975204 1.10254907608
1500.817922 1.0893330574
1503.641226 1.07179999352
1506.491326 1.10085105896
1509.343321 1.09331202507
1512.29938 1.18930602074
1515.133125 1.08586907387
1518.25357 1.14858818054
1521.085076 1.08899497986
1523.919578 1.08081698418
1526.749286 1.07860207558
1529.584942 1.06889009476
1532.415798 1.09083008766
1535.283474 1.10154914856
1538.102891 1.06233382225
1540.935215 1.06537008286
1543.804616 1.08115291595
1546.672167 1.09272313118
1549.767318 1.11447882652
1552.633488 1.11493015289
1555.456807 1.0799779892
1558.274795 1.0908768177
1561.109365 1.08097910881
1563.95258 1.08318686485
1566.786823 1.0962638855
1569.699868 1.14359402657
1572.559483 1.08425283432
1575.401962 1.08343195915
1578.254489 1.10007095337
1581.279508 1.08717799187
1584.120512 1.07747602463
1586.994957 1.11914014816
1589.893055 1.09784197807
1592.748741 1.09241485596
1595.574681 1.07848405838
1598.549532 1.17862606049
1601.414833 1.08289408684
1604.307157 1.10052013397
1607.149225 1.07881402969
1610.011288 1.08912205696
1613.117 1.12370300293
1615.949427 1.06916499138
1618.838008 1.08680510521
1621.683296 1.08065104485
1624.600752 1.15890812874
1627.433741 1.06778693199
1630.289139 1.08115792274
1633.200968 1.1268529892
1636.032324 1.07639789581
1638.908323 1.09393000603
1641.751237 1.07750201225
1644.831207 1.08943891525
1647.66647 1.06611299515
1650.533789 1.09415793419
1653.398948 1.08819794655
1656.339397 1.161206007
1659.177543 1.07598495483
1661.983291 1.07097101212
1664.823008 1.09156107903
1667.654897 1.07982707024
1670.505455 1.07840800285
1673.319384 1.06105494499
1676.324993 1.09587216377
1679.13976 1.09109401703
1682.032419 1.12777209282
1684.895205 1.10178303719
1687.731573 1.0768430233
1690.549947 1.07862997055
1693.407231 1.08417415619
1696.250374 1.07836318016
1699.090878 1.0728328228
1701.937827 1.10264897346
1704.749296 1.0706179142
1707.767941 1.0684928894
1710.622151 1.08610010147
1713.474311 1.10171318054
1716.339964 1.08205914497
1719.215787 1.1227710247
1722.047901 1.06225299835
1724.91203 1.09728884697
1727.748416 1.07561802864
1730.582521 1.08949398994
1733.436725 1.09806585312
1736.2976 1.08448386192
1739.31672 1.07631397247
1742.187124 1.09096002579
1745.029817 1.07804393768
1747.95492 1.16886210442
1750.799911 1.07273888588
1753.647349 1.09008288383
1756.480664 1.07910704613
1759.398512 1.14152908325
1762.333784 1.15432596207
1765.264021 1.14119100571
1768.088568 1.06904196739
1771.158338 1.09433698654
1774.02165 1.07864999771
1776.852938 1.07996106148
1779.65368 1.08171510696
1782.516667 1.07537698746
1785.424053 1.16363406181
1788.269836 1.09406113625
1791.125569 1.09246897697
1794.041344 1.15329003334
1796.95728 1.17136979103
1799.791146 1.0832490921
1802.850749 1.0819311142
1805.762782 1.16365790367
1808.582907 1.08151078224
1811.438667 1.07832789421
1814.28069 1.07736492157
1817.155465 1.14369297028
1820.015351 1.07968091965
1822.814335 1.0661418438
1825.647751 1.07990908623
1828.514145 1.07587218285
1831.346556 1.07441496849
1834.466529 1.12604498863
1837.298623 1.08011698723
1840.130878 1.0781750679
1842.984919 1.08704805374
1845.867422 1.09022283554
1848.771317 1.11233997345
1851.699841 1.12923908234
1854.519647 1.06705594063
1857.368208 1.08374595642
1860.216036 1.08032512665
1863.047926 1.06596899033
1866.099274 1.09166407585
1868.946399 1.08125710487
1871.792216 1.08335900307
1874.662737 1.12010407448
1877.496865 1.07836294174
1880.335875 1.08277583122
1883.162728 1.06735396385
1885.997869 1.06933093071
1888.81252 1.06687092781
1891.645723 1.07331490517
1894.487824 1.09927296638
1897.54855 1.08736109734
1900.381471 1.06622195244
1903.229322 1.08095479012
1906.052872 1.07453012466
1908.929753 1.11866283417
1911.78057 1.08923888206
1914.625666 1.07658815384
1917.471305 1.09401702881
1920.313255 1.06582689285
1923.172649 1.09219288826
1926.028902 1.09218811989
1929.113382 1.11693811417
1932.001852 1.10968208313
1934.860525 1.0753929615
1937.720521 1.09515619278
1940.546613 1.06221199036
1943.465048 1.12358188629
1946.317906 1.09199619293
1949.18218 1.12164783478
1952.046239 1.09353995323
1954.885935 1.09742212296
1957.728904 1.07831001282
1960.805304 1.07885098457
1963.645922 1.06661295891
1966.514394 1.07941293716
1969.403593 1.11275601387
1972.269764 1.09022307396
1975.095546 1.05563998222
1977.999749 1.0910410881
1980.832286 1.07602906227
1983.661562 1.07687211037
1986.51668 1.08223509789
1989.450401 1.17047715187
1992.538386 1.10934185982
1995.385954 1.08972096443
1998.231638 1.07648706436
2001.061885 1.06810307503
2003.938543 1.09853315353
2006.769276 1.07597398758
2009.619933 1.09169602394
2012.467751 1.08714485168
2015.379734 1.15389990807
2018.261931 1.08025598526
2021.128931 1.09163594246
2024.321969 1.18645691872
2027.160443 1.07575297356
2029.962923 1.07040309906
2032.803206 1.09685111046
2035.61331 1.06884598732
2038.467866 1.09097003937
2041.339467 1.09572005272
2044.174832 1.08886408806
2047.016267 1.07351207733
2049.912895 1.13589000702
2052.745103 1.06446790695
2055.795825 1.09053301811
2058.747436 1.16287279129
2061.654237 1.12868595123
2064.482433 1.06549596786
2067.32772 1.07798099518
2070.160005 1.09159898758
2072.976839 1.07442522049
2075.839087 1.0946290493
2078.694082 1.11041307449
2081.560363 1.09255290031
2084.392944 1.08940982819
2087.476996 1.07122278214
2090.312918 1.08365797997
2093.133423 1.08231711388
2095.993847 1.10298013687
2098.851991 1.07466697693
2101.794523 1.16559314728
2104.644808 1.08978700638
2107.477228 1.07401800156
2110.321343 1.07359099388
2113.175255 1.0875749588
2116.060667 1.14063501358
2119.132402 1.10334396362
2121.977642 1.07701086998
2124.830104 1.07816100121
2127.677522 1.07682394981
2130.627186 1.15501093864
2133.465752 1.08557009697
2136.29326 1.07004499435
2139.291238 1.16979885101
2142.136864 1.07633805275
2145.084958 1.16029310226
2147.930704 1.06313300133
2150.995265 1.07317519188
2153.860098 1.10305094719
2156.726682 1.07796978951
2159.549422 1.08048319817
2162.509179 1.17959213257
2165.428027 1.15377306938
2168.308206 1.10110092163
2171.139859 1.08111906052
2173.955112 1.06353592873
2176.795226 1.07113981247
2179.660095 1.11739301682
2182.692743 1.08740401268
2185.526157 1.0658390522
2188.381534 1.08840298653
2191.309035 1.1484439373
2194.183156 1.09537291527
2197.019376 1.07516884804
2199.836571 1.06118917465
2202.76112 1.15324902534
2205.625269 1.07851696014
2208.461374 1.08108592033
2211.32061 1.09555482864
2214.334788 1.07433700562
2217.185564 1.09230804443
2220.119239 1.17322206497
2222.968259 1.0879149437
2225.825336 1.07287693024
2228.660069 1.07044291496
2231.495688 1.0789129734
2234.342007 1.07681393623
2237.196788 1.08842682838
2240.152074 1.19420218468
2242.997532 1.08469986916
2246.085551 1.09728097916
2248.910762 1.06729197502
2251.749271 1.08183693886
2254.577366 1.07745599747
2257.434695 1.09424185753
2260.280658 1.08355307579
2263.10932 1.08024311066
2265.975593 1.08104991913
2268.899018 1.17156100273
2271.7088 1.07600903511
2274.642438 1.16912102699
2277.807434 1.18045592308
2280.673664 1.10131001472
2283.529469 1.08820581436
2286.382386 1.0866920948
2289.234866 1.08831000328
2292.07291 1.07987594604
2294.93071 1.10054898262
2297.817642 1.09792304039
2300.676984 1.08839988708
2303.476625 1.0681438446
2306.307463 1.08264398575
2309.390201 1.0895190239
2312.35771 1.18183612823
2315.24439 1.1424498558
2318.10161 1.07838201523
2320.958948 1.09365391731
2323.900754 1.17132997513
2326.748333 1.08349585533
2329.594299 1.07284617424
2332.51733 1.17178916931
2335.358799 1.09022498131
2338.190472 1.07732391357
2341.297012 1.10070800781
2344.14172 1.10124206543
2347.009199 1.07393479347
2349.877641 1.08596301079
2352.831356 1.1801609993
2355.710343 1.0950949192
2358.592727 1.07997202873
2361.540932 1.16318798065
2364.373021 1.06661701202
2367.250462 1.10956192017
2370.227078 1.20580410957
2373.306318 1.09315490723
2376.124246 1.06800699234
2378.947268 1.09724497795
2381.772077 1.09942102432
2384.596096 1.07920193672
2387.460555 1.08727312088
2390.30727 1.08955407143
2393.162012 1.09635305405
2396.003444 1.07458496094
2398.862238 1.08707094193
2401.700469 1.07847189903
2404.829709 1.09368109703
2407.657928 1.07794904709
2410.513697 1.07993292809
2413.486147 1.17791986465
2416.313648 1.06759810448
2419.176682 1.07503986359
2422.02387 1.08834886551
2424.856726 1.0658659935
2427.734537 1.08047294617
2430.596755 1.07814097404
2433.454487 1.08629798889
2436.472429 1.08040595055
2439.340844 1.09096503258
2442.241752 1.13898015022
2445.073724 1.07939505577
2447.891552 1.07545304298
2450.740871 1.10509705544
2453.558941 1.06781888008
2456.40229 1.08951306343
2459.258637 1.07865309715
2462.090307 1.06892800331
2464.957379 1.09880304337
2468.040431 1.09035086632
2470.92409 1.11874294281
2473.740853 1.06215500832
2476.656739 1.14767599106
2479.504627 1.0957570076
2482.31372 1.07902193069
2485.150275 1.08692908287
2487.98896 1.08183503151
2490.817024 1.07675790787
2493.640189 1.0807390213
2496.45897 1.06723093987
2499.531347 1.08290505409
2502.37216 1.08478188515
2505.221111 1.08035087585
2508.096407 1.09721302986
2510.94464 1.06713604927
2513.773479 1.06218791008
2516.648596 1.10580301285
2519.489228 1.06798911095
2522.363027 1.10793495178
2525.256797 1.12888503075
2528.161931 1.1254940033
2531.26244 1.09617519379
2534.105236 1.07921814919
2536.961013 1.06788396835
2539.832874 1.07157206535
2542.705571 1.08868002892
2545.548404 1.07529997826
2548.397363 1.08987522125
2551.239154 1.06556916237
2554.105478 1.0860710144
2556.960861 1.07728791237
2559.804577 1.0870320797
2562.838174 1.07314491272
2565.759102 1.12695789337
2568.63007 1.09476304054
2571.505945 1.10009598732
2574.327766 1.08844685555
2577.157478 1.07547402382
2579.992508 1.08106088638
2582.813465 1.08213114738
2585.623018 1.07650494576
2588.474196 1.07753801346
2591.320075 1.08152198792
2594.307427 1.06377387047
2597.307862 1.21658301353
2600.258069 1.16216206551
2603.089909 1.07382082939
2605.938745 1.07937884331
2608.77751 1.0828640461
2611.620815 1.06429600716
2614.456641 1.09192490578
2617.312556 1.07949090004
2620.238493 1.1590950489
2623.079401 1.07702112198
2626.145333 1.0899720192
2629.011912 1.07965111732
2631.876639 1.07605004311
2634.722491 1.08347797394
2637.590726 1.07863688469
2640.423181 1.07947802544
2643.262403 1.07830500603
2646.137346 1.11730408669
2648.996176 1.09258103371
2651.837267 1.06742501259
2654.70431 1.08026099205
2657.812921 1.07759594917
2660.729678 1.18939304352
2663.559195 1.09199500084
2666.410374 1.08759880066
2669.304539 1.12615585327
2672.138083 1.07504820824
2674.978797 1.07412791252
2677.795909 1.08507299423
2680.656116 1.077272892
2683.48744 1.08631491661
2686.339064 1.11886310577
2689.441582 1.15866422653
2692.287387 1.09178185463
2695.118613 1.07926011086
2697.989246 1.07130694389
2700.821653 1.08073997498
2703.654203 1.07200503349
2706.506834 1.09044694901
2709.337049 1.06516885757
2712.224724 1.09728312492
2715.074171 1.07770705223
2717.888011 1.05667614937
2721.089066 1.18463087082
2723.906971 1.06652593613
2726.753548 1.08331298828
2729.586027 1.08343505859
2732.411388 1.08868908882
2735.235339 1.09164977074
2738.09423 1.10240316391
2740.943473 1.09568619728
2743.750881 1.08690905571
2746.553754 1.06870818138
2749.405535 1.07666778564
2752.490191 1.08849596977
2755.322001 1.06763696671
2758.27296 1.21237301826
2761.103732 1.06003499031
2763.97302 1.12450790405
2766.812216 1.0731048584
2769.704094 1.13347387314
2772.554166 1.06613779068
2775.402342 1.09505581856
2778.301595 1.158618927
2781.189202 1.11338186264
2784.205604 1.06874990463
2787.093241 1.14419722557
2789.964106 1.08755898476
2792.869244 1.13346099854
2795.757674 1.09601688385
2798.651919 1.07527279854
2801.471527 1.07568907738
2804.312464 1.08384513855
2807.156212 1.09588193893
2809.985109 1.06865787506
2812.862367 1.10083508492
2815.930579 1.08709907532
2818.755561 1.06888103485
2821.593058 1.09751415253
2824.467598 1.10725092888
2827.286589 1.07718491554
2830.151681 1.09840989113
2832.984287 1.08759093285
2835.819361 1.07451486588
2838.685266 1.08723807335
2841.52061 1.07786607742
2844.344094 1.0722219944
2847.432979 1.07698011398
2850.336855 1.13568520546
2853.206264 1.09053182602
2856.135845 1.16924619675
2858.967616 1.06779503822
2861.884983 1.15506887436
2864.772913 1.07754182816
2867.689608 1.14690208435
2870.55903 1.08974504471
2873.401182 1.06552886963
2876.35359 1.16781497002
2879.484608 1.0819940567
2882.310786 1.0822930336
2885.155875 1.07316398621
2887.98554 1.06888890266
2890.850153 1.08984899521
2893.705237 1.08813285828
2896.518641 1.07191801071
2899.324912 1.07788300514
2902.151705 1.06476902962
2904.972569 1.07585787773
2907.859577 1.14498400688
2910.95154 1.14230394363
2913.805767 1.08681797981
2916.761276 1.19121479988
2919.616876 1.06727480888
2922.490778 1.09785890579
2925.340263 1.08017706871
2928.183534 1.10019803047
2930.991844 1.07894086838
2933.859153 1.10277891159
2936.716586 1.06616902351
2939.573534 1.09485602379
2942.616239 1.07651901245
2945.507527 1.10837292671
2948.364858 1.07589697838
2951.200751 1.07720518112
2954.016541 1.07509589195
2956.86283 1.08799099922
2959.708451 1.10130310059
2962.573322 1.07943105698
2965.503227 1.15056204796
2968.350634 1.08148503304
2971.190179 1.09603285789
2974.215938 1.07984399796
2977.083601 1.07941102982
2979.95262 1.10417509079
2982.791031 1.0837290287
2985.688475 1.09842801094
2988.518301 1.07874488831
2991.374509 1.08952093124
2994.256651 1.08452296257
2997.083908 1.07495188713
2999.932191 1.08627700806
3002.797881 1.07300305367
3005.83321 1.06994700432
3008.667927 1.09135484695
3011.498452 1.09054088593
3014.45163 1.16547989845
3017.276737 1.0823571682
3020.141211 1.09180617332
3022.981267 1.06601405144
3025.851174 1.08481812477
3028.791438 1.16900610924
3031.643004 1.08244991302
3034.620626 1.18786811829
3037.720203 1.07704806328
3040.633681 1.14953112602
3043.489559 1.12448000908
3046.322376 1.07816410065
3049.116497 1.06401610374
3051.964068 1.08955693245
3054.783832 1.07615399361
3057.616182 1.05874705315
3060.506197 1.10014200211
3063.397921 1.09279108047
3066.216665 1.05453896523
3069.254658 1.10341191292
3072.134833 1.09912014008
3075.049766 1.14125299454
3077.926232 1.07393908501
3080.765587 1.09478187561
3083.607236 1.09002709389
3086.449831 1.06582593918
3089.29021 1.09081792831
3092.117296 1.06815981865
3094.981226 1.08574986458
3097.840279 1.08963418007
3100.9831 1.1719520092
3103.838995 1.06531691551
3106.731324 1.09170913696
3109.600543 1.12827992439
3112.464697 1.10055994987
3115.323416 1.08094787598
3118.250665 1.15386605263
3121.105387 1.08977198601
3123.943894 1.09451580048
3126.791578 1.08585214615
3129.604079 1.06977105141
3132.65069 1.07636499405
3135.56313 1.14772200584
3138.365578 1.07286715508
3141.221754 1.08093214035
3144.18167 1.18262386322
3147.024567 1.08838701248
3149.867802 1.11004805565
3152.682113 1.0637550354
3155.548476 1.12163805962
3158.364934 1.0766119957
3161.184934 1.07601904869
3164.297561 1.17185783386
3167.151259 1.09051895142
3170.138714 1.23979997635
3172.980294 1.08538794518
3175.839222 1.1035118103
3178.696985 1.09351587296
3181.62127 1.1738960743
3184.465116 1.06502509117
3187.335953 1.06647801399
3190.15345 1.07682394981
3192.998216 1.08912396431
3196.037584 1.07839107513
3198.914568 1.09346795082
3201.75526 1.07593083382
3204.622445 1.08681583405
3207.47162 1.07909202576
3210.349694 1.08806610107
3213.219637 1.09008002281
3216.0844 1.08648610115
3218.932679 1.09420895576
3221.798077 1.07860207558
3224.630518 1.07802796364
3227.631576 1.06772494316
3230.584614 1.16159892082
3233.462927 1.08960700035
3236.295309 1.06950902939
3239.171256 1.11191701889
3242.020603 1.08805799484
3244.890869 1.09390497208
3247.724702 1.07143616676
3250.570438 1.07595205307
3253.431275 1.09091091156
3256.297064 1.08639097214
3259.380818 1.12416005135
3262.295564 1.15954780579
3265.142124 1.0901222229
3267.987623 1.07741689682
3270.846402 1.09442210197
3273.662128 1.07825517654
3276.530373 1.0902159214
3279.361835 1.06950807571
3282.269478 1.13080692291
3285.195954 1.15379714966
3288.0494 1.07652115822
3291.116693 1.09801697731
3294.015025 1.13980078697
3296.868301 1.07408499718
3299.707268 1.09424901009
3302.546038 1.07887387276
3305.411473 1.09929490089
3308.329931 1.17704796791
3311.18378 1.07576012611
3314.03907 1.08691692352
3316.891155 1.12462806702
3319.717734 1.06945991516
3322.802154 1.08922791481
3325.637736 1.05419206619
3328.487458 1.08679318428
3331.313459 1.0527408123
3334.164433 1.08608484268
3337.078788 1.15836811066
3340.015285 1.17739796638
3342.877137 1.09884595871
3345.735898 1.08361005783
3348.626629 1.08821988106
3351.496268 1.06874203682
3354.546321 1.07905697823
3357.454804 1.12940406799
3360.280207 1.10150504112
3363.133411 1.08115005493
3365.987854 1.09983086586
3368.795659 1.07710385323
3371.728591 1.16058397293
3374.628023 1.17374706268
3377.51474 1.10662698746
3380.461216 1.16328716278
3383.321043 1.09281301498
3386.37462 1.08573484421
3389.244768 1.08589792252
3392.096839 1.10820293427
3395.017424 1.13728904724
3397.888373 1.1033411026
3400.695372 1.06816911697
3403.563847 1.09840488434
3406.396508 1.06754398346
3409.278142 1.09532690048
3412.12985 1.07667899132
3415.001062 1.09982085228
3418.030587 1.07497596741
3420.844534 1.06839704514
3423.664513 1.0666539669
3426.637619 1.20054483414
3429.533343 1.14070701599
3432.460561 1.17912697792
3435.363133 1.13529896736
3438.220758 1.10520601273
3441.062212 1.08009409904
3443.923866 1.08116483688
3446.727882 1.06770801544
3449.831693 1.09495997429
3452.734987 1.11127400398
3455.561483 1.07025718689
3458.404391 1.08893299103
3461.261475 1.06615900993
3464.136632 1.10687613487
3466.997 1.08974409103
3469.812738 1.07682585716
3472.66037 1.09386777878
3475.515289 1.09030199051
3478.360361 1.06853985786
3481.467048 1.09044003487
3484.360418 1.15151786804
3487.334314 1.22221302986
3490.195366 1.11221885681
3493.16975 1.20615196228
3495.978065 1.06717205048
3498.887584 1.15187501907
3501.803445 1.16776800156
3504.675975 1.09128808975
3507.511499 1.09471487999
3510.377031 1.08034801483
3513.395342 1.07483887672
3516.351909 1.18938612938
3519.194761 1.07972788811
3522.049433 1.07885193825
3524.909949 1.06840991974
3527.751246 1.09864211082
3530.67802 1.16265392303
3533.534778 1.07845687866
3536.369643 1.08053398132
3539.245444 1.06495308876
3542.093928 1.0830450058
3545.178258 1.08286690712
3548.000607 1.07573699951
3550.853885 1.06946396828
3553.693407 1.07597994804
3556.548162 1.08782505989
3559.444338 1.12080693245
3562.299111 1.09768795967
3565.143556 1.09028506279
3568.001901 1.07948684692
3570.831434 1.06677508354
3573.67636 1.06803297997
3576.747158 1.10054397583
3579.595162 1.05850505829
3582.459782 1.09079194069
3585.349501 1.08991098404
3588.200433 1.08235788345
3591.052376 1.09150195122
3593.908492 1.08577394485
3596.864797 1.19404911995
3599.680706 1.08009910583
3602.534026 1.08918905258
