2.129017 9999
4.070682 9999
5.990376 9999
7.961075 9999
9.869082 9999
11.775173 9999
13.693508 9999
15.606263 9999
17.524315 9999
19.454678 9999
21.397721 9999
23.332517 9999
25.262594 9999
27.145309 9999
29.074981 9999
31.009554 9999.0
33.083415 9999
35.007662 9999
36.958367 9999
38.932378 9999
40.86199 9999
42.819947 9999
44.763919 9999
46.657611 9999
48.578887 9999
50.498558 9999
52.408166 9999
54.338234 9999
56.257855 9999
58.178326 9999
60.111132 9999
62.054274 9999.0
64.142184 9999
66.08671 9999
68.035246 9999
69.952285 9999
71.872411 9999
73.830514 9999
75.769554 9999
77.703399 9999
79.633872 9999
81.566229 9999
83.494248 9999
85.418099 9999
87.355776 9999
89.306121 9999
91.193497 9999
93.122305 9999.0
95.241976 9999
97.177321 9999
99.125625 9999
101.078508 9999
103.025299 9999
104.967188 9999
106.910723 9999
108.858677 9999
110.778494 9999
112.717987 9999
114.650741 9999
116.571947 9999
118.501767 9999
120.448676 9999
122.365878 9999
124.300505 9999.0
126.373243 9999
128.29569 9999
130.238823 9999
132.169354 9999
134.104225 9999
136.037372 9999
137.953971 9999
139.901404 9999
141.831029 9999
143.777206 9999
145.719127 9999
147.638023 9999
149.55896 9999
151.516777 9999
153.47063 9999
155.407054 9999.0
157.551854 9999
159.470278 9999
161.402286 9999
163.333814 9999
165.25682 9999
167.199182 9999
169.145342 9999
171.088451 9999
173.021512 9999
174.939913 9999
176.870306 9999
178.780981 9999
180.722609 9999
182.665097 9999
184.598084 9999
186.517831 9999.0
188.632073 9999
190.573729 9999
192.511635 9999
194.442344 9999
196.372694 9999
198.301977 9999
200.2387 9999
202.180152 9999
204.317557 9999
206.226311 9999
208.16566 9999
210.133415 9999
212.078738 9999
214.013693 9999
215.909033 9999
217.861709 9999.0
219.972048 9999
221.90454 9999
223.837643 9999
225.755439 9999
227.679307 9999
229.613095 9999
231.533875 9999
233.449422 9999
235.37559 9999
237.271289 9999
239.206843 9999
241.131944 9999
243.040164 9999
244.961969 9999
246.891757 9999
248.820878 9999.0
250.910743 9999
252.855905 9999
254.800588 9999
256.731345 9999
258.653726 9999
260.570761 9999
262.490478 9999
264.399215 9999
266.332185 9999
268.310081 9999
270.220802 9999
272.11736 9999
274.073662 9999
276.014714 9999
277.936945 9999
279.879042 9999.0
281.989551 9999
283.901527 9999
285.810591 9999
287.748537 9999
289.685254 9999
291.615635 9999
293.548737 9999
295.468054 9999
297.402811 9999
299.330587 9999
301.277082 9999
303.228492 9999
305.174314 9999
307.106847 9999
309.037713 9999
310.957853 9999.0
313.082592 9999
315.029506 9999
316.982031 9999
318.877727 9999
320.821111 9999
322.777098 9999
324.734638 9999
326.665503 9999
328.639203 9999
330.557392 9999
332.473505 9999
334.405029 9999
336.330572 9999
338.224094 9999
340.153624 9999
342.052326 9999.0
344.173047 9999
346.105996 9999
348.026523 9999
349.981101 9999
351.891298 9999
353.836643 9999
355.746915 9999
357.675088 9999
359.631147 9999
361.601765 9999
363.568483 9999
365.488902 9999
367.442539 9999
369.399951 9999
371.366317 9999
373.311989 9999.0
375.473315 9999
377.409469 9999
379.362641 9999
381.280956 9999
383.197168 9999
385.121255 9999
387.051193 9999
388.94737 9999
390.877959 9999
392.798632 9999
394.721669 9999
396.642423 9999
398.570117 9999
400.513279 9999
402.47342 9999
404.405169 9999.0
406.514053 9999
408.434278 9999
410.395186 9999
412.347587 9999
414.306835 9999
416.248741 9999
418.182247 9999
420.098497 9999
422.006636 9999
423.897446 9999
425.858449 9999
427.792487 9999
429.737558 9999
431.666661 9999
433.586543 9999
435.506947 9999.0
437.623365 9999
439.576299 9999
441.54787 9999
443.473128 9999
445.397395 9999
447.338084 9999
449.285417 9999
451.20455 9999
453.128898 9999
455.078573 9999
457.037497 9999
458.978125 9999
460.922097 9999
462.878549 9999
464.831765 9999
466.777133 9999.0
468.915736 9999
470.844076 9999
472.790747 9999
474.73577 9999
476.667759 9999
478.611344 9999
480.553462 9999
482.511834 9999
484.440929 9999
486.365704 9999
488.330351 9999
490.240885 9999
492.194619 9999
494.095663 9999
496.014075 9999
497.934609 9999.0
500.090086 9999
502.034277 9999
503.972307 9999
505.912747 9999
507.829155 9999
509.751825 9999
511.684671 9999
513.625873 9999
515.571929 9999
517.492735 9999
519.401228 9999
521.321837 9999
523.224291 9999
525.127296 9999
527.0362 9999
528.951492 9999.0
531.088554 9999
533.021021 9999
534.988708 9999
536.921501 9999
538.847039 9999
540.769384 9999
542.713152 9999
544.656575 9999
546.592192 9999
548.554961 9999
550.518638 9999
552.433227 9999
554.371005 9999
556.323306 9999
558.283073 9999
560.237436 9999.0
562.442347 9999
564.377536 9999
566.328296 9999
568.276367 9999
570.207545 9999
572.1529 9999
574.106146 9999
576.063617 9999
577.994 9999
579.927277 9999
581.870123 9999
583.805754 9999
585.761257 9999
587.717481 9999
589.649004 9999
591.578079 9999.0
593.713691 9999
595.658505 9999
597.605524 9999
599.548851 9999
601.469815 9999
603.39632 9999
605.332892 9999
607.285762 9999
609.234205 9999
611.16133 9999
613.111778 9999
615.062396 9999
616.996112 9999
618.97492 9999
620.921393 9999
622.864727 9999.0
625.047249 9999
626.968282 9999
628.898693 9999
630.82188 9999
632.741474 9999
634.707056 9999
636.650354 9999
638.594136 9999
640.541671 9999
642.482279 9999
644.417586 9999
646.382119 9999
648.312167 9999
650.225256 9999
652.166423 9999
654.086287 9999.0
656.235561 9999
658.165301 9999
660.100329 9999
662.019517 9999
663.963985 9999
665.910673 9999
667.840273 9999
669.79345 9999
671.724275 9999
673.657427 9999
675.604864 9999
677.530978 9999
679.466516 9999
681.36631 9999
683.320636 9999
685.273575 9999.0
687.375469 9999
689.306469 9999
691.224351 9999
693.14827 9999
695.105341 9999
697.057777 9999
699.003366 9999
700.939258 9999
702.85703 9999
704.751664 9999
706.661224 9999
708.57924 9999
710.506549 9999
712.46726 9999
714.398573 9999
716.321983 9999.0
718.448065 9999
720.383355 9999
722.297217 9999
724.223333 9999
726.175321 9999
728.102742 9999
730.00739 9999
731.939934 9999
733.901464 9999
735.846799 9999
737.812799 9999
739.758642 9999
741.700003 9999
743.656342 9999
745.614837 9999
747.581539 9999.0
749.778677 9999
751.696004 9999
753.64022 9999
755.583913 9999
757.528002 9999
759.47278 9999
761.412887 9999
763.367369 9999
765.312326 9999
767.24858 9999
769.17506 9999
771.112037 9999
773.05586 9999
774.995814 9999
776.929123 9999
778.899864 9999.0
781.022248 9999
782.953951 9999
784.885269 9999
786.785362 9999
788.7132 9999
790.64519 9999
792.593312 9999
794.509595 9999
796.444175 9999
798.364802 9999
800.287607 9999
802.236338 9999
804.203919 9999
806.140912 9999
808.072791 9999
810.00124 9999.0
812.162012 9999
814.072575 9999
816.003279 9999
817.956384 9999
819.916402 9999
821.884408 9999
823.816857 9999
825.770413 9999
827.715493 9999
829.636306 9999
831.591366 9999
833.523152 9999
835.452944 9999
837.388002 9999
839.328824 9999
841.275047 9999.0
843.4338 9999
845.389677 9999
847.324642 9999
849.244713 9999
851.18622 9999
853.105265 9999
855.064053 9999
857.004416 9999
858.902232 9999
860.823838 9999
862.743453 9999
864.686725 9999
866.642184 9999
868.576225 9999
870.5216 9999
872.453608 9999.0
874.667901 9999
876.624649 9999
878.594278 9999
880.517463 9999
882.458631 9999
884.379684 9999
886.299785 9999
888.244562 9999
890.186387 9999
892.118286 9999
894.065491 9999
895.982939 9999
897.929066 9999
899.883035 9999
901.839263 9999
903.759068 9999.0
905.929058 9999
907.902395 9999
909.855474 9999
911.772825 9999
913.732391 9999
915.68935 9999
917.617884 9999
919.550925 9999
921.480565 9999
923.424304 9999
925.36985 9999
927.267498 9999
929.188084 9999
931.118497 9999
933.07501 9999
935.033371 9999.0
937.202325 9999
939.15916 9999
941.088735 9999
942.998336 9999
944.94409 9999
946.903541 9999
948.834324 9999
950.740374 9999
952.674163 9999
954.609271 9999
956.523165 9999
958.420404 9999
960.353727 9999
962.285706 9999
964.217035 9999
966.145936 9999.0
968.342539 9999
970.275217 9999
972.230516 9999
974.149918 9999
976.063213 9999
977.99025 9999
979.919488 9999
981.84255 9999
983.773947 9999
985.720136 9999
987.649173 9999
989.585623 9999
991.542477 9999
993.494375 9999
995.436989 9999
997.385173 9999.0
999.590239 9999
1001.522082 9999
1003.45544 9999
1005.388951 9999
1007.32038 9999
1009.25001 9999
1011.15045 9999
1013.071104 9999
1015.020654 9999
1016.946052 9999
1018.872563 9999
1020.793242 9999
1022.715456 9999
1024.624887 9999
1026.564791 9999
1028.485177 9999.0
1030.709315 9999
1032.649499 9999
1034.588235 9999
1036.528726 9999
1038.499269 9999
1040.453464 9999
1042.39426 9999
1044.364303 9999
1046.33443 9999
1048.278093 9999
1050.220834 9999
1052.164118 9999
1054.107566 9999
1056.06512 9999
1058.02128 9999
1059.999829 9999.0
1062.184301 9999
1064.151451 9999
1066.092806 9999
1068.041248 9999
1069.961544 9999
1071.904916 9999
1073.821342 9999
1075.751308 9999
1077.686639 9999
1079.614543 9999
1081.562113 9999
1083.494917 9999
1085.449433 9999
1087.381983 9999
1089.32625 9999
1091.257988 9999.0
1093.443482 9999
1095.389092 9999
1097.32268 9999
1099.297753 9999
1101.217587 9999
1103.148658 9999
1105.075426 9999
1107.026014 9999
1108.945515 9999
1110.895768 9999
1112.790546 9999
1114.709691 9999
1116.650505 9999
1118.56133 9999
1120.516339 9999
1122.446702 9999.0
1124.655707 9999
1126.59593 9999
1128.518842 9999
1130.466043 9999
1132.411572 9999
1134.336888 9999
1136.247287 9999
1138.175723 9999
1140.121207 9999
1142.047079 9999
1143.94996 9999
1145.893672 9999
1147.805917 9999
1149.745789 9999
1151.66921 9999
1153.613013 9999.0
1155.806265 9999
1157.749174 9999
1159.685604 9999
1161.626908 9999
1163.56159 9999
1165.505955 9999
1167.447416 9999
1169.377952 9999
1171.322329 9999
1173.254942 9999
1175.190938 9999
1177.131395 9999
1179.050188 9999
1181.010611 9999
1182.964709 9999
1184.919936 9999.0
1187.087403 9999
1189.034503 9999
1191.192351 9999
1193.150804 9999
1195.083868 9999
1197.000385 9999
1198.924741 9999
1200.847954 9999
1202.797661 9999
1204.756281 9999
1206.70029 9999
1208.618244 9999
1210.575038 9999
1212.542647 9999
1214.499356 9999
1216.445504 9999.0
1218.679048 9999
1220.608108 9999
1222.51966 9999
1224.470542 9999
1226.416403 9999
1228.358869 9999
1230.32829 9999
1232.246483 9999
1234.159774 9999
1236.065948 9999
1237.968646 9999
1239.893385 9999
1241.819814 9999
1243.741425 9999
1245.679696 9999
1247.594017 9999.0
1249.771395 9999
1251.701837 9999
1253.61116 9999
1255.533706 9999
1257.483245 9999
1259.426096 9999
1261.396099 9999
1263.366099 9999
1265.30672 9999
1267.253179 9999
1269.197732 9999
1271.150527 9999
1273.083448 9999
1275.076489 9999
1277.021271 9999
1278.977443 9999.0
1281.182536 9999
1283.136265 9999
1285.082798 9999
1287.025921 9999
1288.970072 9999
1290.925277 9999
1292.872943 9999
1294.802777 9999
1296.724076 9999
1298.665921 9999
1300.612099 9999
1302.554598 9999
1304.474485 9999
1306.412051 9999
1308.361244 9999
1310.295666 9999.0
1312.500198 9999
1314.435461 9999
1316.355088 9999
1318.292642 9999
1320.230507 9999
1322.163812 9999
1324.093777 9999
1326.037935 9999
1327.995594 9999
1329.939719 9999
1331.88118 9999
1333.840013 9999
1335.797265 9999
1337.728166 9999
1339.621251 9999
1341.557047 9999.0
1343.717683 9999
1345.670886 9999
1347.605912 9999
1349.548891 9999
1351.516743 9999
1353.448288 9999
1355.3701 9999
1357.310394 9999
1359.26822 9999
1361.222135 9999
1363.166737 9999
1365.112632 9999
1367.065917 9999
1369.021947 9999
1370.952849 9999
1372.889442 9999.0
1375.116399 9999
1377.049181 9999
1378.996162 9999
1380.949299 9999
1382.893982 9999
1384.838453 9999
1386.782112 9999
1388.702456 9999
1390.614687 9999
1392.540345 9999
1394.45279 9999
1396.393514 9999
1398.296075 9999
1400.20587 9999
1402.133333 9999
1404.05413 9999.0
1406.260774 9999
1408.200976 9999
1410.168005 9999
1412.115046 9999
1414.05703 9999
1415.981185 9999
1417.944729 9999
1419.881268 9999
1421.822488 9999
1423.767516 9999
1425.711546 9999
1427.67817 9999
1429.624962 9999
1431.5705 9999
1433.4855 9999
1435.430031 9999.0
1437.62845 9999
1439.556977 9999
1441.489294 9999
1443.461524 9999
1445.405172 9999
1447.357454 9999
1449.289078 9999
1451.246505 9999
1453.165581 9999
1455.098679 9999
1457.043771 9999
1458.975244 9999
1460.907751 9999
1462.843608 9999
1464.780792 9999
1466.71427 9999.0
1468.900792 9999
1470.858498 9999
1472.786657 9999
1474.727167 9999
1476.642915 9999
1478.575088 9999
1480.536771 9999
1482.483489 9999
1484.450875 9999
1486.39768 9999
1488.338984 9999
1490.270496 9999
1492.202317 9999
1494.172604 9999
1496.107631 9999
1498.061796 9999.0
1500.257343 9999
1502.213395 9999
1504.13554 9999
1506.050001 9999
1507.9823 9999
1509.906812 9999
1511.839282 9999
1513.743846 9999
1515.673544 9999
1517.629115 9999
1519.552768 9999
1521.49171 9999
1523.450014 9999
1525.394003 9999
1527.364373 9999
1529.282005 9999.0
1531.494471 9999
1533.448876 9999
1535.389561 9999
1537.346863 9999
1539.303389 9999
1541.259174 9999
1543.227176 9999
1545.171343 9999
1547.118213 9999
1549.056734 9999
1551.002155 9999
1552.946868 9999
1554.866389 9999
1556.803056 9999
1558.753316 9999
1560.702637 9999.0
1562.89406 9999
1564.839876 9999
1566.78535 9999
1568.728558 9999
1570.672108 9999
1572.615077 9999
1574.573064 9999
1576.490383 9999
1578.409226 9999
1580.341586 9999
1582.26549 9999
1584.199266 9999
1586.127968 9999
1588.046536 9999
1589.995835 9999
1591.934545 9999.0
1594.083702 9999
1596.027864 9999
1597.984017 9999
1599.927915 9999
1601.86368 9999
1603.805584 9999
1605.747036 9999
1607.692611 9999
1609.636317 9999
1611.578122 9999
1613.525766 9999
1615.478652 9999
1617.436067 9999
1619.389497 9999
1621.34643 9999
1623.29383 9999.0
1625.499122 9999
1627.432166 9999
1629.402837 9999
1631.366808 9999
1633.299238 9999
1635.245034 9999
1637.197962 9999
1639.131321 9999
1641.073506 9999
1643.030959 9999
1644.976027 9999
1646.917179 9999
1648.851097 9999
1650.794315 9999
1652.775433 9999
1654.722881 9999.0
1656.928179 9999
1658.873775 9999
1660.802254 9999
1662.757737 9999
1664.690579 9999
1666.62538 9999
1668.554309 9999
1670.511315 9999
1672.444853 9999
1674.373841 9999
1676.344496 9999
1678.262595 9999
1680.194071 9999
1682.139386 9999
1684.093992 9999
1686.026509 9999.0
1688.215287 9999
1690.168697 9999
1692.134565 9999
1694.079433 9999
1696.023727 9999
1697.969324 9999
1699.910521 9999
1701.863099 9999
1703.814453 9999
1705.738112 9999
1707.662792 9999
1709.619166 9999
1711.529047 9999
1713.457872 9999
1715.394004 9999
1717.332188 9999.0
1719.498666 9999
1721.440604 9999
1723.39448 9999
1725.338491 9999
1727.282034 9999
1729.191183 9999
1731.10626 9999
1732.98896 9999
1734.897317 9999
1736.805133 9999
1738.721911 9999
1740.628845 9999
1742.553464 9999
1744.46954 9999
1746.420553 9999
1748.355327 9999.0
1750.58366 9999
1752.493962 9999
1754.426531 9999
1756.394078 9999
1758.325804 9999
1760.260852 9999
1762.202518 9999
1764.148922 9999
1766.083769 9999
1768.0244 9999
1769.965591 9999
1771.922741 9999
1773.844865 9999
1775.76551 9999
1777.683877 9999
1779.616019 9999.0
1781.848158 9999
1783.806168 9999
1785.750598 9999
1787.700623 9999
1789.649108 9999
1791.588056 9999
1793.521907 9999
1795.470746 9999
1797.423891 9999
1799.354041 9999
1801.289604 9999
1803.228792 9999
1805.176172 9999
1807.084244 9999
1809.023301 9999
1810.972389 9999.0
1813.120671 9999
1815.049227 9999
1816.994123 9999
1818.950499 9999
1820.883722 9999
1822.8189 9999
1824.75691 9999
1826.704955 9999
1828.607599 9999
1830.534362 9999
1832.473713 9999
1834.433897 9999
1836.362085 9999
1838.270096 9999
1840.220422 9999
1842.168662 9999.0
1844.380301 9999
1846.321392 9999
1848.253507 9999
1850.197664 9999
1852.130189 9999
1854.077546 9999
1856.06814 9999
1858.024179 9999
1859.966169 9999
1861.91105 9999
1863.842373 9999
1865.785771 9999
1867.730923 9999
1869.661845 9999
1871.597943 9999
1873.531864 9999.0
1875.72314 9999
1877.657442 9999
1879.598941 9999
1881.57208 9999
1883.534794 9999
1885.491008 9999
1887.43507 9999
1889.393493 9999
1891.312239 9999
1893.24268 9999
1895.179385 9999
1897.141215 9999
1899.0876 9999
1901.05366 9999
1902.999348 9999
1904.965502 9999.0
1907.151861 9999
1909.107628 9999
1911.061891 9999
1912.993614 9999
1914.965344 9999
1916.886518 9999
1918.828964 9999
1920.751129 9999
1922.691438 9999
1924.623565 9999
1926.606451 9999
1928.584414 9999
1930.538946 9999
1932.469038 9999
1934.417523 9999
1936.346109 9999.0
1938.59286 9999
1940.544437 9999
1942.490604 9999
1944.445864 9999
1946.37857 9999
1948.29923 9999
1950.207655 9999
1952.163003 9999
1954.106891 9999
1956.078364 9999
1958.054496 9999
1959.997816 9999
1961.942502 9999
1963.856195 9999
1965.781689 9999
1967.700115 9999.0
1969.910381 9999
1971.865307 9999
1973.766637 9999
1975.68746 9999
1977.602341 9999
1979.538753 9999
1981.454498 9999
1983.376404 9999
1985.317227 9999
1987.217782 9999
1989.138102 9999
1991.090487 9999
1993.03796 9999
1994.965787 9999
1996.885542 9999
1998.815939 9999.0
2001.073591 9999
2003.008497 9999
2004.959699 9999
2006.881565 9999
2008.825747 9999
2010.787887 9999
2012.740749 9999
2014.693874 9999
2016.628208 9999
2018.571315 9999
2020.514843 9999
2022.494243 9999
2024.425162 9999
2026.346082 9999
2028.291448 9999
2030.235596 9999.0
2032.442501 9999
2034.389031 9999
2036.31755 9999
2038.276542 9999
2040.227822 9999
2042.149835 9999
2044.082469 9999
2046.026992 9999
2047.957848 9999
2049.88965 9999
2051.805345 9999
2053.75375 9999
2055.67424 9999
2057.605795 9999
2059.572339 9999
2061.541498 9999.0
2063.727215 9999
2065.64726 9999
2067.615193 9999
2069.535839 9999
2071.456902 9999
2073.410244 9999
2075.34524 9999
2077.239333 9999
2079.159973 9999
2081.10298 9999
2083.025777 9999
2084.990133 9999
2086.937315 9999
2088.852305 9999
2090.778957 9999
2092.709064 9999.0
2094.984924 9999
2096.918899 9999
2098.848804 9999
2100.806359 9999
2102.737321 9999
2104.672587 9999
2106.624098 9999
2108.582427 9999
2110.528216 9999
2112.470696 9999
2114.426715 9999
2116.407244 9999
2118.339421 9999
2120.282596 9999
2122.202208 9999
2124.1216 9999.0
2126.320094 9999
2128.262281 9999
2130.207726 9999
2132.150712 9999
2134.074294 9999
2136.003312 9999
2137.983347 9999
2139.919296 9999
2141.856989 9999
2143.783145 9999
2145.710012 9999
2147.643472 9999
2149.60177 9999
2151.542964 9999
2153.509286 9999
2155.482389 9999.0
2157.66311 9999
2159.605914 9999
2161.575111 9999
2163.50917 9999
2165.462495 9999
2167.40678 9999
2169.350993 9999
2171.281629 9999
2173.204465 9999
2175.137373 9999
2177.054347 9999
2179.001122 9999
2180.953925 9999
2182.867471 9999
2184.796368 9999
2186.727059 9999.0
2188.900406 9999
2190.846444 9999
2192.821975 9999
2194.782812 9999
2196.724799 9999
2198.65583 9999
2200.611597 9999
2202.517901 9999
2204.414234 9999
2206.337642 9999
2208.245912 9999
2210.176535 9999
2212.070155 9999
2214.007361 9999
2215.935481 9999
2217.881169 9999.0
2220.085898 9999
2222.031614 9999
2223.938312 9999
2225.882397 9999
2227.814689 9999
2229.737658 9999
2231.66544 9999
2233.591027 9999
2235.53159 9999
2237.477986 9999
2239.420121 9999
2241.372433 9999
2243.293157 9999
2245.225063 9999
2247.173141 9999
2249.114504 9999.0
2251.363729 9999
2253.327549 9999
2255.259043 9999
2257.202376 9999
2259.134285 9999
2261.06573 9999
2263.018347 9999
2264.935805 9999
2266.874169 9999
2268.845234 9999
2270.815326 9999
2272.769594 9999
2274.711204 9999
2276.654279 9999
2278.615595 9999
2280.590792 9999.0
2282.80226 9999
2284.753896 9999
2286.686282 9999
2288.625282 9999
2290.569724 9999
2292.499607 9999
2294.428276 9999
2296.370052 9999
2298.293583 9999
2300.212466 9999
2302.153474 9999
2304.079832 9999
2306.021084 9999
2307.967291 9999
2309.899191 9999
2311.816153 9999.0
2314.03645 9999
2315.954744 9999
2317.896405 9999
2319.830769 9999
2321.775066 9999
2323.730686 9999
2325.701332 9999
2327.631883 9999
2329.601696 9999
2331.527324 9999
2333.465308 9999
2335.409056 9999
2337.341728 9999
2339.318782 9999
2341.264378 9999
2343.185387 9999.0
2345.354183 9999
2347.297811 9999
2349.241491 9999
2351.175856 9999
2353.118481 9999
2355.06464 9999
2356.997473 9999
2358.929395 9999
2360.882384 9999
2362.837943 9999
2364.770263 9999
2366.690924 9999
2368.622063 9999
2370.577801 9999
2372.54648 9999
2374.481449 9999.0
2376.653989 9999
2378.609523 9999
2380.540904 9999
2382.482742 9999
2384.414838 9999
2386.350387 9999
2388.316927 9999
2390.28228 9999
2392.225302 9999
2394.182178 9999
2396.105909 9999
2398.060201 9999
2399.983118 9999
2401.935083 9999
2403.857138 9999
2405.812093 9999.0
2408.042481 9999
2409.962333 9999
2411.895396 9999
2413.841055 9999
2415.775304 9999
2417.701287 9999
2419.646548 9999
2421.602668 9999
2423.534602 9999
2425.485146 9999
2427.398479 9999
2429.355068 9999
2431.33468 9999
2433.279421 9999
2435.237539 9999
2437.178637 9999.0
2439.325152 9999
2441.293988 9999
2443.236818 9999
2445.180155 9999
2447.117372 9999
2449.075329 9999
2451.016088 9999
2452.958873 9999
2454.890703 9999
2456.836419 9999
2458.802729 9999
2460.75832 9999
2462.735025 9999
2464.683414 9999
2466.650555 9999
2468.629652 9999.0
2470.846697 9999
2472.806537 9999
2474.778005 9999
2476.718518 9999
2478.67701 9999
2480.622038 9999
2482.5652 9999
2484.520287 9999
2486.486794 9999
2488.440601 9999
2490.37464 9999
2492.321294 9999
2494.290695 9999
2496.253719 9999
2498.224091 9999
2500.154315 9999.0
2502.327451 9999
2504.306631 9999
2506.263009 9999
2508.217856 9999
2510.20005 9999
2512.148195 9999
2514.101177 9999
2516.055737 9999
2517.985293 9999
2519.958113 9999
2521.899111 9999
2523.840893 9999
2525.764363 9999
2527.661441 9999
2529.589618 9999
2531.502704 9999.0
2533.716744 9999
2535.651714 9999
2537.606452 9999
2539.527528 9999
2541.470734 9999
2543.429142 9999
2545.391945 9999
2547.36285 9999
2549.306187 9999
2551.240005 9999
2553.221529 9999
2555.165207 9999
2557.098223 9999
2559.052485 9999
2560.994603 9999
2562.941346 9999.0
2565.14518 9999
2567.089882 9999
2569.022202 9999
2571.015664 9999
2572.950961 9999
2574.891787 9999
2576.824754 9999
2578.765931 9999
2580.713677 9999
2582.663179 9999
2584.60185 9999
2586.522303 9999
2588.45448 9999
2590.374956 9999
2592.31699 9999
2594.23486 9999.0
2596.621321 9999
2598.545522 9999
2600.508408 9999
2602.462873 9999
2604.400415 9999
2606.339348 9999
2608.285177 9999
2610.218759 9999
2612.149737 9999
2614.108527 9999
2616.036156 9999
2617.970394 9999
2619.900328 9999
2621.823166 9999
2623.776641 9999
2625.708532 9999.0
2627.917555 9999
2629.873843 9999
2631.805052 9999
2633.728357 9999
2635.68489 9999
2637.601642 9999
2639.536651 9999
2641.446459 9999
2643.414389 9999
2645.366171 9999
2647.288311 9999
2649.234504 9999
2651.180315 9999
2653.141745 9999
2655.088471 9999
2657.017448 9999.0
2659.228567 9999
2661.172723 9999
2663.101329 9999
2665.048149 9999
2666.968854 9999
2668.90998 9999
2670.843865 9999
2672.789229 9999
2674.721969 9999
2676.641427 9999
2678.574025 9999
2680.541846 9999
2682.485514 9999
2684.462547 9999
2686.406937 9999
2688.349926 9999.0
2690.546151 9999
2692.465116 9999
2694.397251 9999
2696.353169 9999
2698.31157 9999
2700.257276 9999
2702.221509 9999
2704.177404 9999
2706.143249 9999
2708.089648 9999
2710.04724 9999
2711.989164 9999
2713.936225 9999
2715.86835 9999
2717.81483 9999
2719.753036 9999.0
2721.888284 9999
2723.832972 9999
2725.766486 9999
2727.709067 9999
2729.618614 9999
2731.549842 9999
2733.493278 9999
2735.425245 9999
2737.346256 9999
2739.300127 9999
2741.244573 9999
2743.191193 9999
2745.155511 9999
2747.0987 9999
2749.042178 9999
2750.981773 9999.0
2753.208463 9999
2755.15157 9999
2757.100683 9999
2759.044245 9999
2761.000846 9999
2762.967546 9999
2764.888244 9999
2766.848438 9999
2768.789636 9999
2770.757575 9999
2772.733472 9999
2774.702906 9999
2776.659621 9999
2778.592095 9999
2780.508945 9999
2782.433267 9999.0
2784.627112 9999
2786.572076 9999
2788.503881 9999
2790.446778 9999
2792.403891 9999
2794.349145 9999
2796.280078 9999
2798.199813 9999
2800.130851 9999
2802.086931 9999
2804.030592 9999
2805.963287 9999
2807.922065 9999
2809.886211 9999
2811.830938 9999
2813.79134 9999.0
2815.984997 9999
2817.944617 9999
2819.869883 9999
2821.827692 9999
2823.760988 9999
2825.73075 9999
2827.650605 9999
2829.555868 9999
2831.481908 9999
2833.421965 9999
2835.364214 9999
2837.307026 9999
2839.249279 9999
2841.171608 9999
2843.126345 9999
2845.033291 9999.0
2847.216528 9999
2849.198779 9999
2851.143747 9999
2853.086515 9999
2855.00574 9999
2856.952438 9999
2858.894175 9999
2860.826636 9999
2862.758519 9999
2864.738763 9999
2866.672732 9999
2868.627073 9999
2870.570233 9999
2872.515346 9999
2874.433922 9999
2876.389939 9999.0
2878.603426 9999
2880.533598 9999
2882.487074 9999
2884.442963 9999
2886.39955 9999
2888.365508 9999
2890.310723 9999
2892.231723 9999
2894.174767 9999
2896.120315 9999
2898.100661 9999
2900.042247 9999
2901.978505 9999
2903.930066 9999
2905.853621 9999
2907.80588 9999.0
2910.050777 9999
2911.989877 9999
2913.953623 9999
2915.89956 9999
2917.817117 9999
2919.771035 9999
2921.71403 9999
2923.645349 9999
2925.594954 9999
2927.54522 9999
2929.489769 9999
2931.446115 9999
2933.416019 9999
2935.39334 9999
2937.328915 9999
2939.283334 9999.0
2941.514982 9999
2943.448332 9999
2945.366198 9999
2947.321113 9999
2949.265592 9999
2951.209146 9999
2953.169108 9999
2955.162002 9999
2957.12659 9999
2959.072576 9999
2961.020065 9999
2962.971061 9999
2964.927086 9999
2966.895749 9999
2968.854364 9999
2970.822474 9999.0
2973.036552 9999
2974.971046 9999
2976.939233 9999
2978.896577 9999
2980.853747 9999
2982.812417 9999
2984.761706 9999
2986.705527 9999
2988.676571 9999
2990.621678 9999
2992.584778 9999
2994.545504 9999
2996.488732 9999
2998.432285 9999
3000.373348 9999
3002.319757 9999.0
3004.525277 9999
3006.508033 9999
3008.452137 9999
3010.382899 9999
3012.319684 9999
3014.237774 9999
3016.17981 9999
3018.13705 9999
3020.106527 9999
3022.067815 9999
3024.015401 9999
3025.970995 9999
3027.925742 9999
3029.893862 9999
3031.841866 9999
3033.785194 9999.0
3035.941405 9999
3037.88659 9999
3039.807747 9999
3041.737356 9999
3043.684615 9999
3045.639804 9999
3047.582937 9999
3049.52507 9999
3051.482641 9999
3053.417715 9999
3055.338969 9999
3057.281259 9999
3059.245895 9999
3061.201954 9999
3063.18529 9999
3065.152184 9999.0
3067.333106 9999
3069.259464 9999
3071.223971 9999
3073.169982 9999
3075.113438 9999
3077.054693 9999
3079.00879 9999
3080.965796 9999
3082.934008 9999
3084.89056 9999
3086.858563 9999
3088.797904 9999
3090.738641 9999
3092.628815 9999
3094.566548 9999
3096.486499 9999.0
3098.690084 9999
3100.637198 9999
3102.603019 9999
3104.545588 9999
3106.501628 9999
3108.43737 9999
3110.368706 9999
3112.313341 9999
3114.223248 9999
3116.172276 9999
3118.129667 9999
3120.044023 9999
3121.985249 9999
3123.9551 9999
3125.919433 9999
3127.875485 9999.0
3130.071811 9999
3131.989437 9999
3133.933012 9999
3135.84133 9999
3137.748797 9999
3139.669922 9999
3141.615037 9999
3143.595677 9999
3145.575545 9999
3147.521164 9999
3149.461684 9999
3151.39579 9999
3153.339789 9999
3155.257853 9999
3157.214527 9999
3159.146012 9999.0
3161.319446 9999
3163.258055 9999
3165.182454 9999
3167.140714 9999
3169.061947 9999
3171.016601 9999
3172.957165 9999
3174.902756 9999
3176.823903 9999
3178.754709 9999
3180.732047 9999
3182.680441 9999
3184.647922 9999
3186.57776 9999
3188.527691 9999
3190.484771 9999.0
3192.687239 9999
3194.656951 9999
3196.592033 9999
3198.51844 9999
3200.462882 9999
3202.404776 9999
3204.317395 9999
3206.272379 9999
3208.223204 9999
3210.151865 9999
3212.081804 9999
3214.023272 9999
3215.996518 9999
3217.949749 9999
3219.879234 9999
3221.822063 9999.0
3224.058972 9999
3226.026135 9999
3227.968458 9999
3229.924459 9999
3231.881367 9999
3233.850572 9999
3235.778335 9999
3237.734889 9999
3239.692814 9999
3241.635087 9999
3243.578008 9999
3245.512793 9999
3247.466592 9999
3249.410534 9999
3251.378353 9999
3253.334177 9999.0
3255.55217 9999
3257.524211 9999
3259.468276 9999
3261.411875 9999
3263.35922 9999
3265.287998 9999
3267.243174 9999
3269.186239 9999
3271.150926 9999
3273.145092 9999
3275.092253 9999
3277.044098 9999
3279.002393 9999
3280.944675 9999
3282.935899 9999
3284.906688 9999.0
3287.091687 9999
3289.050835 9999
3290.988985 9999
3292.934256 9999
3294.891886 9999
3296.833579 9999
3298.780104 9999
3300.71368 9999
3302.692161 9999
3304.647649 9999
3306.581289 9999
3308.526721 9999
3310.505292 9999
3312.45944 9999
3314.415819 9999
3316.362673 9999.0
3318.559693 9999
3320.532727 9999
3322.4892 9999
3324.435972 9999
3326.404735 9999
3328.372911 9999
3330.353362 9999
3332.306864 9999
3334.265728 9999
3336.36404 9999
3338.321111 9999
3340.289263 9999
3342.228502 9999
3344.163731 9999
3346.071919 9999
3348.037741 9999.0
3350.224349 9999
3352.154979 9999
3354.134842 9999
3356.092803 9999
3358.025004 9999
3359.959108 9999
3361.872976 9999
3363.798199 9999
3365.717806 9999
3367.673402 9999
3369.607464 9999
3371.545728 9999
3373.53993 9999
3375.495255 9999
3377.488107 9999
3379.420669 9999.0
3381.640578 9999
3383.593754 9999
3385.537561 9999
3387.471929 9999
3389.430067 9999
3391.371527 9999
3393.336844 9999
3395.283881 9999
3397.239743 9999
3399.180837 9999
3401.142069 9999
3403.096667 9999
3405.035587 9999
3407.006356 9999
3408.94928 9999
3410.857299 9999.0
3413.093313 9999
3415.05859 9999
3417.036333 9999
3418.96393 9999
3420.892956 9999
3422.84869 9999
3424.803501 9999
3426.724746 9999
3428.665275 9999
3430.611282 9999
3432.545177 9999
3434.498527 9999
3436.434137 9999
3438.373696 9999
3440.312785 9999
3442.262953 9999.0
3444.517314 9999
3446.476719 9999
3448.410491 9999
3450.361634 9999
3452.309873 9999
3454.263047 9999
3456.233846 9999
3458.175623 9999
3460.194203 9999
3462.122572 9999
3464.069245 9999
3466.009483 9999
3467.952729 9999
3469.908224 9999
3471.856262 9999
3473.798291 9999.0
3476.051568 9999
3477.998837 9999
3479.951297 9999
3481.897105 9999
3483.83256 9999
3485.760865 9999
3487.706457 9999
3489.651985 9999
3491.593319 9999
3493.521596 9999
3495.447774 9999
3497.368783 9999
3499.310366 9999
3501.230495 9999
3503.138476 9999
3505.081813 9999.0
3507.302525 9999
3509.272021 9999
3511.217869 9999
3513.171432 9999
3515.126497 9999
3517.034215 9999
3518.980972 9999
3520.949543 9999
3522.927514 9999
3524.894876 9999
3526.835438 9999
3528.779744 9999
3530.725965 9999
3532.682011 9999
3534.646348 9999
3536.605794 9999.0
3538.806583 9999
3540.723893 9999
3542.679033 9999
3544.613973 9999
3546.569419 9999
3548.491737 9999
3550.443164 9999
3552.387536 9999
3554.345912 9999
3556.287053 9999
3558.204898 9999
3560.149713 9999
3562.096807 9999
3564.049395 9999
3565.985343 9999
3567.919802 9999.0
3570.138514 9999
3572.101082 9999
3574.06151 9999
3576.013325 9999
3577.957396 9999
3579.91121 9999
3581.845892 9999
3583.777458 9999
3585.725371 9999
3587.667194 9999
3589.60769 9999
3591.555925 9999
3593.507887 9999
3595.456231 9999
3597.409238 9999
3599.341563 9999.0
3601.574678 9999
