9.665032 1.42957695325
19.070566 1.3734989961
28.559977 1.39853199323
38.015457 1.39551472664
47.673085 1.39656130473
57.128328 1.39491089185
66.734895 1.3902130127
75.991825 1.36371270816
85.687021 1.40883127848
95.189508 1.41433525085
104.593869 1.36415799459
114.033529 1.38632361094
123.655769 1.40035200119
133.1459 1.38972059886
142.618755 1.38707033793
152.075266 1.38202826182
161.597317 1.39517966906
171.153622 1.39110700289
180.744117 1.3892493248
190.21713 1.37931211789
199.824087 1.38947900136
209.29852 1.37045796712
218.737731 1.3878467083
228.175528 1.38796432813
237.881337 1.38571294149
247.370838 1.37905907631
256.811366 1.38063279788
266.203227 1.37429801623
275.889338 1.37801130613
285.36593 1.38841636976
294.822379 1.36770335833
304.309169 1.36934264501
314.00184 1.3775797685
323.438394 1.39133874575
332.930254 1.38081844648
342.430094 1.39359903336
352.090249 1.39266562462
361.579873 1.39453355471
371.036717 1.39010834694
380.525941 1.39425802231
390.182586 1.39558267593
399.687883 1.3687526385
409.278454 1.39004993439
418.685555 1.38351027171
428.257045 1.38021961848
437.731026 1.36961666743
447.203606 1.39673709869
456.760117 1.38413572311
466.420023 1.39125665029
475.822105 1.37092494965
485.261406 1.37738760312
494.701308 1.37623532613
504.308653 1.41012430191
513.730571 1.36622095108
523.205104 1.39528036118
532.676654 1.39387329419
542.333314 1.39665460587
551.875485 1.40171702703
561.429426 1.40318965912
570.902766 1.38901495934
580.607555 1.40481694539
590.03065 1.38882803917
599.471403 1.38509424527
608.844491 1.37671470642
618.484298 1.38396867116
627.972512 1.38002618154
637.39721 1.38012695312
647.034883 1.41533295314
656.658902 1.40039873123
666.215467 1.39441601435
675.720854 1.38578279813
685.278759 1.4086069266
695.033801 1.41640663147
704.457725 1.3808983167
713.896454 1.36903301875
723.369752 1.40409668287
733.092375 1.3732000192
742.532487 1.37291804949
752.021468 1.38495063782
761.611326 1.39165234566
771.217066 1.3825293382
780.706747 1.38684097926
790.164415 1.38626948992
799.570048 1.37402359645
809.228825 1.39632868767
818.749411 1.38446696599
828.142234 1.38251137733
837.57871 1.37297526995
847.267523 1.38208230337
856.7579 1.391193072
866.313981 1.39706436793
875.90398 1.40230194728
885.443148 1.36560599009
894.866342 1.37427902222
904.27208 1.36827834447
913.745361 1.39990536372
923.402104 1.39951292674
932.990957 1.394414107
942.531175 1.40642571449
951.937541 1.38444566727
961.57654 1.39456423124
971.183024 1.41339794795
980.706542 1.40723458926
990.214774 1.39202698072
999.919168 1.3840777874
1009.462375 1.39744067192
1018.931495 1.3942665259
1028.371367 1.37710730235
1038.060378 1.40052835147
1047.567455 1.39727830887
1057.023032 1.3627076149
1066.512613 1.39929501216
1076.235475 1.3950530688
1085.709411 1.39341990153
1095.43248 1.37622872988
1104.873386 1.37777797381
1114.544679 1.37945238749
1124.101511 1.37765169144
1133.640656 1.36539570491
1143.096762 1.37477207184
1152.887176 1.38539791107
1162.309375 1.38502399127
1171.81663 1.38597400983
1181.323135 1.38045708338
1191.195178 1.41526254018
1200.701321 1.40203475952
1210.075848 1.35683997472
1219.514745 1.38303971291
1229.253634 1.39695866903
1238.793071 1.40385635694
1248.266655 1.40300424894
1257.688852 1.36921127637
1267.462565 1.38056238492
1277.03664 1.4079554081
1286.525681 1.38991069794
1295.997414 1.39478961627
1305.72079 1.38252719243
1315.146395 1.39665341377
1324.617828 1.38921761513
1334.191868 1.3994243145
1343.930606 1.37851667404
1353.52046 1.40853738785
1362.976814 1.37811891238
1372.298928 1.35996500651
1381.938957 1.38270171483
1391.478327 1.38501795133
1400.900339 1.3777449131
1410.324195 1.38655368487
1420.079948 1.38411521912
1429.536019 1.38368161519
1439.092923 1.39689699809
1448.533629 1.38466962179
1458.272897 1.40150038401
1467.795025 1.38440132141
1477.267774 1.38667670886
1486.758156 1.38447499275
1496.531575 1.38274359703
1506.070547 1.38320732117
1515.610418 1.42030731837
1525.049234 1.38523372014
1534.855462 1.386247317
1544.211906 1.36842560768
1553.735825 1.392557621
1563.108246 1.38944530487
1572.797984 1.36985635757
1582.263983 1.38428203265
1591.793836 1.39453005791
1601.37196 1.38615139325
1611.189749 1.41433707873
1620.498854 1.36345887184
1629.969183 1.39620701472
1639.442937 1.37210130692
1649.165176 1.38105201721
1658.588311 1.37468965848
1668.027693 1.36234354973
1677.501392 1.39472969373
1687.274027 1.39184824626
1696.797331 1.38099535306
1706.320534 1.40006963412
1715.876079 1.3897116979
1725.585847 1.37518103917
1735.104681 1.39232627551
1744.644421 1.39104731878
1754.051491 1.3836666743
1763.72411 1.37311506271
1773.130884 1.36527005831
1782.520609 1.38960369428
1791.976215 1.39460682869
1801.732677 1.40134326617
1811.122406 1.38181503614
1820.578805 1.39250763257
1830.017959 1.38729699453
1839.774826 1.39858237902
1849.247858 1.36783401171
1858.704056 1.39067006111
1868.175828 1.39182774226
1877.933931 1.39506761233
1887.323339 1.38585567474
1896.91407 1.39859231313
1906.352147 1.37473424276
1916.108564 1.39876166979
1925.564437 1.38027064006
1935.024058 1.3792309761
1944.393821 1.36920674642
1954.067532 1.39209143321
1963.556515 1.37042697271
1972.979756 1.36390121778
1982.455227 1.37686928113
1992.192392 1.36742393176
2001.598263 1.38227701187
2011.037237 1.36470826467
2020.527203 1.36710127195
2030.233603 1.35959068934
2039.656624 1.3757323424
2049.098941 1.38927658399
2058.569497 1.3791440328
2068.208837 1.37162192663
2077.717382 1.37464427948
2087.271745 1.40242131551
2096.677423 1.37560733159
2106.388157 1.37625606855
2115.907747 1.39018193881
2125.41346 1.38191652298
2134.936165 1.3988653024
2144.776507 1.39584589005
2154.248532 1.39786291122
2163.672077 1.38020833333
2173.212186 1.39390436808
2182.917826 1.38717230161
2192.358084 1.38041933378
2201.882193 1.38649272919
2211.437098 1.38708392779
2221.176527 1.38906025887
2230.666347 1.39143999418
2240.206339 1.39204700788
2249.678722 1.38057025274
2259.39527 1.38974475861
2268.891778 1.38906343778
2278.381582 1.38990990321
2287.788003 1.37414399783
2297.576969 1.38519310951
2307.11731 1.40183369319
2316.6067 1.37696027756
2326.129475 1.40582323074
2335.919564 1.40571896235
2345.342319 1.37814108531
2354.664763 1.36504499118
2364.054724 1.37858064969
2373.777905 1.38910667102
2383.284282 1.38677128156
2392.690315 1.37776732445
2402.162566 1.3805894057
2411.952877 1.38799230258
2421.392129 1.36793700854
2430.91561 1.3835439682
2440.38751 1.38168891271
2450.07855 1.36863009135
2459.534812 1.38935867945
2469.090995 1.41500218709
2478.580947 1.38535372416
2488.28645 1.40132538478
2497.825724 1.38850490252
2507.265954 1.38815204302
2516.688738 1.38850601514
2526.478518 1.36710937818
2535.952417 1.36617366473
2545.374855 1.36848306656
2554.93134 1.40917634964
2564.60426 1.38077863057
2574.143803 1.39242625237
2583.682839 1.3846681118
2593.257011 1.36506930987
2602.929399 1.37715133031
2612.419158 1.40452965101
2622.009398 1.407832702
2631.631259 1.42144862811
2641.321365 1.38603067398
2650.793687 1.38762068748
2660.216696 1.38705539703
2669.640988 1.38203541438
2679.479541 1.40601038933
2688.952432 1.38592195511
2698.293494 1.36465144157
2707.865921 1.38488062223
2717.604498 1.38072697322
2727.111692 1.39158932368
2736.653916 1.39150198301
2746.140424 1.37684567769
2755.813778 1.356341362
2765.419932 1.3907456398
2774.826986 1.37428665161
2784.299898 1.36667831739
2794.188476 1.3977402846
2803.714232 1.3836663564
2813.167879 1.38253267606
2822.64082 1.39584898949
2832.49731 1.38544607162
2841.921706 1.37852358818
2851.343811 1.39196332296
2860.783413 1.38676102956
2870.656814 1.39155896505
2880.112374 1.3839849631
2889.553229 1.38742303848
2899.092692 1.39874227842
2908.86499 1.38632472356
2918.321628 1.38020563126
2927.843842 1.39678231875
2937.399483 1.39982469877
2947.2902 1.3881667455
2956.832961 1.40048106511
2966.31955 1.40224568049
2975.859528 1.40260569255
2985.617791 1.38910802205
2995.088058 1.38919361432
3004.629492 1.38305997849
3014.067721 1.3899992307
3023.890798 1.38787706693
3033.413824 1.38156572978
3043.03983 1.410353899
3052.459814 1.38928135236
3062.415892 1.42008097967
3071.805621 1.37695837021
3081.412581 1.40233167013
3090.851932 1.38937830925
3100.641379 1.3809243838
3110.181478 1.38082472483
3119.72093 1.38771398862
3129.247248 1.407066981
3139.15023 1.38832267125
3148.640854 1.37331962585
3158.112279 1.3843173186
3167.586472 1.38629134496
3177.442911 1.39400641123
3186.89861 1.38856824239
3196.305843 1.38704856237
3205.810637 1.39574829737
3215.618466 1.3727906545
3225.106883 1.37080375353
3234.530277 1.37988408407
3243.970026 1.38384167353
3253.792493 1.4039709568
3263.265775 1.36021327972
3272.705743 1.37539855639
3282.261467 1.37609958649
3292.11884 1.3823826313
3301.658213 1.40596834819
3311.180929 1.39304892222
3320.704229 1.39714662234
3330.543859 1.39137299856
3340.066625 1.39746761322
3349.472779 1.37593833605
3358.995496 1.38822603226
3368.855472 1.38794096311
3378.276171 1.37610801061
3387.714672 1.37145233154
3397.10453 1.37002801895
3406.962571 1.38035567602
3416.500354 1.41370161374
3426.006856 1.40859174728
3435.413401 1.36585958799
3445.120082 1.37135330836
3454.625217 1.39283625285
3464.165978 1.38978997866
3473.771617 1.40274230639
3483.577878 1.40996789932
3493.118702 1.41530402501
3502.591349 1.38714377085
3512.046752 1.38371523221
3521.903801 1.40378165245
3531.29234 1.37790163358
3540.816906 1.39470370611
3550.322865 1.40480232239
3560.113554 1.38301165899
3569.56906 1.37669563293
3579.028086 1.37801233927
3588.614075 1.40427470207
3598.320987 1.37294101715
3607.894062 1.38513469696
3617.433717 1.39613469442
3626.822941 1.37458101908
3636.528867 1.3741300106
3646.07134 1.4099872907
3655.576176 1.39818207423
3665.098608 1.40837534269
3674.988788 1.40277798971
3684.497603 1.37747303645
3693.934268 1.36942863464
3703.523368 1.39988295237
3713.330146 1.38808027903
3722.721136 1.3704199791
3732.292175 1.37124824524
3741.817014 1.39902671178
3751.571289 1.38924344381
3760.961167 1.3776046435
3770.417907 1.37884902954
3779.974625 1.40372133255
3789.747164 1.38227621714
3799.236255 1.3767537276
3808.776524 1.39845196406
3818.450004 1.39629093806
3828.307895 1.37947138151
3837.845489 1.37118538221
3847.36836 1.37958860397
3856.758098 1.36627761523
3866.62088 1.39514827728
3876.03704 1.38725225131
3885.543386 1.37232605616
3895.066828 1.38670810064
3904.939525 1.39290769895
3914.430437 1.40062014262
3923.85543 1.39139866829
3933.212016 1.36857271194
3943.099278 1.39558498065
3952.606177 1.38251956304
3962.094667 1.3841073513
3971.583855 1.36915858587
3981.32571 1.37536263466
3990.830217 1.38890600204
4000.353127 1.39545170466
4009.895844 1.38873632749
4019.666464 1.39128367106
4029.122463 1.36677193642
4038.712121 1.38711468379
4048.169817 1.37605961164
4057.958085 1.37739857038
4067.434653 1.38481632868
4076.887425 1.37509568532
4086.376454 1.39284396172
4096.116459 1.39339963595
4105.656455 1.38560430209
4115.079291 1.37770096461
4124.552379 1.3928120931
4134.425217 1.39323298136
4143.881937 1.39990170797
4153.253997 1.38300657272
4162.563275 1.37301675479
4172.384317 1.3864950339
4181.922945 1.3939669927
4191.560904 1.39564569791
4201.155277 1.40826765696
4211.026891 1.40638963381
4220.465868 1.38354905446
4230.039012 1.39354133606
4239.42827 1.38348770142
4249.286957 1.37626862526
4258.723479 1.38487633069
4268.163551 1.3844628334
4277.719858 1.39521837234
4287.508921 1.38280773163
4296.983245 1.38651601473
4306.422815 1.39607961973
4315.91476 1.39703536034
4325.602045 1.37662363052
4335.1257 1.40047542254
4344.580802 1.38357329369
4354.070312 1.37998239199
4363.844436 1.37153124809
4373.249246 1.38208635648
4382.740239 1.39067395528
4392.129337 1.36779061953
4402.018259 1.38807201385
4411.309383 1.36180297534
4420.680933 1.36283071836
4430.204469 1.38226429621
4440.044028 1.39474169413
4449.568456 1.37957421939
4459.023141 1.38027763367
4468.530061 1.38677199682
4478.305623 1.36172731717
4487.808304 1.4089799722
4497.331322 1.38635031382
4506.788084 1.37882391612
4516.64436 1.40271759033
4526.10124 1.36776463191
4535.526142 1.36450735728
4544.963071 1.38502303759
4554.803908 1.39463003476
4564.226115 1.38905835152
4573.665816 1.38429864248
4583.155701 1.39388306936
4592.945136 1.36989037196
4602.435384 1.39565785726
4611.843255 1.36616698901
4621.314368 1.37244224548
4631.104268 1.38920299212
4640.660289 1.38463894526
4650.216128 1.39110732079
4659.689744 1.38835302989
4669.412548 1.37773442268
4678.954612 1.40117430687
4688.391588 1.39409836133
4697.766761 1.39186700185
4707.621632 1.38439559937
4717.09479 1.38348666827
4726.654475 1.42106199265
4736.056369 1.38670404752
4745.929552 1.38571794828
4755.486767 1.39799801509
4764.89169 1.37956110636
4774.332104 1.39023995399
4784.189377 1.37240537008
4793.696983 1.39905206362
4803.287017 1.40856011709
4812.724141 1.38107736905
4822.547014 1.401446263
4832.103848 1.41323971748
4841.543258 1.3811721007
4851.049198 1.38102269173
4860.822693 1.37940367063
4870.31171 1.40534766515
4879.834968 1.38458236059
4889.324108 1.39872209231
4899.1315 1.39163629214
4908.620216 1.40345931053
4918.145331 1.39237165451
4927.683457 1.40237323443
4937.522789 1.40612133344
4947.146942 1.4027826786
4956.687177 1.40286501249
4966.194237 1.39078235626
4976.002382 1.36913871765
4985.588252 1.40470369657
4995.161408 1.40056363742
5004.617974 1.37822461128
5014.540392 1.39276965459
5023.982491 1.37776835759
5033.553354 1.40540266037
5043.042774 1.39233732224
5052.849357 1.38985522588
5062.306032 1.40210477511
5071.762218 1.37971433004
5081.235972 1.38548072179
5091.074809 1.39164376259
5100.56403 1.38094735146
5110.203854 1.40566762288
5119.776457 1.42090638479
5129.683028 1.40176153183
5139.139757 1.37782065074
5148.679815 1.38709799449
5158.201925 1.39368009567
5167.975121 1.39169208209
5177.415584 1.36525630951
5186.904245 1.3701590697
5196.510974 1.41131941477
5206.317168 1.39684327443
5215.844658 1.39257971446
5225.397521 1.3957045873
5234.83802 1.38700501124
5244.775497 1.39299623171
5254.235346 1.40291070938
5263.721633 1.38242602348
5273.244994 1.41439525286
5283.051403 1.37586077054
5292.49127 1.38032396634
5301.963705 1.37966227531
5311.520586 1.40649644534
5321.210477 1.37383770943
5330.648888 1.38373994827
5340.172364 1.38600436846
5349.611592 1.38398647308
5359.50189 1.41408832868
5369.042124 1.39518507322
5378.731713 1.41281270981
5388.254973 1.40100558599
5398.094018 1.37581340472
5407.551038 1.37139209112
5417.123579 1.40635164579
5426.530165 1.38233200709
5436.369928 1.39219061534
5445.892545 1.38446005185
5455.315878 1.3953139782
5464.921486 1.42164429029
5474.794638 1.41028038661
5484.218107 1.37223553658
5493.741338 1.39588268598
5503.232491 1.37213508288
5513.053426 1.38311600685
5522.526721 1.37856372197
5532.016374 1.38419699669
5541.505949 1.38880046209
5551.315446 1.36724567413
5560.885751 1.40343030294
5570.324464 1.37855132421
5579.764397 1.36845509211
5589.537907 1.35983832677
5598.977989 1.39110008876
5608.467225 1.38285899162
5617.923476 1.3760582606
5627.763396 1.3658378919
5637.268776 1.39064041773
5646.775695 1.37441627185
5656.13167 1.37733062108
5665.973701 1.38858668009
5675.578308 1.4088306427
5685.117648 1.38628109296
5694.62423 1.40194495519
5704.43054 1.38848638535
5714.003238 1.38882168134
5723.409456 1.38434441884
5732.886066 1.37723167737
5742.588444 1.38057971001
5752.094794 1.39246257146
5761.635189 1.39332501094
5771.1909 1.3789580663
5781.0304 1.3823890686
5790.470392 1.40002171199
5799.976696 1.38838466009
5809.466088 1.39033230146
5819.359658 1.37807504336
5828.82992 1.36388532321
5838.285552 1.38645998637
5847.575113 1.36336175601
5857.381689 1.39673399925
5866.804017 1.37682302793
5876.345911 1.41376709938
5885.618201 1.3595867157
5895.359406 1.39020236333
5904.862624 1.38304630915
5914.370082 1.37915523847
5923.874695 1.39632956187
5933.56598 1.3873612086
5943.038615 1.38621489207
5952.427919 1.38649670283
5961.867417 1.39489134153
5971.724028 1.40476942062
5981.247132 1.3713760376
5990.702847 1.35576192538
6000.175395 1.3874909083
6010.065589 1.37861132622
6019.554913 1.38823771477
6029.061013 1.38274963697
6038.568052 1.39542396863
6048.423857 1.36925601959
6057.830106 1.37455026309
6067.303793 1.39565221469
6076.759992 1.3937857151
6086.583211 1.37687834104
6096.072669 1.38762076696
6105.545981 1.38137992223
6114.98534 1.38845698039
6124.859233 1.38958001137
6134.364165 1.38400093714
6143.871261 1.38003897667
6153.410294 1.3983039856
6163.300366 1.39172506332
6172.723701 1.37091096242
6182.381882 1.40691431363
6191.786295 1.37870732943
6201.692436 1.38842630386
6211.165223 1.37757706642
6220.687881 1.39026133219
6230.111761 1.39426247279
6239.901838 1.37582484881
6249.374318 1.37594397863
6258.863493 1.39254204432
6268.320307 1.36949833234
6278.243302 1.37733332316
6287.649733 1.36434030533
6297.105394 1.38832298915
6306.678935 1.4008966287
6316.651345 1.39521964391
6326.09122 1.37182529767
6335.414225 1.35747965177
6344.820913 1.38345503807
6354.713508 1.38567304611
6364.216468 1.37972768148
6373.759308 1.38950196902
6383.162673 1.37635366122
6393.069202 1.38686768214
6402.475181 1.36643671989
6412.015211 1.38673130671
6421.538648 1.40632724762
6431.47823 1.40222938855
6440.950699 1.40136965116
6450.407661 1.38228638967
6459.930337 1.39013028145
6469.953097 1.39711435636
6479.510202 1.39346265793
6489.032411 1.38945301374
6498.588462 1.40367499987
6508.37926 1.40575091044
6517.851906 1.39709798495
6527.35857 1.38404011726
6536.864019 1.40432969729
6546.707321 1.3796248436
6556.144617 1.37938801448
6565.583441 1.38174502055
6575.040275 1.38491431872
6585.012956 1.42623265584
6594.535256 1.37035369873
6604.077266 1.39880132675
6613.581839 1.38435204824
6623.522027 1.40566198031
6633.047472 1.39520072937
6642.500345 1.36986064911
6652.040605 1.39338111877
6661.947373 1.40556828181
6671.470124 1.40270829201
6680.99291 1.38912630081
6690.499745 1.40155132612
6700.239449 1.38217798869
6709.731134 1.39460166295
6719.23789 1.38023893038
6728.674268 1.38225166003
6738.614492 1.38241259257
6748.170454 1.39572532972
6757.660089 1.39032761256
6767.116443 1.38751180967
6777.060078 1.40368191401
6786.662701 1.41642602285
6796.068617 1.3800090154
6805.52495 1.37047704061
6815.414843 1.39317504565
6824.838306 1.37603831291
6834.345943 1.39917302132
6843.783889 1.37118665377
6853.773697 1.37572264671
6863.229751 1.39611832301
6872.702787 1.40734839439
6882.092025 1.37988964717
6891.982671 1.38523888588
6901.588427 1.39360936483
6911.111647 1.40188638369
6920.485047 1.37374345462
6930.308773 1.38702193896
6939.830964 1.39414270719
6949.20304 1.36009430885
6958.679652 1.39311496417
6968.599391 1.38156668345
6978.156267 1.39598027865
6987.66188 1.38021707535
6997.16812 1.40043934186
7006.942592 1.35965164502
7016.398268 1.38887063662
7025.821965 1.37908569972
7035.31083 1.39511704445
7045.100994 1.41245094935
7054.589724 1.383172671
7064.12983 1.38776167234
7073.518928 1.37555535634
7083.55843 1.39190657934
7092.931781 1.37687460581
7102.371684 1.39284539223
7111.844397 1.39842470487
7121.771356 1.41325553258
7131.357733 1.38504139582
7140.813946 1.3880203565
7150.38612 1.38674465815
7160.126583 1.36762102445
7169.602836 1.37943601608
7179.089324 1.39790097872
7188.661702 1.39081343015
7198.618922 1.37471898397
7208.0419 1.3781970342
