12.605354 9999
25.166043 9999
37.65863 9999.0
50.281889 9999
62.774113 9999
75.114163 9999.0
87.722873 9999
100.167296 9999
112.55681 9999.0
125.130856 9999
137.406579 9999
149.930807 9999.0
162.291339 9999
174.930655 9999
187.188269 9999.0
199.913839 9999
212.125798 9999
224.582112 9999.0
237.338787 9999
249.930418 9999
262.407302 9999.0
274.746388 9999
287.239595 9999
299.662816 9999.0
312.206521 9999
324.73237 9999
336.871965 9999.0
349.550604 9999
361.870833 9999
374.295865 9999.0
386.853824 9999
399.312253 9999
411.389989 9999.0
423.995796 9999
436.454202 9999
448.479007 9999.0
460.970326 9999
473.333163 9999
485.685945 9999.0
497.89528 9999
510.17271 9999
522.677821 9999.0
534.887339 9999
547.394224 9999
559.602196 9999.0
572.042763 9999
584.418229 9999
596.461201 9999.0
609.018979 9999
621.392427 9999
633.751088 9999.0
646.308788 9999
658.386168 9999
670.791501 9999.0
683.333902 9999
695.742452 9999
707.948584 9999.0
720.37753 9999
732.499847 9999
744.590998 9999.0
756.882658 9999
769.024166 9999
781.015832 9999.0
793.607085 9999
805.73212 9999
817.740671 9999.0
830.164661 9999
842.590827 9999
854.580936 9999.0
867.138828 9999
879.313937 9999
891.487914 9999.0
903.93123 9999
916.254548 9999
928.362929 9999.0
940.588156 9999
953.078897 9999
965.40612 9999.0
977.612147 9999
989.669737 9999
1002.044665 9999.0
1014.07113 9999
1026.548877 9999
1038.654111 9999.0
1051.144316 9999
1063.487022 9999
1075.778182 9999.0
1088.020203 9999
1100.475965 9999
1112.584638 9999.0
1124.92531 9999
1137.033791 9999
1149.127092 9999.0
1161.417277 9999
1173.642499 9999
1185.902592 9999.0
1197.943886 9999
1210.385067 9999
1222.274048 9999.0
1234.666974 9999
1246.957511 9999
1259.198181 9999.0
1271.490175 9999
1283.829955 9999
1295.972954 9999.0
1308.064126 9999
1320.138169 9999
1332.230705 9999.0
1344.722918 9999
1357.046602 9999
1369.271222 9999.0
1381.328694 9999
1393.838863 9999
1406.179354 9999.0
1418.704214 9999
1430.694911 9999
1442.752889 9999.0
1455.329497 9999
1467.320563 9999
1479.660627 9999.0
1491.751322 9999
1503.943785 9999
1516.020048 9999.0
1528.626784 9999
1541.068525 9999
1553.596361 9999.0
1566.051806 9999
1578.34534 9999
1590.30111 9999.0
1602.809151 9999
1614.83479 9999
1626.960946 9999.0
1639.254177 9999
1651.658122 9999
1664.016214 9999.0
1676.307798 9999
1688.632014 9999
1700.991651 9999.0
1713.48249 9999
1725.79009 9999
1738.064336 9999.0
1750.539759 9999
1762.899083 9999
1774.990187 9999.0
1787.348417 9999
1799.305815 9999
1811.383774 9999.0
1823.757804 9999
1835.696496 9999
1847.988138 9999.0
1860.095631 9999
1872.439723 9999
1884.713476 9999.0
1897.220002 9999
1909.447822 9999
1921.786772 9999.0
1934.229716 9999
1946.520862 9999
1958.880677 9999.0
1971.22031 9999
1983.161091 9999
1995.552607 9999.0
2008.065187 9999
2020.401131 9999
2032.74349 9999.0
2044.970541 9999
2056.942578 9999
2069.270184 9999.0
2081.792208 9999
2094.084181 9999
2106.32849 9999.0
2118.349836 9999
2130.726653 9999
2142.667029 9999.0
2154.774677 9999
2167.082113 9999
2179.176002 9999.0
2191.716609 9999
2203.689134 9999
2216.100688 9999.0
2228.606918 9999
2240.530688 9999
2252.607127 9999.0
2265.181201 9999
2277.48824 9999
2289.480145 9999.0
2301.724299 9999
2314.150995 9999
2326.070894 9999.0
2338.69694 9999
2350.936772 9999
2362.895711 9999.0
2375.608078 9999
2387.928313 9999
2400.019861 9999.0
2412.211445 9999
2424.568545 9999
2437.030314 9999.0
2449.518783 9999
2462.31144 9999
2474.236944 9999.0
2486.742916 9999
2498.602882 9999
2510.876737 9999.0
2523.117319 9999
2535.160089 9999
2547.21984 9999.0
2559.643745 9999
2572.000701 9999
2584.110306 9999.0
2596.566683 9999
2608.92737 9999
2621.270145 9999.0
2633.808755 9999
2646.183337 9999
2658.040729 9999.0
2670.649718 9999
2683.008186 9999
2695.432277 9999.0
2707.957982 9999
2719.998298 9999
2732.405891 9999.0
2744.849711 9999
2757.323141 9999
2769.283727 9999.0
2781.874562 9999
2793.830664 9999
2806.30626 9999.0
2818.846906 9999
2831.238773 9999
2843.213522 9999.0
2855.288135 9999
2867.397715 9999
2879.803986 9999.0
2892.349581 9999
2904.588172 9999
2916.628816 9999.0
2929.188235 9999
2941.148287 9999
2953.235788 9999.0
2965.894474 9999
2977.868998 9999
2989.880933 9999.0
3002.351581 9999
3014.726503 9999
3026.7681 9999.0
3039.14274 9999
3051.222647 9999
3063.342381 9999.0
3075.667616 9999
3088.040782 9999
3100.384247 9999.0
3112.893314 9999
3125.216464 9999
3137.541117 9999.0
3150.083076 9999
3162.377865 9999
3174.31728 9999.0
3186.541151 9999
3198.915067 9999
3210.941708 9999.0
3223.19762 9999
3235.624285 9999
3248.031118 9999.0
3260.60952 9999
3272.747723 9999
3285.056021 9999.0
3297.414348 9999
3309.755765 9999
3322.033058 9999.0
3334.188016 9999
3346.528982 9999
3358.538337 9999.0
3371.062712 9999
3383.021661 9999
3395.511924 9999.0
3407.670065 9999
3420.114967 9999
3432.319302 9999.0
3444.760633 9999
3457.055832 9999
3469.27686 9999.0
3481.457114 9999
3493.827896 9999
3505.901278 9999.0
3517.942637 9999
3529.883887 9999
3541.964339 9999.0
3554.650711 9999
3566.925776 9999
3579.267013 9999.0
3591.791781 9999
3603.818757 9999
