39.670589 1.87581082582
79.032394 1.87935256958
118.618173 1.88173515797
158.050415 1.87935444117
197.550281 1.87901018858
237.035968 1.87936515808
276.627893 1.88283417225
316.298315 1.88461433649
355.741572 1.87891340256
395.205203 1.88084461689
434.757081 1.88332288265
474.283807 1.87973163128
513.79567 1.88063548803
553.275379 1.8816788435
592.76797 1.88212308884
632.229671 1.88502187729
671.88909 1.88076500893
711.366261 1.8804931879
750.800977 1.87917305231
790.184624 1.87985833883
829.654761 1.8807362318
869.02228 1.8808303237
908.535952 1.88270889521
947.99016 1.88093032837
987.434306 1.88056005239
1026.855869 1.88045419455
1066.260202 1.88061118126
1105.668227 1.88112629652
1145.036907 1.87748292685
1184.477507 1.88101608753
1223.862167 1.88238121271
1263.365961 1.87825521231
1302.837999 1.88119959831
1342.271357 1.88090987206
1381.684443 1.88192616701
1421.134798 1.88288874626
1460.605012 1.8776117444
1500.067406 1.88127917051
1539.601559 1.88249716759
1578.955915 1.87956472635
1618.37285 1.88173068762
1657.870814 1.88193695545
1697.354303 1.88573338985
1736.745296 1.88140593767
1776.236295 1.88482531309
1815.737539 1.88203823566
1855.26632 1.88246487379
1894.724688 1.88161664009
1934.139807 1.88000329733
1973.537252 1.88201477528
2013.092845 1.88328270912
2052.756327 1.88423054218
2092.202391 1.87972944975
2131.680847 1.88286049366
2171.10465 1.87836805582
2210.594389 1.88256393671
2250.113617 1.88635783195
2289.643745 1.88645298481
2329.036592 1.87972524166
2368.494015 1.88302304745
2407.928751 1.87939392328
2447.371425 1.88100209236
2486.844721 1.8819303751
2526.363111 1.88332762718
2565.927427 1.88375638723
2605.340424 1.87929433584
2644.782257 1.88095965385
2684.215793 1.88160163164
2723.56437 1.87612915039
2763.021311 1.87872629166
2802.498084 1.88382374048
2841.910826 1.88013186455
2881.386913 1.88131798506
2920.709715 1.87902959585
2960.214418 1.88283668756
2999.707076 1.88369022608
3039.131875 1.87953547239
3078.597107 1.88308784962
3118.038367 1.88392645121
3157.477742 1.88393810987
3196.915254 1.88071346283
3236.414257 1.88469077349
3275.840921 1.88389440775
3315.246118 1.87964484692
3354.639008 1.87978279591
3394.126539 1.88396749496
3433.660424 1.88545019627
3473.200177 1.88833448887
3512.593364 1.88006814718
3552.133389 1.88232694864
3591.681766 1.88363566399
3631.101466 1.88091806173
