13.751579 4.01814572016
30.374086 5.02784927686
47.148049 5.02955595652
60.670904 4.00699162483
76.945662 4.84946608543
90.459518 4.00845662753
104.046072 4.0214343071
117.743558 4.01034426689
121.259216 9999
134.775599 4.00853498777
148.534179 4.02508870761
152.032313 9999
168.064228 4.8536743323
182.190332 4.15700562795
195.73251 4.01239267985
209.728001 4.16172266006
223.887407 4.14866662025
240.392798 4.99606235822
257.108083 5.00435566902
270.675572 4.00912833214
284.801979 4.13972266515
301.057317 4.83944678307
317.683625 4.97268764178
331.583636 4.13097103437
345.683246 4.12779664993
361.668761 4.83011658986
375.206853 4.00381143888
388.850473 4.01078931491
402.279773 3.98932631811
415.777937 3.99724332492
429.445682 3.98910776774
442.898191 3.98097729683
456.858441 4.15612705549
460.564143 9999
474.038911 3.98865389824
477.573457 9999
491.074835 3.98835070928
504.83273 3.99679199855
518.310605 3.99170366923
532.269804 4.14776364962
545.956479 3.99364471436
559.432881 3.99720001221
562.945993 9999.0
576.615767 3.99186333021
590.146361 4.00023094813
603.661083 4.00152269999
617.874844 4.17002065976
631.378693 3.99594434102
645.407079 4.16755930583
659.040551 3.98372960091
673.100491 4.17772277196
686.67466 4.01806195577
700.332589 3.99231227239
716.482106 4.87906765938
729.952635 3.98984805743
744.12611 4.15187795957
757.612676 3.99392771721
771.071451 3.98849670092
774.719307 9999
788.22225 3.99292500814
801.697394 3.98549612363
817.923929 4.83722488085
831.74457 4.10384130478
835.266064 9999.0
851.563465 4.85984834035
855.072822 9999
868.520067 3.9869770209
872.249857 9999
886.097212 4.12699333827
902.135334 4.84142978986
916.587146 4.24125329653
930.428095 4.12489350637
944.260174 4.10702093442
957.986801 4.01709238688
961.540566 9999
977.551307 4.83696802457
991.216016 3.98100503286
1004.732105 3.99264995257
1018.213973 3.98624666532
1034.37627 4.82615836461
1047.853405 3.99430998166
1061.680611 4.10958806674
1075.342711 3.98835706711
1088.812242 3.99627025922
1104.815996 4.83121029536
1118.500686 3.97794103622
1132.021187 4.00892837842
1146.185132 4.21397248904
1149.856407 9999
1153.385125 9999
1156.88957 9999
1170.789585 4.13477428754
1174.297357 9999
1187.809536 3.99260004361
1191.450879 9999
1205.467284 4.17054398855
1221.622449 4.87595407168
1235.710876 4.12331700325
1249.230799 4.00128920873
1252.733914 9999.0
1256.436779 9999
1272.48355 4.85482033094
1275.997071 9999
1279.460425 9999
1282.974485 9999.0
1296.735217 3.99935928981
1312.840063 4.86674706141
1326.360664 4.00598931313
1340.033307 3.99449205399
1356.139563 4.86115900675
1359.620492 9999.0
1373.354388 3.99757925669
1386.842248 3.99369661013
1403.40051 5.01796770096
1417.186899 4.00801634789
1430.676829 3.99462064107
1444.120011 3.98518268267
1457.775904 3.99699298541
1461.23319 9999
1464.704116 9999
1478.154821 3.98711800575
1491.774235 3.98885059357
1505.343175 4.02111061414
1508.873419 9999.0
1522.684379 4.02092369397
1536.107708 3.98718206088
1539.564316 9999.0
1553.287694 3.97998110453
1556.837894 9999
1570.387984 4.01237893105
1584.016805 3.9940589269
1587.56579 9999
1603.682826 4.86527633667
1617.686402 4.11551332474
1631.166366 3.9922375679
1644.671664 3.99769099553
1658.305087 3.99075929324
1671.814955 4.00383893649
1685.319023 3.998067379
1701.583026 4.86003565788
1715.125294 4.01024158796
1728.949643 4.10666958491
1742.647906 3.99631031354
1756.73803 4.20405197144
1770.27619 4.01200087865
1783.956462 3.98952627182
1787.502192 9999
1800.990078 3.98782761892
1814.85961 3.99419752757
1818.359759 9999
1832.201014 4.1103990078
1845.891913 3.99362635612
1849.376983 9999
1862.858319 4.00017237663
1866.653571 9999
1880.628093 4.14968792597
1884.138509 9999
1897.612563 3.9873102506
1901.340471 9999
1914.828858 3.99745972951
1918.319332 9999
1921.890198 9999
1935.38141 3.99197602272
1949.430913 4.12444233894
1952.909819 9999
1968.983236 4.85781431198
1983.170397 4.16139205297
1996.658393 3.98638304075
2012.849341 4.88911366463
2026.490243 3.98334010442
2039.991201 3.99973336856
2053.807436 4.11831434568
2067.547079 3.99679970741
2081.037193 3.99685001373
2094.87673 4.11600200335
2108.560721 3.99468962351
2122.388647 4.12113428116
2135.857568 3.9856792291
2139.575845 9999
2153.066439 3.99036868413
2169.11674 4.84847434362
2172.807257 9999
2186.308511 3.99231942495
2202.346027 4.84266034762
2206.061147 9999
2219.547442 4.00510764122
2236.231208 5.0560734272
2250.311578 4.11905137698
2253.812725 9999
2267.348941 4.01843396823
2271.076789 9999
2284.551995 3.99044203758
2298.025988 3.99874464671
2311.705634 3.99689801534
2325.190254 3.99141168594
2328.712581 9999.0
2332.379442 9999
2345.861918 3.99333262444
2362.389681 5.01663430532
2366.066413 9999
2379.528755 3.99266870817
2396.122237 5.02512256304
2409.908134 4.01552597682
2425.933513 4.82857211431
2439.373017 3.97660501798
2443.168493 9999
2446.635212 9999
2460.901716 4.24224774043
2474.397651 3.99302005768
2488.0391 3.9937693278
2501.526242 3.99542895953
2515.079073 4.00804034869
2529.254457 4.14121397336
2532.732487 9999
2536.199154 9999
2539.708443 9999
2553.577499 4.13051541646
2557.292869 9999
2570.730058 3.9849606355
2584.255327 3.99772135417
2598.454137 4.16322406133
2614.661855 4.89340130488
2628.782431 4.12652834256
2642.258242 3.9877243042
2645.787288 9999.0
2649.530754 9999
2662.994918 3.9985109965
2679.698091 5.07200161616
2683.455796 9999
2686.940134 9999
2700.402306 3.99181071917
2703.937324 9999
2717.482711 4.01000070572
2731.237144 3.98792894681
2744.667487 3.98773241043
2758.514443 4.11094625791
2762.232166 9999
2776.481445 4.24145468076
2789.977805 3.99893220266
2803.691202 3.99740393957
2807.189226 9999
2820.749773 4.01887631416
2835.161341 4.21725130081
2838.677978 9999
2842.215271 9999
2845.685638 9999
2859.676501 4.1471259594
2863.355097 9999
2876.857705 3.99833957354
2890.3113 3.98622902234
2904.457648 4.15890566508
2920.640242 4.88503726323
2934.65783 4.12700772285
2950.683732 4.84988800685
2964.171629 3.99038600922
2977.85823 3.98730500539
2981.370551 9999
2995.321012 4.14842033386
3009.049433 3.99045372009
3022.535324 3.99281334877
3036.036487 4.00463938713
3050.21338 4.15370972951
3063.68682 3.99787831306
3077.17068 3.99143028259
3080.923968 9999
3094.411278 3.99265829722
3107.885323 4.00349299113
3111.588489 9999
3125.089724 3.98957506816
3138.611484 4.01199865341
3152.319261 3.99843899409
3165.794877 3.98862131437
3179.28167 3.98689969381
3182.992778 9999
3196.500774 4.00041532516
3210.023708 4.0017850399
3226.788697 5.02601162593
3240.789816 4.15703757604
3244.50366 9999
3258.508769 4.16526730855
3271.999698 3.99071200689
3285.711249 3.99686996142
3299.202108 3.98877573013
3312.664301 3.98918207486
3326.658096 4.10816303889
3340.164286 3.99982293447
3356.197169 4.8446363608
3359.874068 9999
3373.371735 3.99498303731
3386.852915 3.99356039365
3401.287696 4.24041096369
3415.230235 4.15715408325
3418.75124 9999.0
3433.237681 4.24559235573
3446.680164 3.98936096827
3460.51557 4.10965299606
3474.166174 3.99717736244
3487.630137 3.98638002078
3501.108262 3.98580400149
3514.690409 3.98694594701
3528.614076 4.13500992457
3542.043263 3.98850123088
3545.748262 9999
3559.636229 4.14038260778
3573.216971 4.0202032725
3576.927301 9999
3590.38957 3.98440130552
3606.487004 4.85356767972
3610.195448 9999
3623.655244 3.98493409157
3637.14106 3.98852141698
3640.860065 9999
3654.383441 3.99371639887
3667.896674 4.00966564814
3681.592148 3.99998029073
3695.074855 3.99159304301
3708.540537 3.98492797216
3722.590794 4.11857970556
3736.839182 4.24773899714
3750.314634 3.98872772853
3753.997787 9999
3770.18969 4.88648136457
3783.681303 3.99096798897
3797.858232 4.15411361059
3801.374837 9999
3814.865581 4.0050210158
3828.505904 3.98408929507
3842.474149 4.15616552035
3855.955712 3.99235161146
3869.6441 3.99753705661
3885.700037 4.86253094673
3899.138079 3.9807369709
3912.831419 3.99415596326
3926.690503 4.11708776156
3940.148733 3.99157738686
3943.788084 9999
3947.298226 9999
3960.841788 4.01338235537
3974.328749 3.9924659729
3988.068852 3.98009490967
4002.063241 4.15792330106
4015.691448 4.03751500448
4029.905016 4.17381723722
4043.442217 4.01125144958
4057.747756 4.25637571017
4071.428996 3.98496301969
4084.901913 3.99002130826
4088.417186 9999.0
4102.114729 3.99446169535
4116.05374 4.15055243174
4129.569498 4.00422072411
4145.832963 4.845997413
4159.911589 4.1988992691
4173.676874 3.98573533694
4187.090134 3.97960400581
4200.649332 4.01745796204
4204.364883 9999
4217.819191 3.98795342445
4231.288991 3.98989295959
4234.992348 9999
4248.870224 4.11748321851
4262.387469 4.00558630625
4266.169374 9999
4279.672919 3.99643015862
4293.639187 4.15761868159
4297.33892 9999
4310.791833 3.99640870094
4324.270648 3.99187000593
4338.002649 4.00316596031
4351.611909 4.01891430219
4365.145469 4.00640066465
4379.246063 4.11844118436
4392.733764 4.0007935365
4406.186445 3.99045205116
4420.295836 4.12925068537
4433.799324 3.98940658569
4437.303237 9999.0
4451.00601 3.988458395
4464.505645 3.99467873573
4467.994341 9999.0
4482.145063 4.11417937279
4495.628799 3.99463097254
4499.141694 9999.0
4513.007851 4.01610302925
4529.082263 4.86352833112
4542.577912 3.9933368365
4556.21386 3.99295274417
4569.733033 3.99917006493
4583.60015 4.0061562856
4597.265809 3.98919868469
4611.228394 4.15665459633
4614.749842 9999.0
4628.444861 3.98635427157
4631.958684 9999
4645.543213 4.01637037595
4659.20431 3.98389601707
4673.069123 4.12541262309
4686.575521 4.01144297918
4700.215633 3.98666373889
4714.171589 4.14822602272
4727.667608 3.98998570442
4731.373657 9999
4744.872608 4.00438594818
4758.351664 3.98932997386
4772.464487 4.11347405116
4785.906976 3.98803424835
4799.933088 4.12411475182
4813.655293 3.99519371986
4827.596638 4.113022089
4843.678972 4.84542775154
4857.337181 3.98922435443
4870.824637 3.98915998141
4884.279345 3.98292740186
4898.654688 4.23952356974
4914.600139 4.82613499959
4918.342551 9999
4932.154299 4.11703824997
4935.654825 9999
4949.187259 3.99320491155
4963.031799 4.02134299278
4979.093991 4.84838199615
4992.93808 4.11104075114
5006.644402 3.98964262009
5020.172058 4.01094698906
5033.665286 3.98480431239
5037.357121 9999
5053.493551 4.86738197009
5066.988806 3.99231147766
5080.716426 3.99790096283
5094.514843 4.10743371646
5108.365502 4.12250773112
5122.022609 3.98679844538
5125.535119 9999
5139.023144 3.98810696602
5153.189151 4.16737532616
5166.664294 3.986210982
5180.633972 4.15171527863
5194.284186 3.99269533157
5210.305398 4.84848372142
5226.302379 4.82560531298
5242.481759 4.83018406232
5245.963781 9999
5259.9997 4.16262404124
5274.506932 4.25450372696
5288.387927 4.12394269307
5301.853968 3.98477864265
5318.227544 4.87475593885
5331.671955 3.98398598035
5345.101289 3.98170224826
5348.800291 9999
5362.25543 3.98726431529
5365.731876 9999
5369.239881 9999
5382.702576 3.9906223615
5396.438334 3.99310302734
5409.925292 3.99658497175
5426.083274 4.88220771154
5439.846035 3.99374397596
5455.863523 4.84724990527
5469.437101 4.03017497063
5485.619101 4.84277764956
5499.070089 3.99436076482
5512.501913 3.97993040085
5526.102809 3.9883424441
5539.633556 4.00497341156
5543.1398 9999.0
5556.830007 3.99424950282
5570.343622 3.98874497414
5586.57535 4.90626740456
5600.231486 4.00064404806
5613.666081 3.98753555616
5627.16478 3.99374159177
5640.914526 4.00109394391
5654.710977 4.10718305906
5668.216253 3.9977063338
5681.907453 3.99767168363
5695.382269 3.98469034831
5708.84996 3.9923813343
5722.972704 4.14545122782
5736.485438 3.99555508296
5749.945874 3.98272832235
5753.682889 9999
5767.143065 3.99603374799
5780.965745 4.11282626788
5794.734716 3.99814033508
5808.998203 4.23860692978
5822.551932 4.02032136917
5838.757356 4.82620803515
5852.317305 4.0104739666
5866.156631 4.11043834686
5882.401239 4.83640098572
5895.85207 3.98002465566
5909.377289 4.00260138512
5923.424672 4.10867071152
5939.459146 4.83970761299
5953.541716 4.19173431396
5967.193345 3.98506299655
5980.738155 4.01308147113
5994.201475 3.98230457306
6007.852333 3.99200868607
6011.330765 9999
6027.905712 5.03380767504
6044.234143 4.84176190694
6057.689284 3.98983303706
6073.753937 4.84674827258
6077.521065 9999
6091.383552 4.12542668978
6104.881904 3.99426198006
6118.55297 3.97950092951
6134.558183 4.83888792992
6138.037838 9999.0
6152.149169 4.11745031675
6155.654534 9999
6169.087686 3.98472563426
6183.12577 4.11846232414
6197.278292 4.21655567487
6210.73196 3.99121308327
6214.473256 9999
6217.963376 9999
6231.48428 4.00210642815
6234.966288 9999
6249.251234 4.25287969907
6263.019473 4.01034601529
6276.504289 4.00349680583
6289.95184 3.99475677808
6303.640943 3.99097863833
6317.208023 4.01431973775
6330.725033 4.00983730952
6347.053272 4.86591672897
6363.047489 4.83211406072
6366.783089 9999
6370.302515 9999
6384.157335 4.11832563082
6397.615792 3.99703629812
6401.304897 9999
6404.836695 9999
6418.382378 4.01845661799
6432.230947 4.12165164948
6448.582863 4.87711962064
6462.081795 4.00753434499
6478.105787 4.84281873703
6481.801395 9999
6495.281263 3.99349673589
6509.520137 4.25950201352
6513.239142 9999
6526.755969 4.00110928218
6530.267269 9999
6543.766405 4.01277327538
6557.575445 3.99486819903
6571.124055 4.01484171549
6585.004914 4.12149802844
6601.277978 4.86351927121
6614.769536 3.98734466235
6618.265295 9999.0
6632.088835 4.02371994654
6648.186574 4.85498825709
6651.674601 9999.0
6665.407416 4.00028594335
6668.94038 9999
6682.448105 3.99800769488
6696.186122 3.98695937792
6709.668402 3.98969634374
6724.322243 4.25952061017
6738.093966 3.99320999781
6754.128769 4.84220377604
6767.657403 4.00678555171
6771.376368 9999
6784.859337 3.99195067088
6798.394463 4.00647370021
6812.07834 3.98584532738
6825.567383 3.99348568916
6839.069282 3.98963038127
6852.756444 3.99349403381
6866.235661 3.99225505193
6879.69245 3.99123565356
6893.375726 3.98855439822
6906.941928 4.01069871585
6920.42392 3.99187668165
6934.138472 3.99888173739
6937.61728 9999
6951.079303 3.99365433057
6965.255499 4.15346066157
6978.72368 3.99067298571
6982.260547 9999.0
6986.056154 9999
6999.510474 3.98552600543
7012.992472 4.0004603068
7026.740051 4.00587701797
7040.211848 3.99038132032
7043.701789 9999.0
7060.058023 4.86501542727
7076.14252 4.8652677536
7092.383621 4.83333698908
7095.920272 9999
7109.401325 3.98436069489
7123.106835 3.99655501048
7136.631682 3.99501260122
7150.094337 3.99124972026
7164.47682 4.2434507211
7178.755669 4.25491166115
7193.043172 4.25670695305
7207.092288 4.12414161364
