14.923459 3.0742922624
29.145231 2.97480599085
42.047686 2.30339495341
56.479381 2.86213199298
70.732535 2.32053367297
83.612743 2.29224395752
96.813664 2.29249064128
110.060573 2.34320966403
122.924418 2.29823072751
136.050446 2.29352935155
150.304638 2.31279738744
158.964556 9999.0
172.106106 2.29282164574
185.047504 2.30374876658
199.399402 2.88832902908
211.156803 2.36679339409
223.36058 2.33722964923
236.624342 2.29642764727
251.339429 2.30282394091
264.167971 2.30957102776
277.179893 2.30394363403
290.555906 2.29292869568
304.125778 2.90819064776
312.583566 9999.0
326.283828 2.73504662514
339.619836 2.29680037498
354.005816 2.86201397578
367.055334 2.29689208666
381.304339 2.86091279984
395.264689 2.68296003342
407.668907 2.34891994794
422.033966 2.86231629054
436.467519 2.32439668973
453.061566 3.20577033361
467.586432 2.30486901601
481.142405 2.31859000524
487.585692 9999
501.812008 2.87889361382
515.406971 2.34356832504
528.292971 2.30286494891
541.376727 2.29001561801
550.315547 9999
563.311887 2.30375361443
576.338003 2.30313467979
590.862889 2.84265597661
598.969978 9999
611.797256 2.30640800794
624.388262 2.33643563588
637.555543 2.29433989525
650.55989 2.29311434428
664.589125 2.79384803772
677.494429 2.30049260457
692.182966 2.90726828575
705.475389 2.30165600777
713.739965 9999
720.278368 9999
733.177013 2.29122463862
741.857728 9999
749.82334 9999
764.095281 2.85873468717
778.734605 2.31418601672
791.441177 2.37075392405
806.310225 2.95024927457
819.69724 2.31286605199
833.959791 2.30709393819
846.874799 2.30445106824
860.165641 2.31048003832
867.396421 9999
880.160488 2.30516068141
893.814005 2.30440266927
907.459641 2.94459104538
920.312179 2.28863430023
935.076194 2.30609178543
946.881751 2.37547636032
959.794862 2.30178570747
969.683496 9999
981.177438 2.37128567696
994.154749 2.3094813029
1007.048359 2.37216671308
1019.889541 2.2905116876
1032.866912 2.30799563726
1041.312637 9999
1055.750531 2.31000796954
1068.770049 2.29066769282
1083.472485 2.30209469795
1096.379722 2.30367954572
1109.539587 2.36386624972
1122.807579 2.31439264615
1136.131227 2.30831019084
1149.04408 2.29081606865
1162.502917 2.29799230893
1176.991975 2.30428091685
1188.503067 2.37910604477
1201.894164 2.30099598567
1214.161087 2.33815026283
1228.651477 2.80911628405
1237.071835 9999
1250.05164 2.2918399175
1262.806515 2.30613565445
1276.500168 2.29279692968
1289.409753 2.30800771713
1303.873326 2.30709369977
1315.836064 2.37185796102
1329.677571 2.34427372615
1341.895293 2.33813897769
1355.33032 2.29973038038
1366.877817 2.37601836522
1382.033759 2.86536598206
1395.274652 2.29789066315
1409.69941 2.86626561483
1422.605903 2.31772692998
1437.216128 2.89933665593
1449.509563 2.36886866887
1462.564918 2.36880032221
1471.292505 9999
1482.978295 2.37320025762
1497.02179 2.3892352581
1510.318434 2.30407063166
1523.481028 2.32275541623
1537.711233 2.30149237315
1550.889459 2.28885205587
1560.328759 9999
1573.45795 2.29696965218
1590.136311 9999
1604.380477 2.87972601255
1612.146714 9999
1621.193593 9999
1634.080972 2.29733125369
1647.193513 2.30178570747
1660.876047 2.34066899618
1673.762342 2.37173112233
1686.696494 2.31385103861
1699.846601 2.30124441783
1713.345424 2.79536859194
1727.886392 2.87282371521
1740.649661 2.33476026853
1749.36457 9999
1763.748368 2.86267367999
1777.057446 2.38187829653
1789.743429 2.44167661667
1801.305691 2.37999725342
1813.949382 2.3348689874
1821.710231 9999
1833.873406 2.36587937673
1846.937666 2.30992325147
1863.214006 3.34657796224
1876.1731 2.3037173748
1889.572247 2.29286559423
1904.022718 2.87354763349
1911.007412 9999.0
1924.165145 2.30852468808
1937.972496 2.336723725
1951.801619 2.77894028028
1964.975965 2.32068967819
1979.52274 2.87879506747
1995.293418 3.17585706711
2009.914106 2.88987167676
2024.400902 2.89372634888
2032.141511 9999.0
2044.812104 2.35333069166
2059.015914 2.31685638428
2067.687512 9999.0
2080.769485 2.28619798024
2089.235163 9999
2102.106987 2.28678568204
2117.168546 2.87700104713
2128.791019 2.36269172033
2141.775918 2.29005599022
2153.795863 2.36844666799
2166.651813 2.42496705055
2179.680427 2.29258004824
2192.845841 2.2842883269
2206.069462 2.34512925148
2220.393908 2.29893930753
2233.398206 2.29635508855
2246.463108 2.28370189667
2259.255804 2.30743694305
2272.723228 2.29236499468
2285.376083 2.37742567062
2299.649164 2.8126736482
2312.811428 2.2852396965
2325.72127 2.29256534576
2333.818296 9999.0
2347.349057 2.84453860919
2361.76628 2.83431990941
2373.532403 2.36409934362
2386.790769 2.30682595571
2399.775639 2.28907966614
2412.740644 2.28855069478
2426.040406 2.30508335431
2440.466061 2.29856133461
2454.923781 2.29828556379
2467.974194 2.37687532107
2480.956392 2.28620195389
2493.833238 2.30472540855
2506.994968 2.30785401662
2518.59417 2.38408231735
2531.564755 2.28504339854
2544.786874 2.32182145119
2557.16357 2.35437607765
2565.573322 9999.0
2578.883306 2.29235537847
2593.709422 2.88132301966
2606.682162 2.30549828211
2619.722727 2.28741375605
2631.3873 2.36543226242
2643.987639 2.40829992294
2657.273739 2.3094813029
2671.591096 2.32142988841
2680.133551 9999.0
2694.318657 2.28361026446
2708.638806 2.93279798826
2721.51051 2.3099120458
2734.944823 2.28611222903
2747.835194 2.30702765783
2762.044443 2.29826466242
2775.392541 2.28435532252
2788.398402 2.30986905098
2801.61536 2.27994092306
2815.07266 2.28399006526
2827.814468 2.37124824524
2840.648242 2.29545632998
2853.916681 2.30492401123
2866.85426 2.29887231191
2879.809887 2.30525533358
2893.248384 2.30656735102
2906.230638 2.30691568057
2918.969954 2.29602567355
2932.185754 2.28600335121
2940.684153 9999
2952.899438 2.32749843597
2967.235447 2.32287708918
2980.184755 2.28017624219
2994.568263 2.85237201055
3007.832982 2.30905604362
3020.761676 2.30997729301
3033.029791 2.35747035344
3047.456193 2.29337596893
3061.6124 2.80369202296
3073.953306 2.32828497887
3087.196737 2.29639005661
3100.608429 2.33704058329
3108.11818 9999.0
3121.352728 2.29123735428
3132.81986 2.35605692863
3141.277691 9999.0
3154.452452 2.28954688708
3166.468963 2.62519129117
3173.344837 9999.0
3188.337342 2.87891634305
3201.094969 2.29621624947
3208.924702 9999.0
3222.371597 2.28446340561
3235.4332 2.31676236788
3248.627367 2.31018471718
3261.872967 2.29127526283
3273.478472 2.36626323064
3281.593519 9999.0
3295.207484 2.33753101031
3309.638692 2.86441787084
3323.109065 2.57563765844
3332.142745 9999
3344.932566 2.31066505114
3357.236872 2.34999370575
3370.770942 2.299964269
3383.82524 2.30518531799
3396.865162 2.287504673
3409.172934 2.32737867037
3421.59649 2.35609706243
3434.652608 2.29085302353
3447.620318 2.30185635885
3460.619693 2.30567797025
3473.599949 2.28677829107
3485.588272 2.36568236351
3498.916819 2.3397166729
3511.865885 2.30997959773
3526.477074 2.31047375997
3540.072456 2.57948493958
3550.966037 9999.0
3563.527328 2.33053104083
3571.906344 9999
3578.799372 9999
3591.621261 2.30579264959
3603.365393 2.37336071332
