3.287183 9999
22.100053 0.827090537548
41.126539 0.833268415928
66.659786 1.15578149557
85.655987 0.833511996269
104.752501 0.833504509926
123.814695 0.836693823338
142.930598 0.835947048664
168.561423 1.16641180515
187.609803 0.830172836781
206.602654 0.834208667278
225.73231 0.835087227821
244.894832 0.841491889954
264.007931 0.836197423935
283.120302 0.839506602287
302.401039 0.842847383022
321.196689 0.825284898281
340.292638 0.8350492239
359.306893 0.835063576698
378.401527 0.833003985882
397.546045 0.840954649448
416.608404 0.832516777515
435.654227 0.835878682137
454.669843 0.829719769955
473.529768 0.827619600296
492.777204 0.840782177448
511.821493 0.833745574951
531.018015 0.839014208317
550.066049 0.836068081856
569.092709 0.830355429649
588.039053 0.832094788551
607.104 0.828979969025
625.996799 0.829334568977
645.193208 0.838763463497
664.258787 0.831447839737
683.468337 0.83899102211
702.614358 0.841923940182
721.676939 0.831278157234
747.130701 1.15822399855
766.406761 0.840562152863
791.76028 1.15294364691
811.055711 0.841606843472
830.185304 0.839340293407
849.263465 0.833213925362
868.223884 0.831368863583
887.422918 0.838600444794
906.483175 0.836414194107
932.149468 1.16171672344
951.145742 0.832130634785
970.208276 0.830806398392
989.070982 0.828066396713
1008.250028 0.837082576752
1027.330681 0.837995910645
1052.8965 1.1565808773
1072.025864 0.837308955193
1091.241024 0.839329302311
1110.153721 0.829970085621
1129.166647 0.829282939434
1148.259962 0.83812110424
1173.845801 1.15628494024
1192.856766 0.833187818527
1211.918768 0.832217025757
1230.931292 0.833505153656
1250.129063 0.837245035172
1253.303228 9999
1256.517624 9999
1275.512191 0.834136152267
1301.077737 1.15594512224
1326.728969 1.16574085951
1345.891125 0.835026943684
1365.022913 0.840267157555
1384.068405 0.830741167068
1387.338464 9999
1406.398717 0.837528944016
1425.644598 0.83988609314
1444.640966 0.831956803799
1448.179634 9999
1473.627442 1.15696079731
1499.158063 1.15956435204
1518.489742 0.842197978497
1537.367311 0.827401053905
1556.366313 0.828246223927
1575.311618 0.831460142136
1594.357674 0.82943738699
1619.955681 1.16383478642
1639.08438 0.832550752163
1664.68478 1.16444736719
1690.336403 1.15949747562
1709.363954 0.833317875862
1728.563458 0.837931251526
1747.606494 0.83567918539
1773.190755 1.15622940063
1792.069335 0.827243077755
1811.016556 0.825420403481
1814.304542 9999
1833.212642 0.829224526882
1852.341941 0.833663117886
1871.455979 0.837698018551
1890.536141 0.830866205692
1909.532831 0.833992612362
1935.063487 1.15343278646
1954.060293 0.832829010487
1979.676472 1.15823122263
1998.724153 0.833261263371
2017.871714 0.832056462765
2036.864393 0.833864653111
2056.077443 0.837810397148
2081.697047 1.16451306343
2107.394511 1.15979813337
2126.509752 0.836287176609
2145.6532 0.832725512981
2164.66587 0.833802342415
2183.947814 0.839973390102
2202.908691 0.833054935932
2221.956577 0.830611860752
2247.420286 1.1574329257
2266.500841 0.827757620811
2285.681518 0.84178968668
2304.858517 0.833810544014
2330.492619 1.16530895233
2349.655239 0.831762111187
2368.783927 0.838502240181
2387.947653 0.834672474861
2406.992811 0.836571097374
2426.156997 0.833097076416
2445.067945 0.829846858978
2464.39729 0.841544318199
2483.460025 0.835603559017
2502.555904 0.830451512337
2521.585297 0.835926604271
2540.700341 0.830336868763
2559.646687 0.832028234005
2578.942913 0.83929245472
2604.507067 1.16208300591
2623.705616 0.836762428284
2626.99369 9999
2645.984365 0.833098125458
2665.113511 0.833028888702
2690.765387 1.16700186729
2710.147078 0.8430580616
2729.189142 0.837343347073
2748.685303 0.848767638206
2767.667776 0.83396166563
2786.880215 0.834537041187
2790.1178 9999
2809.044987 0.830156946182
2828.354195 0.841468632221
2853.805081 1.15653281212
2873.01799 0.835271418095
2892.050312 0.835539829731
2911.24602 0.836049032211
2930.208452 0.833593153954
2949.285018 0.830288183689
2975.185863 1.17768867016
2994.684974 0.847497153282
3013.92929 0.843385159969
3033.19086 0.838166642189
3058.810236 1.16545425653
3084.624722 1.16431019306
3103.607048 0.831897592545
3122.850414 0.834335446358
3142.062992 0.843499803543
3161.30868 0.836555671692
3186.842079 1.16030175686
3206.238692 0.845147240162
3225.070524 0.827293503284
3250.937643 1.16667258739
3254.208564 9999
3273.366008 0.83911948204
3292.631776 0.836700534821
3311.694275 0.83767285347
3330.9543 0.837180352211
3350.053514 0.83942617178
3369.265686 0.83629103899
3388.442318 0.842400085926
3407.574493 0.831834387779
3426.68478 0.839395081997
3445.814215 0.830866765976
3464.993444 0.840641009808
3484.205734 0.834539794922
3503.354686 0.842242777348
3529.169117 1.16319366693
3548.148377 0.833026373386
3567.1793 0.828608095646
3586.126172 0.829721844196
3605.322043 0.834362494946
