0.394641 9999
0.706957 9999
0.950061 9999
1.190552 9999
1.436358 9999
1.675072 9999
1.919733 9999
2.156259 9999
2.39717 9999
2.636902 9999
2.899471 9999
3.135773 9999
3.381211 9999
3.647305 9999
3.892069 9999
4.131834 9999
4.375735 9999
4.609081 9999
4.870224 9999
5.110266 9999
5.354822 9999
5.591818 9999
5.834879 9999
6.136624 9999
6.378008 9999
6.611586 9999
6.856753 9999
7.101007 9999
7.332181 9999
7.578527 9999
7.821609 9999
8.06695 9999
8.310584 9999
8.54406 9999
8.80387 9999
9.043411 9999
9.286959 9999
9.532876 9999
9.765776 9999
10.006274 9999
10.256098 9999
10.493335 9999
10.736317 9999
10.976525 9999
11.219888 9999
11.468614 9999
11.704971 9999
11.956451 9999
12.204349 9999
12.456841 9999
12.700457 9999
12.947631 9999
13.195891 9999
13.450039 9999
13.690917 9999
13.931505 9999
14.171749 9999
14.423116 9999
14.660271 9999
14.910119 9999
15.152852 9999
15.394251 9999
15.630983 9999
15.883622 9999
16.122837 9999
16.370059 9999
16.618636 9999
16.862083 9999
17.108886 9999
17.364674 9999
17.599518 9999
17.840961 9999
18.077482 9999
18.333033 9999
18.579341 9999
18.831904 9999
19.077267 9999
19.313729 9999
19.548145 9999
19.799957 9999
20.049226 9999
20.305811 9999
20.55439 9999
20.793478 9999
21.032471 9999
21.278472 9999
21.530196 9999
21.767661 9999
22.006513 9999
22.256416 9999
22.503813 9999
22.750496 9999
23.011019 9999
23.258019 9999
23.503101 9999
23.750825 9999
23.994401 9999
24.238913 9999
24.477827 9999
24.73128 9999
24.974714 9999
25.226938 9999
25.47081 9999
25.71157 9999
25.978272 9999
26.219806 9999
26.459801 9999
26.72435 9999
26.968544 9999
27.216897 9999
27.466639 9999
27.725295 9999
27.980488 9999
28.224385 9999
28.481758 9999
28.749526 9999
29.000161 9999
29.245527 9999
29.49126 9999
29.741901 9999
29.983541 9999
30.23395 9999.0
