0.117125034332
0.115431070328
0.115444898605
0.115087985992
0.121464014053
0.129543066025
0.131145954132
0.132005929947
0.131655931473
0.131870985031
0.131854057312
0.120503902435
0.124679088593
0.121982812881
0.115024089813
0.114711999893
0.115215063095
0.114815950394
0.115014076233
0.115010023117
0.118878126144
0.122183084488
0.125286102295
0.126536130905
0.124606847763
0.126511096954
0.131199121475
0.125837087631
0.128957986832
0.13189291954
0.131364107132
0.129173994064
0.131833076477
0.12043094635
0.114310026169
0.113894939423
0.115447998047
0.115347146988
0.114100933075
0.12236905098
