0.117858886719
0.122537851334
0.122083902359
0.115106105804
0.116216897964
0.124108076096
0.128434896469
0.123518943787
0.131054162979
0.123096942902
0.129459142685
0.124891042709
0.128305912018
0.124456882477
0.127653837204
0.128916025162
0.127013921738
0.127632141113
0.127665996552
0.131967067719
0.12456703186
0.130058050156
0.128294944763
0.131323099136
0.126374959946
0.125196933746
0.13174200058
0.126459121704
0.128479957581
0.128588914871
0.12105512619
0.114855051041
0.126425981522
0.128787994385
0.131463050842
0.126722097397
0.125607013702
0.131215810776
0.131706953049
0.131729125977
