0.11813211441
0.114110946655
0.113255023956
0.114035844803
0.113771915436
0.115206003189
0.113827943802
0.114156961441
0.114588975906
0.114999055862
0.115605115891
0.114898920059
0.115666151047
0.11540389061
0.115211963654
0.115518093109
0.114650964737
0.114834070206
0.115579128265
0.12560915947
0.12372803688
0.125789880753
0.13127207756
0.125113964081
0.127160072327
0.126228809357
0.128866195679
0.128556013107
0.13152217865
0.131029129028
0.1217648983
0.116155147552
0.115314006805
0.114139080048
0.115422964096
0.124690055847
0.131445884705
0.126650094986
0.125670909882
0.125266075134
