0.120317935944
0.114526987076
0.113932132721
0.123186826706
0.120136976242
0.121155977249
0.118591785431
0.114578962326
0.121451854706
0.130687952042
0.118639945984
0.125051021576
0.121959924698
0.114989995956
0.115624189377
0.11584186554
0.114589929581
0.115289926529
0.115521192551
0.114600896835
0.116764068604
0.122838973999
0.130900859833
0.126438140869
0.127953052521
0.129105091095
0.130444049835
0.12202501297
0.130558013916
0.124863147736
0.127507925034
0.131581068039
0.131140232086
0.116039037704
0.114459991455
0.115219116211
0.114818096161
0.117863893509
0.131780862808
0.128922939301
