4.302214 9999
8.668366 9999
12.815632 9999
16.971085 9999
28.563448 9999
31.723386 9999.0
43.734001 9999
47.940614 9999
59.713967 9999
63.885468 9999.0
75.701026 9999
79.910853 9999
84.089086 9999
88.444872 9999
92.641105 9999
102.392028 9999.0
106.712976 9999
111.607025 9999
115.875314 9999
120.252351 9999
130.017771 9999
141.678985 9999.0
151.707942 9999
154.932653 9999
159.061774 9999
163.203612 9999
166.40048 9999
170.503615 9999
174.626357 9999.0
177.997468 9999
182.079035 9999
191.764795 9999
201.905758 9999
205.955318 9999.0
210.656232 9999
214.818312 9999
219.537841 9999
223.599267 9999
227.642936 9999
231.849965 9999
235.975977 9999.0
239.471525 9999
247.12929 9999
252.871533 9999
264.74227 9999
267.966717 9999.0
272.295618 9999
276.456609 9999
280.677085 9999
290.520475 9999
294.710938 9999
298.891307 9999.0
303.150041 9999
314.925917 9999
324.761962 9999
328.883039 9999
332.118587 9999.0
336.614976 9999
339.91916 9999
344.147264 9999
348.848816 9999
352.997279 9999
357.17929 9999
361.264316 9999
364.466261 9999.0
368.78708 9999
376.362688 9999
386.026401 9999
390.22623 9999
394.946672 9999.0
406.735121 9999
410.897706 9999
415.079892 9999
420.825019 9999
428.456337 9999.0
432.731263 9999
437.170147 9999
441.336907 9999
445.502408 9999
449.631516 9999
453.793737 9999
457.871919 9999
462.586233 9999.0
466.898808 9999
476.883924 9999
481.072672 9999
485.873766 9999
489.987184 9999
494.111491 9999.0
498.280019 9999
502.531222 9999
512.680868 9999
518.592563 9999
522.796429 9999
527.607476 9999.0
531.975082 9999
536.138975 9999
545.917637 9999
549.184353 9999
553.53529 9999
558.265914 9999.0
562.566719 9999
574.410864 9999
584.790528 9999
588.96826 9999.0
600.805796 9999
610.680144 9999
622.467342 9999.0
625.854391 9999
631.921793 9999
641.991555 9999
646.866023 9999
650.957398 9999
655.552295 9999.0
665.677011 9999
671.738773 9999
676.532432 9999
679.766441 9999
691.479351 9999.0
695.955249 9999
699.18443 9999
711.092124 9999
715.266283 9999
725.070869 9999.0
728.426878 9999
740.262301 9999
751.985038 9999
763.880068 9999.0
776.230755 9999
786.036279 9999
790.119979 9999
794.810059 9999.0
804.781765 9999
808.899982 9999
813.082651 9999
817.160369 9999
821.328889 9999
829.009614 9999.0
833.320483 9999
837.51653 9999
841.614439 9999
845.788986 9999
855.555916 9999
867.379594 9999.0
877.466239 9999
881.64715 9999
887.52142 9999
892.101991 9999
896.274324 9999
900.463937 9999.0
910.69427 9999
920.475633 9999
925.339886 9999
929.645931 9999
934.480642 9999.0
938.848021 9999
944.595699 9999
956.319757 9999
966.235526 9999.0
970.567979 9999
974.783616 9999
978.890207 9999
983.751689 9999
988.130222 9999
992.430863 9999
996.538072 9999.0
1008.584033 9999
1020.450848 9999
1024.670288 9999
1028.92448 9999.0
1033.903286 9999
1038.027734 9999
1042.91154 9999
1047.041977 9999
1051.839955 9999
1057.796232 9999
1061.039683 9999.0
1071.017006 9999
1075.15275 9999
1079.260534 9999
1082.47975 9999
1092.283076 9999.0
1096.553422 9999
1101.442209 9999
1105.601301 9999
1115.770889 9999
1119.97377 9999
1123.129162 9999.0
1133.126346 9999
1136.294993 9999
1143.982434 9999
1155.763139 9999.0
1168.021835 9999
1172.239624 9999
1176.316615 9999
1188.019818 9999.0
1192.388484 9999
1204.144985 9999
1207.38179 9999
1219.258389 9999.0
1222.640073 9999
1227.041109 9999
1236.707746 9999
1248.77836 9999
1253.703133 9999.0
1257.126713 9999
1261.871911 9999
1273.656627 9999
1277.845889 9999
1282.034597 9999
1286.201962 9999.0
1292.412367 9999
1296.612706 9999
1299.816445 9999
1311.502101 9999
1315.670603 9999
1318.831008 9999.0
1324.959356 9999
1330.984064 9999
1335.206193 9999
1339.502453 9999
1343.607959 9999
1347.871907 9999
1352.249477 9999.0
1356.458413 9999
1368.245027 9999
1372.406859 9999
1382.310166 9999.0
1386.699745 9999
1398.470842 9999
1402.686432 9999
1414.354149 9999.0
1418.874 9999
1423.800607 9999
1427.949619 9999
1432.347931 9999
1442.410368 9999
1445.63952 9999.0
1449.973557 9999
1453.179041 9999
1457.329318 9999
1461.523042 9999
1473.578479 9999
1478.284556 9999.0
1488.450165 9999
1492.628252 9999
1498.600679 9999
1501.848862 9999
1505.976773 9999
1517.648335 9999.0
1521.13814 9999
1525.354198 9999
1528.492069 9999
1531.750983 9999
1535.889233 9999
1539.12552 9999
1542.281099 9999
1546.429464 9999
1550.586452 9999.0
1560.626926 9999
1570.586435 9999
1574.718146 9999
1578.921938 9999
1583.863269 9999.0
1590.039684 9999
1594.223623 9999
1599.079626 9999
1602.271069 9999
1612.147815 9999
1616.321252 9999.0
1619.679023 9999
1624.589557 9999
1628.706292 9999
1631.92402 9999
1636.007349 9999
1645.768621 9999
1649.825368 9999.0
1654.120974 9999
1658.250725 9999
1668.332179 9999
1672.4648 9999
1677.147861 9999
1682.056043 9999.0
1686.437769 9999
1694.192281 9999
1699.105446 9999
1710.865889 9999
1714.989021 9999.0
1719.427107 9999
1723.710699 9999
1735.499371 9999
1743.080089 9999
1747.194326 9999.0
1751.87084 9999
1756.048533 9999
1760.255278 9999
1765.383639 9999
1769.481253 9999
1773.780478 9999
1778.63554 9999.0
1788.882683 9999
1792.109254 9999
1796.692932 9999
1808.505847 9999
1814.499516 9999.0
1824.499055 9999
1829.337229 9999
1839.060502 9999
1842.2984 9999
1846.535188 9999.0
1856.471227 9999
1860.713628 9999
1871.004793 9999
1875.181381 9999
1879.933403 9999.0
1884.901827 9999
1889.072909 9999
1892.268894 9999
1902.112941 9999
1911.941618 9999.0
1921.997326 9999
1925.248945 9999
1935.376139 9999
1945.504351 9999.0
1949.979536 9999
1954.09899 9999
1964.190572 9999
1970.11346 9999
1975.028403 9999
1978.215067 9999.0
1990.485705 9999
2000.327152 9999
2004.750881 9999
2008.866332 9999.0
2012.279534 9999
2022.07652 9999
2033.834664 9999
2037.941261 9999
2049.798634 9999.0
2053.349082 9999
2058.136491 9999
2062.202433 9999
2072.006258 9999
2083.72184 9999.0
2088.181104 9999
2092.392153 9999
2097.245802 9999
2101.378547 9999
2106.236317 9999
2112.20315 9999
2116.376442 9999.0
2122.536216 9999
2126.775509 9999
2130.953638 9999
2135.308798 9999
2139.746233 9999
2143.860797 9999
2154.021342 9999.0
2158.398166 9999
2168.234179 9999
2178.240131 9999
2183.12851 9999
2193.161872 9999.0
2197.632005 9999
2202.339472 9999
2206.531221 9999
2210.64646 9999
2220.942471 9999
2225.012266 9999.0
2237.221788 9999
2241.424052 9999
2253.221931 9999
2260.837075 9999.0
2265.149841 9999
2270.151693 9999
2274.283023 9999
2278.403953 9999
2290.20795 9999
2299.904747 9999.0
2303.40214 9999
2307.597319 9999
2311.647639 9999
2321.93132 9999
2331.671991 9999.0
2335.071307 9999
2339.229608 9999
2349.383115 9999
2354.222067 9999
2357.387914 9999
2361.560831 9999
2365.660566 9999.0
2370.079736 9999
2373.290914 9999
2380.949488 9999
2384.178231 9999
2393.805105 9999
2403.69207 9999.0
2408.062958 9999
2412.245509 9999
2416.343652 9999
2425.987709 9999
2429.195723 9999
2438.998232 9999.0
2442.422801 9999
2446.509027 9999
2449.704579 9999
2453.908457 9999
2458.588467 9999
2468.505413 9999
2472.828089 9999.0
2477.234436 9999
2480.403024 9999
2492.140327 9999
2496.273754 9999
2508.153291 9999.0
2520.279577 9999
2530.032992 9999
2536.024541 9999
2540.988548 9999.0
2545.421751 9999
2549.628961 9999
2554.009816 9999
2558.137333 9999
2562.493545 9999
2572.299048 9999.0
2582.404591 9999
2585.629765 9999
2589.868442 9999
2594.619577 9999
2598.685058 9999
2609.002642 9999.0
2613.412003 9999
2617.537067 9999
2629.344639 9999
2639.035952 9999.0
2651.096174 9999
2655.233736 9999
2659.27572 9999
2663.401583 9999
2667.493147 9999
2677.303334 9999.0
2687.705741 9999
2699.481814 9999
2702.679982 9999
2706.882278 9999
2711.048383 9999.0
2714.502609 9999
2717.670951 9999
2720.921718 9999
2725.815895 9999
2735.909437 9999
2745.7352 9999.0
2751.664115 9999
2755.796905 9999
2759.919636 9999
2764.048617 9999
2768.272028 9999
2780.12309 9999.0
2783.623445 9999
2787.901877 9999
2792.648268 9999
2800.190518 9999
2805.069256 9999
2808.279945 9999
2811.497873 9999.0
2821.700058 9999
2831.981693 9999
2843.804691 9999.0
2849.017404 9999
2859.193588 9999
2869.01727 9999
2872.142325 9999
2876.876327 9999.0
2881.436469 9999
2885.583042 9999
2889.71193 9999
2895.456992 9999
2899.660777 9999
2904.485028 9999
2914.206305 9999.0
2924.242383 9999
2928.465567 9999
2933.330755 9999
2939.211713 9999
2942.465375 9999
2946.615425 9999.0
2950.971146 9999
2962.70701 9999
2967.124967 9999
2971.24328 9999
2976.056047 9999
2980.184688 9999.0
2984.47598 9999
2988.53025 9999
2992.745679 9999
2996.879265 9999
3001.679852 9999
3006.5553 9999
3016.493514 9999.0
3026.704453 9999
3032.646879 9999
3037.459217 9999
3041.538583 9999
3051.246921 9999.0
3055.741913 9999
3059.944947 9999
3063.100639 9999
3067.947529 9999
3072.267683 9999
3076.511581 9999
3080.692125 9999
3083.85401 9999.0
3088.341382 9999
3091.600185 9999
3101.728659 9999
3106.696605 9999
3118.515902 9999.0
3123.231099 9999
3126.436765 9999
3131.294197 9999
3135.423105 9999
3138.599264 9999
3141.878007 9999
3151.623693 9999.0
3156.090232 9999
3160.320965 9999
3163.487229 9999
3173.435095 9999
3177.606009 9999
3189.479035 9999.0
3195.843605 9999
3199.990964 9999
3204.098246 9999
3208.195498 9999
3213.037143 9999
3217.648337 9999
3222.36795 9999.0
3226.771323 9999
3231.427431 9999
3241.229052 9999
3245.365896 9999
3251.409339 9999
3261.217334 9999.0
3264.67503 9999
3268.923945 9999
3272.148078 9999
3276.792729 9999
3287.10166 9999
3294.758372 9999.0
3304.825851 9999
3309.036863 9999
3312.242775 9999
3316.380884 9999
3320.587641 9999
3324.798111 9999.0
3329.226558 9999
3333.371513 9999
3338.289132 9999
3343.262849 9999
3347.38864 9999
3350.618581 9999
3360.593736 9999.0
3372.691592 9999
3382.541555 9999
3386.720716 9999
3389.895488 9999
3401.612617 9999.0
3405.202368 9999
3415.157045 9999
3419.274474 9999
3423.399598 9999
3427.722765 9999
3430.988013 9999
3435.123625 9999.0
3439.461314 9999
3449.430349 9999
3461.141743 9999
3465.321963 9999.0
3469.732658 9999
3473.911193 9999
3478.050016 9999
3483.962371 9999
3488.193187 9999
3494.212561 9999
3497.374457 9999.0
3509.480054 9999
3513.643074 9999
3517.804562 9999
3529.551638 9999.0
3533.97625 9999
3537.160228 9999
3540.37509 9999
3550.452955 9999
3554.586174 9999
3558.770564 9999
3568.962505 9999.0
3573.86883 9999
3578.031597 9999
3582.22499 9999
3586.612428 9999
3590.776116 9999
3594.881452 9999
3599.040133 9999.0
3603.387041 9999
3608.127399 9999
3619.887057 9999
3629.744115 9999.0
3634.143373 9999
3639.102754 9999
3643.264747 9999
3647.473838 9999
3652.193913 9999
3655.428888 9999
3665.58029 9999.0
3670.08365 9999
3674.817303 9999
3679.044904 9999
3683.252894 9999
3693.359686 9999
3697.568755 9999.0
3709.577707 9999
3713.700222 9999
3723.409835 9999
3733.363312 9999.0
3737.778987 9999
3742.204586 9999
3748.171918 9999
3752.378109 9999
3755.571504 9999
3759.909896 9999
3764.110751 9999.0
3768.493731 9999
3771.7094 9999
3774.884926 9999
3779.081708 9999
3789.174448 9999
3793.359633 9999
3797.53426 9999.0
3801.871135 9999
3813.559249 9999
3816.773581 9999
3820.89632 9999
3825.060843 9999
3832.677844 9999.0
3836.130059 9999
3845.901823 9999
3850.072868 9999
3860.045631 9999
3869.77559 9999.0
3874.271695 9999
3877.495739 9999
3881.598761 9999
3884.84915 9999
3894.649075 9999
3897.773596 9999
3901.839768 9999.0
3906.803042 9999
3910.91206 9999
3914.066325 9999
3918.179354 9999
3922.860936 9999
3926.108858 9999
3930.29253 9999
3934.651825 9999.0
3946.645958 9999
3952.765161 9999
3960.421642 9999
3965.319604 9999.0
3968.857537 9999
3972.970043 9999
3977.129914 9999
3981.819128 9999
3984.994643 9999
3989.185649 9999
3999.088886 9999.0
4003.598452 9999
4008.400706 9999
4012.702224 9999
4016.869084 9999
4029.594442 9999.0
4034.851587 9999
4039.03229 9999
4048.900844 9999
4058.628575 9999
4062.953227 9999.0
4074.919047 9999
4079.128176 9999
4090.829807 9999
4095.789122 9999.0
4100.175953 9999
4103.428043 9999
4108.164858 9999
4111.362974 9999
4121.500066 9999
4124.751658 9999
4129.449174 9999.0
4133.957335 9999
4144.108968 9999
4154.233722 9999
4158.42857 9999
4161.608615 9999.0
4171.61518 9999
4179.28396 9999
4183.524536 9999
4186.689383 9999
4190.821807 9999
4201.191144 9999.0
4206.194471 9999
4218.020351 9999
4223.776473 9999
4227.028557 9999
4231.221485 9999
4236.420364 9999
4239.589476 9999
4244.289356 9999
4250.311945 9999
4254.544136 9999
4259.467859 9999
4267.005105 9999.0
4271.448434 9999
4274.628539 9999
4280.576596 9999
4285.504531 9999
4290.274216 9999
4294.443872 9999
4298.62324 9999.0
4310.795443 9999
4314.859963 9999
4326.86934 9999
4331.067668 9999.0
4336.19628 9999
4340.388778 9999
4345.097873 9999
4354.924846 9999
4365.032342 9999.0
4377.208402 9999
4389.027838 9999
4400.960382 9999.0
4404.440676 9999
4408.646326 9999
4414.293563 9999
4424.103627 9999
4427.352061 9999
4431.55504 9999.0
4435.841154 9999
4439.113339 9999
4442.339541 9999
4446.445679 9999
4450.609226 9999
4453.75772 9999
4458.116087 9999
4468.128879 9999.0
4471.680678 9999
4476.32862 9999
4480.518532 9999
4484.61065 9999
4490.377061 9999
4500.472864 9999.0
4504.007735 9999
4515.855501 9999
4520.710766 9999
4524.927334 9999
4528.163254 9999
4539.860281 9999.0
4549.9166 9999
4554.06965 9999
4558.195087 9999
4563.006381 9999
4567.15571 9999
4571.332621 9999.0
4581.520349 9999
4589.15598 9999
4599.277859 9999
4609.015098 9999.0
4614.221504 9999
4620.26885 9999
4632.096076 9999
4636.299296 9999
4640.463947 9999.0
4645.085293 9999
4650.03199 9999
4661.797193 9999
4666.602884 9999
4674.247938 9999.0
4686.417585 9999
4690.745937 9999
4694.885972 9999
4699.038468 9999
4710.871643 9999.0
4716.127059 9999
4720.291495 9999
4730.018414 9999
4733.243243 9999
4737.360974 9999
4742.087249 9999.0
4752.422466 9999
4762.114083 9999
4766.519404 9999
4778.265107 9999.0
4790.482104 9999
4800.152376 9999
4804.525194 9999
4808.584854 9999.0
4813.010892 9999
4817.761894 9999
4829.363925 9999
4839.233604 9999.0
4842.743875 9999
4847.677425 9999
4850.870372 9999
4855.085384 9999
4859.472381 9999
4862.727257 9999
4866.898899 9999
4870.11231 9999.0
4875.012634 9999
4879.112052 9999
4888.840212 9999
4892.897676 9999
4897.060104 9999
4901.433385 9999.0
4913.533468 9999
4917.621655 9999
4925.2804 9999
4929.378192 9999
4933.552653 9999.0
4937.06689 9999
4946.920575 9999
4958.755086 9999
4970.788528 9999.0
4975.261399 9999
4978.516552 9999
4981.705394 9999
4992.055221 9999
5002.299355 9999.0
5006.827625 9999
5011.60712 9999
5021.658867 9999
5029.373947 9999
5034.339977 9999.0
5038.76974 9999
5042.957019 9999
5047.63784 9999
5059.376822 9999
5063.578915 9999
5067.753046 9999.0
5072.983292 9999
5076.142733 9999
5080.976047 9999
5085.100625 9999
5089.208332 9999
5093.35439 9999
5098.246816 9999.0
5103.54744 9999
5107.661751 9999
5117.303466 9999
5122.203593 9999
5126.973223 9999
5131.601132 9999.0
5135.179713 9999
5139.565984 9999
5144.193345 9999
5148.321312 9999
5152.485868 9999
5158.511704 9999
5162.690225 9999.0
5167.741543 9999
5177.466456 9999
5181.709649 9999
5191.520254 9999
5195.97507 9999.0
5199.829042 9999
5205.811952 9999
5210.215017 9999
5213.414245 9999
5217.629344 9999
5227.556853 9999.0
5232.50154 9999
5236.662145 9999
5240.853439 9999
5252.921742 9999
5256.163322 9999
5260.963902 9999.0
5265.61349 9999
5271.57599 9999
5283.401744 9999
5286.696232 9999
5289.963283 9999
5299.847054 9999.0
5303.461786 9999
5307.663451 9999
5311.892541 9999
5323.806207 9999
5327.023961 9999
5331.201297 9999.0
5334.673875 9999
5338.849911 9999
5350.288348 9999
5360.089538 9999
5371.876471 9999.0
5376.453419 9999
5380.639417 9999
5386.600425 9999
5390.743686 9999
5394.961018 9999
5399.174855 9999
5411.001212 9999.0
5415.567705 9999
5427.463649 9999
5431.932979 9999
5436.013505 9999
5440.200182 9999
5444.984092 9999.0
5449.476069 9999
5453.586633 9999
5457.764491 9999
5467.854162 9999
5472.057653 9999
5476.180449 9999.0
5488.497142 9999
5492.646673 9999
5504.337117 9999
5514.419218 9999.0
5518.960632 9999
5523.92011 9999
5528.098879 9999
5532.23392 9999
5542.384024 9999
5554.183235 9999.0
5557.84992 9999
5562.090952 9999
5571.915065 9999
5576.824427 9999
5581.046547 9999
5585.202873 9999.0
5588.810124 9999
5594.835787 9999
5598.899791 9999
5602.98275 9999
5607.65045 9999
5611.766539 9999
5615.907088 9999.0
5620.290127 9999
5624.464419 9999
5627.594681 9999
5631.776389 9999
5641.57442 9999
5645.707128 9999
5648.874178 9999.0
5654.225187 9999
5658.75587 9999
5662.931248 9999
5674.670503 9999
5677.894473 9999
5682.658534 9999.0
5687.022133 9999
5691.748065 9999
5695.880146 9999
5700.534857 9999
5706.316784 9999
5710.460215 9999
5722.230665 9999.0
5727.29772 9999
5737.085623 9999
5741.26739 9999
5748.927518 9999
5760.608487 9999.0
5765.081063 9999
5769.201597 9999
5773.885473 9999
5778.061995 9999
5787.882425 9999
5792.742161 9999.0
5802.855413 9999
5806.961136 9999
5811.139734 9999
5814.294719 9999
5819.212085 9999
5824.783397 9999.0
5834.964713 9999
5845.368469 9999
5849.995882 9999
5861.826449 9999.0
5866.527098 9999
5869.736313 9999
5879.48828 9999
5883.613482 9999
5887.788074 9999
5891.956699 9999.0
5904.180725 9999
5908.305984 9999
5918.108926 9999
5922.938005 9999.0
5935.034634 9999
5939.246188 9999
5943.42438 9999
5947.615792 9999
5951.756696 9999
5957.01133 9999.0
5960.560564 9999
5972.387534 9999
5976.573559 9999
5979.780956 9999
5983.97554 9999
5993.813607 9999.0
6001.759665 9999
6005.836092 9999
6010.387708 9999
6014.504604 9999
6024.386756 9999.0
6028.028658 9999
6032.41925 9999
6040.123236 9999
6044.28278 9999
6048.49822 9999
6051.730142 9999
6061.653733 9999.0
6066.10769 9999
6077.864956 9999
6081.996817 9999
6093.711276 9999.0
6098.942655 9999
6108.738189 9999
6111.911219 9999
6116.646077 9999
6120.79548 9999
6125.022409 9999.0
6129.494249 9999
6137.137568 9999
6141.277989 9999
6145.399222 9999
6149.51494 9999
6153.877207 9999
6158.001315 9999.0
6163.258021 9999
6167.463016 9999
6172.247952 9999
6177.401643 9999
6181.578378 9999
6185.750251 9999
6191.782592 9999.0
6196.321284 9999
6200.496441 9999
6204.606123 9999
6214.483289 9999
6224.19211 9999.0
6229.54351 9999
6234.458391 9999
6239.142918 9999
6248.838061 9999
6258.558515 9999.0
6270.625933 9999
6275.116541 9999
6286.939459 9999
6290.191357 9999.0
6294.511266 9999
6306.327969 9999
6309.493181 9999
6321.248098 9999.0
6325.861277 9999
6330.014527 9999
6333.250688 9999
6338.180181 9999
6341.42706 9999
6344.677686 9999
6354.96589 9999.0
6360.293233 9999
6365.344081 9999
6375.426774 9999
6385.16394 9999.0
6389.73919 9999
6393.872939 9999
6398.087097 9999
6401.228297 9999
6408.900481 9999
6412.937725 9999
6416.189318 9999.0
6419.776364 9999
6431.583555 9999
6435.777205 9999
6440.690757 9999
6445.326518 9999
6449.416707 9999.0
6461.139375 9999
6465.25825 9999
6475.396505 9999
6480.317339 9999.0
6492.497695 9999
6495.671644 9999
6499.776964 9999
6509.878705 9999
6513.969353 9999.0
6525.911292 9999
6535.816246 9999
6540.65137 9999
6544.918001 9999.0
6555.592084 9999
6565.464472 9999
6570.378371 9999
6580.146112 9999.0
6590.142995 9999
6594.26866 9999
6604.350335 9999
6608.487464 9999
6612.908377 9999.0
6616.501298 9999
6620.666117 9999
6625.574518 9999
6637.412358 9999
6647.212055 9999.0
6651.602073 9999
6656.402101 9999
6666.386605 9999
6670.564261 9999
6682.517171 9999.0
6694.601932 9999
6704.298981 9999
6708.484393 9999
6712.756594 9999.0
6717.275354 9999
6722.554347 9999
6725.95872 9999
6729.247517 9999
6733.576263 9999
6737.739139 9999
6747.916843 9999.0
6752.908124 9999
6757.037375 9999
6761.145998 9999
6772.813826 9999
6776.943025 9999
6780.14859 9999.0
6784.621858 9999
6788.797333 9999
6796.496694 9999
6800.644982 9999
6805.512566 9999
6809.667972 9999
6821.574433 9999.0
6826.096271 9999
6835.978202 9999
6847.838289 9999
6859.504986 9999.0
6863.109899 9999
6866.307076 9999
6871.174265 9999
6875.310454 9999
6885.374426 9999
6893.076718 9999.0
6899.473064 9999
6903.67804 9999
6913.392264 9999
6918.330898 9999
6923.169036 9999.0
6927.686648 9999
6939.534975 9999
6943.745817 9999
6947.931387 9999
6958.081584 9999.0
6962.676808 9999
6967.572811 9999
6971.757395 9999
6983.532496 9999
6995.359812 9999.0
6999.978656 9999
7004.748443 9999
7009.619869 9999
7014.53529 9999
7018.704375 9999
7023.54496 9999
7027.719594 9999.0
7032.65516 9999
7036.767449 9999
7039.937504 9999
7044.135186 9999
7055.790241 9999
7060.007661 9999.0
7064.426263 9999
7069.18749 9999
7072.423157 9999
7084.323373 9999
7087.558946 9999
7097.543504 9999.0
7108.075518 9999
7117.856402 9999
7122.594934 9999
7125.759881 9999
7129.922078 9999.0
7136.329997 9999
7139.539295 9999
7142.78184 9999
7152.500239 9999
7156.595937 9999
7160.771226 9999.0
7170.963718 9999
7175.091918 9999
7184.871479 9999
7188.129353 9999
7192.207444 9999.0
7195.669617 9999
7205.500635 9999
