2.068289 9999
3.908511 9999
5.789481 9999
7.64958 9999
9.511815 9999
11.368809 9999
13.216135 9999
15.064111 9999
16.92438 9999
18.772869 9999
20.654784 9999
22.50313 9999
24.356415 9999
26.228319 9999
28.097991 9999
29.981868 9999
31.841462 9999.0
33.892 9999
35.765881 9999
37.611069 9999
39.464997 9999
41.322126 9999
43.178992 9999
45.050863 9999
46.926387 9999
48.782999 9999
50.643716 9999
52.507141 9999
54.376345 9999
56.240809 9999
58.131115 9999
59.981686 9999
61.838972 9999
63.688927 9999.0
65.774072 9999
67.640146 9999
69.500676 9999
71.367814 9999
73.239949 9999
75.116563 9999
76.986058 9999
78.855972 9999
80.738869 9999
82.612826 9999
84.462999 9999
86.317214 9999
88.202304 9999
90.078218 9999
91.950359 9999
93.80089 9999
95.669666 9999.0
97.6866 9999
99.533736 9999
101.402963 9999
103.278016 9999
105.124865 9999
106.987787 9999
108.882134 9999
110.750719 9999
112.588625 9999
114.446962 9999
116.342661 9999
118.228268 9999
120.114935 9999
121.982463 9999
123.857731 9999
125.73869 9999
127.626094 9999.0
129.675657 9999
131.540081 9999
133.406977 9999
135.270442 9999
137.132118 9999
138.998902 9999
140.88614 9999
142.745985 9999
144.579785 9999
146.427596 9999
148.289625 9999
150.15996 9999
152.018957 9999
153.858256 9999
155.7165 9999
157.568957 9999
159.446991 9999.0
161.440502 9999
163.336418 9999
165.234198 9999
167.115068 9999
168.992282 9999
170.864717 9999
172.731826 9999
174.617881 9999
176.478224 9999
178.326178 9999
180.197298 9999
182.081758 9999
183.951861 9999
185.801943 9999
187.683546 9999
189.533429 9999
191.420968 9999.0
193.479444 9999
195.340223 9999
197.223981 9999
199.122783 9999
201.005613 9999
202.864977 9999
204.714088 9999
206.5846 9999
208.466926 9999
210.318413 9999
212.166053 9999
214.024069 9999
215.886373 9999
217.766916 9999
219.616745 9999
221.477549 9999
223.337532 9999.0
225.369066 9999
227.24729 9999
229.111594 9999
230.957162 9999
232.829298 9999
234.691949 9999
236.540909 9999
238.412107 9999
240.235856 9999
242.10944 9999
243.979669 9999
245.836722 9999
247.70978 9999
249.582161 9999
251.451257 9999
253.302222 9999
255.187001 9999.0
257.213806 9999
259.092766 9999
260.981051 9999
262.838824 9999
264.712889 9999
266.581973 9999
268.445344 9999
270.318085 9999
272.192403 9999
274.073876 9999
275.948159 9999
277.832456 9999
279.700869 9999
281.585489 9999
283.455304 9999
285.326187 9999
287.34046 9999
289.205536 9999
291.077043 9999
292.939357 9999
294.845821 9999
296.717446 9999
298.577069 9999
300.436548 9999
302.310109 9999
304.153562 9999
306.008546 9999
307.877737 9999
309.738703 9999
311.608041 9999
313.496893 9999
315.380896 9999
317.258644 9999.0
319.340803 9999
321.184449 9999
323.032932 9999
324.927394 9999
326.809863 9999
328.675798 9999
330.515423 9999
332.369969 9999
334.230319 9999
336.104883 9999
337.959805 9999
339.834869 9999
341.696833 9999
343.553828 9999
345.417281 9999
347.242668 9999
349.096765 9999.0
351.195511 9999
353.046806 9999
354.939823 9999
356.801966 9999
358.656171 9999
360.510051 9999
362.369727 9999
364.251742 9999
366.113973 9999
367.964023 9999
369.822184 9999
371.680535 9999
373.528546 9999
375.364732 9999
377.198057 9999
379.073072 9999
380.933689 9999.0
382.977855 9999
384.882632 9999
386.754706 9999
388.634398 9999
390.505954 9999
392.357341 9999
394.21599 9999
396.07732 9999
397.948711 9999
399.817546 9999
401.691236 9999
403.568726 9999
405.474567 9999
407.357218 9999
409.230943 9999
411.135518 9999.0
413.190705 9999
415.083703 9999
416.932111 9999
418.817444 9999
420.700426 9999
422.57607 9999
424.44569 9999
426.328971 9999
428.204449 9999
430.122649 9999
431.990128 9999
433.887859 9999
435.762284 9999
437.598169 9999
439.472052 9999
441.305925 9999.0
443.347261 9999
445.203834 9999
447.066595 9999
448.92761 9999
450.80713 9999
452.669174 9999
454.51427 9999
456.363439 9999
458.220326 9999
460.087239 9999
461.930619 9999
463.792954 9999
465.654817 9999
467.503491 9999
469.385955 9999
471.242902 9999
473.090502 9999.0
475.230199 9999
477.092003 9999
478.939818 9999
480.812131 9999
482.654827 9999
484.506425 9999
486.367811 9999
488.232846 9999
490.095096 9999
491.953627 9999
493.831894 9999
495.699214 9999
497.571975 9999
499.422787 9999
501.295338 9999
503.153615 9999
505.028075 9999.0
507.089725 9999
508.963722 9999
510.859957 9999
512.729432 9999
514.601881 9999
516.464756 9999
518.37039 9999
520.274552 9999
522.146624 9999
523.999765 9999
525.873132 9999
527.752433 9999
529.606965 9999
531.487018 9999
533.355681 9999
535.21754 9999.0
537.306191 9999
539.190808 9999
541.087263 9999
542.981449 9999
544.872344 9999
546.761849 9999
548.624272 9999
550.505166 9999
552.389438 9999
554.287141 9999
556.167302 9999
558.039988 9999
559.923923 9999
561.809733 9999
563.670044 9999
565.542126 9999.0
567.679813 9999
569.557334 9999
571.424831 9999
573.270634 9999
575.127172 9999
577.000256 9999
578.870757 9999
580.73362 9999
582.605864 9999
584.465761 9999
586.318017 9999
588.199981 9999
590.058023 9999
591.92821 9999
593.800177 9999
595.684322 9999
597.543955 9999.0
599.645362 9999
601.518411 9999
603.389238 9999
605.260729 9999
607.129763 9999
609.015322 9999
610.865822 9999
612.7706 9999
614.633946 9999
616.530518 9999
618.391912 9999
620.282909 9999
622.160853 9999
624.042691 9999
625.914068 9999
627.760393 9999.0
629.801777 9999
631.673617 9999
633.514974 9999
635.357982 9999
637.208952 9999
639.075633 9999
640.947725 9999
642.79832 9999
644.692705 9999
646.591108 9999
648.475857 9999
650.36125 9999
652.230826 9999
654.07626 9999
655.949926 9999
657.819109 9999
659.67225 9999.0
661.765604 9999
663.641318 9999
665.526724 9999
667.420769 9999
669.281303 9999
671.166176 9999
673.038214 9999
674.904868 9999
676.805158 9999
678.690941 9999
680.5988 9999
682.469677 9999
684.306577 9999
686.174668 9999
688.037081 9999
689.922309 9999.0
692.072916 9999
693.941499 9999
695.823108 9999
697.697438 9999
699.578818 9999
701.470919 9999
703.349868 9999
705.25536 9999
707.144323 9999
709.023466 9999
710.886729 9999
712.779546 9999
714.654535 9999
716.516924 9999
718.371141 9999
720.266562 9999.0
722.345594 9999
724.227372 9999
726.099979 9999
727.987621 9999
729.853794 9999
731.728889 9999
733.613003 9999
735.493532 9999
737.369383 9999
739.207963 9999
741.076508 9999
742.950147 9999
744.800655 9999
746.658627 9999
748.52803 9999
750.414098 9999
752.283578 9999.0
754.37307 9999
756.221186 9999
758.090606 9999
759.963142 9999
761.840858 9999
763.710156 9999
765.58167 9999
767.464066 9999
769.338329 9999
771.196642 9999
773.057523 9999
774.927375 9999
776.823484 9999
778.711871 9999
780.593693 9999
782.466125 9999
784.352137 9999.0
786.386381 9999
788.270985 9999
790.169621 9999
792.044128 9999
793.901048 9999
795.762422 9999
797.619713 9999
799.479182 9999
801.34064 9999
803.215122 9999
805.073591 9999
806.947979 9999
808.827397 9999
810.677533 9999
812.534474 9999
814.406991 9999
816.290539 9999.0
818.336522 9999
820.195021 9999
822.076727 9999
823.959486 9999
825.833887 9999
827.681959 9999
829.553411 9999
831.438834 9999
833.324014 9999
835.206929 9999
837.090944 9999
838.971226 9999
840.836551 9999
842.691181 9999
844.585719 9999
846.486904 9999.0
848.601616 9999
850.466781 9999
852.342712 9999
854.225803 9999
856.0881 9999
857.955967 9999
859.840202 9999
861.702631 9999
863.547764 9999
865.407545 9999
867.267498 9999
869.151559 9999
871.029082 9999
872.900466 9999
874.795194 9999
876.663381 9999
878.538928 9999.0
880.613917 9999
882.506894 9999
884.368984 9999
886.239662 9999
888.0869 9999
889.949912 9999
891.821532 9999
893.702344 9999
895.587346 9999
897.46572 9999
899.345213 9999
901.23229 9999
903.12413 9999
905.012021 9999
906.88147 9999
908.753887 9999.0
910.851092 9999
912.716238 9999
914.595975 9999
916.470639 9999
918.342181 9999
920.213379 9999
922.131665 9999
923.982401 9999
925.877057 9999
927.759777 9999
929.633559 9999
931.526859 9999
933.409884 9999
935.27274 9999
937.154587 9999
939.078608 9999.0
941.161388 9999
943.039787 9999
944.931198 9999
946.791772 9999
948.654043 9999
950.53425 9999
952.372869 9999
954.249481 9999
956.118803 9999
957.992887 9999
959.859825 9999
961.749565 9999
963.641899 9999
965.525184 9999
967.400026 9999
969.282592 9999
971.379222 9999
973.252027 9999
975.123568 9999
976.99854 9999
978.883911 9999
980.752474 9999
982.637126 9999
984.557375 9999
986.46615 9999
988.364824 9999
990.259272 9999
992.126172 9999
994.001779 9999
995.883826 9999
997.765905 9999
999.656724 9999.0
1001.739576 9999
1003.586258 9999
1005.442154 9999
1007.305899 9999
1009.171398 9999
1011.030132 9999
1012.899023 9999
1014.761738 9999
1016.608907 9999
1018.472256 9999
1020.331765 9999
1022.202154 9999
1024.052056 9999
1025.921913 9999
1027.800344 9999
1029.680359 9999
1031.514577 9999.0
1033.566643 9999
1035.453037 9999
1037.33313 9999
1039.21514 9999
1041.103096 9999
1042.983658 9999
1044.868815 9999
1046.717715 9999
1048.592403 9999
1050.500545 9999
1052.391917 9999
1054.277163 9999
1056.149167 9999
1057.995977 9999
1059.87021 9999
1061.740908 9999.0
1063.804914 9999
1065.698931 9999
1067.571618 9999
1069.448301 9999
1071.314788 9999
1073.165851 9999
1075.035985 9999
1076.883484 9999
1078.755393 9999
1080.62768 9999
1082.501151 9999
1084.33873 9999
1086.221761 9999
1088.081665 9999
1089.950896 9999
1091.822582 9999
1093.709882 9999.0
1095.798186 9999
1097.66041 9999
1099.541102 9999
1101.390454 9999
1103.262194 9999
1105.113792 9999
1106.979599 9999
1108.864674 9999
1110.75057 9999
1112.606807 9999
1114.470283 9999
1116.375892 9999
1118.247284 9999
1120.12154 9999
1121.996723 9999
1123.876028 9999
1125.720845 9999.0
1127.845945 9999
1129.697283 9999
1131.581988 9999
1133.45601 9999
1135.335428 9999
1137.21 9999
1139.07932 9999
1140.950853 9999
1142.85114 9999
1144.748557 9999
1146.626774 9999
1148.499486 9999
1150.398596 9999
1152.29128 9999
1154.199611 9999
1156.065334 9999.0
1158.222231 9999
1160.117913 9999
1162.03598 9999
1163.93467 9999
1165.83024 9999
1167.738679 9999
1169.611923 9999
1171.484285 9999
1173.387079 9999
1175.28779 9999
1177.167557 9999
1179.033274 9999
1180.914863 9999
1182.785351 9999
1184.65528 9999
1186.519858 9999.0
1188.716764 9999
1190.573431 9999
1192.437335 9999
1194.315116 9999
1196.15645 9999
1198.03542 9999
1199.910268 9999
1201.756916 9999
1203.642439 9999
1205.502163 9999
1207.373974 9999
1209.236188 9999
1211.118011 9999
1212.965774 9999
1214.813658 9999
1216.687014 9999
1218.58177 9999.0
1220.68092 9999
1222.576566 9999
1224.438491 9999
1226.300159 9999
1228.16912 9999
1230.041843 9999
1231.910817 9999
1233.795014 9999
1235.68203 9999
1237.563631 9999
1239.426476 9999
1241.330822 9999
1243.123577 9999
1245.003679 9999
1246.890178 9999
1248.762018 9999
1250.633841 9999.0
1252.744543 9999
1254.616836 9999
1256.474843 9999
1258.34801 9999
1260.219851 9999
1262.105335 9999
1263.998414 9999
1265.897308 9999
1267.766328 9999
1269.654069 9999
1271.54693 9999
1273.448815 9999
1275.342945 9999
1277.202946 9999
1279.083944 9999
1280.946383 9999.0
1283.060433 9999
1284.931384 9999
1286.802602 9999
1288.707803 9999
1290.593162 9999
1292.474649 9999
1294.325176 9999
1296.200162 9999
1298.068517 9999
1299.955421 9999
1301.838818 9999
1303.749062 9999
1305.604539 9999
1307.478208 9999
1309.359128 9999
1311.254928 9999.0
1313.420005 9999
1315.303997 9999
1317.164212 9999
1319.034274 9999
1320.907817 9999
1322.774262 9999
1324.673808 9999
1326.55477 9999
1328.420709 9999
1330.289513 9999
1332.161514 9999
1334.042824 9999
1335.893553 9999
1337.801499 9999
1339.685237 9999
1341.55845 9999.0
1343.655283 9999
1345.522401 9999
1347.390008 9999
1349.25764 9999
1351.129887 9999
1352.982324 9999
1354.854827 9999
1356.72429 9999
1358.607132 9999
1360.448536 9999
1362.296325 9999
1364.165266 9999
1366.059113 9999
1367.920751 9999
1369.808275 9999
1371.697277 9999
1373.585915 9999.0
1375.696129 9999
1377.571708 9999
1379.45492 9999
1381.328638 9999
1383.210124 9999
1385.084796 9999
1386.953308 9999
1388.827357 9999
1390.721758 9999
1392.606032 9999
1394.456498 9999
1396.322835 9999
1398.208124 9999
1400.106214 9999
1401.969019 9999
1403.847235 9999.0
1405.984694 9999
1407.858524 9999
1409.719918 9999
1411.578239 9999
1413.451816 9999
1415.323335 9999
1417.193513 9999
1419.032285 9999
1420.932204 9999
1422.821649 9999
1424.679069 9999
1426.54005 9999
1428.389484 9999
1430.262201 9999
1432.11187 9999
1433.970663 9999
1435.838962 9999.0
1437.963623 9999
1439.849611 9999
1441.712286 9999
1443.605565 9999
1445.502506 9999
1447.367391 9999
1449.224352 9999
1451.115908 9999
1452.966355 9999
1454.836727 9999
1456.709058 9999
1458.604852 9999
1460.503866 9999
1462.396121 9999
1464.279488 9999
1466.177537 9999.0
1468.290358 9999
1470.175008 9999
1472.067918 9999
1473.940364 9999
1475.81124 9999
1477.696718 9999
1479.568067 9999
1481.464752 9999
1483.340817 9999
1485.210501 9999
1487.095894 9999
1488.978245 9999
1490.882465 9999
1492.754975 9999
1494.638585 9999
1496.524793 9999.0
1498.671987 9999
1500.546176 9999
1502.42693 9999
1504.322601 9999
1506.229403 9999
1508.117778 9999
1510.037739 9999
1511.923342 9999
1513.794192 9999
1515.689326 9999
1517.547415 9999
1519.432752 9999
1521.32907 9999
1523.189298 9999
1525.083933 9999
1526.985032 9999.0
1529.058557 9999
1530.954304 9999
1532.825982 9999
1534.694583 9999
1536.57979 9999
1538.453602 9999
1540.35049 9999
1542.233766 9999
1544.131146 9999
1546.024829 9999
1547.898487 9999
1549.758913 9999
1551.614644 9999
1553.50355 9999
1555.419508 9999
1557.314887 9999.0
1559.426504 9999
1561.292284 9999
1563.169442 9999
1565.024073 9999
1566.893165 9999
1568.77479 9999
1570.6362 9999
1572.522676 9999
1574.417854 9999
1576.311398 9999
1578.21046 9999
1580.088624 9999
1581.962419 9999
1583.84728 9999
1585.707105 9999
1587.553024 9999.0
1589.665388 9999
1591.553941 9999
1593.434 9999
1595.300203 9999
1597.135123 9999
1598.977207 9999
1600.866441 9999
1602.724124 9999
1604.572008 9999
1606.434244 9999
1608.328358 9999
1610.222966 9999
1612.076585 9999
1613.93118 9999
1615.793985 9999
1617.665357 9999
1619.552517 9999.0
1621.683433 9999
1623.58119 9999
1625.488458 9999
1627.377276 9999
1629.254426 9999
1631.156895 9999
1633.050908 9999
1634.944027 9999
1636.818046 9999
1638.689759 9999
1640.546502 9999
1642.443747 9999
1644.30327 9999
1646.176521 9999
1648.073672 9999
1649.955146 9999.0
1652.070587 9999
1653.942941 9999
1655.778289 9999
1657.640316 9999
1659.510613 9999
1661.384404 9999
1663.263176 9999
1665.148089 9999
1667.042943 9999
1668.929818 9999
1670.799372 9999
1672.687274 9999
1674.58106 9999
1676.488751 9999
1678.374652 9999
1680.255684 9999.0
1682.383181 9999
1684.27621 9999
1686.198753 9999
1688.106622 9999
1690.012346 9999
1691.884875 9999
1693.776019 9999
1695.635281 9999
1697.523272 9999
1699.422395 9999
1701.294706 9999
1703.212246 9999
1705.077065 9999
1706.944763 9999
1708.796554 9999
1710.70168 9999.0
1712.888931 9999
1714.783885 9999
1716.686867 9999
1718.561839 9999
1720.433758 9999
1722.301829 9999
1724.156691 9999
1726.005372 9999
1727.896998 9999
1729.78016 9999
1731.666299 9999
1733.54898 9999
1735.407633 9999
1737.282443 9999
1739.154574 9999
1741.049865 9999.0
1743.19608 9999
1745.11641 9999
1746.987395 9999
1748.864338 9999
1750.748911 9999
1752.618704 9999
1754.484848 9999
1756.370177 9999
1758.248273 9999
1760.13067 9999
1761.988932 9999
1763.873108 9999
1765.736905 9999
1767.605643 9999
1769.468017 9999
1771.346574 9999.0
1773.497687 9999
1775.358909 9999
1777.229648 9999
1779.126429 9999
1780.997943 9999
1782.869421 9999
1784.7547 9999
1786.65846 9999
1788.534273 9999
1790.406517 9999
1792.290384 9999
1794.176998 9999
1796.046588 9999
1797.942589 9999
1799.813641 9999
1801.710663 9999.0
1803.950995 9999
1805.836075 9999
1807.720376 9999
1809.604477 9999
1811.464629 9999
1813.350896 9999
1815.213277 9999
1817.08015 9999
1818.954582 9999
1820.838373 9999
1822.676277 9999
1824.521749 9999
1826.393705 9999
1828.250041 9999
1830.134989 9999
1831.999664 9999
1833.861293 9999.0
1835.956859 9999
1837.819197 9999
1839.677472 9999
1841.549649 9999
1843.419772 9999
1845.306723 9999
1847.199709 9999
1849.071148 9999
1850.957331 9999
1852.847854 9999
1854.713397 9999
1856.585178 9999
1858.443343 9999
1860.3301 9999
1862.2242 9999
1864.082722 9999.0
1866.254291 9999
1868.117735 9999
1870.004059 9999
1871.874878 9999
1873.765793 9999
1875.62757 9999
1877.491538 9999
1879.348189 9999
1881.210742 9999
1883.104536 9999
1884.976767 9999
1886.849662 9999
1888.687224 9999
1890.559206 9999
1892.438353 9999
1894.288026 9999
1896.173119 9999.0
1898.272241 9999
1900.17924 9999
1902.065125 9999
1903.992494 9999
1905.88002 9999
1907.761774 9999
1909.62526 9999
1911.486642 9999
1913.342955 9999
1915.22961 9999
1917.101644 9999
1918.975932 9999
1920.820816 9999
1922.703858 9999
1924.556093 9999
1926.439121 9999.0
1928.513932 9999
1930.409766 9999
1932.277556 9999
1934.138434 9999
1936.036281 9999
1937.922856 9999
1939.805737 9999
1941.677167 9999
1943.576015 9999
1945.445614 9999
1947.326438 9999
1949.204087 9999
1951.085592 9999
1952.960529 9999
1954.84698 9999
1956.750273 9999.0
1958.835567 9999
1960.729872 9999
1962.616237 9999
1964.488752 9999
1966.373336 9999
1968.252115 9999
1970.114339 9999
1971.995849 9999
1973.848918 9999
1975.710105 9999
1977.558504 9999
1979.449948 9999
1981.315113 9999
1983.179789 9999
1985.008132 9999
1986.868482 9999
1988.710932 9999.0
1990.829436 9999
1992.709832 9999
1994.586336 9999
1996.478153 9999
1998.365596 9999
2000.217228 9999
2002.071644 9999
2003.946237 9999
2005.831965 9999
2007.702535 9999
2009.56992 9999
2011.477138 9999
2013.351141 9999
2015.226868 9999
2017.100246 9999
2018.978484 9999.0
2021.106939 9999
2022.976777 9999
2024.835604 9999
2026.744117 9999
2028.633196 9999
2030.510843 9999
2032.41342 9999
2034.304235 9999
2036.185924 9999
2038.071674 9999
2039.968601 9999
2041.878341 9999
2043.725411 9999
2045.573044 9999
2047.408537 9999
2049.291156 9999.0
2051.403143 9999
2053.274537 9999
2055.146765 9999
2057.019686 9999
2058.891432 9999
2060.751288 9999
2062.649286 9999
2064.519812 9999
2066.391711 9999
2068.278555 9999
2070.164403 9999
2072.034429 9999
2073.916025 9999
2075.78615 9999
2077.662286 9999
2079.523821 9999.0
2081.608737 9999
2083.456294 9999
2085.330296 9999
2087.190905 9999
2089.059501 9999
2090.920936 9999
2092.8033 9999
2094.678187 9999
2096.575499 9999
2098.472172 9999
2100.339984 9999
2102.204605 9999
2104.084982 9999
2105.937102 9999
2107.805392 9999
2109.690931 9999
2111.570315 9999.0
2113.698296 9999
2115.548518 9999
2117.408255 9999
2119.299162 9999
2121.167321 9999
2123.046954 9999
2124.920332 9999
2126.801071 9999
2128.67117 9999
2130.545021 9999
2132.429583 9999
2134.31463 9999
2136.183417 9999
2138.053291 9999
2139.928889 9999
2141.788108 9999
2143.89123 9999
2145.751111 9999
2147.610665 9999
2149.474072 9999
2151.341517 9999
2153.237547 9999
2155.109187 9999
2156.967432 9999
2158.852741 9999
2160.737801 9999
2162.585818 9999
2164.465802 9999
2166.317399 9999
2168.162691 9999
2170.014108 9999
2171.871604 9999
2173.759628 9999.0
2175.859012 9999
2177.726831 9999
2179.598953 9999
2181.449831 9999
2183.330593 9999
2185.206293 9999
2187.075159 9999
2188.947 9999
2190.818023 9999
2192.682408 9999
2194.564208 9999
2196.448 9999
2198.357996 9999
2200.254744 9999
2202.101362 9999
2203.976905 9999
2206.085039 9999
2208.004324 9999
2209.879124 9999
2211.762383 9999
2213.657063 9999
2215.540472 9999
2217.448611 9999
2219.367559 9999
2221.244843 9999
2223.138662 9999
2225.022809 9999
2226.917844 9999
2228.792243 9999
2230.670681 9999
2232.555991 9999
2234.45083 9999.0
2236.529775 9999
2238.423209 9999
2240.3109 9999
2242.181691 9999
2244.076156 9999
2245.946646 9999
2247.854948 9999
2249.730542 9999
2251.588524 9999
2253.447999 9999
2255.345636 9999
2257.20591 9999
2259.078251 9999
2260.94701 9999
2262.820133 9999
2264.722021 9999.0
2266.83964 9999
2268.711146 9999
2270.584189 9999
2272.472801 9999
2274.338366 9999
2276.204046 9999
2278.09782 9999
2280.019737 9999
2281.893098 9999
2283.786567 9999
2285.669956 9999
2287.537722 9999
2289.398978 9999
2291.251784 9999
2293.119669 9999
2295.009234 9999.0
2297.131634 9999
2299.003765 9999
2300.88324 9999
2302.759767 9999
2304.627545 9999
2306.478821 9999
2308.335242 9999
2310.210455 9999
2312.119885 9999
2313.980323 9999
2315.851751 9999
2317.748301 9999
2319.650679 9999
2321.536414 9999
2323.424016 9999
2325.317733 9999.0
2327.496862 9999
2329.385212 9999
2331.270377 9999
2333.130317 9999
2334.99924 9999
2336.884799 9999
2338.755423 9999
2340.662826 9999
2342.527143 9999
2344.386581 9999
2346.280468 9999
2348.165546 9999
2350.026892 9999
2351.932248 9999
2353.81635 9999
2355.665788 9999.0
2357.813922 9999
2359.721735 9999
2361.608029 9999
2363.457664 9999
2365.312251 9999
2367.207777 9999
2369.103081 9999
2371.014964 9999
2372.90777 9999
2374.770636 9999
2376.652783 9999
2378.563074 9999
2380.432822 9999
2382.293471 9999
2384.180181 9999
2386.053756 9999.0
2388.149668 9999
2390.018874 9999
2391.903337 9999
2393.788288 9999
2395.674519 9999
2397.560302 9999
2399.451838 9999
2401.334441 9999
2403.24876 9999
2405.154979 9999
2407.028408 9999
2408.907274 9999
2410.791967 9999
2412.689776 9999
2414.561353 9999
2416.42104 9999.0
2418.535672 9999
2420.415572 9999
2422.303324 9999
2424.209639 9999
2426.127149 9999
2428.014668 9999
2429.901533 9999
2431.793612 9999
2433.677949 9999
2435.57567 9999
2437.470106 9999
2439.337646 9999
2441.237554 9999
2443.108086 9999
2444.973414 9999
2446.855837 9999.0
2448.989677 9999
2450.87217 9999
2452.757997 9999
2454.62758 9999
2456.510637 9999
2458.389212 9999
2460.269728 9999
2462.162334 9999
2464.068412 9999
2465.934329 9999
2467.818813 9999
2469.712682 9999
2471.607624 9999
2473.482862 9999
2475.353851 9999
2477.227626 9999.0
2479.336525 9999
2481.201929 9999
2483.11623 9999
2484.987143 9999
2486.83525 9999
2488.717424 9999
2490.592474 9999
2492.463768 9999
2494.313645 9999
2496.174819 9999
2498.06564 9999
2499.930336 9999
2501.767197 9999
2503.644041 9999
2505.510688 9999
2507.376436 9999
2509.237645 9999.0
2511.377382 9999
2513.295769 9999
2515.175938 9999
2517.029329 9999
2518.911666 9999
2520.79922 9999
2522.682565 9999
2524.541466 9999
2526.401873 9999
2528.272452 9999
2530.112427 9999
2531.993281 9999
2533.86431 9999
2535.734766 9999
2537.606304 9999
2539.517736 9999.0
2541.654727 9999
2543.54716 9999
2545.433269 9999
2547.318249 9999
2549.200118 9999
2551.08851 9999
2553.015138 9999
2554.887189 9999
2556.77378 9999
2558.658685 9999
2560.539656 9999
2562.425414 9999
2564.299426 9999
2566.170056 9999
2568.081081 9999
2569.940184 9999.0
2572.075231 9999
2573.957188 9999
2575.850383 9999
2577.724078 9999
2579.583378 9999
2581.469691 9999
2583.354103 9999
2585.213113 9999
2587.085183 9999
2588.971411 9999
2590.874766 9999
2592.737059 9999
2594.605984 9999
2596.467854 9999
2598.342604 9999
2600.240159 9999.0
2602.357987 9999
2604.222573 9999
2606.045648 9999
2607.91432 9999
2609.778431 9999
2611.634259 9999
2613.508269 9999
2615.373182 9999
2617.219896 9999
2619.125115 9999
2620.988111 9999
2622.846381 9999
2624.716488 9999
2626.576635 9999
2628.422391 9999
2630.312449 9999
2632.171931 9999.0
2634.315741 9999
2636.221243 9999
2638.076383 9999
2639.954176 9999
2641.852153 9999
2643.715973 9999
2645.559182 9999
2647.408594 9999
2649.291238 9999
2651.16565 9999
2653.037747 9999
2654.924788 9999
2656.774078 9999
2658.633867 9999
2660.502746 9999
2662.374685 9999
2664.246315 9999.0
2666.332875 9999
2668.225702 9999
2670.121338 9999
2672.016521 9999
2673.924764 9999
2675.823957 9999
2677.697628 9999
2679.555892 9999
2681.429365 9999
2683.300692 9999
2685.211202 9999
2687.094399 9999
2688.987477 9999
2690.870529 9999
2692.730517 9999
2694.641677 9999.0
2696.76669 9999
2698.633077 9999
2700.508783 9999
2702.383135 9999
2704.255433 9999
2706.117298 9999
2708.02138 9999
2709.904055 9999
2711.775789 9999
2713.676911 9999
2715.566985 9999
2717.454377 9999
2719.347507 9999
2721.235177 9999
2723.142711 9999
2725.07221 9999.0
2727.246794 9999
2729.125854 9999
2730.989936 9999
2732.867433 9999
2734.746608 9999
2736.620366 9999
2738.488742 9999
2740.382033 9999
2742.268704 9999
2744.162564 9999
2745.999311 9999
2747.870946 9999
2749.732368 9999
2751.61863 9999
2753.500582 9999
2755.397432 9999.0
2757.577913 9999
2759.454444 9999
2761.315157 9999
2763.172217 9999
2765.034308 9999
2766.918777 9999
2768.798004 9999
2770.626937 9999
2772.49694 9999
2774.372859 9999
2776.255251 9999
2778.139628 9999
2780.033175 9999
2781.898052 9999
2783.80021 9999
2785.68941 9999.0
2787.809574 9999
2789.703547 9999
2791.539866 9999
2793.398696 9999
2795.297757 9999
2797.14844 9999
2799.014666 9999
2800.891837 9999
2802.750515 9999
2804.623242 9999
2806.490749 9999
2808.341626 9999
2810.200697 9999
2812.078753 9999
2813.976952 9999
2815.843855 9999
2817.725858 9999.0
2819.894494 9999
2821.769198 9999
2823.665264 9999
2825.569752 9999
2827.432554 9999
2829.308466 9999
2831.188332 9999
2833.070209 9999
2834.966707 9999
2836.887172 9999
2838.752528 9999
2840.646835 9999
2842.550833 9999
2844.404764 9999
2846.25866 9999
2848.159006 9999.0
2850.305406 9999
2852.211106 9999
2854.10911 9999
2855.979664 9999
2857.874668 9999
2859.747581 9999
2861.600728 9999
2863.496012 9999
2865.3654 9999
2867.262113 9999
2869.143349 9999
2871.026145 9999
2872.913281 9999
2874.772336 9999
2876.643007 9999
2878.493666 9999.0
2880.631011 9999
2882.510882 9999
2884.398722 9999
2886.257993 9999
2888.142495 9999
2889.999623 9999
2891.86302 9999
2893.721793 9999
2895.582955 9999
2897.45404 9999
2899.320177 9999
2901.170834 9999
2903.043768 9999
2904.915769 9999
2906.767474 9999
2908.636031 9999
2910.518208 9999.0
2912.667318 9999
2914.54981 9999
2916.446233 9999
2918.339637 9999
2920.205496 9999
2922.075926 9999
2923.983254 9999
2925.870161 9999
2927.757171 9999
2929.673815 9999
2931.548581 9999
2933.441569 9999
2935.327933 9999
2937.186558 9999
2939.1035 9999
2940.978572 9999.0
2943.16059 9999
2945.060221 9999
2946.940314 9999
2948.813686 9999
2950.685306 9999
2952.530665 9999
2954.391024 9999
2956.243558 9999
2958.126997 9999
2959.998829 9999
2961.856029 9999
2963.727882 9999
2965.612557 9999
2967.509751 9999
2969.396146 9999
2971.314871 9999.0
2973.489412 9999
2975.34456 9999
2977.230122 9999
2979.138078 9999
2981.007849 9999
2982.868118 9999
2984.740249 9999
2986.635649 9999
2988.507877 9999
2990.384184 9999
2992.250465 9999
2994.138546 9999
2996.021606 9999
2997.86695 9999
2999.776496 9999
3001.648385 9999.0
3003.823713 9999
3005.713742 9999
3007.600714 9999
3009.486622 9999
3011.342233 9999
3013.219753 9999
3015.110321 9999
3016.98311 9999
3018.846083 9999
3020.708124 9999
3022.567593 9999
3024.439266 9999
3026.282123 9999
3028.14364 9999
3030.003258 9999
3031.882682 9999
3034.1059 9999
3036.003516 9999
3037.877697 9999
3039.764282 9999
3041.640998 9999
3043.495838 9999
3045.377918 9999
3047.212602 9999
3049.081807 9999
3050.953595 9999
3052.816093 9999
3054.668607 9999
3056.562929 9999
3058.449754 9999
3060.352457 9999
3062.249784 9999.0
3064.400606 9999
3066.303311 9999
3068.192008 9999
3070.093144 9999
3071.953956 9999
3073.826323 9999
3075.686698 9999
3077.548738 9999
3079.421148 9999
3081.290343 9999
3083.176225 9999
3085.06147 9999
3086.931474 9999
3088.816486 9999
3090.679295 9999
3092.546273 9999.0
3094.696101 9999
3096.568373 9999
3098.465991 9999
3100.355887 9999
3102.208221 9999
3104.06004 9999
3105.917317 9999
3107.773933 9999
3109.637406 9999
3111.495235 9999
3113.360075 9999
3115.23756 9999
3117.114962 9999
3118.982961 9999
3120.883491 9999
3122.763006 9999
3124.647772 9999.0
3126.786345 9999
3128.660127 9999
3130.535251 9999
3132.393201 9999
3134.260585 9999
3136.120523 9999
3137.992908 9999
3139.83848 9999
3141.712134 9999
3143.588678 9999
3145.444637 9999
3147.320359 9999
3149.18067 9999
3151.025736 9999
3152.869869 9999
3154.731373 9999
3156.591373 9999.0
3158.825052 9999
3160.702574 9999
3162.543112 9999
3164.400946 9999
3166.276369 9999
3168.136931 9999
3170.010351 9999
3171.869598 9999
3173.775249 9999
3175.659129 9999
3177.512459 9999
3179.382739 9999
3181.251871 9999
3183.11493 9999
3184.974102 9999
3186.857032 9999
3188.717512 9999.0
3190.866739 9999
3192.770859 9999
3194.648533 9999
3196.556503 9999
3198.428179 9999
3200.312839 9999
3202.20489 9999
3204.079127 9999
3205.95235 9999
3207.848555 9999
3209.753445 9999
3211.652442 9999
3213.536373 9999
3215.41725 9999
3217.301545 9999
3219.163759 9999.0
3221.340926 9999
3223.193231 9999
3225.068794 9999
3226.950335 9999
3228.830957 9999
3230.713718 9999
3232.601696 9999
3234.476286 9999
3236.343455 9999
3238.231248 9999
3240.104175 9999
3241.997067 9999
3243.878563 9999
3245.765206 9999
3247.640107 9999
3249.511066 9999.0
3251.742308 9999
3253.613787 9999
3255.505499 9999
3257.401724 9999
3259.201878 9999
3261.10377 9999
3262.994237 9999
3264.881212 9999
3266.764572 9999
3268.635194 9999
3270.543564 9999
3272.408595 9999
3274.288783 9999
3276.136742 9999
3278.046247 9999
3279.904904 9999.0
3282.102864 9999
3283.984547 9999
3285.856182 9999
3287.697372 9999
3289.57822 9999
3291.444557 9999
3293.331198 9999
3295.194382 9999
3297.085019 9999
3298.939912 9999
3300.795186 9999
3302.65925 9999
3304.517173 9999
3306.39923 9999
3308.271762 9999
3310.171307 9999
3312.050939 9999.0
3314.237867 9999
3316.109594 9999
3317.969631 9999
3319.831824 9999
3321.711486 9999
3323.596512 9999
3325.481686 9999
3327.360861 9999
3329.250748 9999
3331.103884 9999
3332.990511 9999
3334.878826 9999
3336.799332 9999
3338.705314 9999
3340.577567 9999
3342.459005 9999.0
3344.637019 9999
3346.530998 9999
3348.439139 9999
3350.305395 9999
3352.193855 9999
3354.091818 9999
3355.972989 9999
3357.821288 9999
3359.705072 9999
3361.600659 9999
3363.508581 9999
3365.384353 9999
3367.255752 9999
3369.146489 9999
3371.008577 9999
3372.842786 9999.0
3374.969406 9999
3376.863786 9999
3378.761943 9999
3380.670082 9999
3382.531937 9999
3384.39913 9999
3386.265712 9999
3388.112727 9999
3389.973028 9999
3391.853641 9999
3393.770967 9999
3395.666216 9999
3397.537795 9999
3399.410643 9999
3401.274487 9999
3403.154857 9999.0
3405.376287 9999
3407.261153 9999
3409.134545 9999
3411.004035 9999
3412.89019 9999
3414.775218 9999
3416.656507 9999
3418.514435 9999
3420.374902 9999
3422.240849 9999
3424.131371 9999
3426.025719 9999
3427.902354 9999
3429.785773 9999
3431.696238 9999
3433.604196 9999.0
3435.809635 9999
3437.703746 9999
3439.599672 9999
3441.462306 9999
3443.343678 9999
3445.219943 9999
3447.090101 9999
3448.97172 9999
3450.840837 9999
3452.730006 9999
3454.635468 9999
3456.520652 9999
3458.39144 9999
3460.287882 9999
3462.155627 9999
3464.03079 9999.0
3466.155836 9999
3468.038022 9999
3470.102171 9999
3471.963877 9999
3473.820003 9999
3475.675888 9999
3477.592989 9999
3479.478483 9999
3481.335783 9999
3483.21735 9999
3485.130822 9999
3486.999371 9999
3488.898348 9999
3490.791426 9999
3492.663287 9999
3494.546832 9999.0
3496.709465 9999
3498.592356 9999
3500.491975 9999
3502.389255 9999
3504.271008 9999
3506.173387 9999
3508.071783 9999
3509.958088 9999
3511.844009 9999
3513.71691 9999
3515.610385 9999
3517.518814 9999
3519.390081 9999
3521.263366 9999
3523.110233 9999
3524.97937 9999.0
3527.178319 9999
3529.050403 9999
3530.935351 9999
3532.840823 9999
3534.760475 9999
3536.64797 9999
3538.527517 9999
3540.437736 9999
3542.320523 9999
3544.207324 9999
3546.099258 9999
3547.985468 9999
3549.892896 9999
3551.80241 9999
3553.686206 9999
3555.567322 9999.0
3557.65439 9999
3559.551225 9999
3561.438532 9999
3563.347421 9999
3565.226907 9999
3567.110738 9999
3568.974992 9999
3570.857021 9999
3572.754945 9999
3574.645988 9999
3576.486813 9999
3578.360469 9999
3580.228765 9999
3582.115529 9999
3584.000323 9999
3585.847687 9999.0
3587.956396 9999
3589.826097 9999
3591.667478 9999
3593.53211 9999
3595.381156 9999
3597.260869 9999
3599.142835 9999
3601.034864 9999
