0.0010290145874
0.000919103622437
0.000911951065063
0.000878095626831
0.000853061676025
0.000879049301147
0.000888824462891
0.000927925109863
0.000936031341553
0.00166916847229
0.000984907150269
0.00097393989563
0.000900030136108
0.000897884368896
0.000884056091309
0.000836133956909
0.000854015350342
0.00178003311157
0.000824213027954
0.000808000564575
0.00110387802124
0.00103497505188
0.000946998596191
0.000968933105469
0.00097393989563
0.00107407569885
0.000965118408203
0.000963926315308
0.000954866409302
0.000941038131714
0.00094199180603
0.000953912734985
0.000937938690186
0.000936985015869
0.00098705291748
0.00101709365845
0.000949859619141
0.000936985015869
0.000923871994019
0.00093412399292
0.0011579990387
0.00105690956116
0.00102996826172
0.000986814498901
0.000969886779785
0.00096321105957
0.000978946685791
0.000961065292358
0.00112700462341
0.00092601776123
0.000853061676025
0.000773191452026
0.000780820846558
0.000833034515381
0.000785827636719
0.000855207443237
0.000831127166748
0.00080394744873
0.000814914703369
0.000827074050903
