2.069611 0.00202540159225
3.858947 0.00218050479889
5.623976 0.0019007563591
7.301251 0.00207260847092
9.024103 0.00229985713959
10.755711 0.00204576253891
12.522942 0.00285527706146
14.314645 0.00190148353577
16.118471 0.0020504117012
17.844395 0.00192388296127
19.566734 0.00224817991257
21.335799 0.0044399023056
23.059359 0.00196585655212
24.762402 0.00206134319305
26.477846 0.00320228338242
28.194776 0.00226281881332
29.94115 0.00192623138428
31.638311 0.00200617313385
34.133337 0.00316503047943
35.82522 0.00198971033096
37.514306 0.00202193260193
39.221451 0.00209999084473
40.900253 0.00192956924438
42.646792 0.00200161933899
44.630626 0.00206478834152
46.320558 0.00200599431992
48.111285 0.00208268165588
50.241526 0.00194334983826
52.127503 0.00467367172241
53.939532 0.00249642133713
55.74889 0.00199595689774
57.539307 0.00203195810318
59.29835 0.00215843915939
60.978899 0.00194964408875
62.845556 0.00222014188766
64.787904 0.00275282859802
66.547648 0.0028711438179
68.413579 0.00310275554657
70.346719 0.00198748111725
72.024647 0.00195070505142
73.735975 0.00201363563538
75.399247 0.00199437141418
77.25475 0.00306236743927
78.989642 0.00294548273087
80.781546 0.00192731618881
82.479371 0.00203573703766
84.243386 0.00257927179337
86.150813 0.00200090408325
87.821686 0.00197525024414
89.557222 0.00205459594727
91.371965 0.00205709934235
93.081867 0.00198439359665
95.110581 0.00194669961929
96.949621 0.0019632101059
98.674758 0.00219973325729
100.433191 0.00202243328094
102.081482 0.00198293924332
104.035732 0.00322077274323
105.741864 0.0019629240036
107.460148 0.00345530509949
109.18682 0.0039090514183
110.878346 0.00209709405899
112.625168 0.00198668241501
114.344914 0.00197509527206
116.043764 0.00198251008987
117.926173 0.00209822654724
119.677044 0.00193334817886
121.441691 0.00196094512939
123.152699 0.00326974391937
124.842409 0.00191354751587
127.04246 0.00477423667908
128.850908 0.00200796127319
130.584679 0.00195070505142
132.297071 0.00195835828781
134.018651 0.00407363176346
135.791555 0.00478053092957
137.679067 0.00243724584579
139.402217 0.00194063186646
141.136962 0.00199531316757
142.892611 0.00197974443436
144.597769 0.00203864574432
146.274702 0.00196208953857
148.02696 0.0019210100174
149.728971 0.00196768045425
151.473504 0.00239968299866
153.188721 0.00189620256424
154.888456 0.00232349634171
156.680959 0.00194541215897
158.60097 0.00193607807159
160.27067 0.00198694467545
161.987213 0.00197236537933
163.720372 0.00333132743835
165.446656 0.00277523994446
167.182713 0.00283349752426
168.882427 0.00194514989853
170.655107 0.00295233726501
172.470079 0.00194272994995
174.17571 0.00195375680923
175.840754 0.00287282466888
177.634311 0.00204764604568
179.385893 0.00229520797729
181.115455 0.00190047025681
182.831175 0.00309092998505
184.543253 0.00326056480408
186.263722 0.00194326639175
187.94952 0.00194036960602
190.064468 0.00223271846771
191.789082 0.0035419344902
193.521211 0.00386471748352
195.179233 0.00196845531464
196.870662 0.00195982456207
198.640198 0.00265407562256
200.326894 0.00195657014847
202.112294 0.00197546482086
203.842339 0.00371037721634
205.53091 0.00198261737823
207.515622 0.00207797288895
209.180693 0.00267339944839
210.868731 0.00199990272522
212.571125 0.00199954509735
214.236672 0.00218834877014
215.987123 0.00229748487473
217.676807 0.001964199543
219.364954 0.00384936332703
221.416897 0.001964199543
223.135587 0.00224903821945
224.833529 0.00196101665497
226.643728 0.00197733640671
228.563308 0.00200943946838
230.266705 0.00194170475006
231.978032 0.00204111337662
233.780338 0.00202503204346
235.491863 0.0020047545433
237.23064 0.00310891866684
239.053535 0.00209699869156
240.816132 0.00199401378632
242.510183 0.00198701620102
244.239902 0.00391225814819
246.00549 0.00246841907501
247.647778 0.00243408679962
249.394593 0.00277074575424
251.149295 0.00263267755508
253.229513 0.00197443962097
255.012362 0.0021928191185
256.781998 0.00210367441177
258.431255 0.00195841789246
260.256807 0.00194361209869
261.972939 0.00203220844269
263.739985 0.00292711257935
265.451992 0.0020278096199
267.182798 0.00335886478424
268.843243 0.0021044254303
270.529263 0.00206480026245
272.440668 0.00200929641724
274.13992 0.00425857305527
275.909072 0.0022745013237
277.611488 0.00201386213303
279.313097 0.00371133089066
281.088575 0.00200724601746
282.779716 0.00215134620667
284.718846 0.00196287631989
286.495362 0.00224412679672
288.198627 0.00200369358063
290.00749 0.00199055671692
291.744755 0.00194638967514
293.423394 0.00195924043655
295.121685 0.00239913463593
296.820192 0.00197312831879
298.562009 0.00347054004669
300.273409 0.00194118022919
301.935041 0.001942050457
303.651751 0.00193744897842
305.307644 0.00195814371109
307.075179 0.0019357919693
308.780747 0.00242173671722
310.474003 0.00249040126801
312.170114 0.00202429294586
313.874931 0.00198241472244
315.9688 0.00208376646042
317.719995 0.00194133520126
319.391059 0.00208916664124
321.33455 0.00198171138763
323.091961 0.00227791070938
324.891914 0.00200424194336
326.690511 0.0020404458046
328.385051 0.00194009542465
330.12807 0.00193985700607
331.83274 0.00204812288284
333.540639 0.00197236537933
335.2331 0.0019056558609
337.170904 0.00209634304047
338.885642 0.00197931528091
340.591298 0.00377210378647
342.308691 0.00227837562561
344.017589 0.00204490423203
345.749243 0.00193881988525
347.783092 0.0026148557663
349.49907 0.00197269916534
351.319952 0.00198115110397
353.06324 0.00468697547913
354.874163 0.00202767848969
356.557583 0.00192732810974
358.23603 0.00214823484421
360.132956 0.00193516016006
361.850305 0.0019673705101
363.544186 0.00253486633301
365.195573 0.00200638771057
366.885195 0.00194489955902
368.579297 0.00208423137665
370.288835 0.0019579410553
371.974801 0.00199685096741
373.762357 0.00212923288345
375.493893 0.00196644067764
377.258651 0.00293797254562
379.312501 0.00398828983307
381.000927 0.00223466157913
382.747791 0.00423543453217
384.505788 0.00235254764557
386.490584 0.00195913314819
388.196407 0.00243151187897
389.869049 0.00245714187622
391.594996 0.00207260847092
393.330722 0.00193259716034
394.985259 0.00192894935608
396.89517 0.00208925008774
398.642016 0.00197746753693
400.296764 0.00205870866776
402.031596 0.00211737155914
403.776014 0.00190670490265
405.464729 0.00241850614548
407.18391 0.00198675394058
408.869969 0.00226440429688
410.900333 0.00201411247253
412.563208 0.00203491449356
414.273202 0.00219320058823
415.961342 0.00231778621674
417.659713 0.00211273431778
419.455151 0.0019423365593
421.135544 0.0020267367363
422.828219 0.00202615261078
424.685735 0.00230102539063
426.442735 0.00209760665894
428.093905 0.00253565311432
429.794671 0.00276718139648
431.487371 0.00208604335785
433.198718 0.00207740068436
434.975182 0.00198277235031
436.614729 0.0019587635994
438.386385 0.00226339101791
440.075482 0.00246149301529
442.238882 0.00259127616882
443.98618 0.00261701345444
445.761388 0.00208822488785
447.594038 0.00259228944778
449.317356 0.00207177400589
451.04301 0.00193463563919
452.758486 0.00306049585342
454.470436 0.00196084976196
456.231871 0.00195635557175
458.020441 0.00194134712219
459.731175 0.00223069190979
461.420381 0.0019401550293
463.14537 0.00357440710068
464.843691 0.00197789669037
466.582808 0.00194985866547
468.312551 0.00264658927917
470.110423 0.00300389528275
471.842851 0.00198103189468
473.861906 0.00195732116699
475.617472 0.00359522104263
477.361936 0.00419354438782
479.075954 0.00331704616547
480.779784 0.00198945999146
482.506678 0.00195405483246
484.272515 0.0025249838829
486.144946 0.00198100805283
487.816431 0.0019889831543
489.547137 0.0019498705864
491.246086 0.00247566699982
492.981548 0.00195198059082
494.767753 0.00271724462509
496.465068 0.00194026231766
498.410834 0.00200400352478
500.098505 0.00196173191071
501.885948 0.00198436975479
503.805249 0.0019660949707
506.153067 0.0023003578186
507.881992 0.00210417509079
509.555781 0.00207538604736
511.291793 0.00197558403015
513.025137 0.00386494398117
514.777476 0.00243799686432
516.596134 0.00197294950485
518.259793 0.00199010372162
520.01808 0.0032200217247
521.748601 0.00346685647964
523.488166 0.00329695940018
525.168405 0.00193601846695
526.927381 0.00339382886887
528.71681 0.0019748210907
530.467603 0.00195585489273
532.193488 0.00228307247162
533.939641 0.00209081172943
535.670751 0.00193960666656
537.614937 0.00200109481812
539.305763 0.00202698707581
541.080198 0.00193898677826
542.817196 0.00237213373184
544.614661 0.00192716121674
546.318619 0.00254029035568
548.047629 0.00209715366364
549.737044 0.00194171667099
551.540461 0.00192956924438
553.290963 0.00223224163055
554.955445 0.00262117385864
556.638908 0.0019619345665
558.432311 0.00194884538651
560.128918 0.00196554660797
561.852165 0.00197776556015
563.610142 0.00208876132965
565.286534 0.0020122051239
567.020822 0.00220283269882
568.918787 0.00228930711746
570.644268 0.00198587179184
572.399594 0.00398306846619
574.119028 0.00249880552292
575.813358 0.00198255777359
577.502815 0.00201213359833
579.253147 0.00203130245209
580.963623 0.00224614143372
582.694644 0.00194127559662
584.415606 0.00194323062897
586.138302 0.00344694852829
587.99774 0.0019348025322
589.683616 0.00188555717468
591.371286 0.0019894361496
593.051887 0.00198887586594
594.756955 0.00396678447723
596.531255 0.00244128704071
598.184498 0.00194652080536
600.157035 0.00210775136948
601.828714 0.00215268135071
603.549449 0.0023498415947
605.215665 0.00202113389969
606.930687 0.00208171606064
608.626872 0.00201634168625
610.348969 0.00216870307922
612.006751 0.00209015607834
614.321964 0.00210934877396
616.029842 0.00195530653
617.849354 0.00448253154755
619.538245 0.00204523801804
621.331269 0.00376386642456
623.054731 0.00200726985931
624.975906 0.00210238695145
626.68131 0.00197887420654
628.359182 0.00200793743134
630.068717 0.00394965410233
632.040713 0.00198063850403
633.755752 0.0021987080574
635.497319 0.00208998918533
637.193979 0.00201597213745
638.869886 0.00208140611649
640.573508 0.00191509723663
642.271327 0.00193282365799
643.932227 0.00201466083527
645.664785 0.00201153755188
647.29132 0.00197314023972
649.037541 0.00198601484299
650.75072 0.00316282510757
652.420002 0.00210326910019
654.108738 0.00203119516373
656.03863 0.00194491147995
657.745454 0.0019378900528
659.442769 0.00205409526825
661.44851 0.0019597530365
663.459065 0.00213388204575
665.549358 0.00219304561615
667.35554 0.00327919721603
669.013256 0.00194281339645
670.713705 0.00241632461548
672.433981 0.00191870927811
674.188764 0.00197452306747
675.852396 0.00197961330414
677.558969 0.00192232131958
679.235122 0.0025736451149
680.947867 0.00194628238678
682.803724 0.0019809961319
684.543903 0.00246969461441
686.227875 0.00199906826019
688.019822 0.00214378833771
689.736793 0.00200469493866
691.495592 0.00266096591949
693.168356 0.002141726017
695.253471 0.00382245779037
696.959067 0.00200281143188
698.712176 0.0019589304924
700.440898 0.00236766338348
702.194962 0.0020606637001
703.939484 0.00212992429733
705.646086 0.00194758176804
707.359027 0.00194811820984
709.055919 0.00198849439621
710.734329 0.00293257236481
712.442735 0.00212204456329
714.140845 0.00259283781052
715.856728 0.001995408535
717.585371 0.00270907878876
719.287526 0.00278964042664
720.973429 0.00190676450729
722.732157 0.00195289850235
724.426666 0.00197987556458
726.417726 0.00198959112167
728.168121 0.00230852365494
729.864646 0.00259729623795
731.571443 0.00212100744247
733.325035 0.00194702148437
735.051082 0.00205508470535
736.745064 0.00197294950485
738.476492 0.00196551084518
740.217812 0.00206892490387
741.933782 0.0026095867157
743.8042 0.00194905996323
745.572033 0.00310938358307
747.268061 0.00200234651566
748.990091 0.00208519697189
750.884015 0.00200996398926
752.608172 0.00308848619461
754.324798 0.00195939540863
756.104534 0.00225602388382
758.565434 0.00194110870361
760.303091 0.00193877220154
762.064222 0.00332779884338
763.899149 0.00294259786606
765.550634 0.00194882154465
767.418905 0.00194299221039
769.093145 0.00194813013077
770.812007 0.00358675718307
772.537871 0.00202471017838
774.246657 0.00243902206421
775.967213 0.00199933052063
777.699817 0.00199965238571
779.417378 0.00304018259048
781.110008 0.00201340913773
782.97194 0.00221402645111
784.781271 0.00198187828064
786.667252 0.00198911428452
788.607207 0.00197721719742
790.331019 0.00200514793396
792.094674 0.00200890302658
793.903992 0.00197584629059
795.600052 0.00242705345154
797.280233 0.00204548835754
798.94646 0.00196911096573
800.669299 0.00341628789902
802.397588 0.00409821271896
804.221487 0.0020448923111
805.949495 0.00253826379776
807.799788 0.00206369161606
809.522065 0.00237083435059
811.289056 0.00210281610489
813.0592 0.00347820520401
814.810884 0.00213875770569
816.552344 0.00205619335175
818.253142 0.00191437005997
820.558104 0.00228271484375
822.39139 0.00204935073853
824.094634 0.00230400562286
825.854566 0.00206786394119
827.727643 0.00207669734955
829.671591 0.00201914310455
831.586283 0.00197281837463
833.498276 0.00216556787491
835.217611 0.00317152738571
836.911396 0.0019486784935
838.698809 0.00211024284363
840.400161 0.00197365283966
842.053093 0.00194957256317
843.782576 0.00366094112396
845.606919 0.00200861692429
847.303108 0.0019711971283
849.16162 0.0020805478096
851.160353 0.00211291313171
853.024448 0.00199851989746
854.800806 0.00196388959885
856.525234 0.00310784578323
858.222763 0.0023353099823
859.929259 0.0035670876503
861.662748 0.00240013599396
863.364816 0.00326266288757
865.102477 0.00207650661469
866.868964 0.00196524858475
868.553258 0.00200083255768
870.230862 0.00200672149658
871.989602 0.00195552110672
873.83597 0.00194915533066
875.550181 0.00269916057587
877.375605 0.0020764708519
879.095429 0.00286641120911
880.852898 0.0023152589798
883.044466 0.00260771512985
884.806664 0.00218352079391
886.562999 0.00236382484436
888.446402 0.00192091464996
890.131064 0.00313141345978
892.023698 0.00355813503265
893.742094 0.00194334983826
895.563903 0.00194437503815
897.345438 0.00199979543686
899.043585 0.00199085474014
900.754708 0.00216796398163
902.477718 0.00196989774704
904.137178 0.00198636054993
905.928811 0.0020087480545
907.607656 0.00213179588318
909.286044 0.00327841043472
910.982698 0.00199334621429
913.00344 0.00204951763153
915.235147 0.00200040340424
916.961411 0.0034694314003
918.678855 0.00202490091324
920.365954 0.00198895931244
922.118289 0.00198109149933
923.918369 0.00201054811478
925.610285 0.00193145275116
927.346424 0.00372376441956
929.032701 0.0019512295723
930.69133 0.00197470188141
932.385031 0.00201421976089
934.127148 0.00197484493256
935.968697 0.00255434513092
937.690418 0.00202721357346
939.523961 0.00201756954193
941.204485 0.00233502388
942.991705 0.00351006984711
944.657885 0.00200473070145
946.85135 0.00332907438278
948.686134 0.00203115940094
950.346528 0.00195260047913
952.044772 0.00197685956955
953.719015 0.0019736289978
955.569717 0.00203812122345
957.302223 0.00200084447861
959.030976 0.00287051200867
960.892087 0.00218040943146
962.607541 0.00229458808899
964.33696 0.00192137956619
966.019868 0.0019700050354
967.729995 0.00193707942963
969.407018 0.00194609165192
971.103584 0.00196021795273
972.887773 0.00207678079605
974.772489 0.00266096591949
976.467856 0.0020002245903
978.530907 0.00265752077103
980.288391 0.00303095579147
981.923737 0.00210728645325
983.681505 0.00432081222534
985.602777 0.00264637470245
987.365611 0.00361441373825
989.085156 0.00202589035034
990.808692 0.00191345214844
992.499376 0.0034562587738
994.177782 0.00199360847473
995.980047 0.00200885534286
997.701902 0.00366762876511
999.407845 0.00205343961716
1001.214725 0.00358188152313
1003.33031 0.00198605060577
1005.112807 0.00200332403183
1006.855586 0.0020038485527
1008.927259 0.00198076963425
1010.661368 0.0020455956459
1012.324733 0.00211942195892
1013.996998 0.00201077461243
1015.672165 0.00218926668167
1017.411308 0.00202190876007
1019.186582 0.00248957872391
1020.844087 0.00202882289886
1022.552419 0.00194019079208
1024.252292 0.00208832025528
1025.994834 0.00219460725784
1027.734037 0.00202108621597
1029.388315 0.00204335451126
1031.115685 0.00203363895416
1032.867034 0.00206651687622
1034.53511 0.00264246463776
1036.297303 0.00193973779678
1038.029655 0.00197982788086
1040.184916 0.00215106010437
1041.955225 0.00202869176865
1043.79733 0.00197772979736
1045.45802 0.00193681716919
1047.229523 0.00266400575638
1048.98534 0.00241302251816
1050.726205 0.00375024080276
1052.50832 0.00397452116013
1054.264896 0.00201632976532
1055.975785 0.00219180583954
1057.766487 0.00243487358093
1059.490102 0.00234106779099
1061.221873 0.0021523475647
1062.93676 0.00215141773224
1064.713514 0.00203677415848
1066.430984 0.00206435918808
1068.167854 0.00197553634644
1069.891183 0.0020702958107
1071.955738 0.00240925550461
1073.708044 0.00194938182831
1075.352575 0.00207394361496
1077.149031 0.00340784788132
1078.895884 0.00192583799362
1080.600093 0.00188370943069
1082.345795 0.00191404819489
1084.032496 0.00198457241058
1085.719507 0.00198119878769
1087.451775 0.00196919441223
1089.224554 0.00210877656937
1090.914548 0.00354191064835
1092.609391 0.00214062929153
1094.272753 0.0019877076149
1095.954413 0.00207104682922
1097.673676 0.00243253707886
1099.353607 0.00209383964539
1101.0941 0.00195105075836
1103.079552 0.00208796262741
1104.724565 0.00206912755966
1106.465043 0.00222902297974
1108.248594 0.00369468927383
1109.981342 0.00403937101364
1111.658195 0.00193934440613
1113.396128 0.00349957942963
1115.181232 0.00233961343765
1116.922789 0.00195338726044
1118.685555 0.00194735527039
1120.344739 0.00192143917084
1122.012295 0.00197491645813
1123.707489 0.00194990634918
1125.438289 0.00194481611252
1127.21518 0.00292102098465
1129.019656 0.00199227333069
1130.68755 0.0020898938179
1132.482897 0.00290104150772
1134.537209 0.00216352939606
1136.332984 0.00222330093384
1137.98204 0.00200626850128
1139.717765 0.00195269584656
1141.476303 0.00194388628006
1143.181309 0.00248634815216
1144.895363 0.0019068479538
1146.595285 0.00202633142471
1148.34307 0.0026638507843
1150.091595 0.00215609073639
1151.909362 0.002892100811
1153.760767 0.00195533037186
1155.436902 0.00191720724106
1157.122882 0.00203255414963
1158.819126 0.00191967487335
1160.731405 0.00193394422531
1162.443348 0.00206890106201
1164.348993 0.00196945667267
1166.273241 0.00205911397934
1167.996345 0.00211001634598
1169.821444 0.00207282304764
1171.546457 0.00198957920074
1173.267216 0.00200182199478
1174.941615 0.0020216345787
1176.683723 0.0019909620285
1178.429493 0.00296794176102
1180.102418 0.00214315652847
1181.795294 0.00199139118195
1183.504212 0.00246546268463
1185.2665 0.0021658539772
1186.965103 0.00203992128372
1188.703334 0.00200295448303
1190.443566 0.00205273628235
1192.193139 0.00194292068481
1194.107764 0.00203868150711
1195.798475 0.00218306779861
1197.959447 0.00196712017059
1199.659202 0.00197294950485
1201.331978 0.00207544565201
1203.00592 0.0020235657692
1204.645213 0.00194453001022
1206.366703 0.00228437185287
1208.108626 0.00375880002975
1210.027877 0.00212134122849
1211.802908 0.00213316679001
1213.455098 0.00267791748047
1215.287949 0.00194445848465
1217.100648 0.00369943380356
1218.812529 0.00197649002075
1220.55493 0.00212352275848
1222.269445 0.00244559049606
1223.983005 0.00191440582275
1225.693028 0.0020919084549
1227.387264 0.0019912481308
1229.362665 0.00193749666214
1231.075153 0.00201762914658
1232.741467 0.00196630954742
1234.439462 0.00314722061157
1236.146769 0.00201721191406
1237.85584 0.00211091041565
1239.592563 0.00218876600266
1241.267204 0.00290213823318
1242.988094 0.00261954069138
1244.684438 0.00204603672028
1246.398394 0.00208566188812
1248.148551 0.00198990106583
1249.846465 0.00201970338821
1251.598841 0.00221058130264
1253.305836 0.00196595191956
1255.050612 0.00217994451523
1256.827982 0.00195490121841
1258.620328 0.00193966627121
1260.687935 0.00206519365311
1262.609182 0.00200601816177
1264.351592 0.00204026699066
1266.107003 0.00212663412094
1267.807068 0.00349018573761
1269.54325 0.00207641124725
1271.239355 0.00197056531906
1273.023299 0.00215892791748
1274.759837 0.00204581022263
1276.579922 0.0039013504982
1278.348184 0.00314992666245
1280.073158 0.0022576212883
1281.793762 0.0020281791687
1283.484281 0.00227651596069
1285.272141 0.00226628780365
1287.104789 0.00193976163864
1288.770925 0.00196928977966
1290.639389 0.00351699590683
1292.661153 0.00198831558228
1294.471631 0.00240334272385
1296.212479 0.003515625
1297.965966 0.00350160598755
1299.712284 0.00195286273956
1301.413164 0.0020651102066
1303.101126 0.00198700428009
1304.839665 0.00196652412415
1306.567456 0.00200688838959
1308.272284 0.0019541144371
1310.002064 0.00250862836838
1311.684551 0.00191663503647
1313.369582 0.00197489261627
1315.057154 0.00210200548172
1316.73799 0.0025899887085
1318.496364 0.0019967675209
1320.160735 0.00207072496414
1321.80622 0.00197124481201
1323.916709 0.00205346345901
1325.692211 0.0048095703125
1327.397214 0.00247541666031
1329.143161 0.00200599431992
1330.872157 0.00199047327042
1332.586568 0.0023247718811
1334.353837 0.00343059301376
1336.032459 0.00210691690445
1337.730136 0.00197678804398
1339.438372 0.00198763608932
1341.333266 0.00215926170349
1343.015358 0.00199928283691
1344.917357 0.00203607082367
1346.631535 0.00258147716522
1348.349993 0.00201125144958
1350.118836 0.00207936763763
1351.816703 0.0020984172821
1353.698114 0.00222547054291
1355.602577 0.00205430984497
1357.265699 0.00362529754639
1358.973507 0.00213879346848
1360.66242 0.00194406509399
1362.383735 0.00290348529816
1364.118897 0.0021167755127
1365.881995 0.00283070802689
1367.539534 0.00242232084274
1369.288627 0.00210182666779
1370.964923 0.00281819105148
1372.641989 0.00200080871582
1374.386472 0.00194764137268
1376.062623 0.0020520567894
1377.799288 0.0022268652916
1379.456631 0.00197269916534
1381.165982 0.00199397802353
1382.928797 0.00386006832123
1384.626776 0.00213589668274
1386.627012 0.00199579000473
1388.398494 0.00198440551758
1390.158713 0.00198519229889
1391.870876 0.00194734334946
1393.563535 0.00328330993652
1395.268993 0.00191870927811
1397.023167 0.0026639342308
1398.684272 0.00225424766541
1400.439232 0.00204111337662
1402.159856 0.00224896669388
1403.830336 0.00198848247528
1405.641117 0.00207695960999
1407.283832 0.00201771259308
1409.026976 0.00210968255997
1410.725278 0.00198616981506
1412.49618 0.00218304395676
1414.220171 0.001957654953
1416.114044 0.00275021791458
1418.325423 0.00201458930969
1420.004345 0.00306116342545
1421.765594 0.00193935632706
1423.429728 0.00198839902878
1425.179802 0.0019579410553
1426.895582 0.00192936658859
1428.59105 0.00193244218826
1430.275257 0.00205758810043
1431.936203 0.00247098207474
1433.691816 0.00199682712555
1435.42681 0.00257221460342
1437.192523 0.00408141613007
1438.90877 0.00194246768951
1440.601119 0.00203903913498
1442.362211 0.00291230678558
1444.104733 0.0021320939064
1445.783722 0.00212250947952
1447.46002 0.00225882530212
1449.386467 0.00211164951324
1451.170634 0.0025968670845
1452.928029 0.00245181322098
1454.637024 0.0019451379776
1456.348407 0.00194896459579
1458.181665 0.00199154615402
1459.859918 0.0019696354866
1461.55945 0.00198800563812
1463.376624 0.00203170776367
1465.089809 0.0023894071579
1466.801318 0.00250160694122
1468.526798 0.0021290063858
1470.627687 0.00211080312729
1472.441584 0.00356302261353
1474.377838 0.00196422338486
1476.124654 0.00191977024078
1477.791582 0.00193312168121
1479.86916 0.00201964378357
1481.735244 0.00242402553558
1483.411215 0.00208956003189
1485.229678 0.00194048881531
1487.045365 0.00209038257599
1488.769792 0.00195772647858
1490.461713 0.00194954872131
1492.150879 0.00197043418884
1493.818479 0.00200222730637
1495.55895 0.00228049755096
1497.257399 0.00288317203522
1498.97132 0.00205091238022
1500.647199 0.00200492143631
1502.558476 0.00205464363098
1504.239403 0.00223641395569
1505.945464 0.00194870233536
1507.687164 0.00219274759293
1509.382752 0.00196928977966
1511.397513 0.0024909734726
1513.165401 0.00265601873398
1514.867684 0.00200811624527
1516.58864 0.00197820663452
1518.729352 0.00356768369675
1520.500376 0.00199099779129
1522.29529 0.00223867893219
1524.030544 0.00195676088333
1525.691348 0.00197640657425
1528.046799 0.00215492248535
1529.735872 0.00329114198685
1531.406602 0.00199145078659
1533.174115 0.00225952863693
1534.940633 0.00194615125656
1536.630944 0.00200562477112
1538.312421 0.00195685625076
1540.188726 0.00199919939041
1542.314131 0.00252027511597
1544.211367 0.00201388597488
1545.848749 0.00205291509628
1547.667012 0.00375269651413
1549.358155 0.00225545167923
1551.092005 0.0036500453949
1552.824725 0.00202169418335
1554.569815 0.00192250013351
1556.356409 0.00194016695023
1558.117794 0.00193610191345
1559.84364 0.00299611091614
1561.62482 0.00293394327164
1563.317414 0.00216857194901
1565.00648 0.00198550224304
1566.703129 0.0019782781601
1568.388212 0.00205582380295
1570.113122 0.00193518400192
1571.794248 0.00198088884354
1573.735282 0.00230376720428
1575.613163 0.00195934772491
1577.354445 0.0020011305809
1579.068373 0.00201345682144
1580.849144 0.00213446617126
1582.609091 0.00206407308578
1584.313635 0.00204912424088
1586.092364 0.0020995259285
1587.924184 0.00216152667999
1589.640525 0.00232782363892
1591.320877 0.00198831558228
1593.054277 0.00227780342102
1594.836452 0.00340971946716
1596.560098 0.00200706720352
1598.220513 0.00200077295303
1599.901877 0.00195325613022
1601.639415 0.00227935314178
1603.46979 0.00196653604507
1605.670964 0.00205771923065
1607.421944 0.00194400548935
1609.093879 0.00228790044785
1610.892113 0.00196977853775
1612.570146 0.00201587677002
1614.286854 0.00200340747833
1615.983623 0.00201270580292
1617.805305 0.0021577835083
1619.506243 0.00381469726562
1621.190871 0.00198374986649
1622.940829 0.00268235206604
1624.620984 0.00198963880539
1626.369028 0.00206543207169
1628.057788 0.00203207731247
1629.850986 0.00195943117142
1631.599094 0.00193972587585
1633.289 0.00226883888245
1635.073483 0.00296595096588
1637.22414 0.003180539608
1639.008406 0.00418609380722
1640.917178 0.00204972028732
1642.675139 0.00210528373718
1644.449041 0.0020919084549
1646.219565 0.00241334438324
1647.873365 0.00205818414688
1649.768301 0.00201300382614
1651.439103 0.00195604562759
1653.129497 0.00194903612137
1655.017171 0.00271624326706
1656.769024 0.00193226337433
1658.462784 0.00195125341415
1660.179145 0.00204954147339
1662.034619 0.00197077989578
1663.768049 0.00192422866821
1665.495497 0.00203055143356
1667.747602 0.00253146886826
1669.453116 0.0020122051239
1671.254206 0.00202633142471
1673.00578 0.00199158191681
1674.737116 0.00336637496948
1676.495303 0.00195926427841
1678.258395 0.0024286866188
1679.962875 0.00249493122101
1681.694588 0.00198875665665
1683.386097 0.00196652412415
1685.059458 0.00198675394058
1686.810764 0.0026687502861
1688.627219 0.00200352668762
1690.310388 0.00203958749771
1692.161785 0.00308470726013
1693.863528 0.00237911939621
1695.550847 0.00213134288788
1697.360549 0.0019831776619
1699.595709 0.00208657979965
1701.26266 0.00198496580124
1703.225097 0.00255674123764
1704.908253 0.00202172994614
1706.631087 0.00245753526688
1708.326878 0.00196681022644
1710.200516 0.00195327997208
1711.880938 0.00202683210373
1713.685546 0.00196703672409
1715.352548 0.00212757587433
1717.057903 0.00232424736023
1718.847816 0.00211470127106
1720.538177 0.0019239783287
1722.220439 0.00202575922012
1723.914936 0.0019698381424
1725.616611 0.00265636444092
1727.294187 0.00314824581146
1729.263891 0.00223321914673
1731.465575 0.00208692550659
1733.107011 0.002030813694
1734.892517 0.00202763080597
1736.676549 0.00277583599091
1738.378552 0.00195286273956
1740.096463 0.00193686485291
1741.726987 0.00200400352478
1743.404022 0.00197290182114
1745.103467 0.00197080373764
1746.846417 0.00324115753174
1748.611526 0.0027826666832
1750.334255 0.00195915699005
1752.056169 0.00208375453949
1753.794589 0.00424687862396
1755.489873 0.00217683315277
1757.206237 0.00207140445709
1758.946205 0.00286563634872
1760.712619 0.00206227302551
1762.954833 0.0021786570549
1764.728934 0.0020446896553
1766.422062 0.00252469778061
1768.112772 0.00209131240845
1769.802969 0.00198197364807
1771.598135 0.00194764137268
1773.246754 0.00196143388748
1774.974478 0.00194132328033
1776.742559 0.00194447040558
1778.432829 0.00191247463226
1780.148228 0.00202746391296
1781.822257 0.00218259096146
1783.608629 0.00196614265442
1785.369176 0.00232608318329
1787.110148 0.00414017438889
1788.97502 0.00195282697678
1790.674724 0.0019805431366
1792.339113 0.00197533369064
1794.65792 0.00207923650742
1796.360546 0.00222532749176
1798.024175 0.00194436311722
1799.90059 0.00260727405548
1801.713888 0.00228151082993
1803.451609 0.00304687023163
1805.170258 0.00197871923447
1807.183207 0.00197858810425
1808.859404 0.00193578004837
1810.652867 0.00201085805893
1812.350528 0.00303548574448
1814.061839 0.00196611881256
1815.778758 0.00248755216599
1817.489913 0.00209568738937
1819.197222 0.00198310613632
1821.129013 0.00265378952026
1822.94478 0.00366604328156
1824.954199 0.00240416526794
1826.818625 0.00340704917908
1828.529464 0.00415897369385
1830.238135 0.00195163488388
1831.978779 0.00217643976212
1833.680201 0.00194042921066
1835.419192 0.0019637465477
1837.252851 0.00201128721237
1838.997203 0.00192989110947
1840.718806 0.00275260210037
1842.427329 0.00230523347855
1844.238671 0.00195059776306
1845.948456 0.00216131210327
1847.720289 0.00199964046478
1849.476428 0.00218657255173
1851.264562 0.00206125974655
1853.169328 0.00235100984573
1855.089176 0.00243856906891
1857.170766 0.00194573402405
1858.944142 0.00189802646637
1860.664844 0.00188316106796
1862.434611 0.00191881656647
1864.119683 0.00191737413406
1865.844943 0.00211119651794
1867.610313 0.00207332372665
1869.341824 0.00202553272247
1871.114717 0.00228869915009
1872.873312 0.00196509361267
1874.546208 0.00199747085571
1876.283492 0.00211088657379
1878.004751 0.00268423557281
1879.746925 0.00197533369064
1881.482045 0.00202617645264
1883.162541 0.00220012664795
1884.922854 0.00234462022781
1886.589698 0.00192534923553
1888.647012 0.00194337368011
1890.392351 0.00195244550705
1892.16311 0.00205998420715
1894.076842 0.00248475074768
1895.815245 0.00190777778625
1897.574792 0.00199943780899
1899.375502 0.00200643539429
1901.14035 0.00202243328094
1902.842613 0.00227608680725
1904.619011 0.00199422836304
1906.305085 0.00194584131241
1908.086825 0.00220131874084
1909.794811 0.0019775390625
1911.530209 0.00256634950638
1913.268221 0.0020023226738
1914.961041 0.00195980072021
1916.658349 0.00271400213242
1918.555052 0.00472384691238
1920.607625 0.00198082923889
1922.292522 0.00201145410538
1924.130586 0.00203380584717
1925.849829 0.00203862190247
1927.538464 0.00410060882568
1929.26699 0.00210599899292
1931.059175 0.00196641683578
1932.825451 0.00206674337387
1934.551333 0.00199716091156
1936.287643 0.00253939628601
1938.057222 0.00199218988419
1939.780799 0.00203949213028
1941.497558 0.00206620693207
1943.325136 0.00197268724442
1945.040201 0.00230003595352
1946.714367 0.00197871923447
1948.449584 0.00200023651123
1950.185076 0.00200185775757
1952.199927 0.00203255414963
1953.984995 0.00220551490784
1955.836297 0.00332159996033
1957.538138 0.00196632146835
1959.228574 0.00196139812469
1961.047243 0.00350384712219
1962.790608 0.00195749998093
1964.505274 0.00311794281006
1966.197853 0.00195586681366
1967.877238 0.00206916332245
1969.561559 0.00195686817169
1971.312658 0.00197383165359
1973.054046 0.00196598768234
1974.809159 0.00197578668594
1976.515964 0.00195562839508
1978.337516 0.00200854539871
1980.106358 0.00208209753036
1981.885321 0.00209367275238
1983.974891 0.00205618143082
1985.70515 0.00204266309738
1987.424415 0.00286124944687
1989.106303 0.00198220014572
1990.884376 0.00238822698593
1992.631974 0.00354696512222
1994.479983 0.00195144414902
1996.299368 0.00205597877502
1998.01652 0.00256931781769
1999.771649 0.00204232931137
2001.464574 0.00250898599625
2003.181013 0.0036608338356
2004.884536 0.00193002223969
2006.619849 0.00194618701935
2008.277678 0.00194410085678
2010.060185 0.0020574092865
2011.754474 0.00195999145508
2013.590971 0.00256927013397
2015.545812 0.001970744133
2017.479094 0.00210938453674
2019.148717 0.00197805166245
2020.923937 0.00195286273956
2022.650151 0.00192401409149
2024.545899 0.00264962911606
2026.190832 0.00195853710175
2027.959494 0.00195850133896
2029.635343 0.00204374790192
2031.337262 0.00205771923065
2033.346847 0.00195348262787
2035.069084 0.00283079147339
2036.772334 0.00227724313736
2038.417589 0.00197914838791
2040.135726 0.00204577445984
2041.953836 0.00193215608597
2043.700224 0.00219762325287
2045.346569 0.00196632146835
2047.534107 0.00193698406219
2049.286789 0.00200845003128
2051.124629 0.00200178623199
2052.791785 0.00198268890381
2054.472478 0.00196762084961
2056.223196 0.00194256305695
2058.05901 0.00189987421036
2059.735726 0.00192219018936
2061.383982 0.00200217962265
2063.127452 0.00209920406342
2064.77318 0.0021454334259
2066.449198 0.00202127695084
2068.215326 0.00208624601364
2069.894091 0.0020463347435
2071.629838 0.00248444080353
2073.343258 0.00194551944733
2075.10869 0.00194551944733
2076.939579 0.00205867290497
2078.932809 0.00218102931976
2080.620766 0.00228359699249
2082.362861 0.003096139431
2084.14249 0.00209754705429
2085.820723 0.00202033519745
2087.501761 0.00196926593781
2089.231502 0.00223615169525
2090.945833 0.00195509195328
2092.711308 0.00288282632828
2094.470479 0.0019811630249
2096.171191 0.00198256969452
2097.800583 0.00200250148773
2099.517806 0.00201613903046
2101.28549 0.0020921587944
2103.244596 0.0020250916481
2105.019567 0.00216747522354
2106.712634 0.00200599431992
2108.386484 0.0022005200386
2110.391632 0.00226999521255
2112.112269 0.00210505723953
2113.791125 0.00214682817459
2115.456412 0.00209221839905
2117.171044 0.00211712121964
2118.960041 0.00251115560532
2120.679521 0.00266871452332
2122.558118 0.00198322534561
2124.217353 0.00196614265442
2125.998436 0.00198663473129
2127.643232 0.00197411775589
2129.282721 0.00193755626678
2130.995928 0.00191901922226
2132.746451 0.00192279815674
2134.490303 0.00192286968231
2136.40337 0.00198265314102
2138.093632 0.001939702034
2139.839769 0.00355211496353
2141.922791 0.00196961164474
2143.615418 0.00205507278442
2145.366735 0.00201110839844
2147.123277 0.00190732479095
2148.809971 0.00278207063675
2150.535465 0.00194427967072
2152.344948 0.00196771621704
2154.016852 0.00202131271362
2155.72333 0.00196077823639
2157.542429 0.00190871953964
2159.201066 0.00201251506805
2160.991748 0.00360072851181
2162.659095 0.00202686786652
2164.306769 0.00201600790024
2166.223582 0.00200710296631
2167.972364 0.00212626457214
2169.840306 0.00202513933182
2171.748406 0.00206037759781
2173.767234 0.00204215049744
2175.457152 0.00202648639679
2177.181551 0.00363144874573
2178.959777 0.00196771621704
2180.757614 0.00251268148422
2182.447617 0.00194742679596
2184.107672 0.00194982290268
2185.836508 0.00202635526657
2187.481822 0.00220854282379
2189.186255 0.00199053287506
2190.890926 0.00209133625031
2192.589653 0.00195611715317
2194.35467 0.00232963562012
2196.052356 0.00195207595825
2197.704385 0.00194360017776
2199.387042 0.00194300413132
2201.069732 0.00200414657593
2202.871486 0.00195879936218
2204.967191 0.00198990106583
2206.627629 0.00207058191299
2208.663351 0.00201139450073
2210.379395 0.00215059518814
2212.223979 0.00200479030609
2213.907946 0.00191025733948
2215.732599 0.00198298692703
2217.451025 0.00457798242569
2219.23383 0.00203839540482
2221.012287 0.00205334424973
2222.69047 0.00200258493423
2224.380888 0.00289742946625
2226.150848 0.00193672180176
2227.965567 0.00284556150436
2229.769241 0.0032130241394
2231.441864 0.00200967788696
2233.147779 0.00207124948502
2234.863494 0.00343509912491
2236.788311 0.00445692539215
2238.559991 0.00201855897903
2240.279606 0.00203869342804
2241.958961 0.001966547966
2243.629338 0.00188335180283
2245.384792 0.00328668355942
2247.093093 0.00218036174774
2248.939782 0.00203983783722
2250.659597 0.0019414305687
2252.424925 0.00333632230759
2254.087906 0.00194957256317
2255.776287 0.00193617343903
2257.718474 0.00194096565247
2259.403449 0.00195013284683
2261.108151 0.00242549180984
2262.79354 0.00196001529694
2264.449121 0.00213741064072
2266.171696 0.00294499397278
2268.255429 0.00198568105698
2269.985716 0.00268921852112
2271.682718 0.0046958565712
2273.435207 0.0020723938942
2275.147651 0.00206543207169
2276.818841 0.00207070112228
2278.560053 0.00196160078049
2280.300896 0.0019544839859
2282.093269 0.00199409723282
2283.797602 0.00190750360489
2285.567567 0.00194214582443
2287.28438 0.00285152196884
2289.084324 0.00338827371597
2290.768475 0.00201116800308
2292.418289 0.00197820663452
2294.099581 0.00197930335999
2295.791858 0.00225118398666
2297.543602 0.00193908214569
2299.758609 0.00211527347565
2301.478716 0.00191638469696
2303.279005 0.00212135314941
2305.031109 0.00188935995102
2306.811345 0.00261646509171
2308.458241 0.00192400217056
2310.2074 0.00211880207062
2312.128842 0.00190150737762
2313.870873 0.00298379659653
2315.689925 0.00207306146622
2317.421901 0.00253967046738
2319.274922 0.00197089910507
2320.961848 0.00193482637405
2322.615348 0.00199588537216
2324.285258 0.00198156833649
2326.004304 0.00196332931519
2327.759745 0.00196930170059
2329.468262 0.00209532976151
2331.44304 0.00203267335892
2333.087237 0.001995408535
2334.775113 0.00294901132584
2336.490339 0.00209168195724
2338.400436 0.002028465271
2340.081988 0.00223202705383
2341.789288 0.00262676477432
2343.518266 0.00225747823715
2345.231698 0.00196628570557
2346.999882 0.0025564789772
2348.725003 0.00218383073807
2350.437832 0.00208438634872
2352.098662 0.00200437307358
2353.82145 0.00198822021484
2355.500896 0.00192667245865
2357.18602 0.00191963911057
2358.918696 0.00191811323166
2360.596988 0.00280333757401
2362.747158 0.00201498270035
2364.654721 0.00203633308411
2366.371269 0.00254213809967
2368.134366 0.00202702283859
2369.813925 0.00199290513992
2371.561557 0.00196866989136
2373.239386 0.00236630439758
2375.051227 0.00205875635147
2376.736219 0.00212690830231
2378.422827 0.00212992429733
2380.213021 0.00390506982803
2382.020256 0.00248199701309
2383.987664 0.00200537443161
2385.654627 0.00203729867935
2387.365001 0.00235450267792
2389.098352 0.00341123342514
2390.854136 0.00386513471603
2392.895735 0.00210438966751
2394.582778 0.0022524356842
2396.248549 0.00212271213531
2397.923921 0.00197377204895
2399.761865 0.00196340084076
2401.494966 0.00227276086807
2403.199713 0.00253564119339
2404.860454 0.00196471214294
2406.522792 0.0025785446167
2408.279812 0.00207014083862
2410.051936 0.00248359441757
2411.981698 0.00274947881699
2413.690011 0.00197433233261
2415.396713 0.00194557905197
2417.110795 0.00195801258087
2418.757158 0.00196824073792
2420.505539 0.00198357105255
2422.183184 0.00195335149765
2424.23274 0.00200909376144
2425.949559 0.00200053453445
2427.653371 0.00196633338928
2429.463656 0.00203411579132
2431.205683 0.00228875875473
2432.876083 0.00204020738602
2434.571258 0.00215582847595
2436.283774 0.00197036266327
2437.968275 0.0019749879837
2439.645276 0.00316168069839
2441.35345 0.00199553966522
2443.228762 0.00192368030548
2444.998252 0.00210787057877
2446.754568 0.00240389108658
2448.418118 0.00192205905914
2450.089294 0.00193825960159
2451.774762 0.00213236808777
2453.554184 0.00194553136826
2455.786081 0.00203301906586
2457.701499 0.00203663110733
2459.329791 0.00194852352142
2461.138549 0.00193520784378
2462.917951 0.00223954916
2464.712424 0.00224996805191
2466.465792 0.00209829807281
2468.217081 0.00304125547409
2469.915109 0.00238146781921
2471.648499 0.00222940444946
2473.382878 0.00193316936493
2475.163675 0.00194299221039
2477.008147 0.00352700948715
2478.785514 0.00236176252365
2480.535653 0.00197703838348
2482.156928 0.00194292068481
2484.222829 0.00195291042328
2486.251049 0.00196826457977
2487.927726 0.00206608772278
2489.628968 0.00194989442825
2491.308194 0.00194733142853
2492.99718 0.00196681022644
2494.730005 0.00202068090439
2496.735534 0.00209581851959
2498.453627 0.00312329530716
2500.140526 0.00197831392288
2501.842065 0.00285143852234
2503.598915 0.00384209156036
2505.558332 0.00379939079285
2507.312957 0.00209968090057
2508.95664 0.00201545953751
2510.646579 0.00340515375137
2512.379374 0.00341453552246
2514.041592 0.00197093486786
2515.716097 0.00196394920349
2517.769542 0.00199086666107
2519.491407 0.00228644609451
2521.175308 0.00196543931961
2522.878687 0.00222810506821
2524.575617 0.00280983448029
2526.262863 0.00207023620605
2527.976417 0.00202152729034
2529.667258 0.00199576616287
2531.369667 0.00221495628357
2533.06053 0.00198141336441
2534.829202 0.00242184400558
2536.628121 0.00194227695465
2538.382305 0.00214704275131
2540.050814 0.00201016664505
2541.797914 0.00363669395447
2543.43478 0.00194449424744
2545.130933 0.00198780298233
2546.815247 0.00200545787811
2549.019902 0.00309925079346
2550.787675 0.00202252864838
2552.595229 0.00262917280197
2554.317855 0.00209647417068
2556.04338 0.00195682048798
2557.774509 0.00200527906418
2559.546354 0.00216053724289
2561.26246 0.00193796157837
2562.995426 0.00199022293091
2564.758842 0.00194486379623
2566.431367 0.00195616483688
2568.179665 0.00291742086411
2569.831063 0.00202246904373
2571.568963 0.00207830667496
2573.251129 0.0020457983017
2574.970754 0.00197031497955
2576.655459 0.00213769674301
2578.430193 0.00195618867874
2580.544586 0.00199002027512
2582.295436 0.00199792385101
2583.977116 0.00205414295197
2585.771833 0.0021234869957
2587.498822 0.00194281339645
2589.229241 0.00192718505859
2590.98288 0.0022108912468
2592.675102 0.00197633504868
2594.370983 0.0019393324852
2596.102682 0.00206251144409
2597.792319 0.00195050239563
2599.564561 0.00196824073792
2601.270432 0.00203549861908
2602.929272 0.00199817419052
2604.676808 0.00215278863907
2606.424792 0.00337206125259
2608.139302 0.00204272270203
2609.825388 0.00208307504654
2611.73622 0.00206232070923
2613.461822 0.00215659141541
2615.189255 0.00194031000137
2616.930547 0.00205543041229
2618.661755 0.0019190788269
2620.385206 0.00202066898346
2622.086351 0.00215198993683
2623.855201 0.00198850631714
2625.569223 0.00298790931702
2627.294882 0.00204074382782
2629.029674 0.00267850160599
2630.908386 0.00197902917862
2632.634891 0.00231450796127
2634.325063 0.0021099448204
2636.141187 0.00201125144958
2637.90005 0.00302917957306
2639.586473 0.002769947052
2641.305268 0.00236797332764
2643.509183 0.0019766330719
2645.248877 0.00207333564758
2647.00286 0.00219849348068
2648.729709 0.00195587873459
2650.43059 0.00406433343887
2652.381404 0.00203669071198
2654.071927 0.00197781324387
2655.902738 0.00364595651627
2657.646617 0.00227720737457
2659.310465 0.00195127725601
2661.050477 0.00205380916595
2662.787944 0.00271248817444
2664.66335 0.00203751325607
2666.459377 0.00209517478943
2668.186249 0.00236237049103
2669.976957 0.00223536491394
2671.689837 0.00239289999008
2673.488758 0.00211672782898
2675.627014 0.00257633924484
2677.370788 0.00218279361725
2679.085252 0.00202827453613
2680.839112 0.00209103822708
2682.502095 0.00205832719803
2684.387708 0.00413570404053
2686.13975 0.00359736680984
2687.89222 0.00194803476334
2689.70674 0.00231716632843
2691.488259 0.00209565162659
2693.156883 0.00221458673477
2694.861125 0.00204074382782
2696.585539 0.00208878517151
2698.285138 0.00258545875549
2699.961802 0.0020124912262
2701.718978 0.00218864679337
2703.516334 0.00392179489136
2705.217504 0.00217719078064
2707.317431 0.00219078063965
2709.035317 0.00205575227737
2710.747214 0.00238003730774
2712.479309 0.00207563638687
2714.180629 0.0020015001297
2715.864992 0.00197458267212
2717.588785 0.00199418067932
2719.455589 0.00228849649429
2721.157396 0.00241715908051
2722.863808 0.00229818820953
2724.659951 0.0019854426384
2726.556089 0.00220263004303
2728.228703 0.00201345682144
2729.912706 0.00201663970947
2731.549123 0.00201033353806
2733.564283 0.00368223190308
2735.668316 0.00194177627563
2737.691281 0.00200924873352
2739.437046 0.00208976268768
2741.121767 0.00199828147888
2742.815191 0.00201644897461
2744.495464 0.00294396877289
2746.193643 0.00256950855255
2747.997912 0.00200545787811
2749.670451 0.00229105949402
2751.382942 0.00202729701996
2753.158293 0.0030081152916
2754.824628 0.00207831859589
2756.519318 0.00201308727264
2758.292932 0.00194219350815
2759.93657 0.0019719004631
2761.62885 0.0023827791214
2763.341601 0.00238013267517
2765.121466 0.00206958055496
2766.831916 0.00198419094086
2768.933865 0.0021715760231
2770.632083 0.00260571241379
2772.601709 0.00255998373032
2774.313493 0.00204058885574
2776.147583 0.00200707912445
2777.982412 0.0020431637764
2779.660575 0.0020769238472
2781.405527 0.00205142498016
2783.075926 0.00207291841507
2784.776997 0.0020059466362
2786.433423 0.00203313827515
2788.103792 0.00196248292923
2789.952527 0.00191468000412
2791.650678 0.00209037065506
2793.484709 0.0020832657814
2795.286482 0.00258748531342
2797.051246 0.00260857343674
2798.721028 0.00352917909622
2800.60993 0.00199867486954
2802.262365 0.00193929672241
2803.959551 0.0019468665123
2805.768794 0.00199743509293
2807.50036 0.00198975801468
2809.19983 0.0024073600769
2810.939777 0.00208594799042
2812.839468 0.00206798315048
2814.503428 0.00203894376755
2816.201128 0.00197982788086
2817.903951 0.00198217630386
2819.678059 0.00339173078537
2821.393755 0.00279800891876
2823.07988 0.00196641683578
2824.826657 0.00254420042038
2826.581649 0.0028203368187
2828.347705 0.00256170034409
2830.046934 0.00200914144516
2832.073834 0.0023285984993
2833.734902 0.00197750329971
2835.62304 0.00200932025909
2837.399489 0.00212005376816
2839.21446 0.0019510269165
2840.913114 0.00196338891983
2842.651387 0.00275733470917
2844.312953 0.002117228508
2846.025887 0.00198624134064
2847.928201 0.00263293981552
2849.602741 0.00203329324722
2851.333431 0.00208230018616
2853.044524 0.00213420391083
2854.86588 0.0040764093399
2856.548037 0.00198038816452
2858.197064 0.00192849636078
2860.009706 0.00197871923447
2861.769513 0.0022202372551
2863.797054 0.00210680961609
2865.533923 0.00291773080826
2867.252226 0.00207533836365
2869.158144 0.00286794900894
2870.87595 0.002366065979
2872.655472 0.00201407670975
2874.494561 0.00201653242111
2876.232785 0.00364375114441
2877.952419 0.0019979596138
2879.664954 0.00257861614227
2881.537636 0.00209159851074
2883.223207 0.00209703445435
2885.019226 0.00217088460922
2886.755214 0.00196225643158
2888.629338 0.00266922712326
2890.351973 0.00230984687805
2892.0487 0.00220228433609
2894.387236 0.00313278436661
2896.10353 0.0020806312561
2897.797882 0.00308182239532
2899.540847 0.00197455883026
2901.255954 0.00374399423599
2903.106854 0.00329357385635
2904.857928 0.00200301408768
2906.582489 0.0029453754425
2908.396424 0.00195829868317
2910.162393 0.002033162117
2911.844627 0.00200735330582
2913.534597 0.00223225355148
2915.226062 0.00216646194458
2916.915308 0.00226447582245
2918.631868 0.00421100854874
2920.45364 0.0020562171936
2922.107544 0.00207043886185
2923.810177 0.00195769071579
2926.151269 0.00270502567291
2927.959542 0.00198324918747
2929.75873 0.00197516679764
2931.442415 0.0020200252533
2933.230035 0.00234525203705
2934.966716 0.00260504484177
2936.69547 0.00199718475342
2938.378612 0.00197876691818
2940.098507 0.00195640325546
2941.887292 0.00195730924606
2943.587469 0.00195298194885
2945.359577 0.00210399627686
2947.15816 0.00245652198792
2948.849661 0.00204440355301
2950.633703 0.00241755247116
2952.366821 0.00203957557678
2954.185517 0.00360367298126
2955.851235 0.00218824148178
2957.856586 0.00214149951935
2959.553246 0.00202453136444
2961.295957 0.00197640657425
2962.989713 0.00195528268814
2964.77322 0.0019716501236
2966.436072 0.00210433006287
2968.364335 0.00343590974808
2970.156264 0.00227301120758
2971.865336 0.00194095373154
2973.685905 0.00194420814514
2975.36646 0.00215855836868
2977.061442 0.00204719305038
2978.714765 0.00199203491211
2980.429605 0.00338364839554
2982.128001 0.00269058942795
2983.803363 0.00204372406006
2985.648207 0.00260143280029
2987.433414 0.00201674699783
2989.513472 0.00248093605042
2991.255752 0.00217965841293
2992.990733 0.00195360183716
2994.921637 0.00240008831024
2996.753625 0.00396081209183
2998.541868 0.00202767848969
3000.264602 0.0019845366478
3001.93861 0.00197978019714
3003.648738 0.00199781656265
3005.381211 0.00198905467987
3007.075351 0.00196803808212
3008.828994 0.00260519981384
3010.563718 0.00417251586914
3012.378027 0.0028516292572
3014.077657 0.00198571681976
3015.824123 0.00307174921036
3017.505507 0.00223172903061
3019.187196 0.00193827152252
3021.48049 0.00210773944855
3023.183798 0.00197421312332
3024.920124 0.00244244337082
3026.657062 0.00202242136002
3028.343599 0.0020112156868
3030.096232 0.00292586088181
3031.799242 0.00222365856171
3033.521708 0.00201901197433
3035.280442 0.00223352909088
3036.967286 0.00265418291092
3038.656032 0.00225147008896
3040.554764 0.00210083723068
3042.286046 0.00247930288315
3044.055065 0.0019378900528
3045.720643 0.00196526050568
3047.411051 0.00205445289612
3049.171451 0.00207414627075
3050.861103 0.001908659935
3053.260117 0.00198547840118
3054.945811 0.00194609165192
3056.639492 0.00194787979126
3058.420681 0.00248210430145
3060.172172 0.00335372686386
3061.851637 0.00196981430054
3063.693003 0.00200575590134
3065.520338 0.00202039480209
3067.217702 0.00200929641724
3068.998813 0.00199692249298
3070.760428 0.00202119350433
3072.614007 0.00204482078552
3074.309593 0.00311502218246
3076.024448 0.00205078125
3077.721021 0.00198383331299
3079.458957 0.00195686817169
3081.211371 0.00197452306747
3083.023296 0.00260057449341
3085.127252 0.00206081867218
3086.842568 0.0020544052124
3088.583798 0.00202310085297
3090.35584 0.00198446512222
3092.029525 0.00202068090439
3093.67583 0.00202041864395
3095.365704 0.00197496414185
3097.116558 0.00202063322067
3099.031815 0.00260984897614
3100.853785 0.00268929004669
3102.520579 0.00261197090149
3104.255652 0.00205620527267
3105.95343 0.0020436167717
3107.702539 0.00189610719681
3109.407518 0.00198431015015
3111.094815 0.00199739933014
3112.870607 0.00198053121567
3114.523685 0.00197913646698
3116.595314 0.0020005106926
3118.338033 0.00343916416168
3120.011863 0.00200754404068
3121.795667 0.00201854705811
3123.502771 0.00304410457611
3125.42372 0.00200111865997
3127.294834 0.00199438333511
3128.973786 0.00220309495926
3130.752363 0.00199506282806
3132.500538 0.00272107124329
3134.197006 0.00211908817291
3135.869645 0.00239640474319
3137.566762 0.0020143032074
3139.419339 0.00207687616348
3141.088313 0.00208547115326
3142.850788 0.00244028568268
3144.605741 0.00265222787857
3146.375551 0.00198738574982
3148.328476 0.00201472043991
3150.09974 0.00215458869934
3151.834691 0.00202466249466
3153.603945 0.00328707695007
3155.323754 0.00385330915451
3157.058491 0.00273391008377
3158.761498 0.00197645425797
3160.412684 0.00207101106644
3162.161063 0.00194132328033
3163.875154 0.00200717449188
3165.581227 0.00198953151703
3167.222767 0.00213801860809
3168.921654 0.00213588476181
3170.725404 0.00213780403137
3172.562513 0.0019628405571
3174.334571 0.00195212364197
3176.04099 0.00199091434479
3177.751057 0.00246021747589
3179.783188 0.00213162899017
3181.507923 0.00247353315353
3183.237161 0.00194495916367
3184.940763 0.00201352834702
3186.627792 0.00196447372437
3188.352631 0.00315022468567
3190.025074 0.0020823597908
3191.896087 0.00255703926086
3193.62033 0.00214525461197
3195.342225 0.00276219844818
3197.035128 0.00200179815292
3198.722889 0.00195292234421
3200.497861 0.0022399187088
3202.340483 0.00198209285736
3204.126739 0.00253151655197
3205.869088 0.00297008752823
3207.575848 0.00216565132141
3209.425305 0.00196560621262
3211.457339 0.00204493999481
3213.221557 0.00205261707306
3214.92097 0.00201629400253
3216.703796 0.00244777202606
3218.455551 0.00215941667557
3220.272005 0.00255768299103
3221.966172 0.0021763920784
3223.761068 0.00205109119415
3225.560205 0.00456789731979
3227.321824 0.00214625597
3229.163129 0.00201621055603
3230.874073 0.00313153266907
3232.6189 0.00199253559113
3234.338288 0.00200947523117
3236.015634 0.00194730758667
3237.767605 0.00208928585052
3239.583131 0.00203285217285
3241.279363 0.00197334289551
3243.221708 0.00211355686188
3244.999821 0.00213584899902
3246.697764 0.00203125476837
3248.486131 0.00205539464951
3250.249227 0.00199166536331
3251.997193 0.00193293094635
3253.759379 0.00380725860596
3255.467181 0.00195740461349
3257.21516 0.00301879644394
3258.916121 0.00272303819656
3260.792335 0.00194039344788
3262.503382 0.00203514099121
3264.210567 0.00216326713562
3265.947352 0.00410139560699
3267.629566 0.0020268201828
3269.448293 0.00243279933929
3271.160016 0.00193165540695
3272.866072 0.00341503620148
3274.989887 0.00221667289734
3276.797213 0.00198620557785
3278.482502 0.00208468437195
3280.197767 0.00216763019562
3281.850483 0.00198588371277
3283.598465 0.00204311609268
3285.372193 0.00207953453064
3287.218392 0.00199035406113
3288.961927 0.00293000936508
3290.867353 0.00196535587311
3292.589022 0.00202983617783
3294.284049 0.00201592445374
3295.987661 0.00212391614914
3297.940469 0.00312677621841
3299.876359 0.0024729847908
3301.616408 0.00201195478439
3303.325933 0.002055311203
3305.497268 0.00209090709686
3307.159581 0.00201715230942
3308.910352 0.0019987821579
3310.616564 0.00244090557098
3312.292702 0.00200853347778
3313.959348 0.00204210281372
3315.685272 0.0019556760788
3317.431625 0.00218362808228
3319.312664 0.00206331014633
3320.986283 0.00198081731796
3322.825237 0.00197182893753
3324.629665 0.00212063789368
3326.430007 0.00256848335266
3328.172098 0.00286308526993
3329.911279 0.00200171470642
3331.553185 0.0020560503006
3333.270787 0.00433974266052
3334.987906 0.00202075242996
3337.315009 0.0020149230957
3339.048709 0.00267577171326
3340.782435 0.00279326438904
3342.462824 0.00251474380493
3344.226255 0.00297396183014
3345.929547 0.0020134806633
3347.60994 0.00192309617996
3349.366643 0.00194948911667
3351.251019 0.00195460319519
3353.169182 0.00254108905792
3354.868065 0.00199663639069
3356.564722 0.00200231075287
3358.251604 0.00193874835968
3359.924175 0.00347111225128
3361.685421 0.00283762216568
3363.394431 0.00191801786423
3365.172732 0.00192822217941
3366.906915 0.00193799734116
3368.956292 0.00200875997543
3370.790707 0.00201170444489
3372.462829 0.00198407173157
3374.187571 0.00330432653427
3375.901858 0.00216035842896
3377.615147 0.0019052863121
3379.320407 0.00324281454086
3381.008959 0.00194970369339
3382.787945 0.00210180282593
3384.468907 0.0021700501442
3386.241309 0.00271618366241
3388.002054 0.00198415517807
3389.679157 0.00199394226074
3391.46882 0.00330121517181
3393.122153 0.00198374986649
3394.795955 0.00209293365479
3396.738401 0.0020038485527
3398.506125 0.00208923816681
3400.861159 0.00206056833267
3402.554818 0.00199300050735
3404.325357 0.00200643539429
3406.044978 0.00192543268204
3407.76652 0.00200135707855
3409.478944 0.00197538137436
3411.252752 0.00195989608765
3413.035568 0.00193930864334
3414.726483 0.00199010372162
3416.43177 0.00222208499908
3418.115534 0.00203349590302
3419.785479 0.00198322534561
3421.745366 0.00205000638962
3423.42806 0.00203508138657
3425.166182 0.00244436264038
3427.006155 0.00200346708298
3428.757034 0.00200417041779
3430.677131 0.00212107896805
3433.016382 0.00205606222153
3434.751673 0.00216615200043
3436.413373 0.00199773311615
3438.259838 0.00203335285187
3439.988722 0.0019837141037
3441.67628 0.00337373018265
3443.5194 0.00202701091766
3445.230405 0.00230386257172
3446.89229 0.00306371450424
3448.803265 0.0020990729332
3450.533252 0.00199944972992
3452.359345 0.00199741125107
3454.135344 0.00204747915268
3455.83234 0.00204112529755
3457.581819 0.00202889442444
3459.318139 0.003440117836
3461.01224 0.00296536684036
3462.784281 0.00207171440125
3464.830995 0.00207923650742
3466.540113 0.00230269432068
3468.25258 0.00200808048248
3469.944813 0.00198225975037
3471.782731 0.00202417373657
3473.527269 0.00199948549271
3475.232345 0.00222100019455
3476.883326 0.00202333927155
3478.669112 0.00194098949432
3480.391676 0.00233653783798
3482.22173 0.00200637578964
3483.913569 0.00202865600586
3485.672501 0.00198734998703
3487.354804 0.00202115774155
3489.114412 0.00215940475464
3490.818827 0.00203324556351
3492.493403 0.00197409391403
3494.141904 0.00200666189194
3496.24814 0.00203298330307
3497.905676 0.00203511714935
3499.582777 0.00205817222595
3501.38175 0.00242524147034
3503.086933 0.00212310552597
3504.805337 0.00207291841507
3506.516929 0.00201526880264
3508.237203 0.00230180025101
3510.015389 0.00203601121902
3511.723985 0.00203819274902
3513.499534 0.00207833051682
3515.168827 0.00201790332794
3516.844542 0.00201510190964
3518.643957 0.00195165872574
3520.323874 0.00199928283691
3522.055746 0.00201146602631
3523.829786 0.00243575572968
3525.535928 0.0019914150238
3527.432266 0.00210313796997
3529.098859 0.00211421251297
3530.927242 0.00207377672195
3532.697266 0.00251417160034
3534.387857 0.00207089185715
3536.08057 0.00193076133728
3537.778351 0.0026805639267
3539.483169 0.00221066474915
3541.211231 0.00193127393723
3542.919211 0.00210121870041
3544.567841 0.00197930335999
3546.218688 0.00196758508682
3547.959607 0.00212045907974
3549.673799 0.0021494269371
3551.407362 0.00326722860336
3553.154035 0.00203212499619
3554.88949 0.00195597410202
3556.666875 0.00195425748825
3558.810377 0.00199921131134
3560.456082 0.00202438831329
3562.19726 0.00198653936386
3563.908622 0.00194442272186
3565.618257 0.00190585851669
3567.373074 0.00205113887787
3569.116216 0.00212280750275
3570.880068 0.00201134681702
3572.665474 0.00199632644653
3574.328472 0.00200960636139
3576.04821 0.00210561752319
3577.75031 0.00213496685028
3579.631824 0.00377453565598
3581.426549 0.0024649143219
3583.225375 0.00197325944901
3584.875283 0.00202215909958
3586.650814 0.00215983390808
3588.380082 0.00322604179382
3590.497401 0.00276091098785
3592.235542 0.00204660892487
3593.885338 0.00191919803619
3595.607972 0.00194075107574
3597.298873 0.00194045305252
3599.097531 0.0019223690033
3601.014531 0.00234167575836
