2.785156 9999
5.485773 9999
8.104027 9999
14.484544 1.24973233541
17.131386 9999
22.774907 1.00437728564
25.419341 9999
31.116867 1.01074703534
34.124885 9999
39.769279 1.00520634651
45.424337 1.00178925196
51.062583 1.01241230965
56.732599 1.00705401103
62.486123 1.02407336235
68.491237 1.00518345833
74.161544 1.00276470184
79.849129 1.00850526492
85.554945 1.01280268033
91.357949 1.01827541987
94.055021 9999.0
99.94774 1.01688210169
105.721859 1.00887695948
111.490064 1.02663024267
117.193193 1.00628956159
122.848205 1.00990255674
128.585515 1.01995595296
134.407607 1.0029853185
137.055943 9999
139.754311 9999
145.433271 1.00505598386
148.126443 9999
150.735547 9999
156.472971 1.02405675252
159.201322 9999.0
165.028917 1.0056672891
170.787465 1.01786843936
176.487487 1.0137822628
179.208877 9999
184.944891 1.01706894239
190.732603 1.03158132235
193.558238 9999
199.388814 1.0389333566
205.129431 1.00941411654
207.862885 9999
213.601781 1.02238670985
219.319685 1.01148311297
225.040647 1.01932366689
227.913115 9999
233.6136 1.01741830508
236.284341 9999
241.97077 1.00948635737
247.657098 0.994968970617
253.328604 1.01066764196
255.966617 9999.0
261.817908 1.03006490072
264.486933 9999
270.227579 1.01536329587
275.915948 1.0212849776
281.65344 1.02093402545
287.270144 0.999858617783
293.191308 1.03765368462
298.979273 1.03344170252
304.817418 1.02386236191
310.540717 1.0181593895
316.291843 1.01866229375
321.916123 0.983367363612
327.783822 1.0022670428
333.455444 0.988762696584
339.212785 1.01073233287
344.880893 1.00017873446
350.50117 0.995439370473
356.138382 0.999705076218
362.176616 1.00892202059
367.849967 0.992711385091
373.584578 1.02704199155
379.308753 0.994045654933
384.959695 0.988614956538
390.650337 1.00642530123
396.586609 1.01021456718
402.392207 1.00684332848
408.127556 1.01566505432
413.785664 0.988958279292
419.485474 0.988039970398
425.223181 1.00959030787
431.19401 1.0329682827
436.898534 1.01448623339
442.653182 1.00951162974
448.423688 1.02001659075
454.116125 0.995755036672
456.783933 9999.0
459.669133 9999
465.412126 1.01402815183
471.074638 0.990489641825
476.798074 0.991725921631
479.483766 9999
485.202495 1.00697167714
490.855769 0.996489604314
493.7005 9999
499.478291 1.02262568474
505.21636 1.01528898875
507.956963 9999
513.588667 0.987778027852
516.305258 9999
518.999554 9999
524.747745 1.01838922501
530.605025 1.00068926811
536.289855 0.995100021362
542.044569 1.03526433309
547.751586 0.992559671402
550.498638 9999
553.193749 9999
558.839725 0.982016007106
564.711363 0.988698959351
567.40483 9999
573.133744 1.01578895251
578.888063 0.998637278875
584.609175 1.00414601962
590.463865 1.02785905202
593.358556 9999
599.170546 1.02455743154
604.924005 1.00106501579
610.662846 0.99881418546
616.399591 1.00589338938
622.136762 0.999888340632
628.075447 0.99521390597
633.763467 0.990010738373
639.50012 1.00422970454
645.240375 1.01794036229
650.976025 1.01043526332
656.633523 0.99495434761
659.568382 9999
665.285826 1.00244235992
671.024079 1.00924889247
676.82789 1.01658074061
682.548664 1.00159438451
688.186749 0.984835306803
694.128158 0.999411980311
699.865696 1.00770672162
705.682469 1.02134402593
711.387941 0.997531016668
714.208373 9999
716.971802 9999
722.761825 1.01634573936
725.659062 9999
728.389031 9999
731.149959 9999
736.839149 1.00090869268
739.565706 9999
745.295969 1.00301798185
751.050336 1.01271526019
753.781285 9999.0
756.658543 9999
762.374759 0.999915361404
768.262811 1.05021135012
770.975173 9999
773.668363 9999
779.371317 0.99613459905
785.112204 1.00671029091
791.163499 1.04164568583
793.874153 9999
799.686082 1.00111691157
805.407534 0.990368366241
808.177041 9999
813.930699 1.00823267301
819.63518 1.00153199832
825.555268 1.00945234299
831.313722 1.00536576907
837.031348 1.00559401512
842.854799 1.01931564013
848.689783 1.03193632762
854.494598 1.028313001
860.381516 0.984208742778
866.119244 0.995677312215
868.830097 9999
874.575519 1.01245570183
880.349892 1.00052936872
886.134438 1.0340013504
892.172979 1.02596926689
897.896151 1.01729432742
903.680462 1.00373673439
909.484821 1.01327896118
915.173185 0.98666771253
920.927463 1.01038002968
926.864582 0.99728401502
929.567824 9999
932.27953 9999
938.090435 1.00437792142
940.787391 9999
946.496587 0.993933677673
952.308816 1.020622015
955.231537 9999
960.909434 0.987665335337
963.684708 9999
969.416434 1.00707801183
975.268428 1.03305967649
980.991523 0.992093960444
986.692659 0.994325081507
992.630827 0.984280586243
995.34887 9999
998.059854 9999
1003.755176 1.00226227442
1006.434864 9999
1009.151058 9999
1014.847012 0.985397338867
1020.551045 0.997826019923
1023.549126 9999
1029.3242 1.00739391645
1035.078897 1.00684825579
1040.967627 1.03853027026
1046.773816 1.02079669635
1052.525793 1.00389027596
1055.475095 9999
1061.198315 1.01307272911
1066.919139 1.00058372815
1072.660903 1.01018007596
1078.461829 0.999681313833
1084.153161 0.988921085993
1090.240068 1.02535239855
1096.107908 1.01763264338
1098.835379 9999
1104.663936 1.03242262204
1107.379616 9999
1113.054271 0.98552441597
1118.824473 1.00020567576
1124.83285 1.03360637029
1130.551257 1.01157800357
1136.31757 1.00989158948
1139.061312 9999
1141.788451 9999
1144.524635 9999
1147.245425 9999
1152.96722 1.00352978706
1159.037852 1.04132636388
1164.876274 1.02889355024
1167.632426 9999
1170.37096 9999
1173.086883 9999
1178.855628 1.01801435153
1181.571897 9999
1187.359575 1.03227631251
1190.335021 9999
1196.099264 1.00628232956
1201.853633 1.00296696027
1204.62169 9999
1210.359819 1.00132743518
1216.114404 1.0242117246
1221.835305 1.00211795171
1227.973206 1.02486840884
1233.731214 0.996336380641
1239.481305 1.00463453929
1245.18604 0.989653587341
1250.856501 0.989352941513
1256.581302 1.00201129913
1262.482161 0.994700034459
1268.257002 1.00348933538
1274.040111 1.01376899083
1279.745291 0.99276304245
1285.583361 1.00996128718
1291.387073 1.00396800041
1297.324739 0.992669423421
1303.012352 1.00139133135
1308.769992 1.00352327029
1311.572038 9999
1317.323191 1.01626030604
1323.147574 1.02988529205
1326.133844 9999
1331.967277 1.02035427094
1337.724886 1.00666729609
1343.412685 0.98775045077
1349.149922 1.00116539001
1354.871482 0.998343070348
1357.85584 9999
1360.622348 9999
1366.346063 0.995155890783
1372.047299 1.00612465541
1377.751997 0.979540348053
1383.492524 0.999062935511
1389.243559 1.00020496051
1395.198152 0.992368618647
1400.869176 0.982756694158
1406.540162 0.995714028676
1409.289207 9999
1414.945966 0.993723233541
1420.800017 1.02359596888
1423.798615 9999
1429.577543 1.00812109311
1435.344497 1.00517861048
1441.133376 0.994934717814
1446.85306 1.00717631976
1452.608356 1.00460767746
1458.565368 1.00407099724
1464.350115 0.995725631714
1470.15729 1.0211836497
1472.91479 9999
1478.593508 0.998332977295
1484.381109 1.01261973381
1490.47262 1.01041229566
1496.223504 1.00493065516
1501.997391 1.02295899391
1504.765628 9999
1510.501896 1.00734392802
1516.238001 0.997349023819
1522.22605 1.02001738548
1528.031136 1.02176030477
1533.768086 1.00093698502
1539.508555 0.998748699824
1545.193655 0.98960630099
1550.980669 1.00676234563
1556.935972 0.997334003448
1562.726837 1.01199309031
1568.477576 1.00041731199
1574.248998 1.02211801211
1579.98673 0.997116009394
1585.757125 1.00470836957
1591.695475 0.996500968933
1597.483179 1.01083493233
1603.256965 1.00690905253
1609.044621 1.01289860408
1614.778951 0.996443271637
1620.567414 1.02481039365
1626.542112 0.990450382233
1632.341484 1.01366527875
1638.09896 1.01336034139
1643.884192 1.01851598422
1649.621732 0.993287563324
1652.365911 9999.0
1658.379062 1.01965109507
1664.249482 1.02060127258
1670.053158 1.0056087176
1675.808214 0.996546030045
1681.548504 1.00568302472
1684.322291 9999.0
1690.251645 0.995769659678
1696.022968 0.997774600983
1701.82739 1.01468276978
1707.647957 1.02361265818
1713.453164 1.01430797577
1719.22399 1.01466441154
1725.331169 1.01395702362
1731.08583 0.988646268845
1733.802087 9999
1739.572002 1.01111555099
1742.294389 9999
1748.011627 1.00233594577
1753.783609 1.00862463315
1760.021241 1.04778957367
1765.892077 1.02224071821
1771.662254 0.99663233757
1777.451519 1.0057952404
1783.271357 1.02680699031
1789.10897 1.0277996858
1795.18026 1.03157067299
1797.91357 9999
1803.57062 0.984576702118
1809.324195 1.01053873698
1812.078773 9999
1817.947614 1.03422705332
1823.81962 1.0243909359
1829.906316 1.01149916649
1835.643663 1.00862797101
1841.382087 1.00438666344
1844.18998 9999
1849.938223 1.0035657088
1852.616862 9999
1858.327906 0.994748989741
1864.315653 1.00532039007
1867.143326 9999
1869.885418 9999
1875.626951 1.01341962814
1881.444757 1.02691896756
1887.219353 0.988020658493
1889.959218 9999.0
1896.122651 1.01767675082
1901.843567 0.994752327601
1907.614858 1.00443426768
1913.403161 1.0206852754
1919.223363 1.0227997303
1925.010696 1.01225360235
1931.149932 1.01255599658
1936.920786 1.01153699557
1942.691156 1.00271979968
1948.462812 0.996799707413
1954.286502 1.01811703046
1957.050778 9999.0
1960.169724 9999
1965.958887 1.01744095484
1968.700782 9999
1971.4654 9999
1977.201475 1.00250991186
1983.005027 1.01747663816
1988.792663 1.01119359334
1994.846307 1.00141771634
2000.637851 1.00413036346
2003.407534 9999
2009.26004 1.02474602063
2015.012033 1.00782632828
2017.735015 9999
2023.587485 1.03226304054
2026.677124 9999
2032.458338 1.0184849898
2038.262737 1.02454392115
2044.082873 1.01882131894
2049.921068 1.0299050808
2052.723464 9999
2058.460725 1.00628495216
2064.448841 1.00280094147
2067.215466 9999
2072.921628 1.0020720164
2078.759529 1.02392371496
2084.579996 1.021397988
2090.351577 1.01204864184
2096.405643 1.010485967
2099.10704 9999
2101.849385 9999
2107.582008 1.01009122531
2113.334797 1.00527064006
2116.037111 9999
2121.858815 1.01863368352
2127.949219 1.01787098249
2133.750359 1.02941131592
2139.591503 1.02755705516
2145.425636 1.02049501737
2151.196678 1.00649571419
2157.034888 1.02114709218
2162.975321 0.983241637548
2168.713223 0.995761315028
2174.464261 1.00273537636
2180.251375 1.0259180069
2186.039988 1.01443457603
2191.826932 1.01349035899
2194.856272 9999
2197.652148 9999
2200.407526 9999
2206.155419 0.999955018361
2211.942071 1.01626261075
2214.744142 9999
2217.510442 9999
2223.267671 1.00874638557
2226.36608 9999
2232.26562 1.02597959836
2237.978594 0.991861025492
2240.735647 9999
2246.585087 1.0318291982
2249.321386 9999
2255.044902 1.00157833099
2258.10149 9999
2263.847582 1.00511558851
2269.65189 1.01697134972
2275.423303 1.00334572792
2281.177124 1.00812037786
2286.914961 1.00881671906
2293.06955 1.00180331866
2298.856827 1.01028768222
2304.711418 1.03085525831
2310.416148 0.989644289017
2316.220501 1.01107994715
2322.009993 1.01435963313
2327.995188 1.00127736727
2333.76687 1.01855738958
2339.504209 1.00594965617
2342.195085 9999
2347.911069 0.997561693192
2353.615054 0.99036804835
2356.629943 9999
2362.404656 1.03214232127
2368.17599 1.00498390198
2373.996138 1.01652463277
2376.907409 9999
2382.756172 1.02857764562
2388.493294 1.01752066612
2394.461776 0.989577770233
2400.199353 0.997332413991
2405.970828 0.992009401321
2411.808027 1.02790705363
2417.495548 0.993962367376
2423.249457 1.01448957125
2429.288031 1.00151467323
2432.005963 9999
2437.780933 1.01601894697
2443.681819 1.03247396151
2446.453513 9999
2452.255622 1.03348000844
2455.021123 9999.0
2458.16068 9999
2463.963811 1.02675660451
2469.751381 1.01178495089
2475.589044 1.0264693896
2478.365207 9999
2481.116016 9999
2483.813506 9999
2489.567023 1.01028807958
2495.805443 1.00980170568
2501.559325 1.01325201988
2507.279374 1.0052262942
2513.067123 1.00928958257
2518.871807 1.02119874954
2524.646009 1.02278439204
2530.780779 1.00925668081
2536.571555 1.0128484567
2539.317362 9999
2545.091446 1.01920596759
2550.813162 0.999937375387
2556.563562 1.00222833951
2562.674278 1.02588907878
2568.475464 1.01630798976
2574.231233 1.00497635206
2580.035274 1.02352897326
2585.821605 1.0173257192
2591.626887 1.02010512352
2597.764092 1.03768491745
2603.485595 0.98360768954
2609.222418 1.00163165728
2614.960271 0.99561603864
2620.716377 1.00550238291
2626.535562 1.03087973595
2629.592735 9999
2632.303573 9999
2638.1447 1.03813203176
2640.861698 9999
2646.650102 1.01387365659
2649.398634 9999
2655.256811 1.02739437421
2661.044866 1.0175259908
2667.14918 1.00459098816
2669.929406 9999
2675.655626 1.00697199504
2681.426153 1.01843889554
2687.164842 0.998220046361
2692.921783 1.01323906581
2698.976221 0.99782204628
2704.794792 1.0037513574
2710.575178 0.997937917709
2716.402613 1.02860164642
2722.140348 1.0097026825
2727.927629 1.01562007268
2733.931276 0.988972584407
2739.740637 1.02236143748
2742.553682 9999
2748.326356 1.00614039103
2754.08118 1.00376931826
2759.918424 1.0311460495
2763.026691 9999
2768.708336 0.998056014379
2771.443391 9999
2774.161726 9999
2776.937698 9999
2782.68673 1.00812594096
2788.506606 1.02300596237
2794.28176 1.01313273112
2800.432055 1.01783355077
2803.181822 9999
2808.938993 1.01982696851
2814.793772 1.0301100413
2820.56367 1.00241565704
2826.368911 1.01124334335
2832.472757 1.02295160294
2835.214231 9999
2841.046661 1.02931435903
2846.799903 0.999047676722
2852.571293 1.00472871463
2858.342135 1.00992099444
2864.430281 1.00261934598
2870.187165 1.01378560066
2875.871671 0.99445271492
2881.626556 0.989045381546
2887.430136 1.0168170929
2893.218607 1.01679468155
2899.440181 1.03674530983
2905.143728 0.994650363922
2910.948259 1.02321871122
2916.65246 1.01045370102
2922.376993 0.99410367012
2928.211144 1.0263039271
2934.33219 1.01267759005
2940.019917 0.98805697759
2942.768888 9999
2948.560024 1.01748601596
2954.280227 1.00095876058
2960.10118 1.02075513204
2966.173892 1.00786503156
2971.9441 1.00078876813
2977.715615 1.00883237521
2983.436206 0.990599314372
2989.291239 1.0384926796
2995.044307 1.01515189807
2998.198303 9999
3003.967701 1.02232933044
3009.723187 1.00530203183
3015.459406 1.00247343381
3018.195689 9999
3023.954445 1.02518661817
3029.719978 1.00745336215
3032.835959 9999
3038.611124 1.00299914678
3044.400723 1.00523805618
3050.18565 1.01864234606
3056.023187 1.02954634031
3058.808358 9999
3064.549393 0.997885306676
3070.701422 1.02094054222
3076.458819 1.01037406921
3082.2256 1.00997495651
3087.98074 1.00047771136
3093.700881 0.995998223623
3099.457483 0.997416893641
3105.681237 1.02200786273
3111.468119 1.01606210073
3114.188382 9999
3119.955211 1.00685811043
3125.726796 1.01197655996
3131.546859 1.01970863342
3134.663472 9999
3140.452869 1.0045680205
3146.207462 1.00809733073
3152.063395 1.00577100118
3157.849025 1.01617304484
3163.620639 0.999780654907
3169.791454 1.01209529241
3175.646308 1.02736528714
3178.422277 9999
3184.286088 1.03307255109
3187.035604 9999
3192.809688 1.01322237651
3198.61303 1.00461673737
3204.802383 1.0269780159
3210.656078 1.03415799141
3213.377767 9999
3216.16563 9999
3221.897063 1.01416309675
3227.752197 1.02135936419
3230.545217 9999.0
3236.575024 0.995179653168
3242.449466 1.03866497676
3248.333789 1.03796132406
3254.191212 1.03511277835
3259.975575 1.01300930977
3265.830849 1.01863853137
3271.968406 1.00295996666
3277.772722 1.01234030724
3283.510836 1.00491325061
3289.264355 1.00003361702
3295.055041 1.01417628924
3300.856744 1.01276000341
3306.944432 1.01802062988
3312.782613 1.02037994067
3318.602601 1.02311404546
3321.354659 9999
3327.209289 1.03336938222
3329.938597 9999
3335.749241 1.00983937581
3341.804991 0.999287684759
3347.542477 1.00887425741
3353.32866 1.01874899864
3359.283642 1.03231398265
3365.040837 1.01330860456
3370.858781 1.01939233144
3377.017152 1.01714936892
3382.885374 1.03941384951
3388.689623 1.02038097382
3394.427603 0.997305631638
3397.190799 9999
3402.899548 1.00216364861
3409.103477 1.01544300715
3414.775002 0.991680304209
3420.54597 1.00646694501
3426.350337 1.01267703374
3432.171403 1.00154399872
3437.943113 0.999698559443
3444.113712 1.01566704114
3449.884419 0.994194984436
3455.655475 1.0158346494
3461.397163 1.01421268781
3467.164244 0.986468712489
3472.951888 1.01793344816
3479.072941 1.00295003255
3484.876914 1.01692732175
3490.751553 1.03875907262
3496.486972 0.995174328486
3502.290394 1.00418933233
3508.011544 0.9911673069
3514.116182 1.00407870611
3519.923927 1.01101827621
3525.744527 1.00885430972
3531.481942 0.996204376221
3537.253798 1.00383337339
3539.9945 9999.0
3543.091059 9999
3548.844999 0.998342672984
3554.58005 0.991182963053
3560.416984 1.0230533282
3566.187842 1.01301209132
3571.925955 0.998498042425
3577.913559 1.00401369731
3583.717894 1.02066302299
3589.438977 0.985042969386
3595.24331 1.00935236613
3601.033988 0.993119398753
3606.888323 1.02921501795
3612.907004 1.00179799398
3618.69767 1.01488105456
3624.515475 1.02239600817
3630.335473 1.01921629906
3633.068421 9999
3638.825751 1.01330169042
3644.916839 0.985418319702
3647.665421 9999
3653.336124 0.982799371084
3659.077565 0.99347670873
3664.812097 0.999768336614
3670.632613 1.00980091095
3676.654556 0.995196262995
3682.408244 1.01081061363
3688.195692 1.00871260961
3693.967389 1.00757694244
3699.720919 1.00544587771
3705.442678 1.0020989577
3708.600806 9999
3714.36628 1.0053109328
3720.170518 1.03003454208
3725.94146 0.990398804347
3731.713923 1.00414601962
3737.500149 0.992231448491
3743.688135 1.02096509933
3749.408737 0.991437117259
3755.079226 0.992547432582
3760.920037 0.997641007106
3766.771659 1.02812194824
3772.575654 1.02971800168
3778.863515 1.03040099144
3781.617891 9999
3787.405595 1.0214869976
3793.224577 0.991287390391
3799.063818 1.03165531158
3804.833567 1.00345341365
3810.871249 1.00117190679
3816.692232 0.99421397845
3822.46364 1.01030103366
3828.251245 1.02091956139
3834.00528 0.9997707208
3839.776551 1.00142900149
3845.830435 0.998872995377
3851.738916 1.03619933128
3854.465186 9999
3860.259242 1.000973622
3865.979198 0.994028329849
3871.78362 1.01751001676
3878.042063 0.994226932526
3883.860315 1.02194134394
3889.562867 1.0013349851
3895.402179 1.01778364182
3901.188032 1.00397173564
3906.996588 1.02302026749
3913.247935 1.03238805135
3919.084957 1.01565059026
3921.820486 9999
3927.624529 1.00433166822
3933.446599 1.02962199847
3939.267378 1.04024664561
3945.471848 1.03307127953
3951.242768 1.01501671473
3956.99975 1.0126358668
3962.70111 1.00132703781
3968.375447 0.98978026708
3974.15979 1.01166899999
3980.314164 1.00728797913
3983.079908 9999
3985.803746 9999
3988.525687 9999
3994.345784 1.0179456075
4000.179316 1.02399071058
4005.95036 1.02507368724
4012.107744 0.98557694753
4017.842286 1.00131169955
4023.647004 0.998211701711
4029.434366 1.01897295316
4035.159127 0.998428026835
4040.944208 1.01108256976
4047.215135 1.00968456268
4053.036176 1.02723503113
4055.780068 9999
4061.575469 1.01010775566
4067.379665 1.0076862971
4070.143157 9999
4075.986256 1.02927001317
4081.974469 0.993035634359
4087.694959 0.990036646525
4093.432437 1.00821669896
4099.223446 1.02112237612
4104.961103 1.01555673281
4110.732138 1.00654705365
4116.916681 1.03800431887
4122.724639 1.01087625821
4128.542044 1.02587366104
4134.363937 1.02017641068
4140.100546 1.0008046627
4142.860168 9999.0
4148.974357 1.02928765615
4151.713255 9999
4154.419507 9999
4160.21932 1.0206126372
4166.070076 1.03296136856
4171.824183 1.0001282692
4174.539688 9999.0
4180.664734 1.00632929802
4186.502117 1.03835105896
4192.322828 1.02198696136
4198.145248 1.01006182035
4200.882441 9999
4203.636239 9999
4209.38575 1.00915296872
4215.606867 1.01298522949
4221.398798 1.00136566162
4227.232823 1.03735033671
4229.995761 9999
4235.772197 1.02071976662
4241.559765 1.02683289846
4244.761952 9999
4250.550041 1.01593200366
4256.338598 1.01153699557
4262.112065 1.0127696991
4267.88002 1.00800100962
4273.684091 1.01640295982
4279.922134 1.02631004651
4285.69256 1.01777458191
4291.417095 1.01097067197
4297.167865 1.00713364283
4302.988913 1.02019667625
4308.780248 1.01374673843
4311.796692 9999
4314.515959 9999
4320.302362 1.03018863996
4326.060084 1.00465003649
4331.844352 1.02831037839
4337.599513 1.00009028117
4343.336459 0.987615744273
4349.507354 1.02053594589
4355.330947 1.01610636711
4361.083542 1.01124135653
4363.875029 9999
4369.755572 1.03449900945
4375.626414 1.01795895894
4381.814613 1.00389631589
4387.572151 1.0131863753
4393.342902 1.00646567345
4399.145544 1.0243639946
4404.965365 1.02795267105
4410.819547 1.02489503225
4416.974408 0.999903361003
4422.762432 1.01110466321
4428.501407 0.99737127622
4434.221373 1.00603667895
4440.024614 1.01926994324
4445.812716 1.02086933454
4451.999953 1.00170294444
4454.729786 9999
4460.490849 1.01581565539
4463.213423 9999
4468.996781 1.01195693016
4474.717087 1.01795927684
4480.425417 0.992389599482
4486.576136 1.00466799736
4492.331047 0.990557670593
4498.186433 1.04152433077
4503.989268 1.01705869039
4509.778541 1.02117991447
4515.548091 1.00752059619
4521.636149 0.99453441302
4527.373377 0.988063335419
4533.129556 1.00670997302
4538.965132 1.03306261698
4544.719726 1.01576900482
4550.475059 1.0250723362
4556.895905 1.0271174113
4562.750203 1.02329595884
4568.471258 1.00304762522
4574.291929 1.01110434532
4579.997528 1.00478299459
4585.75431 1.00577457746
4591.955502 1.00804034869
4597.826157 1.02042031288
4600.514741 9999
4606.252878 1.00173743566
4612.02323 1.00051546097
4617.774109 1.01211762428
4624.012772 1.01072692871
4629.837646 1.01423033079
4632.604026 9999
4638.389933 1.01996795336
4644.194821 1.02694710096
4649.964967 1.01792192459
4652.929982 9999
4658.672286 1.01550706228
4664.426881 1.00599598885
4670.215974 1.01140928268
4675.988103 0.994126319885
4681.755617 0.998749335607
4687.97709 1.01457262039
4690.725615 9999
4696.55074 1.03138899803
4702.338472 1.01888910929
4705.039495 9999
4710.778739 1.02160938581
4716.499255 0.998985687892
4722.652955 1.00778969129
4725.360058 9999
4731.13201 1.0057823658
4733.878663 9999
4739.649924 0.997416973114
4745.453561 1.02153801918
4751.244158 1.02247341474
4757.315356 1.01011840502
4763.200096 1.0239490668
4768.971319 1.00264032682
4771.711484 9999
4777.410973 0.987262010574
4783.152051 1.00348504384
4789.336248 0.99729235967
4795.240623 1.04332264264
4801.045089 1.02666099866
4806.799885 1.01733636856
4812.553165 1.01308170954
4818.307821 1.00175070763
4824.582211 1.01389924685
4830.4338 1.03691967328
4836.187546 1.00014623006
4841.996722 1.00184774399
4847.698433 0.985148191452
4853.521239 1.03269966443
4859.892009 1.02537035942
4865.660424 1.00760873159
4871.414112 1.00188271205
4877.169047 1.02449965477
4882.907446 0.989636023839
4888.727728 1.00661659241
4894.932192 1.00567444166
4900.669196 0.989499648412
4906.457436 1.01057100296
4912.314694 1.02398840586
4918.032416 1.00916536649
4923.853027 1.02595130603
4930.009107 0.992266257604
4935.795863 1.00356070201
4938.546295 9999
4944.318758 1.01959363619
4950.123298 1.00278600057
4955.943722 1.03305236499
4962.116864 1.0051027139
4967.887129 1.01737030347
4973.658674 0.998544454575
4976.408578 9999
4982.131321 0.991174062093
4987.93528 1.02584195137
4994.022885 1.00072352091
4999.877053 1.02775033315
5005.667925 1.01092743874
5008.419722 9999
5014.171249 0.991766929626
5019.942708 1.00621032715
5023.067965 9999
5028.915638 1.02576597532
5034.720265 1.01674993833
5040.558113 1.02216935158
5046.445056 1.02236302694
5052.149859 0.997263590495
5055.393981 9999
5061.107728 0.994967301687
5066.912437 1.00996740659
5072.681065 1.00676671664
5078.485284 1.02126932144
5084.339832 1.01121163368
5087.531013 9999
5093.26533 1.00465536118
5099.118485 1.02047228813
5104.872418 1.0039943854
5110.676787 1.00516200066
5116.498904 1.01532904307
5122.689768 1.0037009716
5128.456902 1.00467101733
5134.346985 1.02269434929
5140.164577 1.01520403226
5145.970776 1.01202368736
5151.744114 1.0239379406
5157.978428 1.01990667979
5163.833063 1.0033976237
5169.590442 0.992669343948
5175.291702 0.998592774073
5181.012041 1.00861692429
5186.736764 0.981168667475
5192.955309 1.02446301778
5198.725561 1.0162127018
5204.413298 0.988697290421
5210.134371 0.998460213343
5215.906068 1.00756629308
5218.669416 9999.0
5224.795396 1.00209538142
5230.636699 1.01149225235
5236.403774 1.01323199272
5242.142096 0.992195685705
5244.897574 9999
5250.631071 0.981216748556
5256.855597 1.00081737836
5262.55716 1.0015197595
5268.32757 1.00620293617
5274.083606 1.00780733426
5279.837332 1.01367894808
5285.662151 1.02996571859
5291.862664 1.00312701861
5297.666587 1.01930936178
5303.420476 1.0055530866
5306.124263 9999
5308.831347 9999
5314.595948 1.02387698491
5320.433745 0.996186335882
5326.62091 0.994474967321
5332.426419 1.01001524925
5338.213013 1.00070532163
5343.967606 1.00716900826
5349.755947 1.00613935788
5355.510575 1.00346787771
5361.797526 1.02449703217
5367.568805 0.994133710861
5373.422979 1.03194832802
5379.194278 1.01530925433
5384.981892 1.01851010323
5390.723562 1.00475708644
5396.957243 1.01145744324
5402.695608 1.01826063792
5408.466938 1.00367037455
5414.23715 1.01373704274
5416.979629 9999
5419.714519 9999
5425.548804 1.03126533826
5431.816862 1.01929195722
5437.587794 1.01810828845
5443.375888 1.0069240729
5449.200428 1.01639731725
5454.95052 1.01238195101
5460.721006 1.00583728155
5466.976743 0.995473941167
5472.780229 1.01446628571
5478.418948 0.977716604869
5484.108778 0.996641635895
5489.892943 1.01201168696
5495.66768 1.00632866224
5501.8193 0.998932679494
5507.593559 1.00620635351
5513.37922 1.01236510277
5519.149336 0.999341408412
5524.920024 1.00851003329
5530.657274 0.999918460846
5536.778994 1.00269436836
5542.536187 1.00495004654
5548.273705 0.985645691554
5554.008739 0.995573043823
5559.846373 1.01692867279
5565.536655 1.00086537997
5571.705155 1.00345198313
5577.458916 1.0044336319
5583.163045 1.00082858404
5588.900895 1.01007064184
5594.67201 1.00881203016
5600.460167 1.00707268715
5606.697655 1.00717576345
5612.451413 1.00435694059
5615.225072 9999
5620.991552 1.00518902143
5626.695848 0.995684782664
5632.433926 1.00031065941
5638.521172 1.00184798241
5644.375849 0.998056014379
5650.096899 0.986126104991
5655.935227 1.02074901263
5661.625317 0.993448734283
5667.394331 0.992566982905
5673.530679 1.0288216273
5679.268834 1.00702095032
5682.051857 9999
5687.741182 0.992942730586
5693.496125 0.990256865819
5699.249903 1.00785867373
5705.520798 1.0264070034
5711.275998 1.0246989727
5717.116888 1.01521237691
5722.968235 1.03520433108
5725.682706 9999
5728.407024 9999
5734.192985 0.996041695277
5740.481502 1.01801037788
5746.301618 1.0355796814
5752.009744 0.987857659658
5757.865631 1.01716327667
5760.586407 9999
5766.420091 1.02615110079
5772.554704 1.01840003332
5778.375741 1.02889227867
5784.246897 1.03211633364
5790.084475 1.00673770905
5795.838811 1.00689609845
5801.676468 1.02242334684
5807.748142 1.01512161891
5813.488728 1.00789896647
5816.285078 9999
5822.042825 0.995278596878
5827.796708 1.00543626149
5833.5002 0.995720307032
5836.713904 9999
5842.507518 1.01276723544
5845.320453 9999
5851.130818 1.02049175898
5856.950938 1.02580181758
5862.789268 1.03473909696
5868.643275 1.03174877167
5874.982595 1.02046338717
5880.768803 1.01895864805
5886.623252 1.0346968174
5892.378468 0.995633204778
5898.199213 1.01326187452
5903.952878 1.00936039289
5910.174963 0.999855359395
5915.962926 1.00347661972
5921.750405 1.02019834518
5927.436988 0.987460374832
5933.308804 1.01684697469
5939.163397 1.01689537366
5945.452875 1.01406637828
5951.205367 1.01238067945
5956.960086 1.00936492284
5962.730668 1.0173625946
5968.56822 1.02198767662
5974.339002 1.01153635979
5980.56057 1.01562960943
5986.319009 0.991986513138
5992.068808 0.991692781448
5997.807195 1.01174473763
6003.611515 1.00804328918
6009.782036 1.00657598178
6016.03681 0.998058319092
6021.807663 1.00157952309
6027.511946 0.985509316127
6033.234221 0.996963024139
6038.937592 0.987386782964
6044.758398 1.01624663671
6050.946818 1.00925938288
6053.638155 9999
6059.371083 0.99577999115
6065.223298 1.02745199203
6071.064701 1.01848975817
6076.835741 1.01647011439
6083.053673 1.00199302038
6088.875032 1.00938757261
6094.595656 0.995349407196
6100.384042 1.01707228025
6106.105222 1.01117801666
6111.875878 1.00779898961
6117.997196 1.00817259153
6123.70066 0.992940743764
6129.422018 1.00470892588
6135.127486 0.999436299006
6140.898658 1.01419536273
6146.784831 1.03637305895
6152.873426 1.01407424609
6158.627281 1.01401408513
6164.364433 1.00940656662
6170.218954 1.01119462649
6175.941647 0.994349002838
6181.711206 0.997267087301
6187.935468 1.01121703784
6193.672804 1.00677394867
6199.524307 1.01221823692
6205.445048 1.02501130104
6211.149328 0.992340485255
6216.953696 1.00343211492
6223.07546 0.983335574468
6228.929161 1.03143970172
6234.684008 0.985864082972
6240.466792 1.01527063052
6246.259723 1.01143201192
6252.063989 1.02607536316
6258.288192 1.00296767553
6264.055756 1.00442226728
6269.797936 1.00176072121
6275.547529 1.02091368039
6278.299551 9999
6284.106315 1.02087497711
6290.392604 0.994797945023
6296.180787 1.01777791977
6301.933782 0.995791355769
6307.638772 0.999707142512
6310.347563 9999
6316.130682 1.00347296397
6322.399437 1.00687193871
6328.203724 1.02629470825
6334.044997 1.01226655642
6339.8654 1.00869695346
6345.603131 1.00722463926
6351.354622 0.991764068604
6357.559781 1.01150202751
6360.319636 9999
6366.134769 1.0202097098
6368.860728 9999
6374.588718 0.982726971308
6380.310556 0.997875054677
6386.131053 1.02793065707
6392.319064 0.995222886403
6398.056394 1.00707570712
6403.863775 1.01648394267
6409.748206 1.03264633814
6415.569028 1.01496243477
6418.312773 9999.0
6424.542392 1.00847125053
6430.313358 1.02707473437
6436.087476 1.01953196526
6441.822368 1.00470264753
6444.570107 9999
6450.328305 1.01941800117
6456.583682 1.01559599241
6462.337825 1.0005540053
6468.161444 1.02295168241
6473.929269 1.0214826266
6479.668055 1.0094935894
6485.471108 1.02375300725
6491.576171 0.987552881241
6497.350415 1.01738969485
6503.100693 1.00647433599
6505.846369 9999
6511.624554 1.02179169655
6517.528915 1.04488134384
6523.8871 1.02201660474
6529.62092 0.99093969663
6535.342667 0.993647654851
6541.042724 0.994364023209
6546.73384 0.988882700602
6552.538116 1.0372467041
6558.759996 1.01728796959
6564.517315 1.00646138191
6570.301169 1.00837866465
6576.038922 1.00222738584
6581.860678 1.0289829572
6584.570177 9999.0
6590.883347 1.04375894864
6596.638523 1.01158030828
6602.425499 1.00755127271
6608.163422 1.00400066376
6613.900526 0.986440022786
6619.704635 1.00860397021
6625.843263 0.992601076762
6631.73062 1.04156374931
6637.551964 1.02211705844
6640.320568 9999
6646.142892 1.02910137177
6651.947991 1.02970902125
6658.287507 1.01676003138
6664.022408 0.999864021937
6666.743376 9999
6672.544345 1.02689139048
6678.349941 1.02040704091
6684.086765 0.998647212982
6690.241325 1.02032494545
6695.995971 1.0031179587
6701.783643 1.00571568807
6707.607304 1.02075068156
6713.375873 1.00960334142
6719.11272 0.999047358831
6722.356741 9999
6728.103295 1.00040141741
6733.873487 1.01262195905
6736.606371 9999
6742.347643 1.00735632579
6748.100746 0.999228715897
6753.839428 0.987723668416
6760.11074 0.995762983958
6765.882221 1.0104060173
6771.635288 0.989172299703
6774.383885 9999
6780.241552 1.04145177205
6785.999265 0.998779932658
6792.284383 1.00982268651
6798.106459 1.02040568988
6803.84308 0.991151650747
6809.580208 1.00012493134
6815.317873 0.990788300832
6821.055386 0.996285994848
6824.260776 9999
6830.047118 1.02313057582
6835.866939 1.01491777102
6841.607653 1.00383671125
6847.492323 0.992507219315
6853.230118 0.994045098623
6859.600835 1.01788894335
6865.356131 1.01164801915
6871.112546 1.0072517395
6876.83038 0.99075961113
6882.601782 1.02681096395
6888.372367 0.997649987539
6894.744224 1.02735900879
6900.435062 0.989247639974
6906.25265 0.998933633169
6912.041488 1.02051297824
6917.812564 1.00279601415
6923.531773 0.99603732427
6929.871493 1.01009098689
6935.674578 0.997999668121
6938.436508 9999
6944.248167 1.02130699158
6950.271251 1.0165280501
6956.039771 1.00075777372
6962.247108 0.992377360662
6968.099104 1.01527667046
6973.837246 0.998442967733
6976.581372 9999
6982.459868 1.02563039462
6988.264026 1.00440828005
6994.585319 1.01617908478
7000.40683 1.01646065712
7006.177062 1.00865570704
7011.998351 1.01589298248
7017.82005 1.03236428897
7023.5762 1.01792661349
7029.913119 1.02612733841
7035.718496 1.02263506254
7041.587634 1.02816200256
7047.392978 1.01421666145
7053.195671 1.01378258069
7058.920074 0.997302293777
7065.221647 1.0028702418
7070.961708 1.00359471639
7076.730598 1.01864163081
7082.534383 1.02108796438
7088.326155 1.01839033763
7094.126898 1.01583369573
7100.548114 0.990454594294
7106.302633 0.993258396784
7112.090355 1.02402186394
7117.847676 1.00358804067
7123.632895 1.01458501816
7129.403135 0.999650557836
7135.807757 1.01602760951
7141.512126 0.999663035075
7147.299436 0.99736626943
7153.020481 0.999757289886
7158.791739 0.983195861181
7164.612669 1.01675041517
7170.917828 1.01169840495
7173.622869 9999
7179.440726 1.03601996104
7185.362873 1.04133160909
7188.098776 9999
7190.808379 9999
7196.569749 1.02298267682
7202.778079 1.00955605507
