8.892815 9999
16.909872 9999
26.238219 9999
36.108884 9999.0
44.834565 9999
53.039441 9999
61.554645 9999
70.659911 9999.0
80.14307 9999
88.93553 9999
97.75233 6.72581601143
106.502047 6.65579795837
115.04026 9999
123.738853 6.58615517616
132.675636 9999
141.089935 6.30840301514
149.584671 6.26023006439
157.588387 5.87428498268
166.364985 6.67539191246
175.160823 6.68101596832
184.080449 6.67732191086
193.000616 9999
201.425908 9999
209.485572 5.94625401497
218.970243 9999
227.377267 6.30665397644
236.765587 9999
245.603751 6.72899985313
253.743321 5.94128608704
262.542953 6.70322203636
271.216367 6.55723690987
279.623594 6.3106470108
288.558885 6.72620511055
297.138076 6.46963000298
305.780349 9999
314.310295 6.44019603729
322.513911 5.97678303719
331.133123 9999
339.918722 6.69227480888
348.260871 6.24258494377
357.573739 7.10101819038
366.402295 9999
375.366124 9999
383.744338 6.25873184204
392.336001 6.35115885735
400.755272 6.32053303719
408.894873 6.02358579636
417.88663 9999.0
426.380569 6.24576878548
434.961488 6.42980003357
443.76118 6.70125794411
452.434172 9999.0
461.491297 9999
469.982309 6.37593102455
478.989456 6.91020894051
487.480492 6.42523908615
496.012458 6.33391785622
504.476083 6.3646030426
513.212509 6.64928889275
521.125989 5.91110014915
529.656706 6.36145210266
538.810725 7.04358792305
547.493034 9999
556.104567 9999.0
564.7244 9999
573.216898 9999
581.400699 9999
590.158305 6.62730693817
599.573096 9999
608.722003 7.07125401497
617.1438 6.3082139492
625.501047 6.24239206314
634.606081 9999
643.398159 6.70743608475
652.304673 6.79990291595
661.417996 6.99313998222
670.322741 6.66512203217
679.086241 6.66244006157
687.447012 6.2436170578
695.630155 6.04628300667
704.84049 6.97873306274
713.354324 6.40587091446
722.200893 6.72293806076
730.672209 6.37537002563
739.167858 6.27839183807
747.233894 5.94380998611
755.737956 6.39752602577
764.491045 6.657351017
773.129348 6.41252708435
782.086555 9999
790.454742 6.26659989357
799.193494 6.64720201492
808.161593 6.8254327774
816.264104 5.98824501038
824.79603 9999
833.776521 9999.0
841.731978 5.72459697723
850.123054 6.29392194748
858.233389 6.01575994492
866.745545 6.40326619148
875.629315 6.67055010796
884.261621 6.54768705368
892.62442 6.24495196342
901.198815 6.49198794365
910.120395 6.68384099007
918.532449 6.30888295174
927.292056 6.65855693817
936.291586 9999.0
944.92659 6.41778588295
953.669453 6.63784384727
962.021174 6.2612888813
970.391607 6.27885890007
979.294078 6.66707396507
988.047755 6.65362286568
996.491363 6.34262895584
1004.959542 6.36816620827
1014.18785 9999
1022.992794 6.68924379349
1031.403248 6.32150292397
1039.761578 6.25406599045
1049.078533 7.11128306389
1058.142335 9999
1066.621636 6.37303495407
1074.573918 5.84378695488
1083.465089 6.65649199486
1092.504093 9999
1101.006093 6.40129590034
1109.506628 6.38062810898
1117.868938 9999
1126.733174 6.75433015823
1135.569379 6.73411202431
1143.964756 6.26974701881
1153.138225 6.9532558918
1161.620044 6.37892913818
1170.379272 6.65318489075
1178.489266 6.01749920845
1187.636071 9999
1196.471955 6.73484396935
1204.993727 6.411454916
1213.133777 9999.0
1221.69726 6.32022190094
1230.738053 9999
1239.439687 9999
1248.322639 6.79494285583
1257.094576 9999
1265.320229 6.147605896
1273.720253 6.27588200569
1282.11726 6.28175401688
1291.25294 9999
1299.72497 6.34791398048
1307.764774 5.9488120079
1316.287733 6.42618584633
1324.812569 6.34386992455
1333.958061 7.04935097694
1342.45211 9999
1350.862398 6.32831907272
1360.615901 9999
1369.525858 6.79018306732
1378.044896 6.39042282104
1387.189301 7.00171494484
1395.789105 6.3579480648
1403.986814 9999
1413.070065 9999
1422.098215 9999.0
1431.056198 6.68560314178
1440.176039 6.97960519791
1448.608523 6.30912995338
1457.031302 6.32307600975
1465.916366 6.62927913666
1474.656356 6.64839291573
1483.053519 6.28930306435
1492.090523 9999.0
1501.162067 6.83474397659
1509.72399 6.46499800682
1517.782255 5.95830893517
1526.891712 6.99372005463
1535.835111 6.71977686882
1545.362707 7.45359301567
1554.023567 9999
1562.40151 6.25646495819
1571.154072 6.50762605667
1579.563359 6.31474113464
1587.968421 6.31083607674
1596.210366 6.12192606926
1604.505992 6.03287601471
1613.242428 6.64555716515
1621.436667 6.07849192619
1630.36068 6.81410884857
1638.443812 5.85116004944
1647.245536 6.69926095009
1656.36701 6.98683691025
1665.098938 6.64518094063
1674.086916 6.75155496597
1682.186931 5.98100614548
1690.671852 6.36744308472
1699.190924 6.40864491463
1708.487105 7.09982204437
1716.56349 5.97878789902
1725.295343 6.6422059536
1733.986956 6.60066103935
1742.483403 6.24361014366
1750.85403 6.27420210838
1759.421618 6.41194987297
1768.049136 9999.0
1776.558463 6.24811506271
1785.478892 6.81211590767
1794.352471 6.77253293991
1802.848972 6.40764093399
1812.084087 6.9879181385
1820.065234 5.84895706177
1828.522541 6.33097100258
1837.172538 6.54853987694
1846.276842 9999
1855.117691 6.7280831337
1863.960319 6.74315094948
1872.723621 6.65277886391
1881.664662 6.72830319405
1890.298522 9999
1899.177678 6.75759220123
1907.237741 5.91181015968
1916.111576 6.65245509148
1924.464189 6.24062800407
1933.272687 6.69526100159
1942.394981 7.02396392822
1950.975804 6.36191010475
1959.699684 9999
1967.667058 5.83142995834
1976.524842 6.73762202263
1985.844469 7.07653808594
1994.445694 6.44727087021
2003.232574 6.70479297638
2011.728881 6.38067698479
2020.684154 9999
2029.436099 6.65274620056
2038.230767 6.67224502563
2045.966924 9999.0
2054.132692 5.92261481285
2063.015634 6.74530506134
2071.805608 6.67096614838
2080.53966 6.63352203369
2089.542006 6.76778197289
2098.33284 6.66494584084
2106.804829 6.35637712479
2114.852215 5.92991900444
2123.425711 6.36854100227
2132.450829 6.92593193054
2140.925042 6.35124802589
2148.961772 5.91846609116
2157.952578 9999
2165.950188 5.8661210537
2173.954609 5.9042429924
2182.835691 6.76987099648
2191.373645 6.28736495972
2200.28794 6.79766011238
2209.312759 6.85317492485
2218.027352 6.60537314415
2227.303574 7.04275894165
2236.69695 9999
2245.120528 6.30462312698
2253.884813 6.62884187698
2262.773603 6.64267086983
2271.206132 6.30951404572
2280.028739 6.71361207962
2288.772747 6.64962697029
2298.142394 7.19947600365
2306.935867 6.69881987572
2315.385687 6.3225171566
2323.800729 6.26764202118
2332.731384 6.66253709793
2341.508484 6.65483093262
2350.127438 9999
2358.948618 6.74226212502
2367.365864 6.18405985832
2376.150399 6.65272402763
2384.571973 6.32907319069
2393.362747 6.68209600449
2402.249396 6.66714692116
2410.650583 6.28976583481
2419.08079 6.32293915749
2427.820848 6.61496210098
2436.757447 6.70595216751
2445.288192 6.44038009644
2454.154108 6.7168879509
2462.69844 9999.0
2471.335083 6.39636898041
2479.414856 5.99823617935
2487.791647 6.26448202133
2495.797229 5.88050913811
2504.714069 6.65207910538
2513.478734 6.66241812706
2522.199375 6.62586402893
2530.220812 5.93397808075
2538.779454 6.31998300552
2547.614662 6.72870278358
2556.353487 6.63233494759
2564.876362 6.4096660614
2573.859654 6.7261121273
2582.250414 6.28585910797
2591.107811 6.74409604073
2599.917074 6.66905593872
2609.029056 9999
2618.133973 7.01005983353
2626.926684 6.7009601593
2636.004052 9999.0
2644.515461 6.29022192955
2653.341335 6.69806599617
2661.748485 6.2923078537
2670.078889 6.23325490952
2679.127956 6.73893117905
2688.026025 6.79846692085
2696.471252 6.33653593063
2705.498698 6.92997407913
2714.522596 6.6554350853
2722.980447 6.32796096802
2731.369831 6.26795601845
2739.909817 6.38619804382
2748.860779 6.69706487656
2757.588976 6.62419486046
2766.401953 6.72072505951
2775.381212 6.86442399025
2783.968626 6.36133408546
2792.45481 6.39252591133
2800.542282 5.9656150341
2809.407736 9999.0
2818.489976 6.87848806381
2827.345022 6.73801112175
2835.578713 6.12806391716
2844.776724 7.09115600586
2853.264126 6.2566151619
2861.718755 6.34755301476
2870.984525 7.15168404579
2879.343343 6.26764297485
2887.872486 6.31349897385
2896.649294 6.65801095963
2905.384067 6.63493108749
2913.745458 6.27060699463
2922.706927 6.73168992996
2931.54506 6.72044682503
2940.317773 6.65725708008
2948.764113 6.33239388466
2957.702445 6.70949578285
2965.761581 9999
2974.672433 9999
2982.823091 6.04338002205
2991.749723 6.65576386452
3000.472364 6.63222098351
3009.422303 6.83628797531
3018.146039 6.60973191261
3027.103554 6.69377613068
3035.481129 6.2550508976
3043.45681 5.8605132103
3052.176046 6.59288311005
3061.120955 6.62236618996
3069.112769 5.89742517471
3077.280134 6.0474550724
3086.049228 6.67263793945
3094.747207 6.36553788185
3103.429558 6.5439209938
3112.300251 9999
3121.08174 6.68868994713
3129.988695 6.6590988636
3138.069945 5.9798541069
3146.58621 6.38228607178
3155.392625 6.70799684525
3164.632027 7.00604605675
3173.512129 6.76268911362
3182.701683 7.0688328743
3190.771326 5.9536318779
3199.437385 6.42495894432
3208.201773 6.67272019386
3216.981854 6.66410589218
3225.714336 6.60169196129
3234.786173 6.8332400322
3243.559347 6.66410899162
3252.510507 9999
3260.913877 6.30481410027
3269.09217 5.93859386444
3277.793837 9999
3286.344441 6.39869308472
3294.47872 6.02745890617
3303.0003 6.26675200462
3311.154609 5.99155592918
3319.505226 6.23688316345
3328.242123 6.61103701591
3336.921919 6.43820714951
3345.564112 6.52587008476
3354.390129 6.72673797607
3362.813258 6.30393314362
3371.646499 6.63283991814
3380.169846 6.4107029438
3388.897706 6.60603404045
3397.493733 6.49441504478
3406.095794 6.3459649086
3414.708029 9999
3423.535012 6.72788596153
3433.346788 7.71431589127
3441.93071 6.35101509094
3450.78633 9999
3459.300931 6.38857483864
3468.086095 6.65480685234
3477.302955 6.96212315559
3486.061322 6.65671181679
3494.72859 6.55096006393
3503.262662 6.40432596207
3511.93936 6.41753602028
3520.853063 6.8015358448
3529.636986 6.65818595886
3538.547037 9999.0
3547.464166 6.64439797401
3556.015494 6.45833516121
3564.478039 6.36644411087
3573.005194 6.36809206009
3581.543005 6.30912089348
3589.99182 6.33161592484
3597.859348 5.75736904144
3606.669106 6.69321393967
