21.472431 0.954222285748
42.971884 0.961313009262
64.57098 0.962159740925
86.020063 0.955477702618
107.603286 0.959580111504
129.154172 0.960873413086
150.871507 0.962394702435
172.405679 0.961248528957
193.953987 0.957668864727
215.471228 0.961062157154
237.03365 0.959188950062
258.615757 0.962278461456
280.218116 0.956700825691
301.731822 0.961520302296
323.247736 0.956553936005
344.846999 0.965486633778
366.463234 0.957071244717
387.879475 0.957431399822
409.58127 0.964317822456
431.082144 0.960878610611
452.778394 0.960513675213
474.247084 0.959789264202
495.862982 0.961237990856
517.376367 0.961111450195
539.044221 0.962199366093
560.442702 0.955040192604
582.041049 0.959370291233
603.524359 0.960749328136
625.190518 0.958924651146
646.722423 0.962579786777
668.309511 0.960142540932
689.822681 0.9620885849
711.453987 0.955831003189
732.971332 0.962307775021
754.503976 0.956869578362
776.035661 0.962650346756
797.684973 0.958081197739
819.204562 0.962438213825
840.751621 0.957309007645
862.283713 0.963033795357
884.003212 0.961081421375
905.483302 0.958834981918
927.066379 0.959220063686
948.464808 0.955908000469
970.131126 0.960595309734
991.646969 0.960828244686
1013.350215 0.96445068121
1034.763126 0.957546579838
1056.481322 0.959088945389
1077.994612 0.96132850647
1099.697198 0.964700329304
1121.263425 0.964323198795
1142.829995 0.957970607281
1164.258797 0.957202255726
1185.891874 0.959810292721
1207.374966 0.960368287563
1228.961814 0.959478843212
1250.607944 0.967945945263
1272.207186 0.960395050049
1293.607578 0.957012927532
1315.259134 0.962139892578
1336.72433 0.959366631508
1358.357586 0.960461640358
1379.940855 0.964557409286
1401.587284 0.962654817104
1423.053807 0.959706628323
1444.603328 0.957085955143
1466.134614 0.962912428379
1487.805443 0.962951886654
1509.283876 0.95972827673
1530.883796 0.959964179993
1552.318792 0.955991148949
1573.898977 0.958549213409
1595.334414 0.957257986069
1617.030797 0.964835214615
1638.564148 0.961559140682
1660.131002 0.958382296562
1681.563638 0.957569384575
1703.232472 0.961798870564
1724.680576 0.958287751675
1746.398428 0.965254509449
1767.859796 0.957615029812
1789.410792 0.95742610693
1810.892264 0.960527169704
1832.492172 0.957741820812
1854.044439 0.964374804497
1875.690849 0.96238950491
1897.206999 0.961629474163
1918.776616 0.957637059689
1940.207192 0.956927895546
1961.891977 0.962993168831
1983.34223 0.958726882935
2004.937083 0.960371899605
2026.471192 0.963175106049
2048.171317 0.964874148369
2069.589827 0.9556899786
2091.218697 0.961525726318
2112.604881 0.956647098064
2134.235253 0.961040353775
2155.784935 0.962313222885
2177.419227 0.958647739887
2198.916058 0.960836219788
2220.5661 0.959727060795
2242.148316 0.964122891426
2263.801766 0.962155151367
2285.26369 0.959275710583
2306.950345 0.962726187706
2328.379031 0.958368253708
2349.980243 0.957473599911
2371.463555 0.960253024101
2393.19627 0.963295567036
2414.597883 0.956252765656
2436.129633 0.956264841557
2457.592044 0.959735441208
2479.210971 0.95990229845
2500.778432 0.963978219032
2522.407552 0.958856666088
2543.957468 0.964152526855
2565.672869 0.963747787476
2587.156229 0.960173511505
2608.926229 0.964758610725
2630.407557 0.960465884209
2651.988275 0.955146098137
2673.473144 0.960065829754
2695.136362 0.96025955677
2716.552707 0.956092226505
2738.23566 0.962016177177
2759.702359 0.959388899803
2781.367794 0.960597300529
2802.838279 0.958860683441
2824.519231 0.963563787937
2845.951578 0.956885325909
2867.548893 0.955852782726
2889.034356 0.960127258301
2910.84808 0.966461980343
2932.346521 0.958745574951
2954.046715 0.960879349709
2975.37993 0.953463721275
2997.031706 0.960292994976
3018.48091 0.959276127815
3040.161034 0.961752569675
3061.695251 0.96158901453
3083.276644 0.956652963161
3104.695743 0.957603013515
3126.295415 0.958773553371
3147.824377 0.962649142742
3169.407335 0.957218241692
3190.926498 0.963165009022
3212.540093 0.957388114929
3233.989193 0.958476293087
3255.625981 0.959177553654
3277.042025 0.957076084614
3298.638662 0.958460998535
3320.156023 0.961318933964
3341.803366 0.959888553619
3363.318733 0.96076695919
3384.985149 0.960382986069
3406.535255 0.963814043999
3428.151371 0.958515286446
3449.634146 0.958902227879
3471.267863 0.958877587318
3492.752438 0.959049379826
3514.435235 0.961589539051
3535.919061 0.960498273373
3557.530595 0.958771359921
3579.066694 0.962188434601
3600.713004 0.960505414009
