8.345061 6.32361793518
17.168423 6.74628710747
25.025934 5.75241398811
33.839113 6.72898697853
42.625369 6.57573008537
50.952651 6.24628806114
59.764862 6.73917984962
68.238452 6.32696485519
76.797566 6.35433197021
85.127451 6.26025795937
93.803627 6.53887081146
102.899025 9999.0
110.891068 5.77500009537
119.296457 6.28976917267
128.234462 6.77340817451
136.662674 6.32973384857
145.563702 6.64401197433
154.177554 9999
163.263844 6.97554278374
172.362636 6.99615216255
181.294204 6.7015619278
189.811769 6.41750597954
198.405495 6.45670294762
207.246003 6.72805404663
216.130258 6.65378499031
224.614071 6.38927602768
233.533481 6.81993794441
242.346158 6.7112660408
250.551414 9999
259.442776 6.779722929
267.939998 6.39903402328
276.403583 9999.0
285.613909 6.99180603027
294.525925 6.77775883675
303.3796 6.73531794548
311.717713 6.24638700485
320.634596 6.67653918266
328.937176 6.2029311657
337.815436 6.73830199242
346.588876 6.66194486618
355.435514 6.62309098244
364.202982 6.66039395332
373.265259 6.94372200966
382.217266 9999.0
390.858255 6.39999103546
399.607538 6.66214799881
408.102581 6.39734911919
416.549566 6.34624195099
425.415521 6.54129695892
433.460282 5.95235991478
442.278383 6.70890188217
450.247198 5.85191297531
459.088634 6.63078379631
467.954896 6.74009108543
476.606104 6.5283370018
485.344825 6.63517999649
494.194269 6.61850619316
502.194219 5.87073993683
511.486846 7.16415309906
520.266691 6.66833400726
529.182599 6.67179584503
537.950758 6.66603302956
546.448323 6.36461782455
555.085911 6.54533410072
563.997472 6.69506597519
571.960423 5.8495259285
579.978316 5.90409708023
588.011482 5.91799402237
596.885264 6.64807581902
605.337549 6.33483219147
614.441428 6.98868203163
622.865923 6.32829904556
631.734947 6.64115214348
640.074335 6.23887205124
648.458553 6.26522016525
656.954935 6.37326383591
665.386477 6.19777703285
674.140802 6.66109204292
682.474877 6.22137188911
690.856887 6.26358509064
699.809422 6.69689679146
708.55073 6.63405299187
717.014051 6.34748601913
725.399243 6.259953022
734.022865 6.3783390522
742.940768 9999
750.943535 5.86656785011
759.715417 6.65179896355
768.311766 6.350440979
777.091163 6.67680501938
785.744732 9999
794.498842 6.65670800209
802.619586 5.88306903839
811.369946 6.63888788223
820.47597 6.99794197083
829.159168 6.5736811161
837.63254 6.22797203064
846.618209 9999
855.484229 6.74314904213
864.00891 6.40664505959
872.598034 6.33798694611
881.335632 6.64088702202
890.079278 9999
898.446079 6.25201010704
907.322571 6.63283991814
915.284573 5.81750583649
924.125908 6.71126294136
933.462119 9999.0
942.331683 6.63826394081
950.319878 5.8794670105
959.034546 6.60834002495
967.859996 6.70307803154
976.723082 6.62563300133
985.635353 6.7803850174
994.208428 9999
1002.601357 6.28193998337
1011.038943 6.23367905617
1019.272339 9999
1028.098187 6.70949697495
1036.425661 6.22390389442
1045.330869 6.66195392609
1054.306876 9999
1063.402937 6.99418401718
1072.297562 6.79762911797
1081.819974 9999
1090.222351 6.30396819115
1098.714639 6.36980295181
1107.097865 6.25835514069
1115.919937 6.6077170372
1124.780202 6.758934021
1134.043361 9999
1142.82548 6.65711188316
1151.47398 6.40850520134
1159.336222 5.74832105637
1167.740431 6.25517892838
1176.744177 6.8850171566
1185.681526 6.69375491142
1194.241064 6.43395185471
1202.696632 6.33340382576
1211.177653 6.33405184746
1220.105317 6.68210196495
1228.51919 6.28859901428
1237.026955 6.39341783524
1246.086471 9999.0
1254.965588 6.64616703987
1263.034721 9999
1272.298213 7.12521600723
1281.066907 6.64911293983
1289.938472 6.63137817383
1298.703106 6.63667702675
1307.91497 7.0805079937
1316.234562 6.21880793571
1325.335835 9999
1333.776841 6.30823707581
1342.253708 6.35341000557
1350.760561 6.39006090164
1359.384715 9999
1367.743338 9999
1375.823984 5.97292995453
1384.469148 6.55471301079
1393.092345 6.34662389755
1402.523909 9999
1411.062574 6.43362402916
1419.714692 6.61704015732
1428.046748 6.0823328495
1436.528371 6.36798810959
1444.935061 6.28514480591
1453.769635 6.73427891731
1462.739456 6.73362398148
1471.911844 7.05817699432
1480.331664 6.2868950367
1489.113905 6.66689109802
1498.057266 6.65580487251
1506.261163 6.04669189453
1514.679954 6.30234408379
1523.413934 9999.0
1532.05182 6.38350391388
1540.739858 6.55100917816
1549.632644 6.76653695107
1558.046871 6.27703905106
1566.565354 6.24835801125
1575.150378 9999
1584.04149 9999
1592.470662 6.31882619858
1601.184563 9999
1610.500448 7.2031109333
1618.989684 6.35034584999
1626.903455 5.81110906601
1636.076093 9999
1644.070027 5.8993461132
1652.569211 6.38700699806
1661.348385 6.66894483566
1670.029277 6.42151713371
1678.317181 6.20086216927
1687.120765 6.70238113403
1695.894252 6.6368689537
1704.84659 6.68225312233
1713.235823 6.2834148407
1721.618399 6.22903680801
1730.385111 6.66077494621
1738.623734 9999
1747.31334 9999
1756.302636 6.88500094414
1764.736768 6.32423496246
1773.789271 6.76860117912
1781.816435 5.92704200745
1790.582376 6.65666413307
1799.423991 6.70226502419
1808.033636 6.3651509285
1816.345471 6.21955895424
1824.730193 6.30823016167
1833.179131 6.33632016182
1842.200253 6.76796007156
1851.066644 6.73398709297
1859.542115 6.3589220047
1868.12569 9999.0
1877.02121 6.61896800995
1886.193177 7.04733800888
1895.013042 6.71171307564
1904.365122 9999.0
1913.224961 6.62603592873
1921.69481 6.35917210579
1930.573047 6.74791502953
1939.01399 6.32975506783
1948.066596 6.78589296341
1956.505174 6.31219100952
1964.908129 6.29058909416
1973.413362 6.37394595146
1982.375106 6.7144370079
1991.32602 6.84623503685
2000.181939 6.73177599907
2008.222906 5.92780399323
2016.798544 6.33498215675
2025.199773 6.28412604332
2033.258524 5.93116784096
2041.776353 6.39950108528
2051.312692 9999
2060.142451 6.71880602837
2069.05427 6.77887010574
2077.711612 6.53100681305
2086.291173 6.33178019524
2094.764388 6.34265398979
2103.650901 9999
2112.760678 6.97722697258
2121.640113 6.62743401527
2129.810192 9999
2138.543022 6.62302184105
2146.759513 6.08792281151
2155.330699 6.41879701614
2163.661027 6.24343419075
2171.882866 6.07576298714
2180.775539 6.76123809814
2189.331401 6.31579089165
2197.712114 6.27252388
2206.442914 6.61887812614
2215.36107 9999.0
2223.953901 6.39194202423
2232.537733 6.48271894455
2241.418761 6.75981020927
2250.21468 6.65417480469
2258.885619 6.4355301857
2267.672821 6.66879105568
2276.050739 6.24384903908
2284.3516 6.20159506798
2293.236011 6.63337421417
2301.724362 9999
2310.068146 6.21255397797
2318.489036 6.29294800758
2327.313166 6.56342101097
2335.676138 6.25261497498
2344.443607 6.63648295403
2352.898815 6.3348531723
2361.87146 6.72326803207
2370.832962 6.85104990005
2379.473679 6.5338280201
2388.426912 6.86743998528
2396.602818 5.90357089043
2405.342658 6.6305668354
2413.319172 5.81304311752
2421.692503 6.2346599102
2430.950015 9999
2440.048323 7.01127004623
2448.509908 6.33047914505
2456.855455 6.24065899849
2465.467446 6.31916189194
2474.236268 6.63301110268
2482.974932 6.61343288422
2491.712282 6.64718008041
2500.602396 6.64454817772
2509.39174 6.67626309395
2518.134714 6.64397406578
2527.412383 7.15726494789
2536.491006 6.89744305611
2545.014978 6.48274707794
2553.386033 6.25144195557
2561.887735 6.38186502457
2570.931395 6.77374792099
2579.382349 6.35314893723
2587.850717 6.34976816177
2596.952147 6.98741817474
2605.515905 6.33633494377
2613.976344 6.33486795425
2622.450731 6.34228491783
2630.955831 6.39268302917
2639.811648 6.59169816971
2648.321337 6.34593200684
2656.415852 5.96833395958
2665.287655 6.76615405083
2674.206288 6.63113498688
2682.564199 6.24205899239
2691.153658 6.49341702461
2700.323171 7.01883006096
2708.853763 6.28702282906
2717.316102 6.33722805977
2726.25697 6.82695388794
2734.987515 6.61711788177
2744.062733 9999
2752.612981 9999
2761.674487 6.92339396477
2770.071456 6.27654194832
2779.158796 6.82738900185
2787.729821 6.45215296745
2796.377458 6.55086803436
2804.404787 5.90131402016
2813.442349 6.77434682846
2821.573255 6.01780986786
2829.979363 6.26228404045
2838.514011 9999.0
2847.059413 6.29147100449
2855.908441 6.73491716385
2864.37777 6.34794378281
2872.953133 6.48304319382
2881.094168 5.89527511597
2889.556969 6.34562301636
2898.667186 6.98522496223
2907.503732 9999.0
2916.444259 6.6480140686
2924.355584 5.81382083893
2933.11154 6.62841391563
2941.954146 6.72874999046
2950.727863 6.54762291908
2959.628776 6.7798230648
2968.37409 6.61211895943
2977.220971 6.69482803345
2985.685166 6.26240611076
2994.163725 6.34771299362
3003.322633 7.0362200737
3012.084536 6.64767599106
3021.057518 6.70675492287
3029.85057 6.65690684319
3038.24668 6.27820706367
3046.998071 6.63577890396
3055.356317 6.10904192924
3064.27342 6.80020403862
3073.02317 9999
3081.418983 6.29681110382
3090.781631 9999
3099.701236 6.81226396561
3108.345105 9999
3116.966179 6.51694488525
3125.247223 6.0590569973
3133.667614 6.31231594086
3141.615024 5.79981088638
3150.016279 6.26853704453
3158.768617 6.50785207748
3167.297277 6.33864617348
3175.450496 6.01526284218
3184.181093 6.65166497231
3192.704509 6.32955503464
3201.498624 6.66950511932
3209.855121 6.23561501503
3218.163328 6.19739818573
3226.709652 6.28938794136
3235.43556 6.60450005531
3243.67879 6.10576915741
3251.67108 5.87572312355
3259.787783 5.83574509621
3268.937549 7.04997801781
3277.754104 6.65739202499
3286.3455 6.48145508766
3295.259531 6.68081092834
3303.097543 5.73544216156
3311.920894 6.68472886086
3319.936254 5.89768099785
3328.124762 9999
3336.609402 9999
3345.016511 6.25004005432
3353.059901 5.92863893509
3361.977515 6.63912892342
3370.796946 6.67789196968
3379.876011 6.94679498672
3388.341334 6.33818507195
3397.539778 9999
3406.792781 7.1101539135
3415.649548 6.70736503601
3424.086688 6.32574892044
3432.778695 6.41766881943
3440.840237 5.91353583336
3449.703362 6.7445371151
3458.091922 6.25508093834
3466.785953 6.38194990158
3475.675678 9999
3484.620166 6.82883810997
3493.084448 6.32279014587
3502.016537 6.64523887634
3509.974479 5.84036207199
3518.403212 6.30467104912
3527.219031 6.69784784317
3536.334722 6.87447190285
3544.450084 6.00162005424
3553.442493 9999
3562.523852 6.94114899635
3570.99112 6.23486304283
3579.431309 6.31124901772
3587.480675 5.92335486412
3596.541558 9999.0
3605.18153 6.39222884178
