2.078347 9999
4.017665 9999
5.920472 0.0970661640167
7.757152 0.0847280025482
9.563421 0.0587351322174
11.393287 0.0618898868561
13.220556 0.0662260055542
15.032176 0.0657460689545
16.817908 0.0879380702972
18.61968 0.0620939731598
20.455565 0.0654850006104
22.281779 0.064404964447
24.097809 0.0648131370544
25.926323 0.0542030334473
27.768427 0.06063580513
29.58514 0.0615379810333
31.401796 0.0633301734924
33.330203 0.0651369094849
35.164989 0.0620110034943
37.008841 0.0705630779266
38.855032 0.058422088623
40.67346 0.0623741149902
42.512885 0.0667128562927
44.325438 0.0577149391174
46.149273 0.0664467811584
48.233515 0.0761530399323
50.074384 0.0662848949432
51.899491 0.0675251483917
53.744368 0.0657858848572
55.585001 0.0659630298615
57.416282 0.0564250946045
59.186581 0.0728871822357
61.027965 0.0654289722443
62.829515 0.0665919780731
64.929359 0.0602698326111
66.738751 0.0637769699097
68.540577 0.0572559833527
70.351706 0.0658309459686
72.164502 0.06574010849
73.9409 0.063775062561
75.737934 0.0634660720825
77.549649 0.0643181800842
79.377061 0.0692989826202
81.197541 0.0617399215698
83.009448 0.0617640018463
84.843643 0.0758068561554
86.718599 0.0618731975555
88.545402 0.0683908462524
90.382169 0.0631010532379
92.205443 0.0680899620056
94.026783 0.0651230812073
95.996136 0.0664730072021
97.807129 0.0659000873566
99.63339 0.0681838989258
101.456438 0.0653948783875
103.355169 0.0681660175323
105.152378 0.0645320415497
106.949488 0.0654098987579
108.759598 0.0661911964417
110.577649 0.0679450035095
112.403708 0.0619909763336
114.222812 0.0653359889984
116.032602 0.0621988773346
117.885837 0.0699119567871
119.733664 0.0668740272522
121.595067 0.0676219463348
123.438818 0.0632629394531
125.291553 0.060348033905
127.245164 0.0685801506042
129.069189 0.0647940635681
130.87033 0.067752122879
132.67274 0.0569651126862
134.50605 0.0685679912567
136.311729 0.0712540149689
138.128245 0.0614788532257
139.935961 0.0619819164276
141.763817 0.0668349266052
143.562393 0.0612061023712
145.392369 0.0701081752777
147.217682 0.0696830749512
149.055804 0.0614120960236
150.872975 0.0605199337006
152.695409 0.0651481151581
154.509174 0.0665309429169
156.321349 0.0640811920166
158.277369 0.0661180019379
160.07712 0.0647878646851
161.904761 0.0637581348419
163.740871 0.0623049736023
165.590396 0.0689840316772
167.467855 0.0656390190125
169.281171 0.0672330856323
171.130688 0.0555009841919
172.963722 0.0644688606262
174.81195 0.06427693367
176.633326 0.0629239082336
178.48597 0.0683650970459
180.323401 0.0686349868774
182.149244 0.0688099861145
184.039689 0.0663571357727
185.867078 0.0692791938782
187.713505 0.0685219764709
189.70552 0.068158864975
191.537557 0.062833070755
193.375627 0.0669629573822
195.191163 0.0564107894897
197.021778 0.0602309703827
199.077206 0.0691740512848
200.951341 0.0669419765472
202.789388 0.061644077301
204.609929 0.0572819709778
206.448674 0.0681350231171
208.285455 0.0683381557465
210.105648 0.0593838691711
211.950761 0.0636711120605
213.822894 0.0647468566895
215.674225 0.0684030056
217.504669 0.0614280700684
219.344337 0.0650010108948
221.296577 0.061527967453
223.148462 0.0666189193726
224.980264 0.0633418560028
226.83773 0.0624561309814
228.696236 0.0665578842163
230.522933 0.0602648258209
232.3398 0.0634369850159
234.188649 0.0653610229492
236.03318 0.0611469745636
237.848353 0.0666840076447
239.699802 0.0672748088837
241.543366 0.0643630027771
243.368944 0.0667259693146
245.206998 0.0685150623322
247.015673 0.0646839141846
248.820544 0.0583279132843
250.664763 0.0587470531464
252.608152 0.0622301101685
254.417915 0.0605120658875
256.232749 0.0590829849243
258.069584 0.0648310184479
259.910638 0.0695221424103
261.741854 0.0668079853058
263.564722 0.0680868625641
265.399335 0.0635449886322
267.236003 0.061683177948
269.094045 0.0645399093628
270.92094 0.0687890052795
272.770351 0.0667159557343
274.593094 0.0638780593872
276.396151 0.0594580173492
278.256388 0.0577349662781
280.062972 0.0635440349579
281.888738 0.0622711181641
283.88062 0.0593769550323
285.696639 0.0667419433594
287.514104 0.0621449947357
289.338174 0.0628190040588
291.185877 0.063807964325
293.02356 0.0657389163971
294.85146 0.0682170391083
296.692459 0.0647299289703
298.544871 0.0671019554138
300.396608 0.0691249370575
302.243659 0.0702469348907
304.148805 0.0653278827667
305.983743 0.0608689785004
307.821423 0.0669219493866
309.645631 0.0677111148834
311.491865 0.0625200271606
313.326151 0.0660760402679
315.32616 0.0834457874298
317.145837 0.0627028942108
318.955042 0.0616700649261
320.793969 0.0680048465729
322.589245 0.0602998733521
324.455535 0.059121131897
326.286869 0.0657851696014
328.117521 0.0617070198059
329.935551 0.0654110908508
331.795786 0.0641729831696
333.608033 0.0627281665802
335.429059 0.0609200000763
337.264466 0.0737421512604
339.103926 0.0659558773041
340.9493 0.0638711452484
342.787333 0.0643799304962
344.61264 0.0670359134674
346.600689 0.0598599910736
348.430018 0.0602090358734
350.241691 0.0656931400299
352.071916 0.0611159801483
353.903363 0.0622220039368
355.737028 0.0682299137115
357.594727 0.0636801719666
359.411359 0.0666868686676
361.234102 0.0612330436707
363.030346 0.0644421577454
364.839511 0.0679581165314
366.665606 0.0650999546051
368.504602 0.0636811256409
370.33201 0.0592308044434
372.168153 0.0627720355988
374.013858 0.0655128955841
375.847721 0.0625967979431
377.862859 0.063549041748
379.700316 0.0643358230591
381.521709 0.0651650428772
383.360627 0.0679650306702
385.19208 0.0606908798218
387.020721 0.066929101944
388.868966 0.068675994873
390.69527 0.0673179626465
392.506367 0.0675790309906
394.318453 0.0686671733856
396.138602 0.0660319328308
397.939757 0.0643491744995
399.775034 0.0609600543976
401.600719 0.0672030448914
403.423849 0.0643398761749
405.225708 0.0673658847809
407.024019 0.0542950630188
409.065598 0.0596158504486
410.898648 0.0634980201721
412.72195 0.0620450973511
414.537179 0.0559668540955
416.38802 0.0674510002136
418.235323 0.0687918663025
420.075757 0.0612840652466
421.904716 0.0658619403839
423.728046 0.0649838447571
425.599629 0.0635190010071
427.423077 0.0650591850281
429.274137 0.0648200511932
431.083315 0.0638329982758
432.922065 0.0583748817444
434.780812 0.0633058547974
436.629235 0.0677161216736
438.453247 0.0666329860687
440.478765 0.0637900829315
442.288811 0.0616509914398
444.091272 0.060075044632
445.895372 0.0604150295258
447.701938 0.0597069263458
449.513654 0.0757489204407
451.337768 0.0621690750122
453.153649 0.0655858516693
454.97976 0.0603749752045
456.797786 0.0627179145813
458.610467 0.0628681182861
460.411737 0.0620579719543
462.224545 0.054615020752
464.055908 0.0606520175934
465.849288 0.0669770240784
467.638194 0.0671241283417
469.4547 0.0693759918213
471.729329 0.057911157608
473.533279 0.0591020584106
475.323145 0.0590970516205
477.150222 0.058422088623
478.968042 0.0678260326385
480.830896 0.0602910518646
482.677238 0.0668909549713
484.533711 0.0664749145508
486.380174 0.0637500286102
488.178098 0.0641000270844
490.040611 0.0575180053711
491.889194 0.0678589344025
493.697412 0.063127040863
495.513466 0.0693781375885
497.328926 0.0591759681702
499.137432 0.0652101039886
500.972778 0.0668449401855
503.023701 0.0648629665375
504.921693 0.0771679878235
506.768087 0.0653841495514
508.606576 0.0591070652008
510.464991 0.0674560070038
512.273976 0.062609910965
514.123297 0.0652499198914
515.983598 0.062735080719
517.835146 0.0671589374542
519.626192 0.0567381381989
521.459449 0.0681838989258
523.307051 0.0665469169617
525.128114 0.0669701099396
526.973837 0.064001083374
528.797422 0.0607039928436
530.627506 0.060065984726
532.436263 0.0518369674683
534.450231 0.0638618469238
536.284103 0.0609049797058
538.109816 0.0639619827271
540.010437 0.0692250728607
541.859759 0.0673398971558
543.727931 0.0687041282654
545.598168 0.0752310752869
547.449262 0.0673170089722
549.293927 0.0624370574951
551.132375 0.0670130252838
552.954614 0.063127040863
554.793589 0.0583691596985
556.642957 0.0675828456879
558.474146 0.0659019947052
560.613363 0.0679841041565
562.45339 0.0612108707428
564.321586 0.0667200088501
566.311682 0.0631589889526
568.134343 0.0623121261597
570.310152 0.0613279342651
572.129322 0.0618379116058
573.911648 0.0605621337891
575.755776 0.0571458339691
577.570513 0.0668399333954
579.394216 0.0663049221039
581.217304 0.0548660755157
583.030491 0.0591521263123
584.868517 0.0680909156799
586.698709 0.0612909793854
588.51586 0.0703020095825
590.3599 0.0644800662994
592.171916 0.0637941360474
593.995595 0.0613210201263
595.833944 0.0659439563751
597.801022 0.0600039958954
599.669372 0.0619568824768
601.520724 0.0669929981232
603.347869 0.0593459606171
605.181121 0.0661890506744
607.022149 0.0611250400543
608.86619 0.0665881633759
610.701889 0.0666680335999
612.497159 0.060564994812
614.30129 0.0668170452118
616.114753 0.0672190189362
617.984812 0.0675239562988
619.804839 0.061007976532
621.636572 0.0618958473206
623.489271 0.0624508857727
625.328925 0.0638799667358
627.165512 0.0627491474152
629.167016 0.0645279884338
630.980357 0.0597598552704
632.815875 0.0654881000519
634.629037 0.0668139457703
636.441975 0.0686008930206
638.238597 0.0631918907166
640.087351 0.0645389556885
641.911855 0.0624680519104
643.760487 0.0571758747101
645.61036 0.0675840377808
647.429891 0.065988779068
649.272163 0.0629160404205
651.097742 0.0683181285858
652.915493 0.0652158260345
654.747674 0.0606660842896
656.61213 0.0638530254364
658.42525 0.0667901039124
660.452894 0.0627901554108
662.274041 0.0744600296021
664.103526 0.0675580501556
665.951948 0.0691859722137
667.771916 0.0638031959534
669.607498 0.061998128891
671.421328 0.0597670078278
673.237083 0.0631041526794
675.051807 0.0597591400146
676.873612 0.0695278644562
678.705017 0.0622668266296
680.527627 0.0644249916077
682.339647 0.0626950263977
684.187387 0.0652501583099
686.014551 0.0673658847809
687.833197 0.0623519420624
689.659511 0.0676410198212
691.651247 0.0566821098328
693.475576 0.0662739276886
695.300083 0.064218044281
697.088834 0.0672998428345
698.914217 0.0645170211792
700.855863 0.065840959549
702.690766 0.0630388259888
704.525451 0.0610899925232
706.316243 0.0656840801239
708.137435 0.0615179538727
709.975963 0.0613210201263
711.832933 0.0630729198456
713.657811 0.0637509822845
715.553347 0.0656950473785
717.394212 0.0659711360931
719.228461 0.0670688152313
721.04997 0.0630669593811
723.08094 0.0670449733734
724.884985 0.058210849762
726.697457 0.061870098114
728.494032 0.0689651966095
730.325466 0.0627229213715
732.165271 0.0644040107727
734.015419 0.0677552223206
735.87094 0.0618419647217
737.721398 0.0687298774719
739.577592 0.0626440048218
741.421515 0.0685548782349
743.276282 0.0672841072083
745.107928 0.0613780021667
746.94339 0.0625050067902
748.772838 0.0671770572662
750.584614 0.0530209541321
752.435925 0.0673151016235
754.434327 0.0609328746796
756.247985 0.0670680999756
758.06271 0.065181016922
759.910668 0.0649349689484
761.74448 0.0543971061707
763.569018 0.0668840408325
765.395258 0.0672750473022
767.224865 0.0611789226532
769.066509 0.068589925766
770.923505 0.0652470588684
772.771441 0.063994884491
774.609641 0.0687830448151
776.459461 0.0677738189697
778.285103 0.0611147880554
780.103368 0.0641400814056
781.942284 0.0595440864563
783.773111 0.0608479976654
785.752261 0.0613970756531
787.581232 0.0650229454041
789.40455 0.0665929317474
791.226186 0.0587110519409
793.085599 0.061066865921
794.923723 0.0676939487457
796.75169 0.0620517730713
798.587884 0.0692870616913
800.421202 0.0565969944
802.223055 0.0613751411438
804.041384 0.0642430782318
805.918615 0.0641090869904
807.749921 0.0595421791077
809.566667 0.0678648948669
811.3728 0.0622129440308
813.214991 0.0658929347992
815.061871 0.0666568279266
817.087527 0.0646162033081
818.89947 0.0612368583679
820.736811 0.0546400547028
822.597287 0.0613799095154
824.421093 0.060427904129
826.292925 0.0672969818115
828.125923 0.0566790103912
829.964098 0.0644481182098
831.837729 0.0658891201019
833.689955 0.0664010047913
835.508923 0.066419839859
837.356786 0.0640308856964
839.158928 0.0673611164093
841.018577 0.0662560462952
842.866801 0.0588231086731
844.714069 0.0667037963867
846.560933 0.0672481060028
848.580579 0.0683670043945
850.438791 0.0581841468811
852.261531 0.0683701038361
854.104304 0.0606789588928
855.959958 0.0662770271301
857.805365 0.0668489933014
859.628106 0.0613579750061
861.511718 0.0666859149933
863.315874 0.0581679344177
865.136298 0.0570750236511
866.974616 0.0668439865112
868.82749 0.0613629817963
870.670813 0.0592241287231
872.480616 0.0539581775665
874.345021 0.0708210468292
876.212135 0.0650629997253
878.038172 0.064150094986
880.041143 0.0659191608429
881.878681 0.0679371356964
883.701439 0.066125869751
885.522313 0.0605618953705
887.348483 0.0577521324158
889.169557 0.0614528656006
890.997503 0.0675599575043
892.822535 0.0662479400635
894.642811 0.0642650127411
896.442874 0.0651650428772
898.255261 0.0562732219696
900.066747 0.0656189918518
901.908729 0.0685269832611
903.746891 0.0693190097809
905.564054 0.0633769035339
907.410056 0.0623199939728
909.26032 0.0664629936218
911.321115 0.062894821167
913.169265 0.0653948783875
914.974217 0.0685241222382
916.819668 0.0661969184875
918.654616 0.0598700046539
920.477388 0.0638380050659
922.287632 0.0633199214935
924.11358 0.0598618984222
925.966315 0.0678341388702
927.803197 0.0677800178528
929.6527 0.0692369937897
931.629145 0.0592548847198
933.465042 0.0656747817993
935.28828 0.0598390102386
937.121274 0.0647480487823
938.925633 0.0599160194397
940.734352 0.0619029998779
942.799754 0.0766229629517
944.629048 0.0678579807281
946.670244 0.0643990039825
948.483672 0.0630900859833
950.338685 0.0707030296326
952.173111 0.0659959316254
954.030293 0.062402009964
955.842563 0.0610752105713
957.658154 0.0672810077667
959.478816 0.0577971935272
961.330529 0.0668330192566
963.163006 0.0646941661835
965.026149 0.0687899589539
966.893491 0.0636270046234
968.756754 0.0676860809326
970.567176 0.0668749809265
972.401502 0.0624639987946
974.467081 0.0669589042664
976.316457 0.0629000663757
978.155005 0.0692141056061
979.987904 0.0669479370117
981.815815 0.061203956604
983.647832 0.0645298957825
985.461877 0.0662841796875
987.30662 0.0628409385681
989.136941 0.066890001297
990.99294 0.0668680667877
992.833035 0.0665979385376
994.662952 0.0640618801117
996.521529 0.0731461048126
998.360873 0.0620911121368
1000.181257 0.0616838932037
1002.007609 0.0646770000458
1003.82431 0.0678160190582
1005.860188 0.0677950382233
1007.70932 0.0592489242554
1009.53325 0.0584359169006
1011.365738 0.0618579387665
1013.203925 0.0569639205933
1015.064391 0.0660860538483
1016.885188 0.0630009174347
1018.737438 0.0680401325226
1020.548281 0.0655720233917
1022.361304 0.0590100288391
1024.171651 0.060891866684
1026.032525 0.0596001148224
1027.856776 0.0658981800079
1029.695475 0.0678429603577
1031.514922 0.0615949630737
1033.32704 0.0632750988007
1035.160636 0.0615658760071
1037.219581 0.068207025528
1039.057719 0.0690820217133
1040.921751 0.0639131069183
1042.810596 0.0662000179291
1044.648628 0.0687379837036
1046.468341 0.0575051307678
1048.293779 0.0637619495392
1050.100418 0.0606670379639
1052.142212 0.0627081394196
1053.98461 0.0668241977692
1055.846661 0.0687730312347
1057.679062 0.0693519115448
1059.498963 0.0627031326294
1061.374864 0.0678429603577
1063.219568 0.0668351650238
1065.07446 0.0517740249634
1066.928628 0.067764043808
1069.052954 0.0679740905762
1070.877348 0.0655391216278
1072.724741 0.067999124527
1074.549308 0.0660350322723
1076.404387 0.0623159408569
1078.218862 0.0654339790344
1080.068422 0.0654311180115
1081.937953 0.0606272220612
1083.764794 0.0691599845886
1085.613611 0.0667109489441
1087.473705 0.0689380168915
1089.296198 0.0677239894867
1091.129207 0.0642659664154
1092.961138 0.0675201416016
1094.793416 0.0683660507202
1096.629261 0.0610649585724
1098.498011 0.0633800029755
1100.543986 0.0684659481049
1102.41039 0.0630412101746
1104.251924 0.0513591766357
1106.073773 0.0638520717621
1107.935058 0.065404176712
1109.781363 0.067538022995
1111.624463 0.0623989105225
1113.466185 0.0605869293213
1115.310222 0.063658952713
1117.12009 0.0606329441071
1118.972551 0.0683670043945
1120.795534 0.0637800693512
1122.647291 0.0668799877167
1124.484435 0.068295955658
1126.352455 0.0652480125427
1128.21016 0.0622041225433
1130.058097 0.0627110004425
1132.184728 0.0573830604553
1134.011045 0.0643258094788
1135.85593 0.0535399913788
1137.657419 0.0586681365967
1139.517183 0.0598850250244
1141.351475 0.0592391490936
1143.174811 0.0604739189148
1145.013484 0.0566489696503
1146.872392 0.0590770244598
1148.709213 0.0673868656158
1150.529034 0.0622801780701
1152.35588 0.0655281543732
1154.200095 0.060439825058
1156.049696 0.0625040531158
1157.894221 0.0829699039459
1159.77197 0.0642790794373
1161.621493 0.0665979385376
1163.725061 0.0607149600983
1165.594932 0.066880941391
1167.444941 0.0683019161224
1169.288991 0.0656399726868
1171.136097 0.0634260177612
1172.970436 0.0536670684814
1174.801291 0.0606169700623
1176.657373 0.0612421035767
1178.486894 0.0632750988007
1180.329183 0.0562109947205
1182.167849 0.0669529438019
1183.999828 0.0668451786041
1185.836009 0.0599298477173
1187.674798 0.06760597229
1189.506583 0.0665791034698
1191.363751 0.0713410377502
1193.179945 0.0658180713654
1195.146802 0.0644421577454
1196.973817 0.0655269622803
1198.823267 0.0676281452179
1200.629008 0.0659899711609
1202.46801 0.066321849823
1204.304091 0.0663979053497
1206.147854 0.0606770515442
1207.986162 0.0617589950562
1209.846932 0.064982175827
1211.648871 0.0598959922791
1213.463504 0.0673770904541
1215.29808 0.0603828430176
1217.144748 0.0676960945129
1218.990927 0.0630548000336
1220.842721 0.0611381530762
1222.677282 0.0619471073151
1224.540315 0.0685729980469
1226.590494 0.0646140575409
1228.40875 0.067962884903
1230.256439 0.0625650882721
1232.092387 0.0642290115356
1233.885736 0.0651559829712
1235.707211 0.0642969608307
1237.544681 0.0765578746796
1239.395593 0.0625040531158
1241.202526 0.0643820762634
1243.030774 0.0685439109802
1244.828752 0.0656688213348
1246.667699 0.066642999649
1248.488009 0.0604920387268
1250.288949 0.0666370391846
1252.112163 0.0608398914337
1253.946003 0.0640888214111
1255.770871 0.061763048172
1257.821889 0.0591139793396
1259.633796 0.062509059906
1261.472502 0.0658950805664
1263.283223 0.0664830207825
1265.126946 0.073832988739
1266.967643 0.0664529800415
1268.804107 0.0637609958649
1270.623978 0.0615530014038
1272.444027 0.0684978961945
1274.328008 0.0678198337555
1276.171785 0.0669031143188
1278.024097 0.0605688095093
1279.854031 0.0625810623169
1281.693332 0.0668108463287
1283.57718 0.0681648254395
1285.416453 0.0692610740662
1287.245208 0.06223487854
1289.459465 0.0627868175507
1291.267821 0.0539500713348
1293.077876 0.0512220859528
1294.907255 0.0657880306244
1296.729993 0.0685968399048
1298.564075 0.0661640167236
1300.349226 0.0630221366882
1302.17582 0.0658378601074
1303.986627 0.0635869503021
1305.799736 0.0609028339386
1307.611818 0.0572600364685
1309.457329 0.0634119510651
1311.293847 0.0649490356445
1313.11912 0.065160036087
1314.964417 0.0614931583405
1316.734992 0.0684299468994
1318.59092 0.0602979660034
1320.607057 0.0637440681458
1322.433489 0.066330909729
1324.254796 0.0649218559265
1326.070406 0.0644941329956
1327.904436 0.0661010742188
1329.745661 0.0596859455109
1331.601798 0.055037021637
1333.453674 0.0670940876007
1335.317539 0.0624358654022
1337.145487 0.067761182785
1339.006415 0.0582728385925
1340.829268 0.0679638385773
1342.673391 0.0614778995514
1344.512869 0.0738749504089
1346.35228 0.0631339550018
1348.168096 0.0586688518524
1350.007474 0.0637137889862
1352.047152 0.060564994812
1353.868479 0.0615720748901
1355.747991 0.0666310787201
1357.605458 0.0695109367371
1359.466321 0.0608239173889
1361.276086 0.0580739974976
1363.123983 0.0663011074066
1364.981731 0.0620748996735
1366.807812 0.0635800361633
1368.632786 0.0572381019592
1370.469837 0.0654230117798
1372.280141 0.0661540031433
1374.126477 0.0636730194092
1375.94366 0.0578241348267
1377.96643 0.0638601779938
1379.78319 0.0671091079712
1381.579726 0.0616319179535
1383.618993 0.0632569789886
1385.454045 0.0591959953308
1387.293031 0.065505027771
1389.130078 0.0569469928741
1390.916586 0.0602021217346
1392.752019 0.0662579536438
1394.587636 0.0648620128632
1396.392593 0.0613079071045
1398.210276 0.0646989345551
1400.048423 0.0675179958344
1401.873693 0.0636820793152
1403.719185 0.0655508041382
1405.565266 0.0621221065521
1407.416108 0.0678930282593
1409.240085 0.0574288368225
1411.092815 0.0680999755859
1412.927657 0.0625939369202
1415.01209 0.0766968727112
1416.863342 0.0668160915375
1418.685838 0.0671370029449
1420.530569 0.0631837844849
1422.380722 0.0586819648743
1424.236592 0.0617470741272
1426.107545 0.0616121292114
1427.944773 0.0611429214478
1429.796049 0.064964056015
1431.641383 0.0628440380096
1433.515005 0.0643758773804
1435.327002 0.06369805336
1437.187302 0.0640170574188
1438.984743 0.0596399307251
1440.849112 0.068263053894
1442.673423 0.0662322044373
1444.497873 0.0686829090118
1446.538839 0.0625388622284
1448.357989 0.061420917511
1450.171754 0.0646641254425
1451.989007 0.0685379505157
1453.806312 0.0610318183899
1455.616798 0.0736329555511
1457.470914 0.0676128864288
1459.314828 0.0568640232086
1461.128833 0.0650868415833
1462.970425 0.0602378845215
1464.827072 0.069561958313
1466.681716 0.061940908432
1468.550493 0.0704109668732
1470.371957 0.0708448886871
1472.214295 0.0626029968262
1474.086511 0.0631680488586
1475.941722 0.0582349300385
1477.951513 0.0641388893127
1479.760794 0.0751838684082
1481.564806 0.0679309368134
1483.43865 0.0602979660034
1485.22288 0.065113067627
1487.02365 0.0573031902313
1488.835743 0.065929889679
1490.659658 0.0615448951721
1492.436415 0.0547070503235
1494.222424 0.060574054718
1496.024164 0.0590920448303
1497.86278 0.0585899353027
1499.687409 0.0673551559448
1501.495461 0.0666480064392
1503.295713 0.0565009117126
1505.111029 0.0676040649414
1506.916251 0.0645599365234
1508.951696 0.0609200000763
1510.773221 0.0655519962311
1512.611852 0.0685739517212
1514.455583 0.0669350624084
1516.266246 0.0646181106567
1518.129505 0.067234992981
1519.989751 0.0601451396942
1521.819246 0.0702681541443
1523.673623 0.0674200057983
1525.534522 0.0631101131439
1527.380075 0.0653059482574
1529.231131 0.065379858017
1531.07814 0.0604040622711
1532.903383 0.0546329021454
1534.746674 0.0541300773621
1536.573962 0.0640318393707
1538.432237 0.065808057785
1540.508288 0.0638689994812
1542.343342 0.0654199123383
1544.132798 0.0658490657806
1545.940705 0.0628209114075
1547.757977 0.0666677951813
1549.566698 0.0623371601105
1551.355039 0.0644969940186
1553.206323 0.0665650367737
1555.052892 0.0564370155334
1556.865042 0.0579679012299
1558.650952 0.0647449493408
1560.502334 0.0675139427185
1562.339058 0.0655450820923
1564.170959 0.0751550197601
1566.008801 0.0659148693085
1567.880224 0.064101934433
1569.729005 0.068351984024
1571.806975 0.0673608779907
1573.632112 0.0678400993347
1575.470918 0.0707149505615
1577.303273 0.0610830783844
1579.134 0.062392950058
1580.968943 0.0619339942932
1582.811823 0.0651531219482
1584.646977 0.0619299411774
1586.493292 0.0664129257202
1588.317344 0.0573048591614
1590.139713 0.0603709220886
1591.965059 0.0648350715637
1593.778981 0.0683748722076
1595.589611 0.0702910423279
1597.437783 0.0679490566254
1599.220356 0.0638341903687
1601.017313 0.0687999725342
1603.087237 0.0745759010315
1604.900705 0.0664529800415
1606.7278 0.0589411258698
1608.596976 0.0679798126221
1610.418985 0.0641648769379
1612.267214 0.0648729801178
1614.102597 0.064266204834
1615.925905 0.0631999969482
1617.77354 0.074921131134
1619.652063 0.0807778835297
1621.484457 0.0658309459686
1623.314113 0.0723011493683
1625.147274 0.0689191818237
1626.944587 0.058984041214
1629.096067 0.0691928863525
1630.926681 0.0613970756531
1632.774766 0.0638217926025
1634.792601 0.0660488605499
1636.605347 0.0677409172058
1638.427974 0.0661640167236
1640.250172 0.0612609386444
1642.10216 0.0675840377808
1643.934947 0.063169002533
1645.761672 0.0664789676666
1647.577721 0.0675439834595
1649.406523 0.0628809928894
1651.254332 0.0647461414337
1653.070109 0.0583388805389
1654.927759 0.0658748149872
1656.747438 0.0617768764496
1658.580011 0.0589809417725
1660.405818 0.063793182373
1662.222332 0.055428981781
1664.123684 0.0585200786591
1666.169063 0.0653319358826
1668.008081 0.0649430751801
1669.846819 0.066910982132
1671.684134 0.0688579082489
1673.516773 0.0600550174713
1675.361225 0.0608019828796
1677.188214 0.0632548332214
1679.047438 0.0560948848724
1680.908834 0.064110994339
1682.797408 0.0724329948425
1684.652301 0.0641140937805
1686.493691 0.0685698986053
1688.334402 0.0630230903625
1690.184699 0.0645360946655
1691.997078 0.0671789646149
1693.832668 0.0676560401917
1695.703677 0.0581340789795
1697.72079 0.0665509700775
1699.55812 0.0673880577087
1701.365615 0.059473991394
1703.217702 0.067281961441
1705.029006 0.066351890564
1706.867913 0.0701489448547
1708.723344 0.0649130344391
1710.560427 0.0644521713257
1712.372194 0.0529699325562
1714.223322 0.0664570331573
1716.064234 0.0610330104828
1717.917837 0.0684278011322
1719.751081 0.0645279884338
1721.602666 0.0696020126343
1723.470477 0.0621180534363
1725.308265 0.0575819015503
1727.180964 0.0650680065155
1729.25719 0.058009147644
1731.06688 0.0635871887207
1732.880302 0.0664010047913
1734.704973 0.0678942203522
1736.575447 0.0657770633698
1738.423624 0.0591459274292
1740.283567 0.0638511180878
1742.1198 0.0556631088257
1743.979181 0.0624542236328
1745.819433 0.0682561397552
1747.669979 0.068253993988
1749.512779 0.0675578117371
1751.345508 0.0614621639252
1753.194647 0.0650410652161
1755.028804 0.0605120658875
1756.870987 0.0603678226471
1758.70155 0.0609772205353
1760.793699 0.0695490837097
1762.624274 0.0608289241791
1764.643452 0.0608839988708
1766.4596 0.0620710849762
1768.293416 0.0669250488281
1770.126539 0.0634410381317
1771.960502 0.061448097229
1773.789363 0.0689449310303
1775.610375 0.0665621757507
1777.45164 0.0651521682739
1779.300358 0.0671401023865
1781.135834 0.0677270889282
1782.966476 0.0642428398132
1784.827818 0.0638191699982
1786.664443 0.0652849674225
1788.463467 0.0636131763458
1790.2773 0.0603730678558
1792.314171 0.0633568763733
1794.153306 0.0675070285797
1796.022651 0.0663070678711
1797.875786 0.0674738883972
1799.734807 0.0632879734039
1801.566313 0.0636820793152
1803.414198 0.0656838417053
1805.253782 0.0682458877563
1807.107493 0.0617837905884
1808.925449 0.0607359409332
1810.7458 0.0663130283356
1812.571246 0.0637390613556
1814.393436 0.0624570846558
1816.231036 0.0637340545654
1818.067753 0.0654590129852
1819.929047 0.0677599906921
1821.754917 0.0651922225952
1823.83375 0.0678169727325
1825.678136 0.0702478885651
1827.509605 0.0632500648499
1829.322861 0.0666289329529
1831.162031 0.0598518848419
1832.981154 0.0616970062256
1834.818559 0.0613420009613
1836.656255 0.0650188922882
1838.489349 0.0625331401825
1840.341833 0.0584020614624
1842.162051 0.063572883606
1843.972857 0.0619719028473
1845.787308 0.0646460056305
1847.610766 0.0634939670563
1849.490616 0.0716731548309
1851.330111 0.0636959075928
1853.169276 0.0667979717255
1855.220781 0.0677011013031
1857.031407 0.0582709312439
1858.872398 0.0600049495697
1860.740933 0.0682430267334
1862.57535 0.0651609897614
1864.436866 0.066477060318
1866.276124 0.0597829818726
1868.122821 0.0605239868164
1870.064373 0.0666661262512
1871.898171 0.0640430450439
1873.759336 0.0583281517029
1875.633673 0.0687010288239
1877.457345 0.0583691596985
1879.276336 0.0598080158234
1881.091116 0.0631608963013
1882.914957 0.0626640319824
1884.717497 0.062264919281
1886.900756 0.0659329891205
1888.703939 0.06378698349
1890.510846 0.0624861717224
1892.321188 0.0651521682739
1894.161693 0.0624840259552
1896.046314 0.0659489631653
1897.880296 0.064964056015
1899.719193 0.0680139064789
1901.557202 0.0693278312683
1903.387059 0.0657382011414
1905.212402 0.0678069591522
1907.02169 0.0623428821564
1908.911937 0.0677680969238
1910.719532 0.0638251304626
1912.59526 0.0704801082611
1914.44112 0.0674479007721
1916.274097 0.0620360374451
1918.326674 0.0637059211731
1920.124308 0.0609200000763
1921.940692 0.0669050216675
1923.777248 0.067106962204
1925.626232 0.0663778781891
1927.461705 0.0585329532623
1929.293836 0.0622699260712
1931.131861 0.0650150775909
1932.977367 0.0594620704651
1934.801558 0.063127040863
1936.652677 0.0659079551697
1938.489532 0.0683948993683
1940.334176 0.0639531612396
1942.185761 0.0597829818726
1944.018872 0.0622999668121
1945.860143 0.0803401470184
1947.704812 0.0650320053101
1949.745587 0.0616569519043
1951.578409 0.0625619888306
1953.413305 0.0619969367981
1955.252761 0.0685980319977
1957.080121 0.059005022049
1958.924153 0.0641760826111
1960.772615 0.0648591518402
1962.597658 0.0640490055084
1964.45671 0.0660541057587
1966.274719 0.0596129894257
1968.127071 0.0643930435181
1969.940842 0.0581061840057
1971.786497 0.062735080719
1973.623407 0.0641598701477
1975.619803 0.0693919658661
1977.461867 0.0613970756531
1979.288051 0.0597860813141
1981.425343 0.0653719902039
1983.262812 0.0664479732513
1985.106464 0.0632500648499
1986.944624 0.076366186142
1988.769357 0.0675580501556
1990.752479 0.0641782283783
1992.62805 0.0718109607697
1994.443911 0.0652358531952
1996.269765 0.0681848526001
1998.102087 0.0602579116821
1999.915455 0.0617339611053
2001.752677 0.0659348964691
2003.578579 0.0673890113831
2005.401825 0.0591740608215
2007.225181 0.0675668716431
2009.035993 0.0593211650848
2010.872943 0.0681829452515
2012.953153 0.0577139854431
2014.773223 0.0662169456482
2016.621037 0.0612709522247
2018.469485 0.0679099559784
2020.292773 0.0612461566925
2022.126476 0.0599231719971
2023.958641 0.0603609085083
2025.789723 0.0608830451965
2027.648342 0.0679068565369
2029.509811 0.0652809143066
2031.356442 0.0666630268097
2033.192406 0.059553861618
2035.027952 0.0664720535278
2036.857172 0.0622210502625
2038.697819 0.062656879425
2040.513411 0.0563819408417
2042.361264 0.0641820430756
2044.47033 0.063225030899
2046.344287 0.0662939548492
2048.178423 0.062647819519
2050.038683 0.0631492137909
2051.877593 0.063863992691
2053.727411 0.0600061416626
2055.585981 0.0660419464111
2057.423709 0.0646591186523
2059.27244 0.0683259963989
2061.142355 0.0663509368896
2062.986414 0.0622961521149
2064.834359 0.0646271705627
2066.67414 0.0676589012146
2068.494718 0.0648519992828
2070.344067 0.064621925354
2072.222385 0.0726869106293
2074.059737 0.0709249973297
2076.129858 0.0576019287109
2077.939533 0.0592770576477
2079.766883 0.0697870254517
2081.625522 0.0664029121399
2083.459392 0.064267873764
2085.32371 0.0677649974823
2087.181022 0.0681529045105
2089.030114 0.0674130916595
2090.873932 0.0644550323486
2092.71841 0.0622730255127
2094.539644 0.0678980350494
2096.559378 0.060662984848
2098.33712 0.0623888969421
2100.166913 0.0592679977417
2102.008025 0.0610251426697
2103.847957 0.0655279159546
2105.670191 0.0641839504242
2107.746471 0.0621919631958
2109.536367 0.058865070343
2111.405489 0.0616278648376
2113.246581 0.0588870048523
2115.090738 0.0651202201843
2116.928096 0.0679650306702
2118.729126 0.0679790973663
2120.563317 0.0620830059052
2122.365055 0.0548400878906
2124.213281 0.0672860145569
2126.057881 0.0650701522827
2127.884111 0.0566589832306
2129.708413 0.0646498203278
2131.501294 0.0644280910492
2133.316655 0.0614838600159
2135.146434 0.0676438808441
2136.955633 0.0624499320984
2139.037473 0.0677499771118
2140.891452 0.066034078598
2142.718335 0.0698719024658
2144.577759 0.0678179264069
2146.387848 0.066036939621
2148.265471 0.0695080757141
2150.094511 0.0665159225464
2151.919804 0.063707113266
2153.752362 0.0609271526337
2155.541652 0.0634140968323
2157.365649 0.0646181106567
2159.192587 0.063472032547
2161.029753 0.0637259483337
2162.854982 0.0589151382446
2164.724034 0.0665411949158
2166.570019 0.0625669956207
2168.420863 0.0658190250397
2170.47292 0.0657999515533
2172.295188 0.0672600269318
2174.145624 0.0660901069641
2175.992835 0.0660138130188
2177.826123 0.0634160041809
2179.652931 0.0664751529694
2181.497643 0.0637929439545
2183.3569 0.0744609832764
2185.173786 0.0614471435547
2187.006464 0.0618689060211
2188.875103 0.0597620010376
2190.695929 0.0592720508575
2192.516291 0.0667939186096
2194.338838 0.0638132095337
2196.179387 0.0700588226318
2198.028014 0.0681698322296
2199.871078 0.0637180805206
2201.937416 0.0573470592499
2203.778677 0.0705471038818
2205.610107 0.0684580802917
2207.444038 0.0654468536377
2209.294339 0.0688941478729
2211.125356 0.0661818981171
2212.961912 0.0634479522705
2214.801328 0.0660359859467
2216.723806 0.0645930767059
2218.558673 0.0675740242004
2220.389032 0.0614409446716
2222.22785 0.0681610107422
2224.044593 0.0595228672028
2225.884138 0.0630979537964
2227.687277 0.0657041072845
2229.525494 0.0590720176697
2231.349223 0.066367149353
2233.426446 0.0670480728149
2235.253 0.0666921138763
2237.075067 0.0589790344238
2238.898765 0.061240196228
2240.699963 0.0611867904663
2242.507827 0.0663359165192
2244.347849 0.0653789043427
2246.188036 0.0710730552673
2247.991338 0.0631980895996
2249.815701 0.0577290058136
2251.663142 0.0655391216278
2253.476834 0.0653030872345
2255.32746 0.0676469802856
2257.169039 0.0613601207733
2258.984018 0.0671570301056
2260.780745 0.0631010532379
2262.620607 0.0624821186066
2264.741997 0.0614349842072
2266.639131 0.0629270076752
2268.500268 0.065957069397
2270.333346 0.0622191429138
2272.162484 0.0673089027405
2274.011408 0.0678300857544
2275.868124 0.0669829845428
2277.717935 0.0639078617096
2279.553567 0.0691161155701
2281.387894 0.0673110485077
2283.223174 0.0638449192047
2285.058142 0.0606429576874
2286.931676 0.0670440196991
2288.764856 0.0615751743317
2290.609461 0.0700328350067
2292.455844 0.0591640472412
2294.291149 0.0666880607605
2296.352084 0.066468000412
2298.176273 0.0643742084503
2299.990868 0.0678339004517
2301.804155 0.0622169971466
2303.623768 0.0571508407593
2305.435249 0.0650880336761
2307.270464 0.0623440742493
2309.118143 0.0662450790405
2310.981328 0.0671548843384
2312.807862 0.0592968463898
2314.641111 0.0663850307465
2316.476099 0.0653610229492
2318.296853 0.063248872757
2320.125304 0.0652530193329
2321.985808 0.0599150657654
2323.85251 0.0617771148682
2325.702391 0.0679569244385
2327.755212 0.0618081092834
2329.554052 0.0668249130249
2331.389058 0.0665669441223
2333.221543 0.0573830604553
2335.049465 0.0622279644012
2336.913464 0.0693719387054
2338.758078 0.0701861381531
2340.589538 0.0690371990204
2342.477558 0.0752038955688
2344.3627 0.0637428760529
2346.188379 0.0656299591064
2348.014655 0.0592248439789
2349.851663 0.0680139064789
2351.699035 0.068608045578
2353.544089 0.065437078476
2355.391419 0.0652029514313
2357.198132 0.0706300735474
2359.292123 0.0651109218597
2361.120562 0.0629150867462
2362.963836 0.0667879581451
2364.811797 0.0640218257904
2366.628891 0.0669260025024
2368.47117 0.0648560523987
2370.297228 0.0684368610382
2372.147879 0.0678420066833
2373.979908 0.0625970363617
2375.795918 0.067549943924
2377.643449 0.0680811405182
2379.50014 0.0661640167236
2381.32004 0.0712630748749
2383.162151 0.0657799243927
2385.013453 0.0682699680328
2386.869715 0.057580947876
2388.731738 0.0678989887238
2390.848629 0.0612931251526
2392.676545 0.0631377696991
2394.499745 0.0654110908508
2396.336394 0.0683298110962
2398.148748 0.0570559501648
2399.983081 0.0639510154724
2401.820564 0.0663769245148
2403.645685 0.0651309490204
2405.459603 0.0665609836578
2407.341519 0.066920042038
2409.163538 0.0583350658417
2410.994174 0.0586409568787
2412.842857 0.0655620098114
2414.671903 0.0588009357452
2416.530941 0.0635781288147
2418.369043 0.0673940181732
2420.203381 0.0624151229858
2422.290861 0.0626759529114
2424.149773 0.0641760826111
2425.999276 0.0632431507111
2427.858927 0.0729260444641
2429.708885 0.0611600875854
2431.581985 0.0684978961945
2433.413078 0.0647189617157
2435.285625 0.0726370811462
2437.137217 0.0631527900696
2438.974339 0.0692629814148
2440.781363 0.0638480186462
2442.705778 0.068834066391
2444.529128 0.0660498142242
2446.314126 0.0626559257507
2448.140639 0.0658888816833
2449.963942 0.0659561157227
2451.765335 0.0574541091919
2453.808729 0.0613541603088
2455.652612 0.0610139369965
2457.678158 0.0644130706787
2459.512476 0.0615668296814
2461.327709 0.0665969848633
2463.187861 0.0662879943848
2465.012331 0.066064119339
2466.822068 0.060201883316
2468.650614 0.0567178726196
2470.476854 0.0670320987701
2472.34855 0.0675489902496
2474.191349 0.056786775589
2476.014993 0.0640380382538
2477.816861 0.0678739547729
2479.638989 0.0637109279633
2481.451904 0.0656797885895
2483.317519 0.069580078125
2485.411282 0.0669279098511
2487.269584 0.0633940696716
2489.105331 0.0607430934906
2490.950473 0.0603039264679
2492.779465 0.0651869773865
2494.596074 0.0681331157684
2496.42466 0.0648260116577
2498.269241 0.0607628822327
2500.112089 0.0639779567719
2501.971653 0.0643990039825
2503.786701 0.0675649642944
2505.598037 0.0664200782776
2507.421553 0.0672118663788
2509.2572 0.0685179233551
2511.092861 0.0570631027222
2512.921659 0.0623080730438
2514.764761 0.0634760856628
2516.89278 0.0689158439636
2518.807356 0.0661280155182
2520.673027 0.0693950653076
2522.485479 0.068195104599
2524.352477 0.0670239925385
2526.177433 0.0582201480865
2528.061868 0.0691258907318
2529.884019 0.0649800300598
2531.709755 0.0559539794922
2533.553399 0.0617580413818
2535.378819 0.0638728141785
2537.251846 0.065064907074
2539.112241 0.0756571292877
2540.972772 0.065367937088
2543.051174 0.0594000816345
2544.91759 0.0623729228973
2546.770809 0.0624928474426
2548.851898 0.0720949172974
2550.703283 0.0630700588226
2552.531498 0.0662541389465
2554.393991 0.0680248737335
2556.294858 0.0627191066742
2558.179927 0.0639309883118
2560.062781 0.0606908798218
2561.889735 0.0596439838409
2563.733523 0.0619659423828
2565.593695 0.0626401901245
2567.428609 0.0584950447083
2569.267842 0.0647778511047
2571.127402 0.0646140575409
2572.958237 0.065269947052
2574.785087 0.0626609325409
2576.662094 0.0676500797272
2578.517218 0.0628080368042
2580.616674 0.0630640983582
2582.442172 0.0647740364075
2584.291727 0.0625200271606
2586.163154 0.0626509189606
2588.014249 0.0676851272583
2589.827562 0.0603158473969
2591.66272 0.0660350322723
2593.530777 0.065437078476
2595.361868 0.0614700317383
2597.190925 0.0620360374451
2599.064284 0.066908121109
2600.892095 0.0658860206604
2602.713948 0.0590500831604
2604.527361 0.0593829154968
2606.358468 0.063728094101
2608.195286 0.0660490989685
2610.045702 0.056972026825
2612.126867 0.0602281093597
2613.980634 0.0677781105042
2615.804454 0.0656580924988
2617.673878 0.0616910457611
2619.499787 0.0656909942627
2621.362406 0.0584890842438
2623.245693 0.0590331554413
2625.052304 0.0615339279175
2626.879844 0.0655679702759
2628.693939 0.0770418643951
2630.525546 0.0644860267639
2632.38714 0.0751230716705
2634.213796 0.0661630630493
2636.038042 0.0577421188354
2637.860241 0.0678169727325
2639.70037 0.0711531639099
2641.509399 0.0664858818054
2643.562218 0.0655119419098
2645.392021 0.0606298446655
2647.217966 0.0625479221344
2649.068194 0.0660510063171
2650.904017 0.0650880336761
2652.737568 0.0617370605469
2654.56032 0.0612089633942
2656.390793 0.067568063736
2658.2741 0.0594899654388
2660.110505 0.0676040649414
2661.897602 0.0546338558197
2663.695832 0.0606050491333
2665.534953 0.0669028759003
2667.347146 0.0613658428192
2669.178148 0.0551488399506
2671.003296 0.0650839805603
2672.815327 0.0649430751801
2674.880488 0.0655739307404
2676.762184 0.0613188743591
2678.590599 0.0583200454712
2680.441552 0.0622410774231
2682.294508 0.0605139732361
2684.134911 0.058914899826
2685.981382 0.0672309398651
2687.831527 0.0667679309845
2689.675605 0.0649399757385
2691.527021 0.0588619709015
2693.361047 0.0677530765533
2695.223165 0.0646347999573
2697.085605 0.0583560466766
2698.943932 0.0649998188019
2700.800205 0.0656299591064
2702.628684 0.0686650276184
2704.472566 0.064092874527
2706.511812 0.0644130706787
2708.350923 0.0674378871918
2710.221803 0.0673358440399
2712.060229 0.0658960342407
2713.908767 0.063246011734
2715.81253 0.0654580593109
2717.650891 0.0678660869598
2719.521178 0.0659699440002
2721.38216 0.0689129829407
2723.24195 0.0665898323059
2725.075741 0.0598659515381
2726.905167 0.06121301651
2728.749525 0.0658800601959
2730.56839 0.0606958866119
2732.410023 0.0675299167633
2734.254416 0.0638470649719
2736.096357 0.0688500404358
2738.20488 0.0677990913391
2740.054055 0.0699281692505
2741.885023 0.0620009899139
2743.78709 0.059287071228
2745.634646 0.0615749359131
2747.45312 0.0614259243011
2749.292523 0.0630941390991
2751.138877 0.0640530586243
2753.016597 0.06973695755
2754.845072 0.0574750900269
2756.671832 0.0571908950806
2758.493236 0.0649251937866
2760.309472 0.0678699016571
2762.147565 0.0670850276947
2763.992088 0.0672988891602
2765.830162 0.0668649673462
2767.685342 0.0619649887085
2769.803918 0.0683100223541
2771.668763 0.0610978603363
2773.529418 0.0659370422363
2775.368613 0.0689311027527
2777.232115 0.0678670406342
2779.075638 0.0640549659729
2780.915848 0.0615620613098
2782.747613 0.060142993927
2784.569662 0.0593390464783
2786.398142 0.0644409656525
2788.25299 0.0605790615082
2790.0806 0.0677759647369
2791.915176 0.0640389919281
2793.811764 0.0639910697937
2795.63593 0.0631098747253
2797.456714 0.0665249824524
2799.320875 0.0638449192047
2801.370781 0.0602581501007
2803.236015 0.0690040588379
2805.073513 0.0685088634491
2806.90993 0.0724139213562
2808.764677 0.0663368701935
2810.620299 0.0620951652527
2812.429113 0.0681388378143
2814.272096 0.0659220218658
2816.086805 0.0678980350494
2817.91809 0.0629968643188
2819.754516 0.0590920448303
2821.603215 0.0662968158722
2823.439866 0.0605909824371
2825.288437 0.0551910400391
2827.110737 0.0625650882721
2828.991462 0.0659940242767
2830.836851 0.0676100254059
2832.907408 0.065633058548
2834.759313 0.0671260356903
2836.61585 0.0656411647797
2838.466166 0.0673019886017
2840.347293 0.065826177597
2842.174498 0.0627400875092
2844.031395 0.0642189979553
2845.857711 0.0661590099335
2847.702778 0.0615630149841
2849.548592 0.0607089996338
2851.388162 0.0662620067596
2853.260786 0.0655369758606
2855.152023 0.0690948963165
2857.054034 0.0660989284515
2858.903631 0.0596129894257
2860.729128 0.0662789344788
2862.583622 0.0669631958008
2864.720733 0.066586971283
2866.55276 0.0615439414978
2868.405341 0.0675928592682
2870.216944 0.0547699928284
2872.066989 0.0602960586548
2873.900113 0.0572299957275
2875.723633 0.0633239746094
2877.543246 0.0590169429779
2879.420551 0.0611109733582
2881.265195 0.0600509643555
2883.114076 0.0619168281555
2884.93971 0.0608849525452
2886.763034 0.0645020008087
2888.614039 0.0665771961212
2890.462575 0.0675580501556
2892.332847 0.0618262290955
2894.207728 0.0684118270874
2896.306769 0.0595240592957
2898.129896 0.06028008461
2899.962592 0.0543780326843
2901.778703 0.0678091049194
2903.60933 0.0625050067902
2905.462956 0.0586311817169
2907.306479 0.0620510578156
2909.140111 0.0744440555573
2910.981473 0.0652391910553
2912.799486 0.0669760704041
2914.637602 0.0660669803619
2916.442362 0.0678429603577
2918.253285 0.0673711299896
2920.085524 0.0633418560028
2921.908737 0.0618150234222
2923.689681 0.0598618984222
2925.487689 0.0640649795532
2927.583385 0.0716891288757
2929.43554 0.0622661113739
2931.272459 0.0673220157623
2933.107309 0.0663039684296
2934.907376 0.0646159648895
2936.765143 0.0638110637665
2938.589511 0.060760974884
2940.427973 0.0598530769348
2942.249719 0.0644838809967
2944.113483 0.0668611526489
2945.960681 0.0654060840607
2947.848921 0.0681359767914
2949.725181 0.0596199035645
2951.552081 0.0664761066437
2953.387516 0.0652740001678
2955.234128 0.0629210472107
2957.05115 0.0596759319305
2959.136925 0.0671420097351
2960.984323 0.0632319450378
2962.833951 0.0668570995331
2964.669502 0.0800189971924
2966.516303 0.0646347999573
2968.362827 0.0627889633179
2970.179231 0.0666930675507
2972.049635 0.0579888820648
2973.890809 0.0714659690857
2975.72292 0.0663478374481
2977.581577 0.0631928443909
2979.462925 0.0646119117737
2981.313088 0.0661730766296
2983.147543 0.0650370121002
2984.981001 0.0611598491669
2986.821751 0.058317899704
2988.643225 0.065260887146
2990.772723 0.0676448345184
2992.640564 0.0628068447113
2994.741407 0.0600960254669
2996.564944 0.0588829517365
2998.402894 0.0679590702057
3000.229489 0.0640151500702
3002.072302 0.0637810230255
3003.928153 0.0619518756866
3005.803601 0.0631911754608
3007.65135 0.0657248497009
3009.539327 0.0547590255737
3011.375465 0.0645518302917
3013.213177 0.0676980018616
3015.056455 0.0631442070007
3016.931762 0.067079782486
3018.801218 0.0623750686646
3020.623932 0.0652549266815
3022.711928 0.0665390491486
3024.585159 0.0682361125946
3026.429888 0.0632798671722
3028.24202 0.0631439685822
3030.081482 0.067666053772
3031.88881 0.0619070529938
3033.75413 0.0691540241241
3035.608096 0.0604989528656
3037.460263 0.0673079490662
3039.308286 0.0652239322662
3041.133828 0.0683100223541
3042.969615 0.0668039321899
3044.816919 0.064502954483
3046.661607 0.0608808994293
3048.546806 0.0595731735229
3050.393473 0.0628309249878
3052.221859 0.0661959648132
3054.301428 0.0612199306488
3056.145712 0.0682218074799
3057.957489 0.0674130916595
3059.78961 0.0621538162231
3061.637202 0.0612850189209
3063.465431 0.0685338973999
3065.345618 0.0610730648041
3067.21264 0.067314863205
3069.043304 0.06422996521
3070.881381 0.0685608386993
3072.726128 0.0629081726074
3074.576214 0.0667469501495
3076.423452 0.0673968791962
3078.253673 0.068088054657
3080.099481 0.0601899623871
3081.930734 0.0650808811188
3083.80637 0.0682280063629
3085.888642 0.0624520778656
3087.741881 0.0598781108856
3089.642616 0.0745899677277
3091.471003 0.0634188652039
3093.30729 0.0542969703674
3095.192788 0.0582759380341
3097.016305 0.0582258701324
3098.878709 0.0614688396454
3100.721355 0.0605790615082
3102.5682 0.0622689723969
3104.405979 0.0626699924469
3106.221821 0.0615658760071
3108.079772 0.0670058727264
3109.949158 0.059161901474
3111.81445 0.0688440799713
3113.657653 0.0617091655731
3115.481617 0.0599977970123
3117.569517 0.0620172023773
3119.406928 0.063493013382
3121.235772 0.0654311180115
3123.094768 0.0674979686737
3125.011788 0.0661189556122
3126.826058 0.0574550628662
3128.672198 0.0668179988861
3130.531359 0.0635859966278
3132.383555 0.0614221096039
3134.215823 0.0613620281219
3136.075283 0.0616581439972
3137.919523 0.0734081268311
3139.760303 0.0675249099731
3141.595654 0.0646879673004
3143.439666 0.0692529678345
3145.261766 0.068393945694
3147.081612 0.0667657852173
3149.213481 0.0635089874268
3151.097997 0.0627090930939
3152.984288 0.0567800998688
3154.842813 0.0651979446411
3156.694383 0.0688319206238
3158.540121 0.0664820671082
3160.377738 0.067831993103
3162.225173 0.0680139064789
3164.121674 0.0690808296204
3165.95616 0.0636651515961
3167.80308 0.0626940727234
3169.616036 0.0659289360046
3171.444183 0.0694959163666
3173.310644 0.0628621578217
3175.173056 0.0683648586273
3177.023634 0.0666379928589
3178.871012 0.0699529647827
3180.948747 0.0629651546478
3182.803437 0.0650291442871
3184.637026 0.0603051185608
3186.477398 0.0692927837372
3188.334019 0.0617771148682
3190.195523 0.0623400211334
3191.989178 0.0677568912506
3193.835155 0.0632529258728
3195.695497 0.0777900218964
3197.514359 0.0650968551636
3199.329227 0.066351890564
3201.129855 0.0586729049683
3202.963979 0.0652310848236
3204.791876 0.0598621368408
3206.616295 0.0588879585266
3208.39991 0.0678658485413
3210.234113 0.0628910064697
3212.410695 0.0601379871368
3214.244586 0.0664508342743
3216.069333 0.0673539638519
3217.905729 0.0582320690155
3219.739483 0.0615179538727
3221.585018 0.0616190433502
3223.435159 0.0643601417542
3225.293295 0.0617339611053
3227.168594 0.0657980442047
3229.056423 0.0683867931366
3230.91325 0.065248966217
3232.751066 0.0666530132294
3234.608974 0.0664029121399
3236.4555 0.0661361217499
3238.2714 0.058708190918
3240.119869 0.0685868263245
3241.961867 0.0619728565216
3244.065463 0.0678970813751
3245.889399 0.0662469863892
3247.724066 0.0664319992065
3249.547562 0.0574309825897
3251.409785 0.0667991638184
3253.23126 0.0608611106873
3255.069186 0.0666871070862
3256.927036 0.0628190040588
3258.7303 0.0559349060059
3260.56258 0.0635890960693
3262.393941 0.0692830085754
3264.201135 0.0602679252625
3266.077661 0.0705280303955
3267.92046 0.0602481365204
3269.75597 0.0660030841827
3271.564884 0.0651299953461
3273.396021 0.0696551799774
3275.454081 0.061313867569
3277.321531 0.0680570602417
3279.184987 0.0620400905609
3281.037255 0.0676500797272
3282.835894 0.052698135376
3284.682455 0.0657689571381
3286.523969 0.0632390975952
3288.355385 0.0613610744476
3290.18313 0.0672080516815
3292.013986 0.0593771934509
3293.841538 0.0635769367218
3295.684504 0.0610380172729
3297.55078 0.066999912262
3299.396505 0.0567319393158
3301.270923 0.068216085434
3303.129074 0.0677449703217
3304.977107 0.0674409866333
3307.059116 0.0693600177765
3308.916335 0.067941904068
3310.761614 0.0565810203552
3312.625499 0.0715019702911
3314.455559 0.0635190010071
3316.28248 0.0597748756409
3318.101866 0.0626680850983
3319.915058 0.0593287944794
3321.755433 0.0598599910736
3323.624571 0.0554461479187
3325.451874 0.0681331157684
3327.297732 0.0666329860687
3329.111761 0.0694739818573
3330.946622 0.066045999527
3332.816082 0.0682671070099
3334.673481 0.0620410442352
3336.54191 0.0686628818512
3338.623997 0.0533940792084
3340.471562 0.0648808479309
3342.306214 0.0669379234314
3344.11932 0.0643420219421
3345.951235 0.0609300136566
3347.826343 0.0634031295776
3349.637518 0.0615479946136
3351.489448 0.0677528381348
3353.323815 0.0663859844208
3355.146341 0.0679571628571
3357.009354 0.0680520534515
3358.849547 0.0682821273804
3360.725658 0.0640890598297
3362.548999 0.0648119449615
3364.393451 0.0682928562164
3366.190209 0.0662388801575
3368.027352 0.0688059329987
3370.124415 0.0597841739655
3371.947803 0.0619349479675
3373.799419 0.0614061355591
3375.643876 0.0646359920502
3377.482209 0.0613610744476
3379.377388 0.0647509098053
3381.201336 0.06676197052
3383.048582 0.0594120025635
3384.9251 0.0706479549408
3386.769697 0.0640389919281
3388.566325 0.0593948364258
3390.382952 0.0606791973114
3392.231061 0.0619540214539
3394.077114 0.0664019584656
3395.873877 0.0627660751343
3397.701162 0.0661640167236
3399.549347 0.0680091381073
3401.659802 0.0660529136658
3403.521533 0.0695509910583
3405.32955 0.0626401901245
3407.135858 0.0606610774994
3408.934854 0.0571489334106
3410.756658 0.0574879646301
3412.60329 0.0664160251617
3414.394863 0.0578720569611
3416.216349 0.0630400180817
3418.054655 0.0603411197662
3419.876317 0.0679631233215
3421.709171 0.0644021034241
3423.537095 0.0659871101379
3425.395679 0.0672740936279
3427.196557 0.0648210048676
3429.006692 0.0634300708771
3430.883534 0.0673890113831
3432.995998 0.0622510910034
3434.842271 0.0664179325104
3436.686328 0.0666060447693
3438.501797 0.0589671134949
3440.345327 0.0664300918579
3442.188888 0.0696308612823
3444.021584 0.0575151443481
3445.843971 0.0615010261536
3447.728367 0.0660891532898
3449.568809 0.0594871044159
3451.398487 0.0629470348358
3453.205945 0.06147813797
3455.059802 0.0664079189301
3456.902998 0.0654199123383
3458.730904 0.0629200935364
3460.592605 0.0658090114594
3462.442507 0.066869020462
3464.491523 0.0613880157471
3466.376439 0.0568299293518
3468.209571 0.064131975174
3470.031853 0.0611171722412
3471.8563 0.0618948936462
3473.683815 0.0542612075806
3475.497712 0.0584120750427
3477.331152 0.0583219528198
3479.178478 0.0645658969879
3481.025518 0.062714099884
3482.881322 0.0704550743103
3484.736759 0.0764181613922
3486.584037 0.0663239955902
3488.433595 0.0667469501495
3490.291118 0.0720720291138
3492.104342 0.0545377731323
3493.915357 0.061516046524
3496.036573 0.0617251396179
3497.863276 0.0640788078308
3499.699955 0.0670619010925
3501.576723 0.0610990524292
3503.411245 0.0606398582458
3505.22064 0.0677421092987
3507.052594 0.0631210803986
3508.904013 0.0649168491364
3510.752317 0.0674750804901
3512.610776 0.0650639533997
3514.43456 0.0634739398956
3516.245458 0.0628998279572
3518.15471 0.0639519691467
3519.990821 0.0659310817719
3521.849554 0.0637059211731
3523.663572 0.0641231536865
3525.487487 0.063364982605
3527.578434 0.066535949707
3529.403238 0.0675668716431
3531.240661 0.0605878829956
3533.071571 0.062432050705
3534.93475 0.0669710636139
3536.766379 0.0630080699921
3538.613936 0.0585629940033
3540.474837 0.0638411045074
3542.292588 0.0676538944244
3544.151049 0.0566601753235
3545.998437 0.0672121047974
3547.842036 0.0635559558868
3549.702146 0.066642999649
3551.515805 0.0632729530334
3553.391979 0.060467004776
3555.236457 0.0675990581512
3557.093094 0.0646989345551
3559.210677 0.0667200088501
3561.057144 0.0672371387482
3562.896955 0.0579519271851
3564.738196 0.06582903862
3566.574036 0.0636279582977
3568.425742 0.0667519569397
3570.246992 0.0631699562073
3572.082822 0.0623960494995
3573.912582 0.0595679283142
3575.733939 0.0573110580444
3577.575153 0.0720520019531
3579.479255 0.0779211521149
3581.291893 0.0619111061096
3583.124643 0.0572729110718
3584.962353 0.0613639354706
3586.847031 0.0691349506378
3588.694022 0.058130979538
3590.813703 0.0635588169098
3592.673186 0.061961889267
3594.489212 0.0675070285797
3596.329566 0.0669062137604
3598.187873 0.0651738643646
3600.032108 0.0640201568604
