8.421632 6.46224212646
17.565374 6.97484302521
26.278617 6.61083507538
35.535645 7.16944909096
44.723267 6.94966101646
53.575226 6.77108478546
62.246049 6.58723211288
70.385818 6.06188416481
79.21533 6.60898995399
87.920083 6.59527516365
96.593061 6.58438706398
105.712194 7.03273010254
115.220554 7.29192900658
123.445836 6.127576828
131.470935 9999
140.552973 9999.0
149.534093 6.7234389782
158.585723 6.95687508583
166.770477 6.08592009544
175.82566 6.95925593376
184.763376 6.66059708595
193.617749 6.74041199684
202.416825 6.67963504791
211.832003 7.31706094742
220.566869 6.523458004
229.890738 9999
239.091415 7.04623603821
248.906714 7.70297002792
257.223872 6.15923500061
265.954503 6.59052085876
274.886114 9999
283.868453 6.86675405502
293.119863 7.03061795235
301.745397 6.52871394157
310.029765 6.15367603302
319.066491 6.88035607338
327.968072 6.66389894485
336.714247 6.64380717278
346.171805 7.32023501396
354.511396 6.2128880024
363.132177 6.39702892303
371.293636 6.07127308846
380.152979 6.72332882881
389.519792 7.26001787186
398.504518 9999
406.769779 6.14608502388
415.194952 6.31098294258
423.431506 6.15107798576
432.390803 6.71509599686
440.665883 6.18957090378
449.435548 6.66826319695
458.089682 6.52722001076
466.860706 6.55609297752
475.438956 6.48661899567
484.219493 6.62359189987
492.378133 6.06117892265
500.790359 6.17854309082
509.773396 6.89202904701
518.893562 7.01978993416
527.8504 6.86019992828
536.567327 6.49556398392
546.041564 7.36932396889
554.826445 6.696185112
564.253557 7.33620095253
572.691693 6.29256606102
581.345218 6.5610909462
590.524478 9999
599.544483 6.92393302917
608.262086 6.49306511879
616.556473 6.18421387672
624.896646 6.25289988518
633.349418 6.34900808334
642.353027 9999
650.589943 6.1540749073
659.679674 9999
668.394673 6.61156797409
676.76767 6.11719298363
685.444872 6.55134701729
693.811812 6.24414896965
702.005089 6.06542515755
711.269522 7.01280784607
719.921965 6.5567522049
728.407868 9999
736.764292 6.23797416687
745.911022 6.91516304016
754.558093 9999
763.617929 6.93671298027
772.301197 6.5989279747
781.171225 6.66475296021
789.99009 6.69872999191
799.58064 7.47914505005
808.420496 6.72403502464
817.645714 6.97732996941
826.872432 9999
835.607185 6.63046312332
844.251788 6.53234505653
853.022725 6.54219198227
861.750196 6.61221790314
870.740206 6.87583899498
879.749894 6.91058301926
888.328401 6.32533311844
897.554726 7.13320398331
905.856416 6.18961501122
914.792521 6.83911895752
923.189576 6.14657497406
931.948103 6.6554749012
941.131298 7.0526509285
949.699139 6.5172059536
958.493678 6.56616783142
967.652196 7.02342796326
975.998672 9999
984.205587 6.08219003677
993.41348 6.98315095901
1002.033756 6.50740218163
1010.78525 6.62756705284
1019.593914 9999.0
1028.467429 6.60190796852
1037.806163 7.23590302467
1046.457937 6.51078391075
1055.144911 6.5817091465
1064.702008 7.31546711922
1073.756172 6.94382500648
1081.99986 6.14601707458
1090.615863 6.48118114471
1099.756907 6.91953086853
1108.859238 7.00580596924
1117.909323 6.94396090508
1126.580369 6.57905817032
1135.810264 6.98543405533
1144.576567 6.66381692886
1153.652654 6.96021699905
1161.802683 6.06911802292
1170.505902 9999
1178.912728 6.27911901474
1187.213337 6.16949391365
1196.356718 7.05074286461
1205.040415 6.41778898239
1214.193911 7.0440568924
1222.429376 6.12711000443
1231.207734 6.66707491875
1240.378524 6.94086194038
1248.663422 6.17543506622
1257.78236 7.01468896866
1266.42122 6.51127910614
1275.322001 6.6194229126
1283.911084 6.50018811226
1292.874104 6.84967899323
1301.083278 6.09133601189
1309.993299 9999
1318.302132 6.19784092903
1326.517342 6.11381101608
1335.248996 6.63948082924
1343.799096 6.29601597786
1352.981466 7.07293796539
1361.740929 6.64313197136
1370.45703 6.63058900833
1378.787369 6.0710978508
1387.175648 6.27561020851
1396.177629 6.87350010872
1404.399402 6.12063598633
1413.202079 6.54171299934
1422.130452 6.83738303185
1431.910301 7.65849518776
1440.877205 6.83541297913
1449.681651 6.56073498726
1458.408943 6.62034201622
1466.652346 6.12398004532
1475.48229 9999.0
1484.680913 6.96358394623
1493.462419 6.66539502144
1502.309654 9999
1510.565319 6.15211701393
1518.932718 6.14432096481
1528.067392 7.02055597305
1536.757175 6.56854510307
1545.904458 7.05583286285
1554.789594 6.63425517082
1563.446016 6.55827498436
1572.476672 6.91046094894
1580.690658 6.09879207611
1589.947296 7.00673985481
1598.204957 6.14771318436
1606.908254 6.59002685547
1615.612475 6.58077001572
1624.941267 7.08984804153
1633.796471 6.7256360054
1642.474294 6.58429503441
1651.51485 6.92977786064
1660.713823 6.94335699081
1669.017941 6.16215705872
1677.853677 9999
1686.573083 6.58970999718
1694.996698 6.17581391335
1704.105426 9999
1712.26594 6.02777814865
1720.985516 6.58318710327
1729.917504 6.69387602806
1737.845059 5.78331208229
1746.833464 6.86242890358
1755.668576 6.72726917267
1764.972723 7.05339193344
1773.806262 6.70477700233
1782.028064 6.12547302246
1791.234767 7.09724497795
1800.096674 6.69765210152
1808.858762 6.65641283989
1817.90475 6.90328478813
1827.037739 7.03853297234
1836.328692 7.05090212822
1845.443605 6.98204994202
1853.716588 6.14806199074
1862.488024 6.65121197701
1871.341253 6.59895086288
1880.245246 6.79323196411
1889.319894 6.94744706154
1898.470732 7.05358982086
1907.690478 6.97499513626
1916.440358 6.65020394325
1925.554159 6.99557495117
1934.555133 6.88440990448
1943.390473 6.58808612823
1951.737796 6.24684405327
1960.496089 6.63164806366
1969.652549 7.03854203224
1978.907735 7.01463007927
1987.231537 6.18564891815
1995.937664 6.56589102745
2005.104718 7.05286288261
2014.351526 9999
2023.005292 6.54888987541
2031.650076 6.52447986603
2040.48908 6.74315190315
2049.294318 6.56525206566
2058.510048 7.09818506241
2066.920121 6.26784086227
2076.534932 7.49238801003
2085.68333 6.89581084251
2094.376506 6.58379912376
2103.057111 6.55383110046
2111.671598 6.52876210213
2120.835105 6.92869901657
2130.123371 7.16059803963
2138.837527 6.58100390434
2147.656681 9999.0
2155.990838 6.097178936
2164.774108 6.68696904182
2173.686836 6.77200913429
2182.347152 6.5613348484
2191.225236 6.59134984016
2200.146177 6.82637691498
2209.165756 9999
2217.95698 6.66848397255
2226.920176 6.72314286232
2236.086795 7.06335711479
2244.964738 6.71393418312
2253.332787 9999.0
2262.635262 7.03971505165
2271.736009 6.97944998741
2280.678693 6.83308696747
2289.593074 6.78516578674
2298.071087 6.21660399437
2307.086273 6.86647891998
2316.292102 9999
2324.945274 6.54029107094
2333.874337 6.67468810081
2342.251149 9999
2351.862245 7.47394895554
2361.173208 7.19921183586
2369.980397 6.56382393837
2378.654753 6.55068397522
2386.888863 6.07087516785
2395.679602 6.649695158
2404.562251 6.63932299614
2412.873749 6.16780209541
2421.349862 9999
2429.873725 6.43146204948
2439.26041 7.11268305779
2448.268978 6.90176296234
2457.292028 6.92181110382
2465.62627 6.21556997299
2474.049082 6.18223404884
2483.348754 7.16618800163
2491.781802 6.28440093994
2499.965519 6.07835316658
2509.233564 6.94754099846
2518.03217 6.6661798954
2526.684992 6.53316092491
2535.719916 6.92357802391
2544.67413 9999
2553.658412 6.86412501335
2562.815793 7.06281018257
2571.191554 6.22662997246
2580.049396 6.61820316315
2588.708739 6.53763985634
2597.870271 7.03437280655
2606.285285 6.25815987587
2615.204347 6.67302894592
2623.538659 6.20823812485
2632.125522 6.45788407326
2641.822197 7.55982899666
2651.045585 6.92097806931
2659.455667 6.28559684753
2668.980277 7.37249684334
2677.523676 6.43864011765
2685.672587 5.90998387337
2694.03162 9999
2702.412532 6.24745798111
2710.665712 6.13387608528
2720.007992 7.03328895569
2728.687577 6.56562805176
2737.666434 6.7439930439
2746.386313 6.60033416748
2755.278279 9999
2764.451491 7.04186701775
2773.437546 6.8360350132
2781.702378 6.1389529705
2790.380233 9999
2799.370789 6.85558414459
2807.99452 6.46419000626
2816.757282 9999.0
2825.633498 6.58552694321
2834.413187 6.66177415848
2843.164447 6.60495901108
2852.366501 9999.0
2861.102037 6.44964909554
2869.344854 6.10400891304
2877.53105 6.07997488976
2886.744809 7.08195996284
2895.645874 6.64594888687
2904.560717 6.81428289413
2912.949572 6.25277113914
2922.075589 6.99536323547
2930.927747 9999
2940.051454 7.09413695335
2948.66074 6.48144197464
2957.434353 6.66319990158
2966.287935 6.56579303741
2974.713583 6.3168361187
2983.791983 6.96472287178
2992.867578 6.95946598053
3001.20199 6.1092710495
3010.265573 6.88670611382
3018.563301 6.18929886818
3027.327896 6.65145611763
3036.121597 6.53291296959
3044.89634 6.63436317444
3053.589527 6.58011388779
3062.759879 7.04740285873
3071.626442 6.60592198372
3080.628872 6.87709593773
3089.612097 6.85983085632
3098.535863 9999.0
3108.292195 7.44284105301
3117.016304 6.58987808228
3125.197836 6.05222201347
3133.913533 6.60238409042
3142.503842 6.32383584976
3151.252874 6.61203694344
3160.089696 6.65062499046
3169.102733 6.90032696724
3177.982255 6.61049699783
3186.679694 6.5495800972
3194.996222 6.18243789673
3204.145707 6.99216294289
3212.88544 6.51984214783
3221.976172 6.97334313393
3231.191401 7.0622279644
3239.955199 9999.0
3248.392635 6.27672696114
3256.578326 6.09040617943
3265.632371 6.92717218399
3273.903525 6.13656306267
3283.194755 6.99692296982
3292.600693 7.29355502129
3301.685011 6.94560194016
3310.321637 6.55026197433
3319.318969 6.74463605881
3328.358188 6.95401096344
3336.714723 6.24825501442
3345.188421 6.36077904701
3354.283072 6.83267211914
3363.473779 7.08489990234
3372.278376 6.63185596466
3381.113523 6.67499494553
3390.625061 7.2463889122
3398.875695 6.07305788994
3407.169591 6.16597509384
3416.323351 7.03338003159
3424.671291 6.08060503006
3433.448055 6.6639289856
3441.718655 6.1570751667
3450.80904 6.95289897919
3459.516226 6.47382903099
3468.221591 6.57270407677
3477.331721 6.94613599777
3486.873226 7.4188990593
3495.814503 6.68457198143
3504.859656 6.96194815636
3513.633032 6.61739802361
3522.328277 6.59345197678
3531.580606 7.0208530426
3540.307964 6.62669181824
3549.01112 6.60266113281
3557.673241 6.5508480072
3566.932597 6.99352192879
3576.270472 7.24191403389
3584.994465 6.5887401104
3593.844488 9999.0
3602.764361 6.66552495956
