3.790186 9999
7.701148 9999
13.903774 9999
17.674165 9999
21.452447 9999
25.30637 9999
29.395344 9999
33.483767 9999.0
37.41057 9999
41.326408 9999
45.159063 9999
49.185484 9999
52.998363 9999
56.974378 9999
60.94218 9999
64.824223 9999.0
68.677664 9999
73.212973 9999
76.995813 9999
80.699206 9999
84.354453 9999
90.723617 9999
94.593248 9999
98.31466 9999.0
102.112011 9999
105.875286 9999
109.677146 9999
113.512748 9999
117.446234 9999
121.083788 9999
124.856992 9999
128.713848 9999.0
132.636403 9999
137.809983 9999
142.61887 9999
147.072216 9999
150.860515 9999
155.338452 9999
159.224625 9999.0
163.499477 9999
167.29337 9999
171.080764 9999
174.907472 9999
178.682529 9999
182.743161 9999
186.504402 9999
191.380721 9999.0
195.370407 9999
199.175922 9999
203.992518 9999
208.193611 9999
212.064456 9999
215.788334 9999
219.531968 9999
223.26572 9999.0
227.209007 9999
230.973411 9999
234.77356 9999
238.824168 9999
242.913826 9999
246.934604 9999
250.849552 9999
254.626162 9999.0
258.50998 9999
262.633922 9999
266.505697 9999
272.647208 9999
276.444506 9999
280.925535 9999
284.859592 9999.0
289.201103 9999
294.140363 9999
297.921797 9999
301.753884 9999
305.47994 9999
309.364661 9999
313.075006 9999
316.858803 9999.0
320.771339 9999
324.677304 9999
328.762382 9999
332.559469 9999
337.125283 9999
340.835751 9999
344.638943 9999
348.494161 9999.0
352.63144 9999
356.684232 9999
360.764473 9999
364.543663 9999
368.376927 9999
373.364447 9999
377.962399 9999
381.744281 9999.0
388.126572 9999
391.896009 9999
395.858151 9999
400.403231 9999
404.24109 9999
408.038583 9999
411.717021 9999
415.732781 9999.0
419.589562 9999
423.594008 9999
427.71511 9999
431.616832 9999
435.342279 9999
439.056829 9999
442.790618 9999
446.775147 9999.0
450.984089 9999
455.111398 9999
459.18946 9999
465.572637 9999
469.32763 9999
473.340149 9999
477.242269 9999.0
483.59763 9999
487.368571 9999
491.283375 9999
495.261466 9999
500.650771 9999
505.650918 9999
509.717286 9999.0
514.199173 9999
518.433785 9999
522.227277 9999
526.33178 9999
530.087115 9999
533.87105 9999
537.744388 9999
541.60569 9999.0
545.771556 9999
550.474053 9999
554.547573 9999
558.656793 9999
563.996676 9999
569.459217 9999
573.271537 9999.0
577.140579 9999
581.021476 9999
584.749084 9999
589.234738 9999
593.043881 9999
597.094351 9999
600.867694 9999
604.616706 9999.0
609.693983 9999
613.892169 9999
617.698918 9999
621.411903 9999
625.247091 9999
629.758563 9999
633.491131 9999
637.265488 9999.0
641.568417 9999
645.477211 9999
649.576654 9999
653.422801 9999
657.286565 9999
661.08941 9999
664.893939 9999
668.710652 9999.0
672.650975 9999
676.748381 9999
680.654569 9999
684.45206 9999
688.265785 9999
692.067146 9999
696.16325 9999
701.686241 9999.0
705.637783 9999
709.773898 9999
713.544161 9999
717.651417 9999
721.43467 9999
725.642246 9999
729.710766 9999
733.480628 9999.0
737.565458 9999
741.554033 9999
745.499757 9999
749.231088 9999
753.094774 9999
756.851572 9999
761.310787 9999
765.237556 9999.0
769.385911 9999
773.830332 9999
778.66507 9999
782.479253 9999
786.229468 9999
790.287952 9999
794.795952 9999
798.922318 9999.0
803.023561 9999
806.804339 9999
810.80546 9999
814.499063 9999
818.300683 9999
822.336533 9999
826.140838 9999
829.905936 9999.0
833.951172 9999
839.381006 9999
843.111919 9999
847.982944 9999
851.804539 9999
855.827482 9999
859.58227 9999
863.545846 9999.0
867.87957 9999
871.679369 9999
875.714177 9999
879.546007 9999
883.295678 9999
887.219842 9999
891.094393 9999
894.946799 9999.0
899.255205 9999
903.329933 9999
907.854654 9999
911.875302 9999
916.450441 9999
920.817593 9999
924.639181 9999
928.44545 9999.0
932.438917 9999
936.359247 9999
940.894954 9999
944.709058 9999
948.488639 9999
952.398611 9999
956.293353 9999
960.168151 9999.0
964.058567 9999
967.90619 9999
971.753656 9999
975.503882 9999
979.303028 9999
985.473487 9999
989.403399 9999
993.511201 9999.0
998.797654 9999
1002.819839 9999
1006.614187 9999
1011.276092 9999
1015.010506 9999
1018.872012 9999
1022.642218 9999
1026.470387 9999.0
1033.129241 9999
1037.127331 9999
1041.114267 9999
1044.860565 9999
1049.199225 9999
1053.097969 9999
1057.155268 9999.0
1061.157912 9999
1065.294149 9999
1069.070271 9999
1074.384795 9999
1078.883462 9999
1083.432209 9999
1087.327419 9999.0
1091.35268 9999
1096.036921 9999
1099.867843 9999
1103.662046 9999
1107.698152 9999
1111.766693 9999
1115.816481 9999
1119.65253 9999.0
1123.896039 9999
1129.319582 9999
1133.12641 9999
1137.136405 9999
1143.294812 9999
1147.356774 9999
1151.098991 9999.0
1155.120985 9999
1159.224557 9999
1163.092914 9999
1166.93122 9999
1170.679909 9999
1174.544297 9999
1178.295352 9999
1183.265148 9999.0
1187.279384 9999
1191.178036 9999
1195.351224 9999
1200.124495 9999
1203.873636 9999
1207.787447 9999
1212.296097 9999
1216.367598 9999.0
1220.415263 9999
1224.199395 9999
1228.03807 9999
1231.857815 9999
1235.664639 9999
1239.504106 9999
1243.53055 9999
1247.328838 9999.0
1253.703617 9999
1259.171286 9999
1263.684563 9999
1267.756862 9999
1271.734056 9999
1275.672089 9999
1279.470276 9999.0
1283.5833 9999
1287.994711 9999
1291.869095 9999
1295.80993 9999
1299.572163 9999
1305.779551 9999
1309.621254 9999.0
1313.663438 9999
1319.130796 9999
1323.599127 9999
1327.743564 9999
1332.680343 9999
1336.534443 9999
1340.423402 9999.0
1344.58119 9999
1349.877311 9999
1353.899053 9999
1358.789124 9999
1362.71474 9999
1366.657116 9999
1370.424914 9999
1375.620123 9999
1379.475286 9999
1383.295762 9999
1387.370378 9999
1391.771002 9999
1395.604635 9999
1399.445655 9999
1403.146181 9999.0
1408.809875 9999
1412.627459 9999
1416.679082 9999
1420.432071 9999
1424.258704 9999
1427.959844 9999
1432.010598 9999
1436.299977 9999.0
1440.332643 9999
1444.453432 9999
1448.34999 9999
1452.272591 9999
1457.231663 9999
1461.018931 9999
1465.031237 9999
1470.415924 9999.0
1474.72235 9999
1478.505607 9999
1482.298331 9999
1486.032249 9999
1490.124069 9999
1494.146123 9999
1498.033874 9999
1501.842102 9999.0
1505.854637 9999
1509.67659 9999
1513.605285 9999
1517.676165 9999
1521.46899 9999
1525.523154 9999
1529.338057 9999
1533.235399 9999.0
1539.73701 9999
1543.585582 9999
1547.370058 9999
1551.884405 9999
1555.819946 9999
1559.584198 9999
1564.035386 9999.0
1568.026004 9999
1572.048372 9999
1575.85503 9999
1580.758953 9999
1584.49016 9999
1588.332548 9999
1592.267674 9999
1596.350314 9999.0
1600.535585 9999
1604.287937 9999
1608.105501 9999
1612.036701 9999
1616.093599 9999
1619.994116 9999
1623.659736 9999
1628.046017 9999.0
1632.388463 9999
1636.283972 9999
1640.324502 9999
1644.156386 9999
1648.219722 9999
1653.151473 9999
1657.160411 9999
1661.324558 9999.0
1665.624404 9999
1669.475658 9999
1673.221191 9999
1676.990106 9999
1680.835129 9999
1684.678777 9999
1688.643742 9999
1692.61329 9999.0
1696.946312 9999
1700.801047 9999
1705.720466 9999
1709.536668 9999
1713.341283 9999
1717.429076 9999
1722.260334 9999
1726.093128 9999.0
1730.238636 9999
1734.267691 9999
1738.399013 9999
1742.526167 9999
1746.543536 9999
1750.724662 9999
1754.745179 9999
1758.729682 9999.0
1763.035094 9999
1766.832065 9999
1770.749994 9999
1774.379704 9999
1778.472677 9999
1782.509111 9999
1786.650396 9999
1790.455625 9999.0
1795.030443 9999
1798.872455 9999
1804.305734 9999
1808.07009 9999
1812.587408 9999
1816.609133 9999
1823.047142 9999.0
1828.818431 9999
1832.571292 9999
1836.452104 9999
1840.459146 9999
1844.421797 9999
1848.546361 9999
1852.361651 9999
1858.900984 9999.0
1863.46403 9999
1867.331518 9999
1871.998537 9999
1875.923415 9999
1879.753432 9999
1883.509501 9999
1887.342942 9999
1891.17499 9999.0
1895.213975 9999
1898.998176 9999
1902.828134 9999
1906.749557 9999
1910.893905 9999
1914.935779 9999
1918.737773 9999
1922.565071 9999.0
1926.805499 9999
1930.638668 9999
1934.767291 9999
1938.652502 9999
1942.438162 9999
1946.198067 9999
1950.010754 9999
1954.004013 9999.0
1959.216976 9999
1964.060239 9999
1968.034661 9999
1971.987947 9999
1975.840491 9999
1979.602791 9999
1983.466387 9999
1987.929847 9999.0
1992.003075 9999
1995.883695 9999
2000.703842 9999
2004.559476 9999
2008.339964 9999
2012.179455 9999
2017.481007 9999
2021.294578 9999.0
2025.666709 9999
2029.483655 9999
2035.693914 9999
2041.886119 9999
2045.62042 9999
2049.601628 9999
2053.451231 9999.0
2057.589952 9999
2061.583103 9999
2065.493492 9999
2069.347062 9999
2073.170628 9999
2077.100955 9999
2081.607155 9999
2085.547122 9999.0
2089.695682 9999
2093.499634 9999
2098.902879 9999
2103.01245 9999
2107.054077 9999
2110.845138 9999
2115.312206 9999
2119.319922 9999.0
2123.526006 9999
2127.367674 9999
2132.22132 9999
2136.041497 9999
2139.824702 9999
2144.288781 9999
2148.178446 9999
2152.087575 9999.0
2156.157557 9999
2159.963397 9999
2163.753793 9999
2167.642225 9999
2171.38877 9999
2176.066481 9999
2180.461738 9999
2184.345357 9999.0
2188.491094 9999
2192.3507 9999
2196.247762 9999
2200.049805 9999
2203.813728 9999
2207.816335 9999
2211.876409 9999
2215.870034 9999.0
2220.189074 9999
2224.09903 9999
2227.869077 9999
2231.801776 9999
2235.849545 9999
2239.616958 9999
2243.62814 9999
2248.414717 9999.0
2252.571666 9999
2256.516699 9999
2260.279976 9999
2264.184438 9999
2268.060281 9999
2271.733177 9999
2277.089352 9999
2280.851226 9999.0
2284.991267 9999
2289.12005 9999
2293.224084 9999
2297.166053 9999
2301.300008 9999
2305.385972 9999
2309.390021 9999
2313.534955 9999.0
2317.903894 9999
2322.03368 9999
2325.835895 9999
2332.267429 9999
2335.983748 9999
2339.69943 9999
2343.469817 9999
2347.266674 9999.0
2351.430555 9999
2355.433354 9999
2359.491706 9999
2363.280297 9999
2367.220124 9999
2371.757957 9999
2375.649921 9999
2379.715682 9999.0
2383.865269 9999
2387.688828 9999
2392.478606 9999
2396.297737 9999
2402.547012 9999
2406.370027 9999
2410.164477 9999.0
2414.191547 9999
2418.016965 9999
2422.063935 9999
2426.087585 9999
2429.958544 9999
2433.758159 9999
2437.734573 9999
2442.557696 9999.0
2446.592099 9999
2450.469444 9999
2454.284509 9999
2458.242816 9999
2462.396988 9999
2466.280429 9999
2470.21048 9999
2473.971039 9999.0
2478.065662 9999
2481.811818 9999
2485.683797 9999
2489.454081 9999
2493.475989 9999
2497.962691 9999
2501.731681 9999
2505.800749 9999.0
2509.965234 9999
2513.785157 9999
2517.49148 9999
2521.567989 9999
2525.626547 9999
2529.64448 9999
2533.461719 9999
2537.265015 9999.0
2541.635151 9999
2545.61863 9999
2549.455662 9999
2553.230693 9999
2557.331921 9999
2561.426386 9999
2565.671483 9999
2570.19597 9999.0
2576.763228 9999
2580.582375 9999
2584.431594 9999
2588.206065 9999
2592.407566 9999
2596.27659 9999
2600.116959 9999
2603.999372 9999.0
2608.146985 9999
2613.452038 9999
2617.382955 9999
2621.404615 9999
2625.170124 9999
2629.069395 9999
2632.959874 9999
2637.002085 9999.0
2642.098798 9999
2646.913175 9999
2650.92956 9999
2654.805194 9999
2658.571551 9999
2662.567581 9999
2666.331199 9999
2670.405472 9999.0
2675.131046 9999
2679.280782 9999
2683.229377 9999
2687.252655 9999
2691.356379 9999
2695.267469 9999
2699.130455 9999
2702.905771 9999.0
2707.352648 9999
2711.181588 9999
2714.952739 9999
2718.735479 9999
2723.734357 9999
2727.502907 9999
2731.258664 9999
2735.27531 9999.0
2739.337073 9999
2743.015469 9999
2747.148493 9999
2750.986814 9999
2754.919966 9999
2758.973556 9999
2763.039787 9999
2769.255864 9999.0
2775.704147 9999
2779.495612 9999
2783.304282 9999
2787.372285 9999
2791.177624 9999
2794.90679 9999
2799.035663 9999
2804.055616 9999.0
2808.778656 9999
2812.81153 9999
2816.581423 9999
2820.438377 9999
2826.85991 9999
2833.077347 9999
2836.883733 9999.0
2841.155911 9999
2845.030963 9999
2848.777711 9999
2852.637085 9999
2856.516941 9999
2861.073247 9999
2866.015806 9999
2869.813609 9999.0
2873.893268 9999
2877.787697 9999
2881.692247 9999
2885.552885 9999
2889.458587 9999
2893.244955 9999
2897.152507 9999
2901.091083 9999.0
2905.079626 9999
2910.085724 9999
2914.630396 9999
2919.061483 9999
2923.214929 9999
2927.978088 9999
2932.389897 9999.0
2936.435611 9999
2940.280367 9999
2944.309479 9999
2948.315653 9999
2952.315662 9999
2956.158311 9999
2959.968815 9999
2963.748252 9999.0
2968.113718 9999
2972.226602 9999
2977.15374 9999
2980.885298 9999
2987.113075 9999
2991.139293 9999
2994.964152 9999.0
2999.100099 9999
3003.016904 9999
3006.784004 9999
3010.896217 9999
3014.701636 9999
3018.475197 9999
3022.537345 9999
3027.076338 9999.0
3031.261977 9999
3035.149528 9999
3038.951779 9999
3042.806478 9999
3047.653194 9999
3051.785502 9999
3055.570609 9999
3060.481767 9999.0
3064.639816 9999
3069.544809 9999
3073.307317 9999
3077.131305 9999
3081.146573 9999
3085.06604 9999
3089.234205 9999
3093.005651 9999.0
3097.430867 9999
3101.211278 9999
3105.213314 9999
3109.325377 9999
3113.233856 9999
3117.157969 9999
3121.077432 9999
3124.987557 9999.0
3129.049724 9999
3132.943765 9999
3137.393261 9999
3141.200174 9999
3144.964544 9999
3149.001279 9999
3153.059485 9999
3156.960335 9999.0
3161.22567 9999
3165.198 9999
3169.894785 9999
3173.626546 9999
3177.626936 9999
3182.981856 9999
3189.189515 9999.0
3193.215846 9999
3198.128695 9999
3202.244524 9999
3206.32177 9999
3210.301329 9999
3214.035567 9999
3218.904425 9999
3222.82705 9999.0
3227.070969 9999
3230.956032 9999
3235.0879 9999
3239.950693 9999
3243.818685 9999
3247.50923 9999
3251.408091 9999
3255.288642 9999.0
3259.453281 9999
3263.568793 9999
3269.754258 9999
3273.762714 9999
3278.060793 9999
3282.121342 9999
3285.913332 9999.0
3290.821263 9999
3294.661204 9999
3298.550576 9999
3302.541887 9999
3306.225628 9999
3310.152768 9999
3314.07887 9999
3318.211989 9999.0
3322.786807 9999
3326.58354 9999
3330.499108 9999
3334.719988 9999
3338.782069 9999
3342.580814 9999
3346.441048 9999
3350.22911 9999.0
3354.405435 9999
3358.59442 9999
3362.637318 9999
3366.457767 9999
3371.371565 9999
3375.39156 9999
3379.485374 9999
3383.283301 9999.0
3387.477103 9999
3391.302147 9999
3395.277551 9999
3399.082581 9999
3402.955756 9999
3406.820302 9999
3410.706325 9999
3414.743625 9999.0
3418.99604 9999
3422.838258 9999
3426.608143 9999
3430.513834 9999
3434.527397 9999
3439.498081 9999
3443.400545 9999
3447.104334 9999.0
3451.262701 9999
3455.125353 9999
3459.980536 9999
3463.845374 9999
3467.64632 9999
3471.572068 9999
3477.2255 9999.0
3481.317995 9999
3485.729545 9999
3489.77123 9999
3494.061272 9999
3497.925226 9999
3501.709551 9999
3508.007243 9999.0
3512.101541 9999
3515.927362 9999
3520.863428 9999
3524.82389 9999
3528.900205 9999
3532.957561 9999
3539.191347 9999.0
3545.937487 9999
3549.982614 9999
3553.847702 9999
3557.866741 9999
3561.745867 9999
3565.506014 9999
3569.533748 9999.0
3573.669142 9999
3577.487801 9999
3581.528321 9999
3585.361071 9999
3589.237513 9999
3592.975882 9999
3596.847349 9999
3600.835479 9999.0
3604.850068 9999
3608.727921 9999
3612.5377 9999
3616.53496 9999
3620.470944 9999
3624.252512 9999
3628.105473 9999
3632.027877 9999.0
3636.137639 9999
3641.483917 9999
3645.342895 9999
3649.235973 9999
3653.0306 9999
3656.843257 9999
3660.933774 9999
3664.748211 9999.0
3669.194931 9999
3673.257465 9999
3677.071633 9999
3682.626599 9999
3686.526555 9999
3690.451732 9999
3694.552092 9999
3698.391193 9999.0
3702.774898 9999
3706.667074 9999
3710.463685 9999
3714.234023 9999
3718.006525 9999
3722.143843 9999
3726.160638 9999
3730.672474 9999.0
3735.142425 9999
3739.130602 9999
3745.342973 9999
3750.19521 9999
3753.956522 9999
3757.749944 9999
3761.823906 9999.0
3767.548453 9999
3771.395142 9999
3775.246068 9999
3779.196872 9999
3783.264358 9999
3789.406906 9999
3793.454696 9999.0
3797.614668 9999
3801.51004 9999
3806.890095 9999
3810.787939 9999
3814.724326 9999
3818.663275 9999
3822.573029 9999
3826.499597 9999.0
3830.615492 9999
3834.505865 9999
3838.63837 9999
3842.567786 9999
3846.315654 9999
3850.139666 9999
3855.780605 9999
3859.665067 9999.0
3864.441251 9999
3868.421686 9999
3873.359798 9999
3877.178381 9999
3881.02234 9999
3886.41239 9999
3890.335218 9999.0
3895.499681 9999
3899.429278 9999
3904.245044 9999
3908.103381 9999
3912.153544 9999
3916.991549 9999
3921.041923 9999.0
3926.31944 9999
3930.141527 9999
3934.259777 9999
3938.065007 9999
3943.452158 9999
3947.239297 9999
3951.338189 9999.0
3955.455204 9999
3959.488604 9999
3963.235041 9999
3967.258322 9999
3971.019074 9999
3974.928586 9999
3978.763091 9999
3982.756309 9999.0
3987.643947 9999
3991.39207 9999
3995.545947 9999
3999.582089 9999
4003.872664 9999
4007.718342 9999
4011.583779 9999
4015.692985 9999.0
4019.779414 9999
4023.670339 9999
4027.452194 9999
4031.397414 9999
4035.385098 9999
4041.597103 9999
4045.43462 9999
4049.280552 9999.0
4053.439762 9999
4057.368145 9999
4061.2454 9999
4066.468364 9999
4071.374744 9999
4075.219465 9999
4079.342918 9999.0
4083.806699 9999
4087.766868 9999
4091.855421 9999
4096.788701 9999
4100.733684 9999
4104.485574 9999
4108.546807 9999
4112.654767 9999.0
4117.968012 9999
4122.09531 9999
4127.02815 9999
4132.243205 9999
4136.362171 9999
4140.230632 9999
4144.316933 9999.0
4148.788721 9999
4152.583643 9999
4156.450639 9999
4160.373211 9999
4164.955903 9999
4168.813658 9999
4172.791427 9999
4177.471885 9999.0
4182.801142 9999
4186.662997 9999
4192.337157 9999
4196.141133 9999
4200.289032 9999
4204.072444 9999
4207.977139 9999.0
4212.230915 9999
4216.12703 9999
4219.956497 9999
4224.048793 9999
4227.780245 9999
4231.865272 9999
4235.583571 9999
4239.590915 9999.0
4243.937803 9999
4248.029231 9999
4252.066382 9999
4255.927407 9999
4260.506771 9999
4264.385357 9999
4268.176249 9999
4272.030768 9999.0
4278.507629 9999
4282.427342 9999
4286.50311 9999
4290.455676 9999
4294.409513 9999
4298.519223 9999
4302.612266 9999.0
4306.90651 9999
4311.731875 9999
4315.560659 9999
4319.343388 9999
4323.632611 9999
4327.388594 9999
4333.030759 9999.0
4337.261845 9999
4341.082359 9999
4344.931611 9999
4349.767049 9999
4353.653864 9999
4357.576807 9999
4361.399296 9999
4365.651869 9999.0
4369.913759 9999
4374.034759 9999
4377.891135 9999
4381.804668 9999
4385.753402 9999
4390.046961 9999
4393.800162 9999
4397.714851 9999.0
4404.252167 9999
4408.081229 9999
4412.218378 9999
4418.414615 9999
4422.156622 9999
4426.65618 9999
4430.700335 9999.0
4435.065853 9999
4438.922874 9999
4442.67745 9999
4446.785803 9999
4451.724579 9999
4455.484367 9999
4459.248516 9999
4463.352156 9999.0
4468.104451 9999
4472.565373 9999
4476.918587 9999
4480.80923 9999
4485.929573 9999
4489.966881 9999
4496.147132 9999.0
4501.617123 9999
4505.351319 9999
4509.181823 9999
4513.00956 9999
4516.799384 9999
4520.590226 9999
4524.635243 9999
4528.437122 9999.0
4532.545147 9999
4536.4914 9999
4541.310404 9999
4545.038634 9999
4549.00904 9999
4552.843795 9999
4557.346096 9999
4561.484644 9999.0
4565.877307 9999
4572.098246 9999
4576.432824 9999
4580.250147 9999
4585.137981 9999
4589.986278 9999
4593.772276 9999.0
4598.733148 9999
4603.298189 9999
4608.959648 9999
4614.271945 9999
4618.347342 9999
4622.183726 9999
4626.493729 9999.0
4631.681049 9999
4635.661412 9999
4639.591227 9999
4644.084214 9999
4647.805757 9999
4651.871615 9999
4656.2747 9999
4660.009847 9999.0
4664.276021 9999
4668.14242 9999
4673.226893 9999
4678.542682 9999
4682.41386 9999
4686.22173 9999
4690.041564 9999.0
4694.356463 9999
4699.765127 9999
4703.810799 9999
4707.898613 9999
4712.011659 9999
4716.098286 9999
4719.92614 9999
4723.887779 9999.0
4728.036624 9999
4732.064101 9999
4735.977151 9999
4741.523168 9999
4746.100059 9999
4752.392677 9999
4758.821465 9999.0
4763.351665 9999
4767.264367 9999
4771.078607 9999
4777.379542 9999
4781.228622 9999
4785.240776 9999
4788.997744 9999.0
4793.80852 9999
4797.613137 9999
4803.084347 9999
4806.863778 9999
4810.969685 9999
4814.86841 9999
4818.658734 9999
4822.390731 9999.0
4827.599494 9999
4831.451688 9999
4835.384209 9999
4839.142909 9999
4842.906388 9999
4847.704858 9999
4851.552074 9999
4855.367107 9999.0
4859.93939 9999
4865.403249 9999
4869.269962 9999
4873.729761 9999
4877.625385 9999
4883.875369 9999
4888.816555 9999.0
4892.99792 9999
4896.803067 9999
4900.639716 9999
4904.723387 9999
4908.553911 9999
4912.472447 9999
4916.496153 9999
4920.377045 9999.0
4924.785063 9999
4928.645528 9999
4932.557397 9999
4936.379079 9999
4940.822817 9999
4944.576873 9999
4950.85017 9999.0
4955.061206 9999
4959.431045 9999
4963.463385 9999
4967.359358 9999
4971.370277 9999
4975.186134 9999
4979.126076 9999
4985.561692 9999.0
4989.868798 9999
4995.381795 9999
4999.331394 9999
5003.171452 9999
5007.039947 9999
5010.844901 9999
5014.813947 9999
5018.696257 9999.0
5023.384415 9999
5027.652889 9999
5031.502743 9999
5036.445209 9999
5040.289651 9999
5044.091153 9999
5047.847721 9999
5051.642183 9999.0
5055.675275 9999
5059.673483 9999
5063.393325 9999
5067.241791 9999
5072.211045 9999
5076.051033 9999
5079.792972 9999
5083.581191 9999.0
5088.206572 9999
5092.066284 9999
5096.095136 9999
5100.048787 9999
5104.08456 9999
5110.280514 9999
5114.077766 9999.0
5118.449907 9999
5123.875634 9999
5127.595093 9999
5131.381615 9999
5135.285482 9999
5139.243604 9999
5143.134925 9999
5146.879407 9999.0
5151.362749 9999
5155.38598 9999
5160.782977 9999
5164.61815 9999
5168.642144 9999
5172.505087 9999
5176.451133 9999
5180.112079 9999.0
5184.333587 9999
5188.254485 9999
5192.025749 9999
5196.068405 9999
5201.436657 9999
5205.326912 9999
5210.167113 9999.0
5217.07892 9999
5221.915368 9999
5225.97755 9999
5229.912773 9999
5233.797945 9999
5239.212455 9999
5243.092015 9999.0
5247.283654 9999
5251.118441 9999
5255.00883 9999
5259.522493 9999
5263.389045 9999
5267.413517 9999
5271.331558 9999
5276.725226 9999.0
5280.965719 9999
5284.989309 9999
5288.773516 9999
5293.445314 9999
5297.207622 9999
5301.144744 9999
5305.003745 9999
5308.776814 9999.0
5313.104724 9999
5316.949478 9999
5320.777712 9999
5324.543964 9999
5329.977619 9999
5333.935775 9999
5337.727106 9999
5341.690687 9999.0
5346.177378 9999
5350.020445 9999
5353.793387 9999
5357.81693 9999
5363.304346 9999
5367.373932 9999
5371.23079 9999
5375.187127 9999.0
5380.976303 9999
5384.873735 9999
5388.692544 9999
5392.474939 9999
5396.283009 9999
5400.098814 9999
5403.921205 9999
5408.020088 9999.0
5412.941405 9999
5417.484161 9999
5421.399662 9999
5425.428677 9999
5431.664095 9999
5435.606626 9999
5439.538721 9999.0
5445.18452 9999
5448.997589 9999
5453.037394 9999
5456.809684 9999
5460.654183 9999
5464.415113 9999
5468.171269 9999
5472.131704 9999.0
5478.879093 9999
5482.932808 9999
5486.981812 9999
5490.798414 9999
5494.701299 9999
5498.751355 9999
5502.541237 9999.0
5506.837406 9999
5510.610175 9999
5514.515041 9999
5519.976439 9999
5523.805414 9999
5528.275121 9999
5532.192671 9999
5536.012036 9999.0
5540.523232 9999
5544.419709 9999
5548.161952 9999
5554.288386 9999
5558.420554 9999
5562.267036 9999
5566.169544 9999.0
5570.529433 9999
5574.578448 9999
5578.698049 9999
5582.602613 9999
5586.384832 9999
5590.390316 9999
5594.268726 9999
5598.084053 9999.0
5602.567204 9999
5606.400091 9999
5610.368536 9999
5614.28622 9999
5618.213984 9999
5622.122376 9999
5625.906269 9999
5629.963617 9999.0
5634.252874 9999
5640.454295 9999
5644.939472 9999
5648.739491 9999
5652.643344 9999
5656.455381 9999
5660.256583 9999.0
5664.343508 9999
5669.329743 9999
5673.307997 9999
5677.417069 9999
5681.996007 9999
5687.452745 9999
5692.9553 9999.0
5699.593137 9999
5703.507932 9999
5707.367827 9999
5711.502726 9999
5715.427692 9999
5721.058097 9999
5725.124067 9999.0
5729.381816 9999
5733.241727 9999
5737.645384 9999
5741.547208 9999
5745.570633 9999
5749.516299 9999
5753.384017 9999
5757.397308 9999.0
5761.622521 9999
5765.401253 9999
5769.347022 9999
5773.168862 9999
5777.132554 9999
5782.505589 9999
5786.371425 9999
5790.211434 9999.0
5796.784082 9999
5800.773674 9999
5804.616219 9999
5808.758318 9999
5812.584792 9999
5816.411602 9999
5820.250302 9999.0
5824.798233 9999
5828.546781 9999
5832.367259 9999
5836.471432 9999
5840.238763 9999
5843.997029 9999
5847.783268 9999
5851.638951 9999.0
5855.878335 9999
5862.046405 9999
5866.177715 9999
5870.014705 9999
5875.403261 9999
5880.840706 9999
5884.673052 9999.0
5889.024321 9999
5892.913999 9999
5897.001726 9999
5900.869598 9999
5905.789949 9999
5909.605971 9999
5913.513092 9999
5917.997581 9999.0
5923.640957 9999
5927.556372 9999
5931.44976 9999
5935.559899 9999
5939.47145 9999
5944.796432 9999
5949.182711 9999.0
5953.608823 9999
5957.436871 9999
5961.451265 9999
5965.325428 9999
5969.06569 9999
5972.808077 9999
5976.661076 9999
5980.963031 9999.0
5985.266386 9999
5990.727688 9999
5994.571421 9999
5999.015255 9999
6002.747112 9999
6006.677656 9999
6010.807972 9999
6014.613746 9999.0
6018.675771 9999
6022.514946 9999
6026.977922 9999
6032.351291 9999
6036.170892 9999
6040.070288 9999
6044.10607 9999
6048.080497 9999.0
6052.692466 9999
6056.495641 9999
6060.311731 9999
6064.306281 9999
6068.205909 9999
6072.004216 9999
6075.962484 9999
6079.759994 9999.0
6084.048535 9999
6088.561238 9999
6092.328951 9999
6098.4964 9999
6102.624515 9999
6106.651514 9999
6110.649285 9999.0
6117.219276 9999
6121.210608 9999
6125.196684 9999
6129.158524 9999
6133.306876 9999
6137.8824 9999
6142.687037 9999.0
6149.497835 9999
6153.320811 9999
6157.161332 9999
6161.16255 9999
6164.947897 9999
6169.917796 9999
6173.825929 9999.0
6178.36101 9999
6182.188148 9999
6186.594632 9999
6190.530917 9999
6194.571298 9999
6200.762133 9999
6204.521617 9999.0
6208.711847 9999
6212.530586 9999
6216.456578 9999
6220.28372 9999
6224.073406 9999
6228.055236 9999
6231.890752 9999
6235.800708 9999.0
6240.034761 9999
6244.871373 9999
6251.07629 9999
6254.94136 9999
6258.85952 9999
6265.067926 9999
6271.330942 9999.0
6275.789835 9999
6279.690255 9999
6283.427877 9999
6287.27375 9999
6291.02302 9999
6295.074344 9999
6300.504937 9999
6305.363608 9999.0
6309.998053 9999
6313.914895 9999
6317.759242 9999
6321.560535 9999
6325.543312 9999
6329.309725 9999
6333.12381 9999
6337.147506 9999.0
6341.401102 9999
6345.237588 9999
6349.034623 9999
6352.903685 9999
6356.984902 9999
6363.261018 9999
6367.150261 9999
6371.654217 9999
6376.659463 9999
6380.719672 9999
6385.337672 9999
6389.157773 9999
6393.051074 9999
6396.815198 9999
6400.526268 9999.0
6405.034909 9999
6411.493341 9999
6415.330964 9999
6419.280685 9999
6423.202133 9999
6427.198999 9999
6431.05455 9999.0
6435.169945 9999
6439.247521 9999
6444.431244 9999
6448.886059 9999
6452.86599 9999
6456.65646 9999
6460.738324 9999
6465.20974 9999.0
6469.2706 9999
6473.312662 9999
6478.755312 9999
6482.641503 9999
6486.621465 9999
6490.412311 9999
6495.262315 9999.0
6499.602757 9999
6503.504364 9999
6507.643675 9999
6512.338618 9999
6516.281787 9999
6520.070559 9999
6524.134217 9999
6527.997809 9999.0
6532.545539 9999
6536.701287 9999
6540.723321 9999
6544.712599 9999
6548.569892 9999
6552.40588 9999
6556.573039 9999
6561.575145 9999.0
6565.947552 9999
6569.930659 9999
6573.835118 9999
6577.55939 9999
6581.449572 9999
6585.224217 9999
6589.728515 9999
6593.739516 9999.0
6598.225987 9999
6602.080206 9999
6606.109911 9999
6609.91926 9999
6613.964707 9999
6617.746449 9999
6621.755598 9999
6625.722534 9999.0
6630.199164 9999
6634.172129 9999
6638.229704 9999
6642.298728 9999
6646.406613 9999
6650.939619 9999
6654.684867 9999
6658.413502 9999.0
6662.851798 9999
6666.9298 9999
6671.036439 9999
6674.868382 9999
6680.13837 9999
6685.075308 9999
6689.01676 9999.0
6693.972952 9999
6697.921692 9999
6701.726639 9999
6706.210747 9999
6710.001142 9999
6713.976997 9999
6717.80678 9999
6721.645617 9999.0
6727.008616 9999
6730.864372 9999
6734.922257 9999
6739.731961 9999
6743.55775 9999
6748.990672 9999
6753.009635 9999.0
6757.281013 9999
6762.053407 9999
6765.853498 9999
6769.664569 9999
6773.522044 9999
6777.616396 9999
6781.603577 9999
6785.604131 9999.0
6790.189516 9999
6794.314503 9999
6798.147975 9999
6801.97369 9999
6805.780549 9999
6810.791581 9999
6815.102493 9999
6819.747244 9999.0
6824.233496 9999
6828.073857 9999
6831.945574 9999
6835.745989 9999
6839.695014 9999
6843.527494 9999
6849.74031 9999
6854.465533 9999.0
6858.733494 9999
6862.798607 9999
6868.169597 9999
6872.003617 9999
6876.024165 9999
6879.879668 9999
6883.576515 9999
6888.561064 9999.0
6892.886468 9999
6896.906023 9999
6901.362748 9999
6905.198754 9999
6909.010125 9999
6912.867487 9999
6916.594143 9999
6920.646132 9999.0
6924.898692 9999
6928.720376 9999
6932.481696 9999
6936.236103 9999
6940.148656 9999
6944.195019 9999
6948.280249 9999
6952.078346 9999.0
6957.876185 9999
6961.73898 9999
6965.520118 9999
6969.537301 9999
6973.99955 9999
6978.861186 9999
6982.746701 9999.0
6987.202068 9999
6991.12175 9999
6995.133521 9999
6999.12318 9999
7003.130968 9999
7006.784603 9999
7010.722702 9999
7016.205195 9999.0
7021.397606 9999
7025.472729 9999
7029.980978 9999
7033.625268 9999
7038.112229 9999
7041.865506 9999
7045.641491 9999
7049.415063 9999.0
7053.651724 9999
7057.511844 9999
7062.425907 9999
7066.537691 9999
7070.321607 9999
7074.272868 9999
7078.421418 9999
7082.386518 9999.0
7088.967277 9999
7092.850032 9999
7096.651759 9999
7100.775247 9999
7104.888585 9999
7108.924938 9999
7113.623448 9999.0
7117.938255 9999
7121.750494 9999
7125.572016 9999
7129.424958 9999
7133.382949 9999
7137.535335 9999
7142.869645 9999
7146.762962 9999.0
7151.148442 9999
7156.458194 9999
7160.29373 9999
7165.252067 9999
7169.130183 9999
7173.086428 9999
7176.935643 9999.0
7183.461919 9999
7187.25971 9999
7192.051765 9999
7195.971815 9999
7200.363935 9999
