17.474956 0.753110408783
38.104628 0.912093174458
55.682657 0.757028055191
58.873083 9999
76.381877 0.760863542557
93.925406 0.756408655643
111.30347 0.752870547771
128.883044 0.758768415451
132.070892 9999
149.462859 0.755176484585
170.175497 0.914486217499
187.703739 0.761037397385
205.365626 0.761897027493
222.877425 0.75979129076
226.184817 9999
243.607681 0.75589325428
261.152367 0.761476206779
278.747896 0.759335529804
296.293765 0.761630415916
313.970735 0.764220166206
331.549575 0.763807177544
349.09348 0.757224452496
366.521893 0.755999243259
384.234351 0.76500235796
404.81381 0.913202214241
422.442304 0.759708487988
439.787693 0.751474118233
457.265536 0.751489341259
460.423892 9999
477.879532 0.757796359062
481.167094 9999
484.353973 9999
501.894771 0.759775280952
519.375912 0.757674026489
539.80354 0.901411902905
557.282974 0.757769441605
560.689323 9999
578.178762 0.760036480427
598.693268 0.911708891392
616.321337 0.755715429783
634.033896 0.769636178017
654.763206 0.917108571529
672.207585 0.754552876949
689.77089 0.756838321686
692.909616 9999
710.46711 0.763320660591
728.164703 0.759581673145
745.539854 0.754194355011
763.051807 0.75437746048
780.397916 0.75284100771
797.890703 0.752946710587
815.586472 0.765231204033
833.201243 0.759637606144
850.692697 0.759247815609
854.049315 9999
871.557858 0.759605538845
892.003267 0.907884061337
909.665134 0.760811817646
927.243672 0.760430276394
944.991309 0.765516746044
962.485042 0.759513783455
980.061884 0.758173453808
997.609796 0.762129330635
1015.285312 0.760867762566
1032.67977 0.754102265835
1050.32787 0.761923480034
1053.497965 9999
1074.023759 0.911691272259
1091.522314 0.754534482956
1112.082311 0.912758636475
1129.860857 0.76580709219
1133.082949 9999
1150.659014 0.763428044319
1168.286123 0.757826256752
1185.66704 0.754924702644
1203.128299 0.752287149429
1223.709096 0.912815082073
1241.301169 0.756397938728
1258.76474 0.757826936245
1276.427847 0.762233197689
1296.872801 0.907349538803
1317.488087 0.909243834019
1335.013464 0.759000349045
1355.610104 0.908519864082
1373.08853 0.758135914803
1390.701663 0.759664618969
1393.888937 9999
1411.413797 0.761563646793
1428.792274 0.749164772034
1446.120098 0.752625644207
1463.734423 0.759067666531
1481.277383 0.762704229355
1484.601055 9999
1502.090927 0.758708560467
1519.635452 0.761339211464
1540.185023 0.905854642391
1557.627129 0.756776034832
1578.192715 0.908141875267
1595.602618 0.755879569054
1598.945604 9999
1616.469366 0.761558401585
1636.963084 0.907221710682
1640.270497 9999
1660.779249 0.909022378922
1681.244056 0.907185268402
1684.650157 9999
1702.140612 0.755939137936
1719.584396 0.756641304493
1737.432961 0.767419445515
1754.774672 0.75125837326
1772.487651 0.759910511971
1793.136317 0.915965855122
1810.778804 0.756921625137
1831.291707 0.909902238846
1851.989069 0.909802126884
1872.469003 0.906955349445
1890.147312 0.75958763361
1910.779239 0.914735090733
1914.167583 9999
1917.351219 9999
1934.796403 0.75675932169
1952.308374 0.760523378849
1969.903163 0.756854009628
1987.34764 0.756511306763
2004.993025 0.760473096371
2022.385394 0.754425799847
2040.180939 0.767204880714
2057.708422 0.761952769756
2075.338699 0.757169556618
2092.715715 0.754393398762
2110.259919 0.753939902782
2127.755093 0.760316896439
2145.432924 0.759928274155
2166.115998 0.917939817905
2183.808798 0.760394525528
2201.088543 0.749132144451
2221.653179 0.905796039104
2239.178907 0.76085152626
2256.673421 0.752396357059
2274.285093 0.76515828371
2294.848944 0.906446838379
2312.310493 0.757332611084
2315.601247 9999
2333.126775 0.761421751976
2350.618781 0.759791314602
2368.28125 0.760995650291
2385.878453 0.76376979351
2406.507739 0.90667001009
2424.120885 0.764652478695
2441.848972 0.762425160408
2459.307719 0.758720231056
2477.087455 0.765777826309
2494.581027 0.760034406185
2512.226116 0.759777069092
2529.671151 0.758624696732
2547.232132 0.755304849148
2564.780207 0.763411104679
2582.555705 0.765614664555
2600.02007 0.758911550045
2617.64614 0.759212112427
2635.077177 0.756446623802
2652.569326 0.751780569553
2670.048703 0.758084750175
2687.775815 0.762973916531
2705.236816 0.756634926796
2723.066276 0.766009688377
2740.627065 0.762864518166
2758.1886 0.756262290478
2778.818979 0.917497253418
2796.464175 0.756307160854
2813.892246 0.755656588078
2831.603989 0.762828612328
2852.052399 0.907986485958
2869.862745 0.764974653721
2887.223883 0.753480112553
2904.855208 0.756098306179
2922.417134 0.763611066341
2940.009203 0.756458640099
2943.181605 9999
2963.574732 0.904795742035
2981.219476 0.757487726212
2998.597841 0.753555631638
3016.212201 0.755855560303
3033.756629 0.763088870049
3051.349763 0.757248234749
3054.566107 9999
3072.096282 0.761710655689
3089.858186 0.764609992504
3107.403832 0.763225746155
3125.098301 0.758629024029
3142.609837 0.76065363884
3160.372117 0.765403628349
3177.769486 0.754130423069
3195.397857 0.756659340858
3198.621026 9999
3216.143392 0.762084555626
3233.870549 0.764026606083
3254.283893 0.905980849266
3271.995728 0.76074501276
3289.524094 0.761377298832
3310.287864 0.913321220875
3327.816016 0.760226035118
3345.394249 0.755677390099
3362.738679 0.751891422272
3366.213126 9999
3383.655918 0.757037389278
3404.182723 0.910456347466
3421.962415 0.763174307346
3439.489582 0.762283885479
3457.151464 0.756611001492
3474.529965 0.754076206684
3492.158138 0.757437109947
3509.58891 0.756245708466
3530.467335 0.91913548708
3547.864694 0.755082631111
3565.606754 0.76092903614
3583.268998 0.768290734291
3603.884582 0.908188450336
