5.990134 0.39403629303
11.905033 0.404529968898
17.80511 0.402092933655
23.781438 0.409019708633
29.70508 0.407813866933
35.662379 0.400428056717
41.791404 0.409103949865
47.903843 0.406789382299
53.820896 0.40426103274
59.717935 0.401893377304
65.609942 0.398225704829
71.579437 0.412031968435
77.68868 0.402639627457
83.583018 0.405292669932
89.536837 0.410911719004
95.429069 0.401052633921
101.379591 0.401858091354
107.296411 0.402319987615
113.309836 0.400664011637
119.27028 0.407519340515
125.178479 0.402404944102
131.113998 0.411329587301
137.016698 0.401912371318
142.921749 0.402084589005
148.949787 0.399476925532
154.906733 0.403962691625
160.855216 0.404566526413
166.811614 0.409654378891
172.69923 0.402554273605
178.610037 0.401447296143
184.681486 0.418351332347
190.5893 0.403262694677
196.510755 0.405400276184
202.421026 0.39982565244
208.309151 0.397994756699
214.261263 0.411048650742
220.314373 0.406042257945
226.265236 0.416761716207
232.203663 0.413497050603
238.122759 0.404578288396
244.048622 0.405052741369
249.972952 0.412199020386
256.028951 0.409734805425
261.982776 0.412044048309
267.93406 0.41006175677
273.852755 0.404848337173
279.798487 0.402028958003
285.697535 0.406386613846
291.74991 0.407476981481
297.64305 0.404364585876
303.578994 0.408874352773
309.635727 0.443914254506
315.549725 0.400168736776
321.446617 0.4021636645
327.520793 0.403459231059
333.449161 0.403094768524
339.377196 0.403773943583
345.271144 0.401233990987
351.223669 0.409152905146
357.176188 0.412775039673
363.197952 0.397381385167
369.216633 0.426776965459
375.157913 0.402599891027
381.150433 0.410663207372
387.101021 0.405037879944
393.022009 0.406307935715
399.05191 0.400794267654
404.983999 0.409392595291
410.890405 0.397767702738
416.79947 0.402401606242
422.702623 0.400413751602
428.67091 0.409226020177
434.750476 0.413560072581
440.830722 0.402676423391
446.775606 0.405391613642
452.734244 0.416765371958
458.621552 0.397573947906
464.544217 0.40408706665
470.618359 0.404764572779
476.543983 0.401082992554
482.47218 0.403735637665
488.394168 0.402280251185
494.311677 0.40044927597
500.288695 0.412135680517
506.319777 0.402928034465
512.290551 0.415587425232
518.243165 0.405725717545
524.183761 0.404709974925
530.126139 0.415471712748
536.023502 0.397690693537
542.113281 0.40336171786
548.055701 0.412621339162
553.956191 0.399195591609
559.883547 0.40479071935
565.778324 0.39824461937
571.752311 0.407992283503
577.836674 0.403113047282
583.862531 0.400258938471
589.767456 0.397264321645
595.766189 0.415415048599
601.67028 0.39835302035
607.661741 0.418893734614
613.738375 0.403256734212
619.689418 0.407301425934
625.623574 0.40597931544
631.555438 0.409328699112
637.504777 0.40457034111
643.448549 0.412048737208
649.606909 0.404369672139
655.80785 0.404151042302
661.713052 0.403946320216
667.651623 0.410111665726
673.625634 0.408163309097
679.698674 0.404848337173
685.635527 0.40576171875
691.620837 0.419908364614
697.590994 0.409889936447
703.493364 0.400201956431
709.464806 0.407348950704
715.501186 0.405200004578
721.475618 0.401313622793
727.397132 0.396140019099
733.353775 0.405905564626
739.330103 0.412049770355
745.26163 0.403429985046
751.339581 0.401127338409
757.283317 0.403883457184
763.196537 0.40673438708
769.147863 0.406898736954
775.097052 0.412860075633
781.02841 0.407495975494
787.237925 0.413397312164
793.161006 0.403140068054
799.067342 0.396443287532
805.011239 0.407368103663
810.90318 0.398824294408
816.841611 0.405179977417
822.923387 0.404775381088
828.874185 0.402134656906
834.828219 0.41600894928
840.764691 0.406002362569
846.821246 0.410444657008
852.75694 0.407280365626
858.797752 0.406838258108
864.730686 0.402870893478
870.675683 0.406466007233
876.588675 0.403288046519
882.571487 0.416754325231
888.491428 0.402415037155
894.584518 0.408767700195
900.550296 0.407632271449
906.494748 0.405431985855
912.425089 0.402953942617
918.385744 0.404090722402
924.314028 0.401780049006
930.435574 0.413052638372
936.406668 0.405584017436
942.351199 0.401876688004
948.27893 0.404573996862
954.181892 0.404238700867
960.106092 0.403150002162
966.157307 0.404090563456
972.095552 0.400990645091
978.072096 0.414406696955
983.995857 0.401973327001
989.922406 0.400586684545
995.838359 0.401334603628
1001.877562 0.400791327159
1007.867132 0.402138630549
1013.770153 0.401323636373
1019.695764 0.4064737161
1025.691953 0.414042393366
1031.644197 0.399618625641
1037.68836 0.401701688766
1043.644792 0.397796233495
1049.570265 0.401579936345
1055.547135 0.403139352798
1061.46462 0.40350540479
1067.344165 0.392504692078
1073.41972 0.414097309113
1079.386537 0.404670317968
1085.341019 0.411463896434
1091.281278 0.403193235397
1097.196752 0.401092688243
1103.130489 0.402827660243
1109.232289 0.404979944229
1115.194329 0.407975355784
1121.146564 0.417781750361
1127.075855 0.402911980947
1132.978306 0.397164662679
1138.895528 0.402907689412
1144.965701 0.40251994133
1150.941744 0.408965349197
1156.855279 0.398081302643
1162.777551 0.399258057276
1168.69724 0.407337745031
1174.645209 0.408296346664
1180.709031 0.400239070257
1186.634677 0.397289991379
1192.585302 0.406969388326
1198.531144 0.400066693624
1204.445365 0.397601922353
1210.375862 0.404177586238
1216.461873 0.40750225385
1222.401047 0.39914838473
1228.376192 0.40408929189
1234.299515 0.401395003001
1240.254112 0.407987991969
1246.199644 0.403667926788
1252.276273 0.41245230039
1258.214101 0.402359644572
1264.135299 0.408933718999
1270.088521 0.407406648
1276.001228 0.399901390076
1281.999781 0.422307729721
1288.08807 0.405497550964
1294.025212 0.406792879105
1299.96711 0.409478664398
1305.880101 0.400629281998
1311.839709 0.417013009389
1317.760805 0.405072689056
1323.817242 0.402558962504
1329.762925 0.407513300578
1335.833749 0.457176923752
1341.920287 0.40838766098
1347.863808 0.407456000646
1353.956164 0.403498331706
1360.011402 0.424176692963
1365.943446 0.406234661738
1371.867294 0.400016943614
1377.812297 0.404609680176
1383.724252 0.398543278376
1389.840738 0.39781832695
1395.743821 0.401320934296
1401.663743 0.400821765264
1407.726468 0.411554336548
1413.662449 0.401486635208
1419.615827 0.401772419612
1425.77571 0.404740651449
1431.710924 0.403580665588
1437.627088 0.401516755422
1443.616634 0.41292365392
1449.561326 0.409836053848
1455.509465 0.411356210709
1461.632346 0.402451674143
1467.569147 0.404195308685
1473.495899 0.398917675018
1479.39109 0.400292555491
1485.304571 0.403300285339
1491.25331 0.405592441559
1497.390314 0.399457534154
1503.343426 0.405386050542
1509.286601 0.404943943024
1515.24357 0.408983071645
1521.172367 0.398674964905
1527.131278 0.406696001689
1533.309724 0.407349983851
1539.249145 0.407979011536
1545.207076 0.400010665258
1551.119039 0.40878367424
1557.04981 0.400881369909
1562.998639 0.404771963755
1569.264327 0.412529627482
1575.25403 0.402880509694
1581.175843 0.402425924937
1587.108532 0.405325015386
1593.059633 0.410141388575
1599.265409 0.415799776713
1605.15911 0.40135995547
1611.109306 0.410958369573
1617.057019 0.397718667984
1622.971765 0.401034673055
1628.89758 0.401414632797
1635.078015 0.409825325012
1640.981856 0.39940961202
1646.940911 0.408335288366
1652.866325 0.402298609416
1658.803013 0.403210083644
1664.749014 0.402416388194
1670.880041 0.402153968811
1676.821014 0.402916669846
1682.743914 0.403747320175
1688.673637 0.401151974996
1694.622031 0.407086292903
1700.547146 0.402783711751
1706.593442 0.400455633799
1712.53544 0.405996402105
1718.454736 0.400032043457
1724.365843 0.399287223816
1730.28257 0.407952070236
1736.199004 0.404514392217
1742.379041 0.414822657903
1748.288406 0.401651620865
1754.234756 0.40281867981
1760.182989 0.403750658035
1766.109202 0.405089696248
1772.056214 0.400913317998
1778.22663 0.406004349391
1784.130287 0.399303595225
1790.107512 0.409616629283
1796.13372 0.399900356929
1802.035757 0.400842984517
1808.149664 0.400314569473
1814.130909 0.418659687042
1820.094863 0.406486988068
1826.002847 0.401377280553
1831.892892 0.40087834994
1837.857871 0.414097865423
1844.012149 0.396461248398
1849.963184 0.404001712799
1855.886357 0.403354644775
1861.806369 0.397048314412
1867.749563 0.401587963104
1873.774289 0.399754683177
1879.987876 0.397141297658
1885.945764 0.412483056386
1891.899374 0.406782388687
1897.877515 0.40850631396
1903.803587 0.402999957403
1909.911452 0.402359882991
1915.847515 0.396546363831
1921.738802 0.398460706075
1927.678861 0.404837369919
1933.611936 0.407240311305
1939.544979 0.398560365041
1945.662627 0.400606314341
1951.597485 0.401957273483
1957.548662 0.403424739838
1963.52968 0.405602693558
1969.590307 0.401335954666
1975.763399 0.397499005
1981.690703 0.407424688339
1987.624948 0.405377626419
1993.56642 0.40779598554
1999.494504 0.4030093352
2005.423456 0.404755274455
2011.550062 0.400255044301
2017.556029 0.415481011073
2023.515008 0.405064105988
2029.482499 0.410261233648
2035.39253 0.40219839414
2041.315007 0.399705330531
2047.464691 0.398902654648
2053.373643 0.399485905965
2059.320219 0.404228051503
2065.292226 0.40726296107
2071.233511 0.398013989131
2077.227856 0.418168306351
2083.399518 0.406563043594
2089.364348 0.402188221614
2095.303272 0.403402725856
2101.247805 0.407471259435
2107.200465 0.41105333964
2113.211166 0.403800884883
2119.439139 0.40802081426
2125.445942 0.411410013835
2131.392328 0.411767641703
2137.339458 0.408644040426
2143.24883 0.400964260101
2149.409736 0.410697937012
2155.34419 0.403805971146
2161.292658 0.406675020854
2167.25225 0.40563472112
2173.357235 0.421616077423
2179.626086 0.406809091568
2185.658822 0.424519379934
2191.605746 0.403748432795
2197.565756 0.412841002146
2203.515913 0.409576892853
2209.668537 0.400103569031
2215.685885 0.417327006658
2221.63937 0.413385391235
2227.590486 0.408595959345
2233.537862 0.407651980718
2239.900769 0.449167410533
2245.929516 0.400509357452
2251.910302 0.404507637024
2257.813813 0.40078218778
2263.751913 0.40730603536
2269.893888 0.409180005391
2275.846355 0.410380045573
2281.785533 0.407317956289
2287.726416 0.401395638784
2293.652115 0.403412739436
2299.567003 0.402557929357
2305.685952 0.407975912094
2311.651785 0.410641988118
2317.615946 0.408015648524
2323.553227 0.399880329768
2329.470938 0.400496641795
2335.48938 0.412329117457
2341.671076 0.403407335281
2347.636128 0.402090072632
2353.732745 0.464902718862
2359.764784 0.403142372767
2365.743256 0.410362641017
2371.927205 0.404681921005
2377.855801 0.40503803889
2383.819562 0.404940446218
2389.747686 0.402455965678
2395.705973 0.41211771965
2401.62226 0.403603871663
2408.050511 0.419900258382
2413.99204 0.413143316905
2419.934387 0.403507709503
2425.832311 0.40304962794
2431.8207 0.406615018845
2438.008518 0.407047986984
2443.980098 0.406674305598
2449.905054 0.401602347692
2455.907686 0.418035348256
2461.842069 0.40296403567
2468.034092 0.400915702184
2474.02528 0.410031318665
2480.025425 0.426123936971
2486.315965 0.449675242106
2492.251893 0.401959975561
2498.431886 0.401260058085
2504.404327 0.404571056366
2510.370679 0.405322313309
2516.312345 0.399108012517
2522.249135 0.40242099762
2528.406155 0.41333770752
2534.436604 0.402370293935
2540.378285 0.403895616531
2546.339798 0.408542394638
2552.333445 0.414966980616
2558.53419 0.406537771225
2564.465394 0.398437023163
2570.386579 0.403160651525
2576.358755 0.403335650762
2582.286503 0.410089333852
2588.23169 0.407328923543
2594.43127 0.406757593155
2600.36 0.401759624481
2606.269012 0.401049693425
2612.210131 0.405516386032
2618.130404 0.398315985998
2624.084903 0.402503649394
2630.185423 0.402187347412
2636.121685 0.403215010961
2642.101846 0.412491003672
2648.053027 0.403714338938
2653.991031 0.405258655548
2659.94219 0.411259333293
2666.217413 0.414552609126
2672.146186 0.400503635406
2678.105134 0.408682982127
2684.056917 0.407910029093
2690.025399 0.416674693425
2696.248198 0.410444339116
2702.196174 0.402540922165
2708.169092 0.411074320475
2714.09945 0.40327501297
2720.099528 0.410760243734
2726.294488 0.399479309718
2732.233974 0.403488318125
2738.177355 0.406358639399
2744.127252 0.401259024938
2750.040783 0.40337061882
2755.991971 0.401651382446
2762.120672 0.404403924942
2768.028808 0.397663672765
2773.954998 0.400118589401
2779.893888 0.406590064367
2785.864017 0.417287747065
2791.775289 0.403685649236
2797.956083 0.401631355286
2803.882719 0.402419646581
2809.844469 0.405906359355
2815.793997 0.404078642527
2821.80022 0.403642574946
2828.007427 0.40497636795
2833.939547 0.408982356389
2839.908654 0.406139691671
2845.855288 0.400589625041
2851.774606 0.404619693756
2857.696284 0.40638033549
2863.953359 0.403074264526
2869.929739 0.40492828687
2875.937923 0.406117598216
2881.919216 0.413127978643
2887.838092 0.400903224945
2894.058262 0.420894622803
2900.033478 0.408348004023
2905.964762 0.401830991109
2911.88588 0.404002666473
2917.789475 0.402497371038
2923.707326 0.403471310933
2929.885049 0.409408728282
2935.83953 0.402736028035
2941.771967 0.401366313299
2947.723925 0.406557321548
2953.659158 0.405275344849
2959.665695 0.420065720876
2965.885796 0.412032286326
2971.799314 0.400170723597
2977.933913 0.408818562826
2983.866751 0.400498390198
2989.789139 0.40100868543
2996.008015 0.401420911153
3001.937782 0.400316953659
3007.872468 0.406468311946
3013.821056 0.411968708038
3019.775312 0.402397314707
3025.724571 0.413305997849
3031.942578 0.40573032697
3037.856313 0.401647647222
3043.781506 0.402103424072
3049.692356 0.40475598971
3055.630966 0.406292994817
3061.549295 0.403831005096
3067.762485 0.407975673676
3073.781705 0.410376707713
3079.707094 0.401606241862
3085.639931 0.405177593231
3091.697915 0.40171901385
3097.859828 0.404242992401
3103.82285 0.404985984166
3109.784465 0.401237090429
3115.731643 0.408757686615
3121.699832 0.418798685074
3128.032104 0.400051355362
3134.025172 0.41899228096
3140.037401 0.405792315801
3146.000651 0.403565963109
3151.909396 0.402336279551
3158.024351 0.403637647629
3163.961861 0.399423996607
3169.941774 0.418638308843
3175.899137 0.403379360835
3181.805396 0.401981274287
3187.7419 0.39573931694
3193.9739 0.400009314219
3199.890477 0.400528271993
3205.832589 0.402547200521
3211.813254 0.405593951543
3217.737049 0.410187721252
3223.674516 0.401332934697
3229.893766 0.403682072957
3235.83828 0.40262389183
3241.780481 0.408755699793
3247.752649 0.401215712229
3253.665374 0.405152082443
3259.593498 0.406718254089
3265.688091 0.405860026677
3271.639625 0.406946023305
3277.538468 0.394939025243
3283.463352 0.406455437342
3289.401283 0.402915716171
3295.322104 0.401246388753
3301.54834 0.409454345703
3307.503632 0.400756041209
3313.423574 0.403455257416
3319.346967 0.399887959162
3325.472674 0.403944969177
3331.746103 0.418313026428
3337.677756 0.402470032374
3343.719153 0.398855288823
3349.620236 0.399310032527
3355.510679 0.400076945623
3361.709749 0.413977940877
3367.664587 0.407167434692
3373.606262 0.409421682358
3379.543386 0.404852310816
3385.469078 0.4016020298
3391.419078 0.405456701914
3397.595266 0.399143298467
3403.536905 0.403837362925
3409.480246 0.407880385717
3415.438982 0.400952021281
3421.439554 0.403565645218
3427.623921 0.40355571111
3433.578186 0.407762050629
3439.507271 0.404497702916
3445.399937 0.397009690603
3451.326756 0.41154106458
3457.286655 0.41711862882
3463.527511 0.407730023066
3469.489293 0.410347382228
3475.409399 0.404259761175
3481.342646 0.404268423716
3487.310684 0.402323246002
3493.544451 0.405650059382
3499.46788 0.40273531278
3505.393547 0.406865755717
3511.327044 0.40111597379
3517.291059 0.407721678416
3523.217315 0.401302655538
3529.377376 0.399956226349
3535.302396 0.401173988978
3541.289912 0.407008647919
3547.249674 0.406368970871
3553.253889 0.422679583232
3559.484107 0.401441017787
3565.417324 0.400299946467
3571.376881 0.400586605072
3577.376434 0.408057689667
3583.369333 0.416477998098
3589.564608 0.405134995778
3595.528502 0.411400079727
3601.494123 0.415005048116
3607.427562 0.404270648956
3613.401631 0.403884967168
3619.647105 0.396598656972
3625.667894 0.424909989039
3631.611758 0.405274391174
3637.54379 0.402128696442
3643.464967 0.404735008876
3649.601836 0.407797018687
3655.545914 0.402091026306
3661.47038 0.405874331792
3667.422056 0.39899969101
3673.322742 0.400827328364
3679.235777 0.398741006851
3685.482521 0.402607282003
3691.460462 0.402627944946
3697.387293 0.409735361735
3703.329263 0.404727379481
3709.336294 0.408508698146
3715.585815 0.40526954333
3721.523403 0.406620979309
3727.475191 0.408853451411
3733.384259 0.403935352961
3739.332832 0.409136295319
3745.709382 0.418660958608
3751.66162 0.407648722331
3757.615506 0.401633024216
3763.571261 0.40321969986
3769.551067 0.407192309697
3775.78665 0.40348426501
3781.723799 0.411590735118
3787.674625 0.407992601395
3793.644142 0.418497244517
3799.607081 0.403825998306
3805.803057 0.399871349335
3811.752348 0.40237458547
3817.660118 0.401488383611
3823.579433 0.403853972753
3829.466078 0.405006965001
3835.436013 0.401853005091
3841.673606 0.416510343552
3847.617457 0.397536913554
3853.516634 0.397639989853
3859.473299 0.407957315445
3865.41205 0.405058940252
3871.582424 0.404536644618
3877.59159 0.400259017944
3883.55187 0.406612793605
3889.561485 0.419172286987
3895.533472 0.40643397967
3901.766116 0.401357968648
3907.721418 0.400769710541
3913.649901 0.402957280477
3919.676988 0.428142706553
3925.601538 0.4024746418
3931.812751 0.403433322906
3937.825105 0.419380426407
3943.766121 0.409780422846
3949.683312 0.399634599686
3955.655034 0.405845324198
3961.891978 0.407312313716
3967.811236 0.401001373927
3973.742398 0.399379014969
3979.707573 0.402002652486
3985.707467 0.4314280351
3991.961603 0.407039642334
3997.894601 0.40876642863
4003.832456 0.401409069697
4009.754168 0.400927702586
4015.691808 0.404203255971
4021.666642 0.406583070755
4027.926054 0.407886981964
4033.92358 0.404912074407
4040.153966 0.467056910197
4046.097639 0.408437649409
4052.154684 0.430695692698
4058.396799 0.401807546616
4064.323131 0.40073299408
4070.20369 0.398741960526
4076.146528 0.407102664312
4082.129018 0.416190624237
4088.083188 0.40194328626
4094.238448 0.404456456502
4100.167919 0.402667045593
4106.113129 0.40637477239
4112.050061 0.408069054286
4117.978364 0.398788293203
4123.958817 0.411893049876
4130.282927 0.405833323797
4136.241818 0.404196341832
4142.221833 0.407277584076
4148.185774 0.403695742289
4154.136637 0.403654019038
4160.361805 0.401210308075
4166.320791 0.405303955078
4172.26388 0.408882935842
4178.193699 0.405139684677
4184.120568 0.399837732315
4190.061189 0.399869600932
4196.332996 0.40075858434
4202.245015 0.403682947159
4208.252313 0.407409032186
4214.254759 0.414775689443
4220.259504 0.412017265956
4226.511974 0.40650788943
4232.453304 0.400816440582
4238.403807 0.400603373845
4244.345089 0.406966050466
4250.323574 0.404504060745
4256.620374 0.410940011342
4262.592111 0.415204524994
4268.576012 0.414803743362
4274.526886 0.407790660858
4280.483493 0.404606103897
4286.762949 0.403867642085
4292.718405 0.405961672465
4298.654423 0.399935007095
4304.579375 0.401370922724
4310.622481 0.405622005463
4316.902628 0.41805768013
4322.849234 0.406978925069
4328.817266 0.40761868159
4334.783583 0.413066307704
4340.726722 0.400934616725
4346.935628 0.408467054367
4352.876272 0.40725572904
4358.85176 0.405938386917
4364.80195 0.40834236145
4370.734145 0.405895709991
4376.875521 0.396438916524
4382.829603 0.410115003586
4388.818916 0.406539758046
4394.755626 0.404016256332
4400.683392 0.404234250387
4406.656964 0.407407045364
4412.939624 0.414328416189
4418.902867 0.406555016836
4424.828199 0.400950272878
4430.804655 0.40126935641
4436.763108 0.409858942032
4443.00159 0.412470738093
4448.990013 0.402015288671
4454.998057 0.408063968023
4460.987987 0.416648546855
4466.905172 0.402227004369
4473.242705 0.404834985733
4479.23963 0.411424001058
4485.164758 0.400507688522
4491.085859 0.402069965998
4497.031872 0.411465962728
4503.210462 0.400983969371
4509.227735 0.419140656789
4515.176771 0.401817639669
4521.102076 0.404390891393
4527.066401 0.407858610153
4533.364427 0.405584732691
4539.293381 0.39975531896
4545.254844 0.405796925227
4551.174963 0.40708231926
4557.188142 0.417531649272
4563.418986 0.412072658539
4569.381128 0.406045913696
4575.30206 0.401780287425
4581.214173 0.3992070357
4587.174998 0.403090318044
4593.367963 0.407106637955
4599.30344 0.400497595469
4605.266504 0.411964972814
4611.203287 0.407577355703
4617.153298 0.401709715525
4623.184213 0.408267100652
4629.44641 0.410435358683
4635.417399 0.409973700841
4641.349 0.405856291453
4647.265316 0.400752623876
4653.207605 0.405226707458
4659.434681 0.398542006811
4665.332723 0.403602361679
4671.251128 0.400280078252
4677.187656 0.405686299006
4683.127516 0.400826692581
4689.091491 0.414059321086
4695.375773 0.404067357381
4701.31655 0.410895347595
4707.281015 0.414921681086
4713.189636 0.400229692459
4719.146926 0.405244032542
4725.429381 0.401417016983
4731.357638 0.400126695633
4737.283585 0.399782260259
4743.233357 0.403766552607
4749.245587 0.42976530393
4755.515744 0.401853720347
4761.491473 0.40283870697
4767.429445 0.402555386225
4773.36244 0.403385639191
4779.261096 0.400743961334
4785.511541 0.401338418325
4791.522138 0.403569618861
4797.522456 0.418005625407
4803.436469 0.407110611598
4809.362324 0.40495967865
4815.545346 0.394961039225
4821.485589 0.403252601624
4827.410873 0.39958357811
4833.35792 0.407562971115
4839.309337 0.405246416728
4845.286281 0.412815650304
4851.516622 0.402117967606
4857.46079 0.409679571788
4863.388293 0.398124059041
4869.353108 0.405291080475
4875.30539 0.405826012293
4881.681674 0.427603642146
4887.638639 0.406996647517
4893.652387 0.414620002111
4899.580103 0.404684623082
4905.505643 0.406717697779
4911.760959 0.406865040461
4917.703446 0.407313585281
4923.615544 0.400278250376
4929.545931 0.400513410568
4935.504242 0.407236337662
4941.796594 0.403469244639
4947.804057 0.412912289302
4953.747388 0.403612295787
4959.689896 0.40231068929
4965.691772 0.401300032934
4971.914132 0.401025056839
4977.888475 0.404687643051
4983.8198 0.401698668798
4989.832883 0.416124900182
4995.787184 0.404229005178
5002.042124 0.398428678513
5008.019699 0.406136353811
5013.975339 0.395846684774
5019.882558 0.398809591929
5025.804123 0.402769406637
5032.046578 0.415805021922
5037.998029 0.407336711884
5043.919477 0.39736866951
5049.898533 0.402252674103
5055.789134 0.397026936213
5061.734388 0.409920930862
5067.987729 0.40074857076
5073.912703 0.397842725118
5079.859093 0.407114903132
5085.803534 0.401510636012
5091.750779 0.401953935623
5098.023259 0.400324344635
5103.961683 0.403016964595
5109.896665 0.402381340663
5115.857641 0.404810984929
5121.756515 0.405763308207
5127.962796 0.413111368815
5133.907489 0.403445720673
5139.817015 0.396047989527
5145.74902 0.400287151337
5151.680229 0.402444283168
5157.612789 0.402664979299
5163.887855 0.399466355642
5169.775242 0.39626733462
5175.785829 0.416061957677
5181.776883 0.398084958394
5187.747239 0.421677033106
5194.028535 0.417810042699
5199.947863 0.399969339371
5205.90063 0.404846986135
5211.851222 0.402467012405
5217.802878 0.404637336731
5224.126742 0.418351252874
5230.093563 0.405884345373
5236.060978 0.406455675761
5242.071381 0.43000793457
5248.071941 0.402706305186
5254.331745 0.401540994644
5260.255915 0.398245970408
5266.186544 0.408826669057
5272.143776 0.409807046254
5278.087304 0.403932571411
5284.266396 0.413336674372
5290.299084 0.404455343882
5296.244643 0.409814278285
5302.298004 0.408758719762
5308.307198 0.406691630681
5314.534079 0.402904033661
5320.558751 0.409942070643
5326.488268 0.404412031174
5332.5021 0.411365667979
5338.449136 0.404798984528
5344.691224 0.411075671514
5350.693234 0.402072985967
5356.60172 0.398917357127
5362.538034 0.403324842453
5368.480029 0.416824738185
5374.811429 0.413403749466
5380.863604 0.399988253911
5387.006672 0.406122287114
5392.939765 0.405450344086
5398.934756 0.400815407435
5405.055595 0.398042360942
5411.02325 0.410861968994
5417.041657 0.417197386424
5423.049118 0.415089050929
5429.020223 0.407855033875
5435.349971 0.409703731537
5441.31373 0.409013032913
5447.235142 0.403741121292
5453.165895 0.404863119125
5459.095365 0.403962771098
5465.28992 0.411804358164
5471.263528 0.402793010076
5477.18315 0.407224734624
5483.131522 0.4021525383
5489.031629 0.401634693146
5494.978991 0.404623349508
5501.202459 0.404502391815
5507.306845 0.404749075572
5513.237719 0.412591934204
5519.171575 0.405093590418
5525.100101 0.405207633972
5531.453571 0.406521002452
5537.429887 0.403699080149
5543.400526 0.405568679174
5549.364714 0.404211362203
5555.310064 0.402985095978
5561.680764 0.417499065399
5567.628733 0.40194606781
5573.577667 0.40561970075
5579.519496 0.402174313863
5585.461397 0.403124014537
5591.735052 0.406712373098
5597.694913 0.406481345495
5603.622702 0.398408015569
5609.626178 0.414131561915
5615.637737 0.418103059133
5621.885675 0.406040350596
5627.845619 0.407337586085
5633.804295 0.413119316101
5639.758461 0.402106046677
5645.685739 0.402210394541
5652.019169 0.411327997843
5657.921657 0.40102036794
5663.874879 0.413318634033
5669.817209 0.406071265539
5675.893127 0.411164045334
5682.16057 0.403661330541
5688.142865 0.40958793958
5694.106378 0.412134647369
5700.072271 0.414787371953
5706.007305 0.402916351954
5712.333069 0.401582400004
5718.299965 0.409380992254
5724.246661 0.401507298152
5730.167827 0.400046666463
5736.110283 0.409198602041
5742.434384 0.410702784856
5748.447549 0.423322677612
5754.486043 0.407359043757
5760.448014 0.406383991241
5766.421765 0.406661351522
5772.719108 0.408621311188
5778.661901 0.409237623215
5784.630154 0.406967163086
5790.577101 0.400427341461
5796.543132 0.41388463974
5802.844873 0.403167963028
5808.788635 0.405949672063
5814.702687 0.402847369512
5820.631191 0.40901406606
5826.577621 0.408478021622
5832.86705 0.404405275981
5838.855131 0.421070973078
5844.954494 0.412874380747
5850.912612 0.402736663818
5856.876966 0.404931942622
5863.183637 0.41118923823
5869.225097 0.42120774587
5875.215937 0.406647364299
5881.180175 0.403029362361
5887.112577 0.405327955882
5893.521768 0.423448006312
5899.493238 0.406989336014
5905.453365 0.403432289759
5911.394118 0.405654033025
5917.314054 0.400479316711
5923.577357 0.400296926498
5929.549185 0.402861038844
5935.481146 0.405716021856
5941.458873 0.412423054377
5947.404956 0.401996612549
5953.860883 0.415653705597
5959.843976 0.40093032519
5965.825504 0.411241372426
5971.76312 0.401598612467
5977.688552 0.406017065048
5983.944179 0.402993996938
5989.950375 0.415767431259
5995.878006 0.404090325038
6001.807149 0.405982573827
6007.737416 0.398998339971
6014.059669 0.401007334391
6020.003566 0.406392097473
6025.939685 0.406886895498
6031.996356 0.403956969579
6037.935844 0.405879735947
6044.215004 0.400222937266
6050.167824 0.403801043828
6056.133882 0.420054356257
6062.059905 0.404893318812
6067.996035 0.403561671575
6074.30712 0.407089392344
6080.246703 0.400887330373
6086.18903 0.412211736043
6092.400586 0.407009363174
6098.390969 0.406260251999
6104.691509 0.403058369954
6110.638703 0.402614752452
6116.576628 0.406362930934
6122.505673 0.406392176946
6128.470792 0.405689398448
6134.816719 0.414779345194
6140.757767 0.40731827418
6146.729856 0.408787329992
6152.68499 0.404556592306
6158.619631 0.404252290726
6165.006285 0.402976671855
6170.979736 0.404137611389
6176.948516 0.40843907992
6182.877505 0.406522671382
6188.868758 0.407360394796
6195.163325 0.398586034775
6201.158468 0.413034915924
6207.098851 0.407852490743
6213.040875 0.403775215149
6218.979158 0.4019399484
6225.316082 0.424890915553
6231.272015 0.407713890076
6237.179894 0.399639685949
6243.123698 0.405690272649
6249.04382 0.405106385549
6255.371106 0.408282677333
6261.306529 0.410280307134
6267.270812 0.403106689453
6273.221873 0.410182634989
6279.142072 0.403235356013
6285.424853 0.407351970673
6291.324773 0.399837096532
6297.260411 0.407425483068
6303.192507 0.410192330678
6309.096488 0.401373386383
6315.079036 0.405754963557
6321.433835 0.411516984304
6327.405665 0.406649986903
6333.374365 0.410806973775
6339.289476 0.405310710271
6345.227216 0.405729373296
6351.52392 0.400545994441
6357.437705 0.407446702321
6363.381358 0.404838323593
6369.368125 0.428734779358
6375.28712 0.399403651555
6381.520668 0.397239049276
6387.61686 0.404974301656
6393.551533 0.409015973409
6399.538867 0.413148721059
6405.476566 0.407351970673
6411.800461 0.408925294876
6417.77586 0.409748395284
6423.707229 0.402686039607
6429.629538 0.397727330526
6435.583179 0.402083237966
6441.919274 0.408913930257
6447.888285 0.407360633214
6453.800204 0.402247985204
6459.785147 0.420970757802
6465.738517 0.407763957977
6472.096997 0.402922948201
6478.028818 0.405404011408
6483.994878 0.414044062297
6489.957921 0.404057661692
6495.8979 0.405432303747
6502.226454 0.413237253825
6508.170697 0.403076251348
6514.13289 0.406563997269
6520.042067 0.402045329412
6525.943552 0.398672660192
6532.30556 0.411121368408
6538.277971 0.4100522995
6544.276814 0.424986759822
6550.252778 0.418212016424
6556.259571 0.403983990351
6562.579252 0.400926589966
6568.525265 0.404795328776
6574.457067 0.405018647512
6580.414863 0.39922897021
6586.356079 0.408905982971
6592.68276 0.40941007932
6598.694524 0.413223584493
6604.636045 0.407858371735
6610.544054 0.399041652679
6616.498483 0.40466705958
6622.793139 0.401092131933
6628.723941 0.401570638021
6634.681369 0.405129988988
6640.589814 0.402680317561
6646.539013 0.411499738693
6653.023471 0.406797647476
6658.979632 0.406764268875
6664.907622 0.405810991923
6670.847717 0.407362699509
6676.822148 0.413191000621
6683.163406 0.404651006063
6689.117046 0.403139352798
6695.099781 0.415389696757
6701.04384 0.40434829394
6706.994497 0.402265310287
6713.373325 0.407526652018
6719.319866 0.403519312541
6725.291985 0.409781614939
6731.239041 0.406900326411
6737.238691 0.41520857811
6743.512797 0.408894062042
6749.500215 0.407379388809
6755.427871 0.401907364527
6761.381001 0.40363796552
6767.321158 0.403995752335
6773.640507 0.416060606639
6779.649347 0.407021919886
6785.635104 0.409494717916
6791.601848 0.414156277974
6797.511737 0.404348691305
6803.813674 0.406739632289
6809.782049 0.403727610906
6815.735703 0.404534339905
6821.681521 0.401236057281
6827.62878 0.404716014862
6833.972634 0.41265130043
6839.947185 0.406327724457
6845.897204 0.403587023417
6851.804286 0.403534332911
6857.795513 0.412359714508
6863.980036 0.402627627055
6869.927373 0.405648390452
6875.865938 0.409236351649
6881.806062 0.414496342341
6887.744564 0.399353583654
6893.680128 0.400435606639
6900.028481 0.408162037532
6905.961581 0.40154393514
6911.909845 0.406374295553
6917.858403 0.399948994319
6923.787846 0.403258721034
6930.198154 0.420246362686
6936.157551 0.406978289286
6942.084599 0.400427738825
6948.016055 0.402051846186
6953.977234 0.406870365143
6960.14121 0.40400036176
6966.09491 0.404118617376
6972.033932 0.406004667282
6978.011591 0.413298606873
6983.967253 0.405977169673
6990.244729 0.405238310496
6996.244539 0.402335643768
7002.223884 0.399246692657
7008.190925 0.413076082865
7014.136445 0.400734345118
7020.492103 0.413971980413
7026.464607 0.402079582214
7032.376198 0.403231302897
7038.355205 0.414663712184
7044.31001 0.411391655604
7050.632083 0.406887054443
7056.581504 0.404401938121
7062.481912 0.400970935822
7068.428725 0.407678922017
7074.343786 0.402805964152
7080.655319 0.411727666855
7086.657837 0.407804965973
7092.585696 0.398243665695
7098.551509 0.404710292816
7104.548733 0.405868291855
7110.907 0.40919025739
7116.857017 0.402270714442
7122.779171 0.403861284256
7128.751164 0.411204338074
7134.70246 0.407475709915
7140.92439 0.40324028333
7146.872339 0.405171076457
7152.811733 0.409354925156
7158.833042 0.414299964905
7164.811335 0.400575876236
7171.187144 0.406395594279
7177.122367 0.403516451518
7183.203866 0.404762903849
7189.13619 0.405218362808
7195.058951 0.406047344208
7201.23923 0.405737082163
