3.883607 9999
45.523138 2.00571084023
87.445177 2.00312867165
129.363306 2.00542858839
171.301768 2.00233197212
213.309342 2.00746393204
217.131453 9999
258.721225 2.00371865034
300.663056 2.00578353405
342.547845 2.00078237057
384.510163 2.00829342604
426.447447 2.00704350471
468.339488 2.00642924309
510.22289 2.00526093245
514.094053 9999
517.600534 9999
559.17553 2.00305564404
601.043178 2.00344860554
604.873864 9999
646.423304 2.00472441912
688.406461 2.00486123562
730.341651 2.00251456499
772.298053 2.00635888577
814.232899 2.00475523472
856.161463 2.00549041033
898.202897 2.00368676186
940.107313 2.00531442165
982.091519 2.00471259356
1024.101062 2.00197005272
1066.082021 2.0018569231
1108.127762 2.00737447739
1150.210864 2.00145139694
1192.286085 2.01309492588
1234.385077 2.00550171137
1238.346867 9999
1241.893191 9999
1283.698411 2.00661330223
1325.541198 2.00170793533
1367.603753 2.00629240274
1409.618013 2.00756202936
1451.517353 2.00219421387
1493.551001 2.00969628096
1535.491267 2.00237268209
1577.435897 2.00673770905
1581.268553 9999
1622.801349 2.0004317522
1664.595278 2.00639944077
1706.536889 2.00272842646
1748.50331 2.00702085495
1790.392429 2.0043517828
1794.264754 9999
1835.991283 2.01115123034
1877.982404 2.00518897772
1919.839139 2.00225101709
1961.874297 2.00380997658
2003.814521 2.00497362614
2045.626822 2.0005422473
2049.540725 9999
2091.254057 2.01117380857
2133.081704 2.00306875706
2136.985829 9999
2178.721918 2.00206615925
2182.609649 9999
2224.275195 2.00728336573
2266.271346 2.00276815891
2308.38601 2.01071839333
2350.435034 2.00478248596
2354.404284 9999
2395.937907 2.00200325251
2399.832499 9999
2441.428412 2.00454214811
2445.358311 9999
2486.973431 2.00668188334
2529.102865 2.01213072538
2570.978441 2.00376979113
2612.973137 2.00342334509
2654.903432 2.00469231606
2696.914667 2.00250380039
2700.779214 9999
2742.512106 2.01205481291
2746.352373 9999
2787.955706 2.00371562243
2829.856255 2.00242114067
2871.781862 2.00257891417
2913.573489 2.00213016272
2955.486085 2.00410593748
2997.36881 2.00393229723
3039.331365 2.007115376
3081.261179 2.00398476124
3123.244995 2.00686751604
3165.143835 2.00556874275
3207.031154 2.00282434225
3248.827617 2.00112761259
3252.722697 9999
3294.327358 2.0045399785
3336.280617 2.00619095564
3378.191831 2.00420076847
3420.202303 2.0057508707
3462.152837 2.00511542559
3504.095192 2.00972405672
3546.055955 2.00328147411
3587.894813 2.00363551378
3629.735103 2.00167146921
