93.522642 4.55051541328
100.697982 9999
193.874755 4.53268686533
286.98331 4.52659220695
381.096326 4.57732756138
475.008032 4.56986907721
482.302403 9999
489.438001 9999
583.896476 4.59841650724
678.110027 4.5813485384
772.288303 4.57953027487
866.850973 4.59787279367
961.296444 4.594404459
1055.257963 4.56637656689
1149.354714 4.5745320797
1156.646524 9999
1163.885342 9999
1258.610415 4.61186077595
1265.921929 9999
1360.427759 4.60199868679
1367.737161 9999
1462.060982 4.59351012707
1555.877244 4.56237512827
1563.316506 9999
1570.504052 9999
1664.745069 4.58648557663
1672.00534 9999
1679.142767 9999
1773.234031 4.58136694431
1867.162279 4.5670706749
1961.391666 4.58535095453
1968.784482 9999
2063.579401 4.6179525733
2070.918542 9999
2165.276373 4.5921462059
2172.655591 9999
2179.805862 9999
2186.97751 9999
2194.266332 9999
2288.24149 4.57633026838
2382.103191 4.56386884451
2389.514543 9999
2482.586347 4.52934000492
2489.845989 9999
2497.065607 9999
2591.525846 4.59961067438
2598.818468 9999
2693.378539 4.604375875
2700.569263 9999
2707.68793 9999
2801.947785 4.590143466
2895.209886 4.5350092411
2902.519654 9999
2995.792757 4.54187811613
3088.98726 4.52908968925
3096.34696 9999
3190.490308 4.58379665613
3284.050556 4.54802402258
3291.378075 9999
3298.513234 9999
3305.767788 9999
3312.90594 9999
3408.115192 4.63434752226
3415.410203 9999
3509.699373 4.59212822914
3603.81163 4.5710594058
