9.195914 2.24436100324
19.773674 2.72618905703
34.531635 4.12457990646
49.343226 4.08978668849
58.499769 2.25755794843
65.571544 1.56282973289
72.759453 1.55871025721
79.781207 1.54687571526
86.820487 1.55031228065
93.875158 1.56002195676
100.897452 1.55137467384
108.053739 1.56747333209
117.176524 2.25054566065
124.165159 1.53855840365
131.136485 1.53128067652
138.262271 1.55817635854
145.213847 1.52767197291
152.252756 1.56084330877
161.493004 2.2910370032
168.582603 1.54545466105
175.572974 1.53482500712
182.661984 1.57079688708
189.614118 1.53353126844
196.636429 1.5532002449
203.774682 1.55246162415
210.813727 1.55711428324
217.851778 1.55571103096
224.873616 1.55333630244
231.945694 1.56352567673
241.169559 2.25514936447
248.158047 1.53451236089
255.23008 1.55918828646
262.252132 1.55388291677
276.929242 4.07784525553
286.053032 2.24641235669
300.667289 4.08652162552
309.937361 2.26012206078
319.010883 2.22921466827
326.052561 1.54535063108
336.493812 2.69130333265
351.251667 4.05978131294
358.308407 1.5616859595
367.41452 2.24447758993
374.619122 1.56732837359
383.72689 2.2480442524
398.387326 4.0761209329
405.477135 1.53693135579
420.086652 4.0789223512
427.175286 1.55319070816
434.181076 1.5498055617
449.245873 4.14344032605
456.29842 1.55564641953
465.37243 2.23550327619
472.525978 1.54697863261
487.237228 4.11833699544
494.292443 1.55440370242
501.314016 1.54923073451
508.503749 1.55879131953
515.575264 1.55594134331
530.269396 4.10126241048
539.426265 2.254048268
548.632737 2.23915870984
555.688736 1.55593172709
564.815055 2.2554962635
571.851322 1.55704005559
582.459123 2.70251925786
591.599513 2.25786630313
598.607281 1.54623007774
605.662541 1.55422735214
620.520833 4.12984673182
629.710841 2.26958163579
636.732563 1.53814768791
647.357951 2.70296597481
654.413862 1.54757237434
661.521331 1.56949361165
676.130045 4.0717133681
685.386201 2.2380297184
692.459548 1.56077925364
699.497104 1.55502168338
706.602203 1.57789929708
717.226635 2.70365937551
727.701389 2.68870194753
742.361937 4.09359097481
749.583985 1.55160697301
756.642219 1.5581583182
763.744922 1.56356239319
770.770104 1.55583667755
777.855224 1.56849590937
785.094311 1.58551335335
795.53511 2.68932096163
802.690169 1.58379769325
809.680024 1.54108365377
816.834294 1.55395340919
823.873743 1.54775094986
830.928874 1.55521710714
840.085404 2.25090463956
847.307638 1.55425993601
854.429664 1.57109038035
869.057384 4.0786190033
876.195941 1.55905628204
883.437666 1.58928402265
890.473738 1.54361740748
897.495497 1.55854972204
904.500164 1.54408375422
911.605521 1.56045889854
918.862063 1.5821750164
927.968834 2.24653697014
935.073758 1.57737565041
942.111468 1.55474328995
949.301007 1.55550042788
956.358669 1.55618166924
965.482736 2.24293804169
974.586577 2.24036900202
983.893615 2.26081609726
990.984813 1.57644637426
1000.122703 2.25526833534
1007.160555 1.55590558052
1014.384114 1.56248203913
1021.405116 1.54609735807
1028.410001 1.54678098361
1043.054314 4.08059597015
1050.409939 1.60974105199
1057.431212 1.54647795359
1064.471166 1.55973903338
1071.49293 1.54969469706
1081.950385 2.69549306234
1091.190524 2.23822100957
1098.19569 1.53982234001
1107.252396 2.22974777222
1114.325188 1.55605729421
1123.664981 2.25242400169
1138.292289 4.08287064234
1147.365838 2.23995304108
1154.454367 1.53040536245
1169.149053 4.09530242284
1176.24025 1.56260164579
1183.27604 1.55282473564
1197.970467 4.06358631452
1212.718168 4.09933257103
1219.770514 1.54143476486
1234.58197 4.10047570864
1243.737977 2.25419425964
1250.763023 1.54889901479
1260.133869 2.27479926745
1267.173054 1.55614336332
1274.244721 1.56186763446
1281.315925 1.56537000338
1296.161182 4.11553271612
1303.266152 1.57002433141
1313.690428 2.67774264018
1320.912182 1.5592037042
1327.934613 1.55242037773
1342.582328 4.08959770203
1349.56755 1.53845437368
1358.844394 2.2555317084
1365.899608 1.53956254323
1372.868766 1.52935703595
1379.939993 1.55992968877
1394.668477 4.06390364965
1401.72304 1.54729231199
1410.829987 2.24368270238
1418.036097 1.55118441582
1427.225531 2.25538309415
1441.937844 4.11236659686
1449.14228 1.55091794332
1463.870887 4.11441453298
1470.94217 1.56149164836
1477.980937 1.55131196976
1492.791689 4.08722527822
1499.81389 1.53991699219
1506.885538 1.55908727646
1516.04304 2.24886568387
1523.197776 1.53913362821
1530.239164 1.54674434662
1540.678074 2.6780620416
1547.716042 1.55110899607
1558.261457 2.67928934097
1572.901805 4.08098332087
1587.580679 4.09928162893
1594.934821 1.57472832998
1609.697247 4.13314334551
1616.738323 1.54856403669
1623.807147 1.56916928291
1634.481421 2.69287268321
1641.502903 1.55049061775
1656.2995 4.12569920222
1663.569687 1.56096831957
1670.558219 1.53163901965
1677.61408 1.55219093959
1684.669931 1.55367430051
1691.723819 1.54925203323
1698.9627 1.56690740585
1706.037963 1.55883264542
1713.124256 1.57137060165
1720.128813 1.54251694679
1727.134086 1.54360874494
1734.289872 1.53165825208
1741.315881 1.5507320563
1748.399667 1.55414660772
1755.439162 1.56028993924
1762.478181 1.53819473584
1769.799631 1.54764135679
1779.040599 2.27800806363
1786.095219 1.5582810243
1795.221862 2.25230900447
1805.809184 2.6712770462
1815.11699 2.29541269938
1822.239347 1.56564132373
1829.294367 1.55122669538
1838.552274 2.22727894783
1845.639479 1.55800501506
1852.695107 1.56011597315
1859.737758 1.55246067047
1866.8892 1.5416076978
1874.02782 1.5816997687
1881.033439 1.54473574956
1888.138756 1.56720304489
1897.24563 2.24490364393
1904.433784 1.54439719518
1911.473406 1.55676635106
1918.544888 1.55929891268
1927.601501 2.23848199844
1942.428493 4.08140770594
1952.88733 2.68663462003
1962.030054 2.24248059591
1969.182341 1.54771574338
1979.707451 2.70953202248
1986.698447 1.53476866086
1997.103151 2.68324367205
2004.345151 1.55416703224
2019.002956 4.09139068921
2026.109635 1.55798753103
2036.550156 2.68094658852
2043.806826 1.5522720019
2052.996608 2.27033535639
2062.119181 2.24245929718
2076.732746 4.07593933741
2083.95167 1.53227933248
2098.632922 4.09226377805
2105.702097 1.56149832408
2112.773982 1.56220173836
2120.012584 1.54702059428
2134.573441 4.05481298765
2141.698288 1.56770364443
2148.803506 1.57321564356
2163.661398 4.07547132174
2172.851745 2.26316134135
2179.873442 1.54802799225
2187.113272 1.54898794492
2197.571597 2.69275506337
2206.761281 2.25522240003
2213.799262 1.55706564585
2221.008367 1.55128502846
2235.598474 4.06867671013
2244.722009 2.24467802048
2254.013357 2.23712388674
2261.088464 1.55620304743
2275.812099 4.11326233546
2283.055015 1.53826570511
2297.662683 4.07908598582
2304.851161 1.5876707236
2319.528737 4.10633532206
2334.490168 4.10022544861
2341.565525 1.54724796613
2348.650469 1.56220070521
2355.756555 1.5691019694
2365.096484 2.24346661568
2372.134813 1.55321073532
2379.208135 1.56191770236
2388.38138 2.25806442897
2395.58592 1.54782970746
2402.724846 1.57294909159
2417.30232 4.07446201642
2424.424482 1.55140471458
2431.696027 1.56928126017
2438.737561 1.55387028058
2453.446164 4.08908836047
2460.551188 1.57040421168
2467.773502 1.55927769343
2474.794597 1.53570063909
2481.917153 1.55583397547
2489.006158 1.55322988828
2498.246067 2.2796746095
2505.538213 1.56156802177
2512.606511 1.56012137731
2519.711928 1.56752371788
2526.817953 1.56656336784
2533.890198 1.55777939161
2541.061462 1.54723866781
2548.06752 1.54021732012
2555.156 1.56088376045
2562.210581 1.54882558187
2569.218781 1.55046463013
2576.42429 1.54518500964
2585.561939 2.23750972748
2592.652398 1.56197635333
2599.706273 1.55342268944
2606.961462 1.54164266586
2614.049679 1.56828538577
2621.172512 1.56790264448
2635.798882 4.08387239774
2643.107792 1.55636366208
2650.159882 1.55812168121
2657.165231 1.5398829778
2664.303942 1.55369305611
2673.4106 2.24133443832
2680.649985 1.56280795733
2687.774323 1.55878369013
2694.876381 1.55771231651
2701.948998 1.56220499674
2711.190196 2.26790936788
2718.444855 1.53449233373
2725.499954 1.54261136055
2732.521514 1.54687698682
2743.02947 2.70584233602
2752.490155 2.25264763832
2767.217787 4.11294269562
2777.689946 2.6856203874
2785.028853 1.55866297086
2792.083164 1.56207466125
2806.7288 4.07872907321
2813.800019 1.54982765516
2821.038507 1.55038634936
2828.076911 1.54251599312
2837.133571 2.23441465696
2847.607917 2.69269331296
2862.670407 4.13611467679
2869.707348 1.55449438095
2878.834621 2.2590423425
2893.69274 4.07828561465
2900.831358 1.57130201658
2909.890915 2.23335870107
2917.210163 1.55162405968
2927.835334 2.75119860967
2934.85754 1.55161269506
2949.501458 4.08090297381
2964.562525 4.13025728861
2973.735473 2.25745336215
2984.277776 2.71152337392
2999.375326 4.13999636968
3006.427688 1.54725138346
3015.601114 2.26752773921
3026.426043 2.71003039678
3033.564621 1.57553736369
3040.602572 1.55200028419
3055.233553 4.08490109444
3062.520437 1.54886635145
3077.197429 4.09703858693
3084.268364 1.55269360542
3091.274719 1.54383929571
3098.579274 1.56954058011
3105.601372 1.55223584175
3120.263072 4.08531324069
3129.469405 2.26194691658
3140.230322 2.71244239807
3147.285468 1.55396842957
3154.43776 1.58166193962
3169.133189 4.10023164749
3178.55918 2.26389527321
3187.699723 2.25688242912
3196.822747 2.23794198036
3203.878304 1.55321073532
3211.233524 1.57170796394
3218.319406 1.5525829792
3228.877498 2.71154332161
3243.572136 4.09084232648
3258.466913 4.08137408892
3265.538314 1.5569237868
3274.729327 2.26638237635
3284.151535 2.25948031743
3298.914355 4.12122297287
3308.053137 2.25195527077
3322.947871 4.09268434842
3330.086096 1.56885035833
3344.833458 4.10951264699
3352.122333 1.55335132281
3359.194409 1.55925766627
3366.213095 1.5426820914
3380.925196 4.09835473696
3388.262983 1.56010723114
3397.470423 2.26349465052
3404.558524 1.5541566213
3411.614061 1.55163391431
3421.054263 2.26592564583
3435.784859 4.12133161227
3442.905387 1.56935365995
3452.244967 2.24790167809
3459.300288 1.55440362295
3466.389043 1.56272292137
3475.52828 2.25808175405
3482.766955 1.54761505127
3491.924295 2.24628337224
3498.962785 1.54929304123
3506.018271 1.54811588923
3513.189717 1.53222767512
3520.246349 1.55227359136
3529.385926 2.24747157097
3536.473696 1.55426764488
3543.86301 1.56516559919
3552.972506 2.23389379183
3560.041383 1.5615696907
3567.097038 1.55593570073
3574.418786 1.5584376653
3581.507184 1.55809791883
3588.529813 1.5505065918
3595.65449 1.55588928858
3602.807825 1.55052733421
