11.142448 8.67778491974
19.453122 6.21457600594
27.778548 6.18161296844
36.034508 6.13941311836
44.428697 6.19281387329
52.304552 5.76343798637
60.975722 6.55954003334
69.270954 6.21709179878
77.864575 6.28550004959
85.694121 5.71051192284
94.370252 6.59222793579
102.311228 5.85405492783
110.599172 6.09765720367
118.903994 6.19080305099
127.016934 9999
135.242571 6.12643408775
143.722744 6.27750086784
152.94661 9999
161.415197 6.38637900352
169.71206 6.20610618591
178.092825 6.17647004128
185.688225 5.49571704865
193.873885 6.09617900848
202.156476 6.18739008904
211.335108 6.94615793228
220.41308 6.97191381454
228.150035 5.64992189407
236.352215 6.11756396294
244.826599 6.18192696571
253.535964 6.58409500122
261.831425 6.19707083702
270.119704 6.16794490814
278.913004 6.5747590065
287.332436 9999
295.576003 6.12559103966
303.725097 6.0511431694
312.628552 6.59871006012
321.242319 6.49228596687
329.011471 5.74869394302
337.181302 6.0742828846
345.583046 6.18766880035
354.263647 6.56942796707
362.955109 6.62177801132
371.202208 6.15393805504
379.15093 5.73142695427
387.465409 6.2270860672
395.775716 6.20627593994
404.016486 6.09975504875
412.560997 6.34293317795
420.346341 5.67688512802
428.590921 6.16589903831
436.668065 9999.0
444.998629 9999
453.10945 6.00307512283
462.024283 9999
470.169707 6.05775213242
478.657688 6.18997979164
486.965326 6.20576190948
495.224697 6.16318106651
503.913021 6.57371211052
512.751099 6.58706903458
521.69148 9999
530.09274 6.31143808365
538.50227 9999.0
547.070713 6.18010687828
555.237366 6.07156515121
563.096583 5.7451210022
571.346834 6.14779281616
579.566499 5.99078297615
588.485039 9999
596.812031 6.2098839283
605.127528 6.22784495354
613.938002 6.58333206177
622.720869 6.69676709175
630.982192 6.14668011665
639.67893 9999.0
648.677754 6.68368792534
656.84952 6.08156204224
665.165832 6.22458982468
674.317705 7.05483198166
682.803356 6.24344015121
691.072854 6.17071795464
699.365672 6.18738889694
707.691269 6.23297405243
716.462626 6.55274295807
724.294186 5.7380001545
732.625583 6.2504119873
741.297339 6.58193492889
750.269743 6.660998106
758.019091 5.64505314827
766.339519 6.21152687073
775.145306 6.69188690186
783.534684 6.16483402252
791.794152 6.15046811104
799.58698 5.71658086777
807.972784 6.28687500954
816.495754 6.28224086761
824.765218 6.15697312355
832.957009 6.10710382462
840.800207 5.73781490326
849.328672 6.32119703293
857.988607 6.58068609238
866.337815 6.25607395172
874.595583 6.1715118885
882.916907 9999
891.178034 6.17645192146
898.906467 5.63105916977
907.468831 6.47442007065
915.96437 6.27681422234
925.111673 7.06287097931
933.800475 6.61800694466
942.088945 9999.0
950.396333 6.08729219437
959.051254 6.55872917175
966.984216 9999
974.837843 5.77628207207
983.443199 9999
991.820241 9999
1000.635768 6.72620296478
1008.981497 6.25717592239
1017.49726 9999
1025.712631 6.10549998283
1034.372153 6.54767608643
1042.473089 6.05576300621
1050.409399 5.73800420761
1059.073933 6.54948210716
1067.492318 9999
1076.601114 6.9969420433
1084.992234 6.16528320312
1092.764544 5.66328597069
1101.064141 6.19480514526
1109.739481 6.5818798542
1118.175794 9999
1126.796892 6.50462508202
1134.667387 5.79068207741
1143.114161 6.33753204346
1151.565499 6.21081495285
1159.841733 6.15166902542
1168.228648 6.27170205116
1176.503421 6.17642998695
1185.768171 7.02084183693
1193.611433 5.7306599617
1202.313636 6.60456395149
1210.188931 5.78792595863
1218.869091 9999
1227.643357 6.61932301521
1235.961749 6.2238240242
1244.017996 9999.0
1252.843893 6.57755804062
1261.416176 6.46881389618
1270.027312 6.48732304573
1278.724144 6.59906601906
1287.079564 6.16155791283
1295.251458 6.06002879143
1303.545113 6.17387795448
1312.55255 6.9136838913
1321.291099 6.51214694977
1329.902079 6.49108290672
1338.53127 6.53248906136
1347.279998 6.63703012466
1356.169036 6.65756917
1364.417168 6.15995883942
1372.612811 6.08834886551
1380.916772 6.20678806305
1389.27183 6.14905714989
1397.876112 9999
1406.177432 6.19372701645
1414.501119 6.19060897827
1423.215551 6.49416303635
1431.804606 6.44937491417
1440.00066 6.0926721096
1448.074498 5.96757388115
1456.598543 9999
1465.089745 6.39438891411
1473.398571 6.19679689407
1481.665869 6.178565979
1490.52617 6.62281394005
1499.123786 6.50218105316
1507.347527 6.09056091309
1515.589443 6.14596891403
1523.939221 6.15313911438
1532.664754 6.61939096451
1541.094871 6.34781098366
1549.393348 6.19510984421
1557.88998 6.2507288456
1566.261321 6.23174405098
1574.615736 6.23882389069
1583.069818 6.33254289627
1591.559284 6.26150393486
1599.855898 6.19965314865
1607.852865 9999
1616.096289 6.14818000793
1624.879399 6.54618406296
1633.46557 6.46277189255
1641.375373 9999
1649.969999 6.47016501427
1657.959527 5.75715494156
1665.868877 5.78944993019
1673.728222 5.76495194435
1681.994618 6.17975497246
1690.484718 6.25101709366
1698.838576 6.25782084465
1707.135678 6.20213985443
1715.847394 6.61839914322
1725.144708 7.03278303146
1733.113471 5.80989599228
1741.480855 6.23486399651
1749.725717 6.14218902588
1758.207823 6.21877002716
1766.489879 6.17779803276
1775.20119 6.62519693375
1783.411283 6.12319016457
1791.927818 6.31653904915
1800.232053 6.18618512154
1808.99296 6.5946700573
1816.841435 5.70412302017
1825.303405 6.24645590782
1833.628691 6.23190283775
1841.449502 5.73184323311
1849.301049 5.75313711166
1857.712115 6.18330192566
1866.24484 9999
1874.570022 6.21222901344
1883.282102 6.59966516495
1891.6625 6.16019892693
1899.54986 5.75196194649
1908.001921 6.31664085388
1916.221627 6.11700797081
1924.55467 6.09484004974
1933.18277 6.52172398567
1941.955799 6.69051504135
1950.796916 6.68820214272
1959.288315 6.27637791634
1967.582811 6.1591501236
1975.529696 5.85505509377
1983.82045 6.17979311943
1992.580101 6.54739999771
2000.807726 6.14200282097
2008.610212 5.70695900917
2016.866642 6.15139508247
2025.699331 6.54606699944
2034.290909 6.45539689064
2042.552001 6.16863799095
2050.852354 6.1938829422
2059.315216 6.22709798813
2067.208242 5.78758001328
2075.498028 6.19152903557
2083.85652 6.24995398521
2092.095694 6.03005385399
2100.352984 6.1532099247
2109.213516 6.73685002327
2117.485709 6.12884020805
2125.88194 6.17149996758
2135.223266 9999
2143.370566 6.05313706398
2151.551512 6.09269404411
2160.315237 6.53178691864
2168.8278 9999
2176.919052 5.97990703583
2185.156305 6.10122799873
2193.961499 6.56397294998
2202.222425 6.15291810036
2211.105745 9999
2219.432998 6.24073290825
2227.768804 6.12202692032
2236.228097 6.34348392487
2244.139433 5.80840206146
2252.44171 6.20573592186
2260.914711 6.24846196175
2269.910449 6.87990784645
2278.074385 6.07422399521
2286.461218 6.27981209755
2295.00713 6.29897999763
2303.411773 6.29994988441
2312.051618 6.53356695175
2320.392578 6.22301912308
2329.22439 6.57857394218
2337.652891 6.32950806618
2346.206385 6.45985102654
2354.907697 6.60779905319
2363.631043 6.48487496376
2371.797128 6.08259320259
2380.497711 6.54704093933
2388.744863 6.11352515221
2397.193047 6.16867303848
2405.338834 6.04623985291
2413.59502 6.16631007195
2421.865522 6.1553850174
2430.372223 6.27785301208
2438.761004 9999
2446.613068 5.75463700294
2455.836054 9999.0
2463.756984 5.68054103851
2471.742286 5.88453388214
2479.997326 6.08147406578
2488.480372 6.40100693703
2497.030882 6.34100294113
2505.340336 6.19318795204
2513.521596 6.05442881584
2521.946095 6.29028511047
2530.885042 6.65011405945
2539.561583 6.55909109116
2547.874222 6.18299412727
2556.161295 6.18115210533
2564.072153 5.68434596062
2572.204733 6.05949211121
2580.976321 6.64436793327
2588.941477 5.87138795853
2596.965716 5.77589488029
2605.393515 9999
2614.0809 6.57300901413
2622.641865 6.31550908089
2631.070686 6.25706982613
2640.003079 9999
2648.226225 6.14126610756
2656.088106 5.7482790947
2665.346387 6.97793698311
2673.427009 5.95780992508
2681.860191 6.33196496964
2690.630313 6.61528301239
2699.97156 9999
2707.849913 5.72391796112
2716.179037 6.21732711792
2724.544839 6.26057386398
2732.614195 5.79155993462
2741.410124 6.65227198601
2749.590329 6.07729911804
2758.24643 6.52462792397
2766.939538 6.45943498611
2775.600464 6.55515694618
2784.085791 6.37292313576
2793.15228 6.93121910095
2801.773523 6.32525014877
2810.444702 6.57411003113
2819.120816 6.54987287521
2827.790865 6.56710791588
2835.925553 9999
2844.358293 6.29465293884
2852.997405 6.53369402885
2861.221547 6.13023090363
2869.670844 6.21569895744
2878.312585 6.52744698524
2886.219089 5.80797410011
2894.580285 6.22106790543
2903.274997 9999
2911.160133 5.77406287193
2919.064521 5.78117489815
2927.806466 6.63940596581
2935.873391 5.83343887329
2943.893427 5.86578679085
2952.915269 9999
2961.051867 6.03973197937
2969.873602 6.57573008537
2977.626613 5.63849401474
2986.023247 9999
2994.914601 9999.0
3003.249968 6.05507993698
3012.004085 9999
3019.878278 5.7504928112
3028.301759 9999.0
3036.521994 9999
3045.389479 9999
3054.148462 6.6472029686
3062.780466 6.53257489204
3070.815955 5.79074907303
3078.675271 5.71640300751
3086.878684 6.07095885277
3095.20401 6.15679907799
3103.933078 6.47516179085
3111.729447 5.6590681076
3119.607981 5.7379348278
3127.909744 6.18840909004
3136.440015 6.28122901917
3145.30185 9999
3153.692722 6.27125406265
3162.204964 9999.0
3170.734219 6.28456807137
3179.990054 7.14478611946
3188.298046 6.26049208641
3196.687861 6.27119612694
3205.096967 6.14664292336
3213.265642 6.03999996185
3221.447646 6.06821084023
3230.085672 6.52100205421
3238.417406 6.12712192535
3247.084057 6.54682707787
3256.023349 9999
3263.808915 5.68098402023
3271.816948 5.77016592026
3279.58755 5.6472120285
3288.267384 6.58397006989
3296.127172 5.76429820061
3304.231421 5.75951313972
3312.450169 6.11403894424
3320.438585 5.86300706863
3328.764535 6.21765589714
3337.259956 6.23338389397
3345.805833 6.45025014877
3353.587626 5.64706301689
3361.381649 5.69612503052
3370.015438 9999
3377.863989 5.73440384865
3385.744021 5.79530906677
3394.427223 6.58572506905
3402.865286 6.18958497047
3411.565573 6.59685587883
3420.264138 6.5442700386
3428.457264 6.09134197235
3436.432065 5.72694897652
3444.685969 6.13387203217
3453.002434 6.16005110741
3461.091089 6.00345516205
3469.890137 6.55674505234
3478.157019 6.17347097397
3486.439984 6.11209392548
3494.696665 6.15387201309
3503.446523 6.50073695183
3511.815787 6.24565696716
3519.643239 5.73416996002
3527.873807 6.13166308403
3535.847215 5.7607190609
3543.803929 5.81153702736
3551.642026 5.73076701164
3560.426884 6.66449189186
3569.264351 6.57204008102
3577.130442 5.76499891281
3585.422328 6.17948389053
3593.634377 6.10507297516
3602.3061 9999
