9.685511 2.09814842542
20.245755 9999
29.681909 2.05005232493
42.2241 3.18366424243
51.647304 2.04959305127
60.670466 1.94902865092
68.023605 1.39418570201
77.213674 1.97505537669
101.679616 7.07159876823
109.035626 1.3347492218
116.473663 1.3474240303
123.978474 1.37194577853
148.995471 7.24226498604
156.632605 1.37888129552
165.839693 1.97804061572
190.789052 7.22644297282
201.752779 9999
209.451084 1.35805900892
218.960483 2.05922206243
243.190837 6.92920700709
267.356853 6.87274837494
276.245625 1.83934903145
283.800206 1.35598699252
291.271545 1.3736623923
300.511572 1.97304932276
306.120642 9999
330.2489 6.88039867083
339.721053 1.97795526187
347.20789 1.34962797165
371.724823 7.040336291
379.48074 1.38566660881
403.52952 6.91899172465
416.388111 3.13553142548
425.94578 2.02679165204
451.028067 7.25376725197
461.000304 2.06157366435
485.149653 6.90334304174
515.502817 8.92029062907
523.124935 1.35549235344
532.764436 2.0536266168
543.642194 9999
551.226571 1.3999906381
563.885588 3.07554268837
573.041286 1.93997701009
580.512999 1.34616065025
604.761965 6.86715443929
629.411589 7.0500190258
637.317678 1.51466902097
645.255167 1.38111742338
652.74436 1.36174257596
660.248943 1.3793053627
667.853719 1.36694566409
675.559536 1.32830667496
688.284846 3.10905321439
695.655629 1.34678324064
703.127421 1.37135799726
712.350135 1.93326131503
736.33358 6.90585637093
741.558589 9999
765.901954 6.98580662409
773.841043 1.50962670644
783.563601 2.04546634356
814.417248 9.1160941124
821.956444 1.35031406085
829.393777 1.36789298058
838.583636 1.97465991974
862.73327 6.90896789233
870.454558 1.37964892387
878.012485 1.381351312
903.076148 7.25812935829
910.831819 1.36376698812
918.502512 1.38656195005
926.058224 1.34769368172
935.648227 2.0688653787
943.552576 1.37762204806
951.090935 1.37824225426
963.749459 3.06723268827
971.657865 1.415797472
979.09229 1.3529056708
986.948138 1.37396097183
994.43604 1.35329969724
1002.010257 1.37066690127
1012.638238 9999
1020.404442 1.3454032739
1027.892387 1.35782154401
1035.531803 1.38811969757
1043.086055 1.35405564308
1052.859144 2.04765200615
1062.415954 2.08285339673
1069.935834 1.37683868408
1079.575803 2.0438729922
1087.347964 1.35870242119
1094.852369 1.35616970062
1102.607844 1.36983108521
1110.248589 1.4111793836
1118.069307 1.38570626577
1125.507086 1.33746687571
1133.228861 1.36163671811
1141.13317 1.38188393911
1148.671644 1.40577570597
1156.394039 1.37487435341
1163.866274 1.34558264414
1173.488876 2.08569804827
1197.83758 6.91225703557
1205.459121 1.35859894753
1213.113719 1.34957075119
1220.536229 1.33706363042
1229.875544 1.96826998393
1237.747437 1.3617143631
1267.920907 8.90636428197
1275.773499 1.37505865097
1285.128136 1.9810239474
1297.870785 3.0857389768
1305.443734 1.36240967115
1313.515835 1.50978565216
1321.186091 1.38088973363
1328.707676 1.34346167247
1354.208317 7.27050232887
1361.912622 1.34827939669
1372.393486 9999
1385.06107 3.07787076632
1392.716425 1.35806973775
1400.472067 1.37741732597
1407.979318 1.3660633564
1415.417187 1.33701340357
1446.438198 9.1367430687
1471.019661 6.97699634234
1478.557115 1.37109732628
1502.708102 6.90691121419
1528.039737 7.21757213275
1535.911107 1.35478798548
1543.516452 1.376790603
1551.055157 1.37600771586
1558.726207 1.36654607455
1568.282632 1.9755636851
1575.820445 1.37999733289
1583.493327 1.34741099675
1591.100841 1.39910229047
1600.821695 2.06415828069
1610.493912 2.05334758759
1618.069055 1.35139338175
1648.735475 9.0669623216
1656.423503 1.36296900113
1663.895791 1.38554135958
1687.978061 6.90453473727
1697.70156 2.04065624873
1705.406662 1.38517665863
1715.147518 2.05182099342
1745.549868 8.929074049
1758.34176 3.08793799082
1782.39413 6.89016032219
1806.79071 6.9534599781
1831.856619 7.19357434909
1855.925525 6.84798232714
1863.481278 1.3699880441
1871.415928 1.38300514221
1878.988264 1.39130798976
1886.759295 1.37744259834
1894.397857 1.34851900736
1903.50486 1.86770701408
1911.142314 1.4047036171
1918.697234 1.38477611542
1926.272711 1.36627173424
1934.107915 1.35008327166
1959.207495 7.25765625636
1969.247275 2.07478737831
1976.602067 1.32245524724
2001.853325 7.24193024635
2009.724967 1.36054428418
2017.181624 1.35904367765
2024.77114 1.36466256777
2049.217902 6.92462364833
2074.400346 7.19593564669
2098.700482 6.94454995791
2111.591685 3.0925359726
2121.034377 2.01768596967
2130.757308 2.04471945763
2143.631483 3.09385967255
2168.712963 7.21534021695
2193.981147 7.24877230326
2203.203949 1.97155801455
2211.009255 1.40481026967
2218.545563 1.35338870684
2227.951907 1.98172529538
2235.389768 1.36368171374
2265.9981 8.92531363169
2296.947973 9.0907766819
2306.687309 2.05544066429
2314.14176 1.36701703072
2321.514205 1.3287003835
2345.796249 6.94024467468
2370.278686 6.96034272512
2379.818113 2.05267453194
2404.118359 6.91807770729
2434.272026 8.92919564247
2445.116983 9999
2452.583722 1.36653995514
2460.00534 1.34279966354
2470.595628 2.31834204992
2478.300925 1.35277040799
2485.906809 1.36209400495
2511.025717 7.23846840858
2520.279949 1.86401597659
2544.543787 6.95468099912
2557.503376 3.09241700172
2566.89224 2.00151133537
2576.349907 1.98519857725
2585.504456 1.85163633029
2592.977282 1.35736640294
2600.464584 1.37207158407
2607.902231 1.35423294703
2613.446002 9999
2620.980426 1.33019471169
2645.243538 6.91307457288
2652.901952 1.36209233602
2662.341922 2.0304303964
2669.912128 1.35926302274
2677.431442 1.37150271734
2708.33564 9.10154469808
2715.991253 1.34695863724
2723.42917 1.35048731168
2732.801554 1.99967336655
2740.209945 1.3533226649
2747.897897 1.36809070905
2755.353346 1.3620783488
2762.771436 1.32902264595
2770.297263 1.37494866053
2777.932013 1.34702571233
2785.287367 1.33487470945
2809.536736 6.93401296933
2817.190985 1.35949333509
2842.3738 7.2735350132
2866.957657 7.04175845782
2874.545438 1.38512126605
2882.20123 1.39252463977
2889.638545 1.3356619676
2897.177832 1.368410031
2904.633443 1.37444718679
2912.287125 1.34896198908
2919.74332 1.35753234227
2943.96159 6.93648576736
2951.596208 1.34835632642
2959.151827 1.37249493599
2984.218084 7.23843646049
2991.790339 1.35507766406
2999.161905 1.33217930794
3006.798958 1.3760582606
3014.289534 1.36504093806
3043.674821 8.62323991458
3051.079248 1.35708904266
3058.917515 1.38145573934
3066.30594 1.32813032468
3073.794023 1.35809365908
3081.232695 1.35458938281
3088.870477 1.3570599556
3096.308474 1.36416427294
3103.763868 1.37333925565
3128.264678 7.04135505358
3135.935221 1.36165936788
3160.233745 6.90061966578
3167.755453 1.32468334834
3177.345705 2.07389068604
3184.767866 1.35388636589
3193.923202 1.93218239148
3218.155686 6.8726143837
3227.178569 1.85330907504
3234.766456 1.35824028651
3247.34213 3.09138170878
3254.764128 1.35587159793
3262.585567 1.49892465274
3270.324468 1.37240624428
3278.129268 1.39380232493
3285.683561 1.35400795937
3309.667674 6.90294782321
3317.322236 1.35640573502
3341.387405 6.88367295265
3348.992213 1.35812830925
3356.483485 1.37815133731
3366.754705 2.32149934769
3374.209116 1.35853632291
3383.648836 1.97194425265
3392.888894 1.96068167686
3400.410127 1.37400356929
3409.198429 1.80937075615
3418.922602 2.05449604988
3426.477765 1.38107601802
3433.898391 1.34966468811
3441.903376 1.50906268756
3449.558725 1.34822400411
3458.78121 1.95907958349
3468.071319 1.98063373566
3475.526822 1.34798240662
3499.826272 6.93014470736
3509.047735 1.96344470978
3516.703463 1.36743362745
3526.297491 2.0795135498
3533.798064 1.36319327354
3564.503518 9.08235772451
3577.580786 3.16724403699
3587.166854 2.09032360713
3594.571372 1.33498295148
3602.294099 1.36742599805
3611.466955 1.95299633344
3618.955715 1.36027264595
3628.260806 1.97256938616
3652.742953 6.94126756986
3660.165203 1.35733596484
3684.38046 6.88875937462
3691.803486 1.33949335416
3722.189487 8.94613838196
3729.927344 1.36308463415
3737.383078 1.3894636631
3746.25467 1.81389093399
3753.726851 1.328353405
3778.176589 6.93296607335
3802.444791 6.9986650149
3827.108127 7.03378192584
3834.480583 1.33619825045
3842.169384 1.37406134605
3849.65674 1.35821668307
3857.028057 1.33710336685
3864.449559 1.34830570221
3871.971146 1.36423126856
3880.110235 1.48871533076
3887.38163 1.31627504031
3894.819567 1.33269135157
3902.22522 1.36449464162
3912.001763 2.04927325249
3919.452546 1.36336501439
3926.877803 1.34793098768
3934.313116 1.34964426359
3941.968795 1.34083167712
3949.406088 1.34745065371
3974.406077 7.18175427119
3999.923461 7.27140394847
4007.395077 1.3570570151
4014.932873 1.33508833249
4022.404281 1.36297233899
4029.912646 1.3814359506
4037.265613 1.33995699883
4044.819646 1.3797759215
4052.557138 1.37294967969
4081.628335 8.59545040131
4089.265285 1.3498793443
4096.686071 1.34974137942
4120.752937 6.88398766518
4150.30582 8.65808542569
4159.661155 1.9643359979
4185.044923 7.28441333771
4192.483167 1.34824530284
4200.171727 1.3792848587
4207.659445 1.35962295532
4215.065032 1.36265611649
4222.502654 1.35614196459
4247.720861 7.18481461207
4255.124676 1.36114303271
4262.830048 1.36648591359
4270.384353 1.38167277972
4277.839508 1.36015200615
4302.973525 7.23075302442
4310.594159 1.33145403862
4317.965697 1.3284916083
4325.405247 1.3461903731
4332.87687 1.3613503774
4340.397294 1.38150191307
4365.030259 7.05641635259
4372.568711 1.37069129944
4380.089978 1.34070833524
4392.665317 3.08130502701
4400.254585 1.38517959913
4409.145542 1.83368102709
4417.214812 1.49564472834
4424.702768 1.3708170255
4432.225127 1.37697935104
4457.528915 7.27701505025
4466.581173 1.82209205627
4474.004492 1.34139879545
4481.542469 1.36000267665
4490.497311 1.83346732457
4498.069206 1.33342234294
4505.507414 1.35127878189
4512.894464 1.36264276505
4520.500887 1.38343962034
4528.022321 1.34435764949
4537.16073 1.93040935198
4562.161117 7.19376428922
4569.916856 1.37621927261
4579.289032 1.97843933105
4588.528303 1.96582372983
4612.895882 6.91721749306
4622.783933 2.07258733114
4630.23892 1.35677337646
4637.714417 1.35383367538
4645.132848 1.3494869868
4652.938582 1.3911892573
4660.293384 1.33134325345
4669.531918 1.96215860049
4682.107229 3.0654091835
4689.828968 1.36173009872
4699.021727 1.96404600143
4706.355702 1.3350156943
4714.1446 1.37264625231
4721.933956 1.36482930183
4729.554629 1.38691409429
4736.993682 1.330113252
4746.252148 1.9801179568
4753.937906 1.3552942276
4761.392521 1.3608473142
4768.99792 1.38461033503
4776.469696 1.37841828664
4784.258229 1.37727292379
4791.696448 1.34433237712
4815.394432 6.79769023259
4823.251345 1.38146026929
4830.854689 1.38703767459
4839.710696 1.83811775843
4847.265502 1.37646238009
4860.358627 3.14816339811
4867.712916 1.33013995488
4876.904672 1.93787431717
4907.742216 9.09396235148
4915.44422 1.32670164108
4922.933323 1.35563023885
4930.456061 1.37308899562
4937.826878 1.336921374
4963.442927 7.2924806277
4970.913887 1.36456338565
4978.686451 1.36846812566
4986.208162 1.36555067698
4993.997381 1.47340599696
5001.868358 1.48761431376
5014.727238 3.06917564074
5024.39995 2.05914012591
5033.556358 1.93773969014
5058.972484 7.25513601303
5068.462936 2.05002435048
5076.117525 1.35378503799
5083.609464 1.35731903712
5091.043786 1.34445873896
5098.531281 1.35435477893
5107.704867 1.85548313459
5115.327075 1.3864159584
5122.865021 1.39403343201
5130.319296 1.35620029767
5139.541971 1.8569205602
5147.047404 1.34336161613
5172.115663 7.21250971158
5202.719889 8.89162365595
5228.084813 7.24245707194
5235.540143 1.35975035032
5243.227353 1.34476796786
5268.495013 7.27183437347
5276.218737 1.37224030495
5283.655046 1.35330931346
5292.97817 1.97822237015
5317.126418 6.91900523504
5324.764427 1.34716312091
5353.968565 8.62546730042
5361.639443 1.34682559967
5369.077386 1.35778800646
5378.450435 1.97532868385
5408.887741 8.92495560646
5416.608857 1.34675931931
5440.925212 6.9793706735
5448.646986 1.36461639404
5456.088722 1.36617231369
5463.573001 1.38155062993
5493.793022 8.96513533592
5518.092899 6.8699016571
5526.965467 1.83102234205
5552.514812 7.26936292648
5559.85419 1.32748103142
5567.525849 1.38156024615
5574.930602 1.33291331927
5584.269753 1.97649947802
5609.506581 7.25184734662
5617.224364 1.35221966108
5624.648382 1.34652233124
5632.002087 1.32361102104
5639.406553 1.34067694346
5646.82738 1.3617550532
5677.548713 8.95651404063
5685.202903 1.34732675552
5714.488824 8.63899358114
5722.281167 1.36851771673
5730.166244 1.50435972214
5737.837955 1.33542339007
5745.244779 1.35173463821
5755.333916 2.05081502597
5762.787819 1.35331368446
5772.643596 2.06538303693
5796.64366 6.8695731163
5821.943973 7.23344667753
5846.410175 7.04386727015
5854.098424 1.364473025
5863.470679 2.02556300163
5871.042777 1.38671660423
5880.148913 1.93168560664
5905.582164 7.24110857646
5915.239377 2.07104802132
5922.943347 1.36286902428
5952.164506 8.63748439153
5960.352203 1.49986338615
5967.773552 1.34317175547
5975.29412 1.39240725835
5982.66692 1.34182596207
6007.065388 6.91066463788
6014.48709 1.35389876366
6022.061198 1.33595434825
6029.513763 1.34416397413
6037.003337 1.36328538259
6044.506987 1.37031054497
6054.197735 2.04117576281
6061.569064 1.35126169523
6086.052351 7.03874190648
6093.690268 1.35684633255
6101.277633 1.38252242406
6108.816871 1.37665772438
6116.237539 1.35458461444
6124.293053 1.47540163994
6131.814721 1.36085502307
6139.253325 1.37084698677
6146.70999 1.38670595487
6154.563735 1.38351933161
6162.001939 1.34721565247
6170.757163 1.80480702718
6179.565884 1.83334732056
6192.258615 9999
6199.826791 1.37527736028
6207.416081 1.36983680725
6214.886428 1.35923663775
6222.658608 1.37236062686
6230.079323 1.36284446716
6239.236266 1.9553492864
6246.607419 1.3356347084
6254.313238 1.37772798538
6278.479353 6.91405097644
6287.985127 1.96212339401
6295.422895 1.35440095266
6319.556614 6.92138409615
6343.958758 6.90039038658
6351.276487 1.32261832555
6359.182504 1.45764334997
6389.301235 8.91785065333
6399.341663 2.03147236506
6408.113862 1.80929334958
6415.504014 1.35160088539
6423.007507 1.39114832878
6430.595726 1.35331726074
6439.637899 1.85597864787
6447.040372 1.34420665105
6454.410589 1.34063394864
6478.661336 6.89973568916
6486.148693 1.36553994815
6493.737317 1.36740922928
6501.409955 1.37369799614
6510.714745 1.97091635068
6534.897225 6.91292413076
6542.703229 1.39442427953
6567.770938 7.20523468653
6597.25506 8.62067834536
6604.744584 1.36291869481
6614.084397 1.96449923515
6638.599621 7.048457702
6646.288192 1.33991400401
6653.627336 1.34128602346
6662.882142 1.94531027476
6670.357472 1.36008302371
6678.075412 1.35617899895
6685.581271 1.37537527084
6714.952847 8.68057799339
6725.023509 2.04941606522
6733.830357 1.8101190726
6741.283961 1.35675263405
6749.142012 1.38706930478
6756.893974 1.3686923186
6781.2791 7.03775294622
6806.560857 7.19411834081
6814.065883 1.36296240489
6821.771075 1.37387466431
6831.260905 2.04741962751
6840.80019 2.04971861839
6865.182864 6.96691799164
6873.038647 1.38278198242
6880.459405 1.35543163617
6887.898275 1.33545692762
6895.703566 1.50356626511
6905.34461 1.95869263013
6912.881217 1.35906902949
6937.030813 6.91450341543
6944.668451 1.31608112653
6968.786779 6.9437473615
6993.384577 6.95554804802
7000.922357 1.35693804423
7008.727858 1.37809507052
7033.796553 7.21444670359
7043.367123 1.97576125463
7050.925987 1.39183028539
7058.41059 1.36704500516
7066.016362 1.36400039991
7073.837324 1.36788829168
7086.428965 3.08767096202
7110.611871 6.93497633934
7118.416701 1.35757160187
7125.754477 1.33913207054
7133.377091 1.36789766947
7140.882185 1.39416805903
7148.653396 1.35266621908
7155.991984 1.33283726374
7163.579862 1.37339933713
7171.052032 1.34693932533
7178.990169 1.36189071337
7188.249333 1.94421339035
7195.736767 1.37219190598
7203.22344 1.35813299815
