5.817751 9999
13.004375 0.74362039566
20.05986 0.757310946782
25.780827 9999
33.016225 0.778080066045
40.28785 0.774766683578
47.44579 0.774216969808
54.582007 0.777146021525
61.751997 0.77068567276
68.791221 0.742463986079
74.664981 9999
81.949479 0.778459866842
89.120879 0.761762619019
96.308953 0.77880525589
103.396361 0.744508663813
110.604582 0.764236688614
117.906247 0.801574707031
124.994298 0.7437860171
132.182248 0.760230302811
139.337253 0.742602586746
146.991905 0.75833495458
154.280634 0.763783057531
161.45109 0.751653989156
168.90632 0.821347633998
176.128242 0.779242356618
183.383159 0.759166002274
190.753451 0.82267999649
197.846456 0.751824299494
203.750777 9999
210.934618 0.752181609472
218.156516 0.745749076207
225.326403 0.763364950816
232.401064 0.752726316452
239.473462 0.7366010348
246.658129 0.756475607554
253.764162 0.750196933746
260.803681 0.724366903305
267.855299 0.74126235644
274.993522 0.752812623978
282.131674 0.755191723506
289.318742 0.749366044998
296.34006 0.73995868365
303.545178 0.755258083344
310.651948 0.743573268255
317.739966 0.746591965357
324.926678 0.757941325506
332.014164 0.754292090734
339.135561 0.746694644292
346.324603 0.741931041082
353.428617 0.749209006627
360.69924 0.734751303991
367.804984 0.756511926651
374.959898 0.779122670492
382.081611 0.763328711192
389.154857 0.739185730616
396.340409 0.757035255432
403.44488 0.761792739232
410.416267 0.730551640193
416.107744 9999
423.091224 0.734911282857
430.295808 0.745853980382
437.467583 0.769283533096
444.65643 0.767394304276
452.043814 0.839780251185
459.131871 0.740835666656
466.403357 0.780112346013
473.425192 0.743951320648
479.166991 9999
486.400193 0.786686023076
492.056887 9999.0
499.241816 0.748024940491
506.446209 0.773690780004
513.45119 0.744756619136
520.522978 0.732614676158
527.660166 0.768432378769
534.883225 0.744756698608
542.036577 0.758942763011
549.107585 0.756204605103
556.196628 0.737709442774
563.270913 0.748994668325
570.505603 0.75362722079
577.54315 0.750907977422
583.267658 9999
590.268905 0.732365926107
597.356376 0.747810999552
604.494002 0.734068950017
611.533044 0.752336343129
618.673486 0.762290636698
625.825921 0.790954669317
632.947232 0.74303094546
640.30138 0.771968523661
647.273051 0.727828661601
654.410401 0.752799034119
661.398573 0.734606345495
668.557515 0.748172283173
675.925611 0.732742706935
683.00028 0.754211982091
688.6454 9999
695.655019 0.724402983983
702.759485 0.748714367549
709.998993 0.744625727336
717.104797 0.754111766815
724.340717 0.759188254674
730.031864 9999
737.066314 0.753346920013
744.586526 0.785176038742
751.675627 0.754813989003
758.846688 0.76829401652
766.069097 0.782126029332
773.172599 0.755552768707
778.983779 9999
786.065462 0.753828048706
791.672255 9999
798.756079 0.742601712545
805.895111 0.752192656199
813.282619 0.746522665024
820.424424 0.768785317739
827.44247 0.743498961131
834.647345 0.777660608292
841.720266 0.746821641922
849.006762 0.748231331507
856.144054 0.767294645309
863.182535 0.732307036718
870.253942 0.746183633804
877.408738 0.767023007075
884.679727 0.746487061183
891.702047 0.748833020528
898.773563 0.740984598796
905.861648 0.756486654282
912.848196 0.730688254038
918.710116 9999
925.858138 0.733668724696
932.946571 0.74568271637
940.051839 0.746527671814
947.188348 0.750285625458
954.360049 0.748195409775
961.396974 0.740584055583
968.518235 0.761599620183
975.589552 0.747848351796
982.628721 0.748356421789
989.917243 0.774321317673
995.541398 9999
1001.291161 9999
1006.997461 9999
1014.082908 0.732138951619
1021.420899 0.776962359746
1028.526331 0.758326927821
1035.66355 0.759514093399
1042.867621 0.796974579493
1049.939416 0.769121090571
1057.177178 0.751222610474
1064.21596 0.752652724584
1071.303742 0.741118351618
1078.359962 0.742003043493
1085.445858 0.744028011958
1092.704748 0.75240834554
1099.806885 0.738229354223
1106.910441 0.772903601329
1113.98232 0.748291969299
1121.070406 0.73587735494
1128.374431 0.745038588842
1135.481455 0.760185639064
1142.551138 0.740599632263
1149.85511 0.779890775681
1156.910839 0.732843716939
1164.168798 0.724717934926
1171.203699 0.738083918889
1178.358883 0.760364532471
1185.547099 0.75794227918
1192.600378 0.740110397339
1199.821454 0.719224691391
1206.943703 0.755373001099
1214.131197 0.757755279541
1221.186726 0.753742694855
1228.174556 0.741688728333
1235.381524 0.755598624547
1242.399994 0.736951271693
1249.455055 0.746635039647
1256.59252 0.731256802877
1263.682243 0.763353904088
1271.086518 0.769181728363
1278.091469 0.742299318314
1285.212321 0.757577021917
1292.349423 0.763666629791
1299.388604 0.749841610591
1306.677329 0.784371614456
1313.764537 0.737809022268
1320.870921 0.752102931341
1328.040356 0.748695611954
1335.162078 0.765720367432
1342.368001 0.733328739802
1349.421612 0.745284636815
1356.476309 0.75424861908
1363.481087 0.739143371582
1370.568146 0.743759632111
1377.856906 0.747799396515
1384.911942 0.735642989477
1391.966374 0.748210032781
1399.070895 0.742881695429
1406.092736 0.738085667292
1413.364278 0.745984951655
1420.451834 0.749009370804
1427.522222 0.747394005458
1434.560619 0.742739359538
1441.581405 0.737469673157
1447.341197 9999
1454.390342 0.715905745824
1461.41225 0.74348004659
1468.46629 0.73038872083
1475.587463 0.764271259308
1482.743329 0.730777343114
1489.930217 0.774973948797
1497.035324 0.744283437729
1504.173238 0.744241952896
1511.21211 0.72390961647
1518.53397 0.769724289576
1525.604229 0.750938653946
1532.676378 0.739275693893
1539.731327 0.75430059433
1546.820386 0.745997667313
1554.074261 0.758338689804
1561.044548 0.730096975962
1568.117138 0.733408053716
1575.253869 0.760917584101
1582.375668 0.761685609818
1589.647166 0.749285697937
1596.701574 0.742711305618
1603.822437 0.742327054342
1610.910957 0.758391062419
1618.015731 0.747390985489
1625.303359 0.750324010849
1632.395553 0.753815253576
1639.546293 0.760138114293
1645.171384 9999
1650.808031 9999.0
1658.142535 0.737794955571
1665.300791 0.750743627548
1672.435208 0.750695705414
1679.505962 0.750538667043
1686.614124 0.758971055349
1693.899602 0.740561405818
1701.020727 0.750018994013
1708.091865 0.752957344055
1713.717247 9999
1719.520141 9999.0
1726.736848 0.733347336451
1733.859034 0.74024105072
1740.963511 0.75273903211
1748.052425 0.747898340225
1755.191161 0.763236999512
1762.527668 0.743042310079
1769.616465 0.740859985352
1776.787373 0.754654010137
1783.775798 0.740812619527
1790.879364 0.772329648336
1798.102271 0.742055336634
1805.306917 0.765586296717
1812.295989 0.737357616425
1819.482226 0.762949069341
1826.686496 0.758202632268
1833.944999 0.752881368001
1840.980369 0.722545385361
1848.08484 0.761008342107
1855.173391 0.750335931778
1862.29368 0.76805361112
1869.582151 0.745741685232
1876.670281 0.740779956182
1883.760133 0.746929725011
1890.880452 0.755022684733
1896.52253 9999.0
1904.004624 0.78479162852
1911.126005 0.763745943705
1918.300127 0.777243455251
1923.937971 9999
1929.627863 9999.0
1936.909713 0.747902949651
1944.015985 0.748802423477
1951.085913 0.757430950801
1958.161532 0.74684270223
1965.24814 0.747239112854
1971.171961 9999
1978.287267 0.757029056549
1985.312086 0.734351396561
1992.363838 0.750266313553
1999.451084 0.764447291692
2006.723429 0.760776996613
2013.948237 0.776076714198
2020.96926 0.748074054718
2028.103888 0.738803625107
2035.242534 0.74277639389
2042.546193 0.751821041107
2049.63428 0.745677073797
2056.756427 0.732787370682
2063.778033 0.735887289047
2070.882474 0.757165670395
2078.170607 0.742618083954
2085.242635 0.748096307119
2092.349076 0.741193056107
2099.401253 0.750074386597
2106.45578 0.736858685811
2112.318969 9999
2119.430704 0.730495055517
2125.142378 9999
2132.256423 0.744543949763
2139.493629 0.75855588913
2146.815404 0.751616319021
2153.987773 0.770791212718
2161.025778 0.762193997701
2168.163712 0.73897767067
2175.2847 0.757165273031
2182.538746 0.746157328288
2189.727312 0.766322294871
2196.815695 0.754057407379
2203.837406 0.732055664062
2210.991802 0.760481595993
2218.262489 0.727345307668
2225.384551 0.75762073199
2232.389622 0.734839598338
2239.510055 0.743284702301
2246.699137 0.760337988536
2254.103833 0.76599407196
2261.124781 0.746169964472
2268.216397 0.746073404948
2275.334323 0.752062082291
2282.38945 0.744385957718
2288.280424 9999
2295.280803 0.736793597539
2302.435569 0.762564023336
2309.490411 0.738558371862
2316.627728 0.764266729355
2323.933358 0.759952704112
2331.055491 0.750484704971
2338.058825 0.734501043955
2345.180553 0.747481664022
2352.369606 0.747280041377
2359.673926 0.745955308278
2365.449103 9999
2372.5654 0.741642554601
2379.703765 0.745860338211
2386.74211 0.736885706584
2394.330348 0.763962030411
2401.336073 0.727340618769
2408.408445 0.750933408737
2415.426998 0.732275009155
2422.48128 0.74766031901
2429.736455 0.74356174469
2436.80757 0.747305949529
2443.895205 0.752226273219
2450.983915 0.745775699615
2458.038129 0.741196791331
2463.897241 9999
2471.030768 0.733832597733
2478.135639 0.741537332535
2485.30586 0.760255972544
2492.444825 0.76006825765
2499.765852 0.762276013692
2506.870913 0.764072259267
2514.009164 0.765974680583
2521.046637 0.736452658971
2528.218131 0.772507747014
2535.492472 0.743338346481
2542.678023 0.746093591054
2549.816094 0.761829614639
2556.8034 0.73064939181
2563.892372 0.741984208425
2571.129906 0.736153999964
2578.268125 0.761222362518
2585.305843 0.747488657633
2592.477787 0.741189956665
2599.549646 0.733095407486
2606.856095 0.740370353063
2613.991556 0.76230764389
2621.097387 0.759353001912
2628.218109 0.750229994456
2635.322608 0.75973645846
2642.610401 0.760552565257
2649.74898 0.759730736415
2656.854107 0.762329657873
2663.925256 0.746926307678
2670.962715 0.73322335879
2676.954463 9999
2684.038596 0.742378473282
2691.17727 0.752379337947
2698.297826 0.746151606242
2705.552496 0.7528479894
2712.857188 0.753667990367
2719.92846 0.747093280156
2727.016378 0.732534885406
2734.105046 0.739146550496
2741.17594 0.746825933456
2748.497434 0.741171598434
2755.618532 0.745560646057
2762.773272 0.756690979004
2769.87807 0.752762715022
2775.504062 9999.0
2782.80429 0.749245961507
2790.0082 0.741842031479
2797.18003 0.771556933721
2804.250923 0.746915658315
2811.372416 0.74967900912
2818.795696 0.756544113159
2825.832454 0.731554269791
2832.920592 0.744810024897
2839.991751 0.747342348099
2847.095594 0.745831012726
2854.484514 0.755093018214
2861.521496 0.73783771197
2868.626812 0.740225553513
2874.403132 9999
2881.521721 0.742687622706
2888.84419 0.752051989237
2895.895697 0.74263938268
2903.050015 0.768144289653
2910.105046 0.741420348485
2917.225925 0.761582056681
2924.713553 0.746556679408
2931.8523 0.765692710876
2938.990389 0.765882015228
2946.145293 0.749580939611
2953.186058 0.737162351608
2960.620762 0.727470239003
2967.625891 0.725458304087
2974.764095 0.75315062205
2981.852219 0.75067337354
2989.072898 0.739668448766
2996.411171 0.750705401103
3003.449363 0.732429901759
3010.525485 0.720062573751
3017.642367 0.739217678706
3024.71416 0.741428057353
3030.588907 9999
3037.825877 0.757765372594
3044.894166 0.727345546087
3052.098778 0.766261577606
3059.271752 0.750306288401
3065.193773 9999
3072.277894 0.743539015452
3079.400023 0.756345907847
3086.687833 0.76593931516
3093.743139 0.735348939896
3101.064559 0.745429754257
3108.185879 0.754773298899
3115.323592 0.752182324727
3122.462075 0.765339692434
3129.616444 0.764489332835
3136.972112 0.754912932714
3144.126816 0.760989268621
3151.180989 0.741831938426
3158.269078 0.754514376322
3165.289473 0.727504014969
3172.715328 0.765681266785
3179.816275 0.766854683558
3186.838302 0.742868026098
3193.942332 0.735522349675
3201.163559 0.759493033091
3208.501522 0.757354021072
3215.557361 0.74417034785
3222.64829 0.746377627055
3229.682702 0.732692639033
3236.853646 0.768438021342
3244.226289 0.741594632467
3251.330474 0.737216234207
3258.385329 0.732963005702
3265.489953 0.73942732811
3272.56131 0.734378258387
3279.882948 0.750244220098
3286.920335 0.74195098877
3293.991686 0.738194306691
3301.097515 0.742178678513
3308.203092 0.74631134669
3315.44014 0.730405966441
3322.59442 0.771996339162
3329.71567 0.752455314
3336.887384 0.744859695435
3343.974945 0.725142002106
3351.230184 0.747042973836
3358.36736 0.73926726977
3365.439394 0.753846009572
3372.493799 0.737911462784
3379.632193 0.735127369563
3387.020117 0.757389624914
3394.224672 0.788727998734
3401.214495 0.726512670517
3408.318501 0.75356610616
3414.028305 9999.0
3421.360567 0.749400695165
3428.381646 0.750184615453
3435.487551 0.754333655039
3442.489476 0.745206991831
3449.511861 0.735960642497
3457.100111 0.811256249746
3462.70652 9999
3468.510405 9999
3475.696184 0.754857460658
3482.883643 0.741334676743
3490.338893 0.758526961009
3497.393187 0.739478349686
3504.564661 0.756813685099
3511.78854 0.782418966293
3518.892953 0.754340966543
3524.866893 9999
3531.966598 0.730055967967
3538.954341 0.713171243668
3546.10889 0.732107639313
3553.21394 0.723073720932
3560.668146 0.754552682241
3567.810042 0.760986725489
3574.97746 0.758127053579
3582.099735 0.760117928187
3589.171238 0.759141921997
3596.525833 0.756340026855
3603.597536 0.737677335739
