28.947769 1.29625486135
56.188239 1.24394260645
83.605486 1.24596002102
110.960296 1.24968123436
138.713037 1.26313574314
166.050877 1.24844412804
193.471765 1.24929795265
221.307696 1.27255121469
249.212081 1.26657705307
276.549111 1.24965783358
304.520304 1.27369368076
331.90719 1.25282940865
360.195629 1.29256801605
387.515775 1.2486905694
414.952286 1.25018743277
442.356999 1.25288472176
470.277719 1.27296470404
497.731102 1.25517112017
525.269039 1.25416953564
552.508689 1.24561048746
579.959651 1.24952478409
607.396419 1.2518956542
635.166882 1.26798647642
662.487753 1.24808202982
689.975138 1.25195279121
717.511774 1.25883905888
745.433187 1.27336558104
773.08775 1.26428031921
800.706907 1.25330512524
827.994321 1.24830331802
855.399624 1.24704350233
883.06861 1.266578269
910.54253 1.25102264881
937.942932 1.24979960918
965.780641 1.26729133129
993.451218 1.26699101925
1020.888991 1.24612474442
1048.245028 1.24783109426
1075.679243 1.24898114204
1103.38443 1.26720659733
1131.187503 1.26704996824
1158.544834 1.251296556
1186.048779 1.25358661413
1213.2833 1.24475898743
1241.636722 1.29455877542
1269.274252 1.26464092731
1296.928657 1.26074435711
1324.265904 1.24917098284
1351.971908 1.26201680899
1379.540101 1.25908640623
1407.910539 1.29603151083
1435.49912 1.2623719573
1463.369427 1.26941187382
1490.53909 1.24158074856
1517.946336 1.24796822071
1545.296777 1.2503592968
1573.017801 1.26394164562
1600.304656 1.24650630951
1627.711549 1.24865192175
1655.032044 1.24880535603
1682.569162 1.25327949524
1710.052966 1.25606065989
1737.460328 1.24837414026
1764.728006 1.24598737955
1792.134146 1.24711383581
1819.434682 1.24650942087
1846.839497 1.24700675011
1874.128965 1.24710208178
1901.633116 1.24988096952
1929.151843 1.25675011873
1956.736958 1.25660499334
1983.991247 1.2459425211
2011.54492 1.25523598194
2039.133149 1.26338549852
2066.922849 1.26684852839
2094.324405 1.25277328491
2122.128389 1.26835722923
2150.400241 1.29788581133
2177.936434 1.25302677155
2205.290013 1.24983136654
2233.73146 1.29851920605
2261.001038 1.24540882111
2288.538402 1.25390907526
2316.123191 1.26239434481
2343.993279 1.26829378605
2371.266738 1.24721903801
2399.084964 1.2671379447
2426.505788 1.25443867445
2454.277594 1.26601594687
2481.629643 1.24994051456
2509.417199 1.26777447462
2537.138025 1.26902534962
2564.491668 1.24389666319
2591.914517 1.25328395367
2619.499123 1.2538508296
2646.787204 1.24816088676
2674.326968 1.25381712914
2702.060814 1.26985651255
2730.415659 1.29449881315
2757.8219 1.25253778696
2785.25614 1.2478184104
2812.960308 1.26883504391
2840.480849 1.25128085613
2867.704861 1.24392538071
2896.156125 1.30010664463
2923.444086 1.24692738056
2951.19712 1.26274024248
2978.700716 1.25894850492
3007.038493 1.29331823587
3034.260061 1.24473184347
3062.646178 1.29459574223
3090.186745 1.25978373289
3117.604525 1.2466430068
3144.844663 1.24484013319
3172.315 1.25035858154
3199.799501 1.25722907782
3227.68731 1.26984356642
3254.906913 1.24389548302
3282.562162 1.25959908962
3309.750607 1.24257166386
3337.171228 1.24586728811
3364.355563 1.24254331589
3391.826692 1.24933171272
3419.13294 1.24770694971
3447.5851 1.29741367102
3474.990988 1.25323209763
3502.558691 1.25103516579
3530.816519 1.29625386
3558.967539 1.28206936121
3586.655093 1.26738036871
3614.611755 1.27096619606
