22.484321 1.00137306452
44.832523 1.00143190622
68.535923 1.06503375769
91.103288 1.01229220629
113.6009 1.00427433252
139.490028 1.17812174559
143.013016 9999
169.979337 1.23188127279
192.643478 1.0120115757
215.093265 1.00643423796
237.760533 1.01141091585
261.277681 1.05959304571
283.981187 1.01427824497
307.479395 1.05806701183
311.021945 9999
333.502189 1.00798236132
360.338992 1.22544323206
382.85183 1.00383622646
406.456525 1.06290918589
429.052772 1.01012029648
432.460889 9999
454.976015 1.01030244827
478.811019 1.06598992348
505.710565 1.22914918661
528.397801 1.0122136116
550.91088 1.00905464888
574.645552 1.06246654987
598.263568 1.06495136023
621.014724 1.01601040363
643.51754 1.00948765278
666.147588 1.01038029194
689.631928 1.05739053488
713.232757 1.05850244761
735.748872 1.00886917114
762.736028 1.22778134346
785.221772 1.00860868692
808.838007 1.05869096518
831.474574 1.01526851654
857.541336 1.18135565519
880.092803 1.00988429785
902.67481 1.00669406652
926.058881 1.05452338457
949.712705 1.06054493189
972.243365 1.00844039917
994.863281 1.00892887115
1018.379055 1.06033834219
1041.131197 1.01503230333
1063.730254 1.01377565861
1086.411244 1.01190226078
1109.012009 1.01548496485
1131.697549 1.01300907135
1154.215187 1.0102253437
1157.903596 9999
1180.418388 1.0099843502
1202.915189 1.00892077684
1226.583291 1.06280204058
1249.133258 1.01143738031
1271.819699 1.01041315794
1294.400656 1.01387735605
1316.883613 1.00328046083
1339.383577 1.00902278423
1363.022553 1.06257205009
1389.821328 1.22218075991
1413.38875 1.0568111062
1436.910521 1.05968722105
1463.82703 1.22432235479
1486.411627 1.0125674367
1508.996736 1.00706011057
1532.498691 1.06042177677
1555.14477 1.00996954441
1577.663311 1.00923770666
1600.463606 1.01881972551
1622.997539 1.01027497053
1645.599244 1.00899928808
1668.099071 1.0087865591
1690.715308 1.00840336084
1714.197017 1.05792267323
1717.738549 9999
1744.636749 1.22838748693
1768.638206 1.07725036144
1791.14118 1.00914629698
1814.758792 1.05929319859
1841.596009 1.22647869587
1864.210134 1.00716753006
1867.652776 9999
1891.213917 1.06363720894
1894.768885 9999
1917.266743 1.00897215605
1939.835704 1.01325472593
1966.906008 1.22948602438
1989.503318 1.0144806385
2016.493671 1.22497725487
2042.493272 1.18387796879
2066.179875 1.06018811464
2069.63662 9999
2073.068799 9999.0
2099.969581 1.22242233753
2123.487982 1.05919805765
2146.157442 1.01046173573
2169.621721 1.05741969347
2193.372627 1.06427679062
2216.058885 1.0179333806
2239.806911 1.06078518629
2262.324299 1.00885168314
2284.907382 1.00663802624
2288.298322 9999
2310.759754 1.00829795599
2333.414279 1.01003321409
2336.835943 9999
2359.396215 1.01277190447
2383.180956 1.064996171
2405.664365 1.00751427412
2428.281268 1.00867820978
2451.765709 1.05798524618
2478.769541 1.22571822405
2505.622492 1.22702183723
2528.408085 1.01423043013
2550.87673 1.0067103982
2577.960214 1.23119618893
2603.863317 1.1782782197
2627.464257 1.05530335903
2630.854143 9999
2653.383287 1.01073361635
2677.084231 1.05981892347
2699.634966 1.01127538681
2722.202419 1.00563626289
2745.735922 1.06041234732
2768.536021 1.01418527365
2791.602916 1.03756052256
2814.220051 1.0060333252
2817.660379 9999
2840.12677 1.00881848335
2862.756532 1.00779156685
2886.240864 1.05915821791
2908.994926 1.01369643211
2932.475164 1.05824341774
2955.225923 1.01157529354
2977.929023 1.01846445799
3000.713176 1.01531960964
3023.11128 1.00355682373
3046.827266 1.06309211254
3075.034679 1.29295885563
3100.054575 1.10002268553
3125.254411 1.13926495314
3152.059288 1.1290296793
3178.109776 1.18227659464
3204.945144 1.12982041836
3230.935105 1.17944016457
3257.985783 1.13898772001
3285.940163 1.2774113059
3308.610088 1.00877256393
3332.124012 1.06077516079
3335.718185 9999
3362.632945 1.22992457151
3385.31718 1.0095731616
3409.064911 1.07145308256
3432.666479 1.05574994087
3459.503601 1.22509844303
3482.152997 1.00646559
3504.638822 1.00885448456
3508.277075 9999
3530.809385 1.01141382456
3553.389664 1.00931267738
3577.059929 1.05818804502
3600.560171 1.05947636366
