41.082899 1.9725335598
82.138794 1.97561227083
123.106933 1.96929913759
164.086016 1.97442038059
205.08158 1.97671232224
245.985561 1.97631257772
287.107019 1.97639855146
328.033354 1.9753010869
368.951624 1.97436312437
409.842708 1.9739733696
450.754824 1.96861256361
491.921369 1.97587732077
532.770994 1.97223234177
573.677654 1.97770516872
614.556883 1.97451566458
655.523668 1.97846528292
696.513072 1.97396181822
737.416413 1.97553360462
778.450697 1.9769354105
819.400552 1.97745414972
860.353023 1.97363600731
901.365178 1.97805769444
942.389206 1.9816447854
983.302849 1.97379117012
1024.175834 1.97483843565
1065.21389 1.9729334116
1106.119752 1.97288188934
1147.158134 1.97615406513
1188.223638 1.97677551508
1229.109598 1.97632974386
1270.032053 1.97258847952
1310.984968 1.97455067635
1351.905994 1.9701161027
1392.959562 1.97939605713
1433.986296 1.97620369196
1474.95549 1.9747615695
1515.935516 1.97865587473
1556.884557 1.97258563042
1597.830323 1.97656339407
1638.707094 1.97045921087
1679.662352 1.97606588602
1720.578923 1.97264881134
1761.594234 1.97501459122
1802.461154 1.97194453478
1843.498513 1.97407335043
1884.513631 1.97651412487
1925.407744 1.97585160732
1928.830228 9999
1969.558814 1.97889450788
2010.35467 1.97447535992
2051.333818 1.97353174686
2092.380348 1.97717247009
2133.526058 1.98007446527
2174.546183 1.97854677439
2215.658677 1.98247220516
2256.678208 1.97598637342
2297.684586 1.97688853741
2338.698029 1.9755184412
2342.109304 9999
2382.712379 1.97334804535
2423.519832 1.97555289268
2464.437529 1.97307122946
2467.948948 9999
2508.597979 1.97398092747
2549.588821 1.97811733484
2590.479891 1.97532477379
2631.406861 1.97519049644
2672.397845 1.97775108814
2675.864872 9999
2716.48048 1.97392557859
2757.44441 1.97391923666
2798.309844 1.9717114687
2839.207726 1.97489858866
2842.877439 9999
2846.096803 9999
2886.780614 1.97822349072
2927.667961 1.97922670841
2968.650157 1.97544203997
2972.024156 9999
2975.161026 9999
3015.860308 1.97650356293
3019.207305 9999
3059.836583 1.97334762812
3100.636591 1.97001248598
3141.73267 1.97367995977
3182.704004 1.97444626093
3223.613541 1.97326397896
3264.478116 1.97454621792
3305.41626 1.97426377535
3346.424962 1.97433716059
3387.258145 1.97364282608
3428.151946 1.97470134497
3431.742451 9999
3472.498891 1.97819765806
3476.075292 9999
3516.693691 1.9751429677
3557.577314 1.97525918484
3560.989003 9999
3601.559754 1.97405792475
