8.003549 1.0476360321
15.739499 1.0229344368
23.41212 0.99275302887
31.40433 1.06075429916
37.46103 9999
45.296541 1.04152035713
53.068492 1.02701409658
60.923878 1.04233574867
68.748498 1.04147728284
76.85221 1.00973359744
84.641467 1.01972230275
92.366025 1.00834234556
100.236566 1.05073038737
108.041803 1.0060309569
115.798274 1.00588329633
121.6115 9999
127.459924 9999
135.162718 0.998370965322
143.052347 1.00624171893
150.791179 1.00931938489
158.563302 1.01897239685
164.356356 9999
172.239978 1.06110835075
180.180395 1.05069271723
187.938441 1.01229000092
195.708049 1.01050337156
203.513301 1.02133472761
211.386573 1.00989166896
219.143091 1.0162850221
227.113837 1.06933800379
234.889772 1.0135819912
242.761927 1.02375324567
250.417764 1.00153597196
258.173267 1.01479530334
265.860373 1.00731635094
273.715964 1.00871459643
281.508022 1.02561163902
289.277083 1.02456196149
297.266988 1.05630326271
305.072212 1.00256466866
312.928612 1.04513112704
320.667663 1.01009527842
328.406295 1.02098242442
336.379423 1.0099196434
344.188639 1.03026358287
351.874197 1.00058237712
359.612911 1.002161026
367.371885 1.00305366516
373.194795 9999
380.895529 1.00598398844
388.685022 1.02603975932
396.556867 1.03085573514
404.647378 1.0291724205
412.469724 1.02144765854
420.227862 1.02602672577
427.933577 1.0029129982
433.873211 9999
441.624786 1.01326235135
449.463497 1.0466752847
457.203023 1.02093672752
464.941601 1.01232179006
472.934079 1.00668390592
478.821768 9999
486.691477 1.03956699371
494.581671 1.0478164355
502.322632 1.01521277428
510.258581 1.01067733765
517.967719 1.00783165296
525.690394 1.02056940397
533.44373 1.01472028097
541.334959 1.01454321543
547.075283 9999
554.807937 1.01633532842
562.500987 1.01686127981
570.25676 1.0067293644
578.059237 1.01635448138
585.917843 1.04797474543
593.640541 1.02487039566
601.359995 1.01319869359
609.252467 1.01705725988
616.955735 1.01492635409
624.677276 1.01638706525
632.467342 1.02186361949
640.273866 1.00444571177
648.112044 1.04161731402
655.837921 1.0124159654
661.626373 9999
669.361626 1.0047220389
677.233318 1.01863869031
684.989253 1.02533896764
692.694825 1.01081728935
700.43519 1.01444196701
708.389989 1.02902762095
716.249021 1.04283332825
723.984793 1.01195708911
731.808115 1.03880230586
739.733009 1.00143472354
745.55622 9999
751.315179 9999
759.047402 1.00629925728
766.766713 1.01375571887
774.639466 1.00989905993
782.312771 0.996541023254
788.085899 9999
795.755396 0.99045864741
803.444944 0.997738281886
811.403262 1.0068163077
819.172598 1.00945703189
826.995103 1.03423333168
834.687144 1.01058077812
842.607384 1.0173377196
848.432919 9999
856.200671 1.0104016463
863.941844 0.999664386113
869.713825 9999.0
877.666205 1.01653265953
885.37235 0.998793363571
893.227669 1.04364267985
900.953288 1.01132464409
908.926241 1.03195635478
916.71184 1.02878896395
924.450621 1.01596872012
930.226788 9999
937.912061 0.994522253672
945.867353 1.01163593928
953.639804 1.01318025589
961.395561 1.0188943545
969.102033 1.00147938728
977.06031 1.01424384117
984.912463 1.03086400032
992.651736 0.99627661705
998.460636 9999
1006.21493 1.01871331533
1014.203773 1.02097392082
1021.977574 1.01075267792
1029.712537 1.01753505071
1037.488348 1.02522198359
1045.477619 1.02061533928
1053.21387 1.0044216315
1061.069448 1.03414432208
1068.75855 1.00217541059
1074.795144 9999
1082.535724 1.00879534086
1090.274853 1.00039863586
1096.082668 9999
1101.8539 9999.0
1109.809772 1.00600067774
1117.547954 1.01476963361
1125.335536 1.03497433662
1133.023855 0.988470713298
1140.995762 1.02662142118
1148.751781 1.01567395528
1156.507205 1.01962606112
1164.163524 0.995366334915
1172.152314 1.00386563937
1179.858463 1.00082373619
1187.680615 1.0247780482
1195.420378 0.997547308604
1203.409557 1.00811942418
1209.250423 9999
1217.06887 1.00998497009
1222.876919 9999
1230.648884 1.02099442482
1238.618521 1.0061896642
1246.324971 1.00022037824
1254.034199 1.01039099693
1261.756093 1.00608102481
1269.66124 1.00158627828
1277.414866 1.00646829605
1285.189956 1.0257970492
1292.942243 1.02166803678
1298.968435 9999
1306.686459 1.0012579759
1314.411471 0.999495585759
1320.191109 9999
1325.969739 9999.0
1333.972987 1.02095095317
1341.78163 1.02839700381
1349.518544 1.00419863065
1357.274651 1.01448098818
1365.228998 1.01004107793
1372.918477 1.0002793471
1380.641587 1.00526634852
1388.347146 1.01531902949
1396.319944 1.00903606415
1404.108683 1.03690028191
1411.830837 1.00975100199
1419.553136 1.00865411758
1427.476143 1.00518409411
1435.264878 1.00831802686
1443.023956 1.0043463707
1448.847342 9999
1456.59737 1.01197203
1464.470098 1.00579325358
1472.226286 1.01545667648
1479.932369 1.009086291
1487.691474 1.01811099052
1495.527423 1.00091640155
1503.232837 1.0031015873
1510.971583 1.01278328896
1518.660835 1.00671736399
1526.569663 1.0128420194
1534.355556 1.02816120783
1542.095267 1.00916067759
1549.817269 1.00887235006
1557.823128 1.01126027107
1565.531904 1.00270009041
1573.251849 1.01183827718
1581.024222 1.00209832191
1588.897757 0.995881398519
1596.653154 1.00760801633
1604.357777 1.00265439351
1612.080543 1.00562198957
1620.019429 1.00996605555
1625.795638 9999
1631.598501 9999
1639.350661 1.02086607615
1647.023443 1.00110999743
1654.97943 1.00753068924
1662.72064 1.00586469968
1670.423529 1.00082596143
1678.179936 1.00617941221
1684.290305 9999
1691.989494 0.997723976771
1699.765985 1.02446722984
1707.471582 1.01101096471
1715.223613 1.01060096423
1723.063179 1.00065000852
1730.80243 1.0036743482
1738.491723 1.00295607249
1746.300676 1.02681692441
1754.256328 1.02046195666
1761.926609 0.999537309011
1769.683198 1.02497728666
1777.387144 1.0070625941
1785.359262 0.997348705928
1793.101724 0.995612939199
1800.855125 1.02571702003
1808.61019 1.02867309252
1816.599366 1.02360637983
1824.372272 1.01597332954
1832.113922 1.01392865181
1839.801232 1.0008790493
1847.642273 1.0059680144
1855.381397 1.00751495361
1863.084155 0.99835062027
1870.857112 1.00505940119
1878.712469 1.00328803062
1886.535733 1.02801529566
1894.307912 1.01385267576
1902.030021 1.01806171735
1909.902898 1.00454099973
1917.642278 1.02085733414
1925.400822 1.02106332779
1933.139816 1.00645875931
1941.059276 1.00703692436
1948.781207 1.01529399554
1956.537288 1.0103216966
1964.27996 1.00849191348
1972.199016 1.01592938105
1979.907595 1.01613299052
1987.71054 1.02119731903
1995.415733 1.01570542653
2003.322799 1.00869703293
2011.045787 1.00957632065
2016.8379 9999
2024.621476 1.02921072642
2032.360789 1.00336734454
2040.316111 1.00637133916
2048.038969 1.00615461667
2055.861253 1.01818227768
2063.583637 1.01069998741
2071.52478 1.00397864978
2079.265263 1.01745263735
2086.93445 1.00064436595
2094.690608 1.02202900251
2102.665742 1.01361338298
2110.368286 1.01474499702
2118.074721 1.00487828255
2125.814267 1.00597643852
2133.802555 1.01442527771
2141.575386 1.01811273893
2149.331434 1.00411828359
2157.003969 1.007553339
2164.943738 1.00746893883
2172.664758 1.00899362564
2180.437622 1.01599407196
2188.130281 1.01329962413
2194.188959 9999
2199.955518 9999
2207.694242 1.01279997826
2215.429982 1.01400399208
2223.172492 1.01369134585
2231.143132 1.02531822522
2238.898222 1.00140738487
2244.705768 9999
2252.463161 1.00816059113
2260.180458 1.00914398829
2268.119725 0.998567978541
2275.826012 1.00526324908
2283.51753 1.00560299555
2291.222901 0.999056259791
2299.126293 1.00213766098
2306.865689 1.01635297139
2314.620538 1.01961906751
2322.29376 0.999334255854
2330.332565 1.02456823985
2338.121595 1.01448130608
2345.881245 1.01580405235
2353.632705 1.01109671593
2361.625942 1.02619036039
2369.328103 1.00658241908
2377.071067 1.00316667557
2384.807895 1.02241698901
2392.745438 1.00132894516
2400.468921 1.01587239901
2408.223725 1.01476295789
2415.930122 1.01355870565
2421.981296 9999
2429.707619 1.00699996948
2437.445387 1.00158397357
2445.121688 1.0004995664
2452.840161 1.00185871124
2460.762882 1.00843437513
2468.569934 1.0219634374
2476.258578 1.01234277089
2484.014737 1.01828567187
2491.88622 1.00459194183
2499.642207 1.00722535451
2507.331678 0.99573135376
2515.036898 1.00886599223
2522.993439 0.997167269389
2530.748926 1.00108059247
2538.537897 1.01591873169
2546.293327 1.01148867607
2554.233208 1.01701807976
2562.039019 1.02546596527
2569.781674 1.02340769768
2577.517519 1.00814533234
2585.440016 0.998186349869
2593.212004 1.00715525945
2600.934169 1.01084065437
2608.673447 1.00724069277
2616.616844 1.01014622053
2624.438304 1.01996032397
2632.191531 1.01616207759
2639.933304 1.0065964063
2645.882316 9999
2653.623443 1.00569232305
2661.331227 1.00993394852
2669.068431 1.00512671471
2676.857387 1.01359860102
2684.863978 1.00714127223
2692.536068 0.997927029928
2700.325346 1.0243926843
2707.980514 0.998451312383
2714.074202 9999
2721.841293 1.0161383152
2729.580649 1.01336121559
2737.303232 1.01318701108
2744.958708 0.9900654157
2752.900186 1.00333491961
2760.619715 1.00123000145
2768.393196 1.00406797727
2776.115688 1.00390632947
2784.024176 1.00459305445
2791.677211 0.988510449727
2799.434103 1.01537466049
2807.205135 1.02086965243
2815.143944 1.00430242221
2822.883142 1.00808032354
2830.658572 1.02470501264
2838.379899 1.00899831454
2846.300879 1.00115903219
2854.042013 1.00009568532
2861.779406 1.01449902852
2869.537915 1.00662136078
2877.459516 1.01364398003
2885.14698 0.999700625738
2892.869156 1.00673238436
2900.560873 1.00723433495
2908.531033 1.00863496463
2916.319373 1.00996200244
2923.992569 0.999474048615
2931.73159 1.00403094292
2939.640049 1.00245523453
2947.394411 1.01238036156
2953.235079 9999
2961.002665 1.02411603928
2968.812182 1.02945192655
2976.768637 0.995354413986
2984.504146 1.00800267855
2992.279268 1.01801395416
3000.11584 1.03939429919
3008.087685 1.01729933421
3015.827275 1.00535964966
3023.58283 1.02021201452
3031.323798 1.01559702555
3039.344166 1.00219806035
3047.117504 1.02340896924
3054.924592 1.01604803403
3062.69549 1.01471106211
3070.702482 1.00733399391
3078.390099 1.01203926404
3086.112227 1.00596833229
3093.852557 1.00791764259
3101.893902 1.00534828504
3109.613366 1.01358628273
3117.339252 1.00057530403
3123.146744 9999
3130.946975 1.01377662023
3138.969299 1.0164958636
3146.692271 1.00311295191
3154.414779 1.01075871785
3162.204816 1.02721166611
3170.109084 0.991681019465
3177.817895 0.997383912404
3185.573336 1.02449504534
3193.308915 1.00810662905
3201.148644 0.99515302976
3208.908413 1.02142159144
3216.559778 0.995199680328
3224.266715 1.00025137266
3232.238327 1.00798400243
3239.943711 0.994553724925
3247.669483 1.00446271896
3255.389234 1.0030968984
3263.37863 1.01293905576
3271.200473 1.03220264117
3278.939947 1.01740527153
3286.662893 1.01061606407
3292.688541 9999
3300.455922 1.01268100739
3306.283135 9999
3314.053403 1.0182030201
3321.807893 1.00368928909
3329.861495 1.00865308444
3337.566933 1.00035405159
3345.289502 0.993303696314
3353.029091 1.01740002632
3361.0517 1.01648163795
3368.810554 1.00936603546
3376.57977 1.03063305219
3384.318701 1.00881203016
3392.345363 1.01977578799
3400.063858 1.00168331464
3407.85357 1.0264963309
3415.57587 1.02032335599
3423.700701 1.02160533269
3431.387441 1.00195002556
3439.143422 1.01306827863
3446.832099 1.00353900592
3454.824192 1.0066365401
3462.560526 1.01487938563
3470.283111 1.00805393855
3476.092107 9999
3481.911233 9999.0
3489.863959 1.01197203
3497.62049 1.01243988673
3505.359362 1.01467100779
3513.115257 1.01960698764
3521.090255 1.00951043765
3528.896073 1.00958204269
3536.632399 1.01851328214
3544.325211 1.01178510984
3552.326826 1.00641965866
3560.032719 1.00741068522
3567.75592 1.00355259577
3575.510983 1.01225733757
3583.453129 1.02060294151
3591.256464 1.02529366811
3599.028383 0.992268403371
3604.794255 9999
