8.606652 6.58626198769
17.405346 6.67454195023
26.076168 6.55427098274
34.419729 6.23340392113
42.899532 6.26832008362
50.795666 5.80874609947
59.178773 6.27908706665
67.603528 6.29811501503
76.220363 6.40808677673
84.7737 6.41052508354
93.997964 7.12724089622
102.181973 9999.0
110.666391 6.28577113152
119.198686 6.44411993027
127.610039 6.25992083549
135.988413 6.28361105919
144.437227 6.23003411293
153.327468 6.75855302811
161.977572 9999
170.369499 6.31430220604
179.60529 7.0269651413
187.610389 5.9012169838
196.1307 6.3789639473
204.51359 6.27997994423
213.312139 6.57368707657
221.345296 5.89964699745
229.765342 6.31577992439
238.443929 9999.0
247.049653 6.3021709919
256.080233 9999
264.923963 6.7519159317
273.725572 6.7030069828
282.326518 9999
290.317888 5.90337204933
298.664711 6.24941396713
307.541003 9999.0
316.44662 6.68183612823
325.000061 6.48161697388
333.327878 6.22490096092
341.402851 9999.0
350.328176 6.72227787971
358.778767 9999
367.135913 6.25764083862
375.585147 6.36057901382
383.71349 5.92103290558
392.290158 6.48270797729
400.73051 6.33324503899
410.004107 7.17603611946
418.555353 6.32360911369
426.514737 5.85828495026
434.436782 5.82726120949
442.776032 6.24924492836
450.912166 5.91517686844
459.228697 6.22889900208
468.085686 6.75970602036
476.773046 6.60845184326
485.340088 6.33904790878
493.218389 5.79334187508
501.648863 6.33457517624
510.335939 6.62896990776
519.256891 6.72426509857
527.63818 6.28659105301
536.614948 9999
544.646098 5.93232989311
553.549132 6.71507191658
562.164557 6.53816795349
570.193637 5.93405008316
578.662421 6.3656001091
587.657388 6.78038907051
596.421029 6.66748404503
604.836308 6.31785702705
613.603312 6.6769349575
622.470917 6.64841103554
630.345934 5.78992319107
638.264047 5.80977511406
646.21371 5.8399720192
654.323866 5.88131308556
662.526686 6.11159491539
671.356717 6.73123788834
679.162812 5.72314310074
687.140169 5.74432015419
695.570407 6.32080602646
704.067954 6.38852119446
712.922763 6.77056598663
721.382703 6.23727297783
729.770636 6.316437006
738.171476 6.29933381081
746.741288 6.47929906845
754.81435 5.84218096733
763.231851 6.31832098961
771.619199 6.27099013329
779.973028 6.27064204216
788.5015 6.31088399887
797.058383 6.46526002884
805.484939 6.3134021759
813.977043 6.3753349781
822.635497 6.4225590229
831.250201 9999
839.159257 5.80225586891
848.051043 6.79914808273
857.142326 6.85420513153
865.59693 6.35970687866
874.176292 9999
882.886194 6.61444306374
891.344017 6.25068092346
900.1028 6.64744901657
908.776769 9999
917.583751 6.70041704178
926.065504 6.25540494919
934.552892 6.39558720589
942.67853 9999
951.24965 9999.0
960.114725 6.63056707382
968.11744 5.8989379406
976.0419 5.80502700806
984.050481 5.91316318512
992.629493 6.35212087631
1000.922394 6.1814699173
1009.425221 6.3918299675
1017.307318 5.79491209984
1025.992931 6.46060299873
1034.097377 9999
1042.309835 6.10352516174
1050.115986 5.71706008911
1058.914262 6.57270002365
1066.957885 9999
1075.389052 6.32828593254
1083.234273 5.74545001984
1092.358361 9999
1101.218649 6.76670694351
1109.743196 6.43561291695
1118.369835 6.52845001221
1126.62764 6.01820087433
1135.09144 6.35081505775
1143.432045 6.23704099655
1151.793992 6.25537109375
1159.915122 5.89917516708
1168.6285 6.63195204735
1177.038576 6.28543901443
1185.431216 6.29469704628
1193.960783 6.32054615021
1202.486508 6.43710303307
1210.98207 6.40800499916
1219.325846 6.23444104195
1227.720666 6.18011498451
1235.583627 5.76917505264
1243.600377 5.90907096863
1251.982713 6.28538608551
1260.065453 5.85299706459
1268.968398 6.80067491531
1277.699823 6.63885211945
1286.546988 6.75860619545
1295.126661 6.36337685585
1303.917672 6.69392490387
1312.466001 6.44310903549
1320.372758 5.81585502625
1329.175929 9999
1337.212978 5.94382190704
1346.010036 6.69752621651
1353.821442 5.72220683098
1362.610481 6.56368899345
1370.638658 5.90774703026
1378.573156 5.82963085175
1387.178404 6.4976978302
1395.701378 6.31578111649
1403.666765 5.84124708176
1412.095078 6.33371496201
1420.315492 6.12120509148
1429.070874 6.56162881851
1437.442105 6.26065587997
1445.896005 6.35609817505
1454.063263 9999.0
1462.731444 6.46480202675
1471.580111 6.74271082878
1479.969383 6.25561189651
1487.923823 5.83155322075
1496.134613 5.99206805229
1504.087486 5.85686516762
1512.428368 6.2195379734
1520.862274 6.33974313736
1528.929866 5.81846690178
1537.286585 6.26655387878
1546.170244 6.75506806374
1554.686143 6.41502809525
1563.53109 6.61806201935
1571.932886 6.28948497772
1579.864731 5.80680799484
1588.162581 6.20385289192
1597.097953 6.66719794273
1605.554088 6.34307289124
1614.436885 6.75643801689
1623.242491 6.71594905853
1631.750622 6.30583000183
1640.14183 6.29187297821
1648.97433 6.73174095154
1657.853897 6.7720489502
1666.165669 9999
1674.325738 6.05669283867
1682.738676 6.29326200485
1691.153979 6.30590105057
1699.922859 6.53979206085
1707.862399 5.84750509262
1716.63742 6.67284488678
1725.018966 6.27837610245
1733.203343 5.98945188522
1741.650256 6.34927105904
1750.095827 6.35012888908
1758.97926 9999.0
1767.114064 5.7830080986
1775.73504 9999
1784.05868 6.2268550396
1792.748301 6.59650111198
1801.585493 6.61293315887
1810.062013 6.37594103813
1818.749785 6.58623480797
1826.730459 5.89481186867
1835.462111 6.48453497887
1844.548583 6.96479296684
1853.324656 6.68103504181
1861.964301 9999.0
1870.849249 6.70418095589
1879.170953 6.23789191246
1887.790912 9999
1896.382385 6.48410797119
1905.292489 6.70160198212
1913.33133 5.93462491035
1921.252464 5.81773710251
1929.784304 6.42509102821
1938.191075 6.17807888985
1946.62237 6.33045697212
1954.701104 5.96351885796
1962.803735 5.97497200966
1971.112856 6.06824398041
1979.846055 6.62415099144
1988.594865 6.65234303474
1997.386587 6.68267011642
2005.973929 6.35610699654
2014.467313 6.34141778946
2023.00304 6.45274400711
2031.028841 5.91768693924
2039.246179 6.00219488144
2047.712838 6.36415505409
2056.09821 6.27383708954
2064.755833 9999.0
2073.632062 6.65027689934
2082.074802 6.32986283302
2091.351953 7.16458106041
2100.148493 6.6797940731
2108.771411 6.40644001961
2117.538091 6.64884400368
2126.005296 6.3664329052
2134.346573 6.24276614189
2142.473709 5.87134003639
2151.033252 6.45750904083
2159.573671 6.43603897095
2168.392213 6.73218393326
2177.220846 6.59189295769
2185.246535 5.90206408501
2193.37927 5.99498820305
2202.130197 6.64002895355
2210.246481 5.88893485069
2218.658239 6.30684399605
2227.109506 6.33770298958
2235.810199 6.61001896858
2243.948629 5.91127204895
2252.853845 9999
2260.814623 5.82070302963
2269.610289 6.68263220787
2278.235001 6.37764406204
2286.669981 6.3454451561
2295.918248 9999
2303.85217 5.82878088951
2312.986953 6.86802101135
2321.495069 6.41061306
2330.257019 6.65366911888
2339.134975 6.76202297211
2347.202832 5.85317897797
2355.647283 6.33659315109
2363.616924 5.86314511299
2371.68163 9999.0
2380.440916 9999
2388.803175 6.24865889549
2397.618396 6.68645501137
2405.996017 6.2407989502
2414.23771 6.01133179665
2423.073368 6.73273992538
2431.826355 6.63381099701
2440.503513 6.57178092003
2449.189789 9999
2457.954091 6.66662788391
2466.658357 9999
2475.059177 6.27803397179
2483.197783 5.89498806
2491.642375 6.32578516006
2500.213372 6.46639990807
2508.593718 6.27442193031
2516.599185 5.78757691383
2525.03678 6.30967187881
2533.122441 5.98625993729
2541.1984 9999.0
2550.299661 9999
2559.392242 6.99670791626
2567.873995 6.37300896645
2575.850936 5.8744430542
2584.705942 6.62254500389
2593.110559 6.31693601608
2601.609563 6.39831805229
2610.26516 6.54970884323
2619.193779 6.67256093025
2627.999265 6.67052602768
2635.999438 5.90168690681
2644.754448 6.63023614883
2653.734704 6.72532200813
2662.53214 6.66338801384
2671.281866 6.64924788475
2680.025801 6.64953398705
2688.510601 6.26168012619
2696.925915 6.27424502373
2705.311832 6.25858879089
2714.015926 6.60973310471
2722.710087 6.46491384506
2731.446499 6.63922715187
2739.861828 6.31736207008
2748.505155 9999.0
2757.054093 6.32474279404
2765.699957 6.54215693474
2774.545897 6.75463199615
2783.010404 6.36224508286
2791.124927 5.8394100666
2799.848377 6.63249278069
2807.901293 5.92139792442
2816.380081 6.38264203072
2825.211789 6.61022782326
2834.24167 6.90872097015
2842.693331 6.35300111771
2851.298807 6.49280118942
2859.330174 5.79555821419
2867.732189 6.27691888809
2876.178516 6.35146713257
2884.993128 6.71696090698
2893.555404 6.30055308342
2902.275865 6.62414598465
2910.712193 6.34273004532
2919.392669 6.55043315887
2928.312411 6.64994597435
2936.24193 5.8030860424
2944.272822 5.89731884003
2952.150125 5.76237797737
2960.724972 6.35883712769
2969.589105 6.74231886864
2978.739321 7.03780007362
2986.789812 5.95384979248
2995.862618 6.83057117462
3004.41066 6.40140795708
3012.308909 5.7958650589
3020.940084 9999.0
3029.091193 5.91726303101
3037.186748 5.99224805832
3045.334506 5.99781298637
3053.84275 6.39946198463
3061.942902 5.85051202774
3070.10596 9999
3078.396432 9999
3086.463394 5.94526600838
3095.310618 6.62589406967
3104.090295 6.67893099785
3112.564708 6.38703203201
3120.985897 6.31329417229
3129.657516 6.43172693253
3138.104396 6.32651495934
3146.076039 5.85880208015
3154.553446 6.3868470192
3163.520536 6.73273491859
3172.049905 6.40217995644
3180.851818 6.71321511269
3189.265467 6.33380103111
3198.135774 6.62914085388
3206.64541 6.41236305237
3215.3333 6.56818199158
3223.697374 6.24003100395
3232.202353 6.23258280754
3240.940653 6.64792609215
3249.484269 6.43973898888
3257.595424 6.00463986397
3266.211907 6.36415576935
3274.650973 6.31937408447
3283.577965 6.8115170002
3292.074207 6.38187503815
3301.28148 9999
3309.729694 6.35602998734
3317.751397 5.89073014259
3325.667934 5.81341600418
3334.218157 6.33660411835
3342.63833 6.30192089081
3350.968698 6.22820186615
3358.855916 5.79473304749
3367.727586 6.71913695335
3375.722427 5.90424394608
3384.236889 6.36243009567
3392.710766 6.36054611206
3401.256546 6.25405502319
3409.277186 5.91720294952
3417.704449 6.3313601017
3426.30665 6.4680390358
3434.786301 6.23512887955
3442.785614 5.90346884727
3451.260765 6.36094808578
3460.027588 6.66642189026
3468.07288 5.81253290176
3476.725818 6.56368589401
3485.442679 6.61632013321
3494.349508 6.79909896851
3502.908198 6.30151581764
3511.645752 6.64100599289
3520.101149 6.32265806198
3528.006939 5.77526521683
3536.91583 6.63629984856
3545.26031 6.26686906815
3554.156173 6.77060699463
3562.670761 6.4163339138
3571.738995 6.83363890648
3579.69141 5.85854506493
3588.123859 6.33138895035
3596.514579 6.28751397133
3605.375097 6.65760111809
