3.059508 1.13392210007
5.870191 1.09983801842
8.772802 1.09963202477
11.400121 0.927958965302
14.304945 0.927849054337
16.933317 0.937069892883
19.687537 1.06261897087
22.398097 0.950381040573
25.279864 1.08584594727
28.14081 1.07465100288
30.864405 0.934563159943
33.701539 0.938397884369
36.429766 0.939363956451
39.246773 0.938006877899
41.980747 0.937682151794
44.698554 0.941753149033
47.425406 0.943926095963
50.1568 0.927968978882
52.841734 0.936719894409
55.539026 0.940930128098
58.218986 0.92959189415
61.019469 1.0646879673
63.929312 0.929985046387
66.77937 1.0707218647
69.606336 1.07170987129
72.403904 1.05884695053
75.380568 0.934769153595
78.07664 0.935560941696
80.783768 0.935777902603
83.453109 0.935873985291
86.12921 0.936589002609
88.845964 0.927920103073
91.683156 1.06697702408
94.704904 0.954494953156
97.419964 0.924426078796
100.155866 0.931843042374
103.04243 1.09749102592
105.774821 0.939409017563
108.501377 0.930171966553
111.238964 0.940894126892
114.074565 1.06972885132
116.980275 1.10527014732
119.795016 1.07134103775
122.563318 0.945724964142
125.455917 0.935338973999
128.197959 0.933730840683
130.941365 0.927963018417
133.647788 0.936307907104
136.484198 1.07173705101
139.242232 0.936674118042
142.12716 1.10318112373
144.842733 0.93238902092
147.595441 0.935465097427
150.468544 1.10001397133
153.21308 0.938834905624
156.179937 1.07394909859
158.901682 0.93927693367
161.613681 0.934080839157
164.446961 1.07168602943
167.143096 0.934514045715
170.01052 1.10014605522
172.739598 0.947860956192
175.450825 0.928923845291
178.336421 1.10444712639
180.9942 0.93051815033
183.779148 9999.0
186.761421 9999
189.596383 9999
192.410629 9999
195.452006 1.07005286217
198.162342 0.944540977478
200.875877 0.939013957977
203.716024 1.07611012459
206.427862 0.936429977417
209.263217 1.07133507729
212.00042 0.939465999603
214.694789 0.93567109108
217.589156 0.935149908066
220.315352 0.938332080841
223.17415 1.06465697289
225.894174 0.936991930008
228.627828 0.937824964523
231.327617 0.94243311882
234.055989 0.930028915405
236.811041 0.933835029602
240.018933 1.10612106323
242.765664 0.932507991791
245.627402 1.06281018257
248.684271 1.1067070961
251.406864 0.93766784668
254.144531 0.939874887466
256.893316 0.93624997139
259.828757 1.06962895393
262.582372 0.93910908699
265.433981 1.06832408905
268.136994 0.92863202095
270.884559 0.935547113419
273.779464 1.10501194
276.521203 0.936747074127
279.367447 0.937238931656
282.21461 1.06097102165
285.010131 0.942081928253
287.731166 0.930480957031
290.434292 0.929828882217
293.334614 1.10682606697
296.230176 1.08209395409
298.952819 0.940079927444
301.830491 1.1055791378
304.575107 0.941694021225
307.317688 0.939264774323
310.248357 0.930764913559
313.102475 1.07422804832
315.808511 0.935230016708
318.523637 0.938391923904
321.356061 1.06691479683
324.070984 0.930703878403
326.780385 0.930800914764
329.610807 1.05937600136
332.513708 1.10576605797
335.240679 0.935935020447
338.155545 1.1042509079
341.045118 0.938889980316
343.897804 1.0767929554
346.648842 0.948851108551
349.387203 0.936398983002
352.210731 1.06359004974
355.071358 1.06622409821
357.919382 1.06341099739
360.664588 0.935781002045
363.402767 0.938910961151
366.30924 1.10735297203
369.211694 1.10377001762
372.242038 1.07868409157
375.079889 0.940139055252
377.933325 1.06816601753
380.658228 0.934621810913
383.395683 0.926733970642
386.129387 0.944790840149
388.886482 0.9448158741
391.614896 0.937057971954
394.355765 0.929696083069
397.091147 0.934000015259
399.965943 1.0948138237
402.833957 0.935338973999
405.70949 1.07494807243
408.453305 0.939800977707
411.173871 0.932400941849
413.913192 0.93281006813
416.790544 1.10323596001
419.539448 0.938540935516
422.263113 0.939250946045
424.999886 0.938663005829
427.889286 1.10135507584
430.655363 0.942649126053
433.656127 1.07390284538
436.513017 1.06278395653
439.231528 0.927623033524
442.113189 1.06186199188
444.951057 1.06823205948
447.785438 1.06928086281
450.513327 0.927663087845
453.398558 1.10055303574
456.229065 1.06204605103
458.96628 0.935726881027
461.812038 1.06872296333
464.718332 0.936640977859
467.451391 0.933813095093
470.356642 1.10456395149
473.108831 0.935908079147
475.992268 1.06750011444
478.727739 0.926936864853
481.614338 1.10547184944
484.317624 0.927167892456
487.073928 0.94168806076
489.797444 0.933982133865
492.689584 1.10301303864
495.570706 0.934541940689
498.298707 0.941113233566
501.043064 0.935301065445
503.887371 1.06931900978
506.611643 0.936038970947
509.44474 1.0689740181
512.16846 0.939918041229
514.905291 0.937183856964
517.618199 0.933504104614
520.480127 1.07699298859
523.316786 1.07248306274
526.221243 0.950398921967
529.09038 1.09920120239
531.823178 0.927924871445
534.63518 1.0672249794
537.357735 0.940860033035
540.193041 1.06713485718
542.886996 0.933525085449
545.612028 0.939866065979
548.526698 1.1081700325
551.375678 1.0609459877
554.243611 1.09880900383
557.159269 0.938914060593
559.883967 0.943460941315
562.61832 0.942406892776
565.35114 0.942542076111
568.211832 1.07482886314
570.936594 0.940917015076
573.656123 0.940387964249
576.380317 0.93709397316
579.225693 1.06305718422
581.955899 0.935132026672
584.704968 0.935714006424
587.717063 1.06659698486
590.442303 0.93754696846
593.322894 1.11779999733
596.327525 1.06991219521
599.045519 0.937625169754
601.93656 1.10018491745
604.670443 0.938834190369
607.419468 0.934597015381
610.300129 1.10241293907
613.035824 0.941249132156
615.76866 0.929756879807
618.636366 0.94202709198
621.491344 1.06445598602
624.226856 0.927685976028
627.121022 1.11032414436
629.858107 0.943341970444
632.740476 1.11537504196
635.614645 1.06825208664
638.457696 1.07059311867
641.251253 0.932804822922
644.085227 1.06898212433
646.795484 0.938219070435
649.674383 0.936905860901
652.387041 0.937739133835
655.235709 1.064702034
657.954163 0.941226959229
660.67385 0.943368911743
663.543621 1.10253691673
666.278912 0.944525957108
669.136242 1.10343289375
672.11051 0.935368061066
674.838215 0.923621892929
677.714906 1.10139298439
680.632892 0.937601089478
683.524948 1.10174012184
686.237519 0.934458017349
688.978599 0.936231851578
691.691815 0.933830022812
694.588152 1.10428500175
697.323137 0.933874845505
700.049085 0.93529510498
702.772916 0.928174972534
705.502607 0.940277099609
708.395367 0.937032938004
711.309079 0.941142082214
714.035338 0.935282945633
716.777763 0.936756849289
719.489614 0.935607910156
722.227351 0.939671039581
724.967857 0.93078994751
727.693629 0.937330007553
730.438569 0.931723833084
733.196376 0.938895940781
735.917867 0.937126159668
738.632792 0.934930086136
741.622917 0.928800821304
744.460434 1.07230305672
747.335697 1.09764099121
750.066031 0.936978816986
752.925268 1.09885501862
755.646901 0.937660932541
758.359167 0.93116402626
761.08397 0.935906887054
763.794543 0.930124998093
766.515172 0.946384906769
769.251418 0.946586847305
772.338257 1.10645699501
775.062936 0.937045097351
778.067778 1.07674193382
780.772552 0.935788869858
783.50827 0.93651509285
786.212429 0.926119804382
789.097642 1.1022670269
791.875446 0.931447029114
794.632734 0.935341835022
797.476235 1.07658195496
800.203223 0.938488006592
803.296752 1.10606098175
806.033252 0.93489408493
808.935883 1.11304497719
811.813966 1.07797908783
814.563394 0.943605184555
817.473229 1.07071208954
820.33928 1.07409620285
823.063183 0.936460971832
825.808523 0.948608160019
828.5589 0.941024065018
831.295812 0.935714006424
834.25866 0.934611082077
837.022086 0.936713933945
839.749812 0.939044952393
842.607023 1.06844305992
845.481947 1.07137322426
848.241313 0.941524028778
850.988189 0.939075946808
853.748024 0.937765836716
856.607145 1.06397199631
859.305346 0.932817935944
862.063516 0.941632986069
865.121636 1.0790450573
867.87445 0.933496952057
870.742202 1.06956601143
873.460183 0.934660196304
876.329857 1.06696081161
879.078999 0.934638977051
881.948787 1.06921100616
884.849884 1.10496401787
887.742211 1.06927895546
890.62255 1.07047486305
893.346884 0.927371025085
896.297045 0.935549974442
899.069885 0.927590847015
901.802103 0.937879085541
904.67115 1.06593704224
907.398444 0.933830976486
910.10216 0.929208040237
912.819773 0.931056976318
915.675052 1.0784239769
918.391816 0.937309980392
921.247447 1.08219885826
924.151673 1.10309815407
927.018313 0.924393892288
929.941741 1.10557484627
932.700363 0.942533969879
935.620229 1.10368299484
938.49484 1.07520008087
941.383281 1.10727882385
944.120359 0.945114135742
946.855001 0.940003156662
949.737208 1.09678387642
952.460319 0.941650867462
955.199145 0.941697835922
958.276271 1.07072710991
961.002932 0.935123920441
963.882536 1.09073090553
966.596625 0.925848960876
969.370155 0.940665006638
972.202423 1.06073093414
974.939277 0.928637981415
977.716931 0.93977689743
980.564408 1.07106804848
983.32311 0.938487052917
986.088803 0.936183929443
988.999351 0.939422130585
991.750722 0.940084934235
994.616515 1.07202100754
997.352168 0.939661979675
1000.063894 0.939911842346
1002.787969 0.93922495842
1005.523897 0.9395840168
1008.499234 1.10484290123
1011.240796 0.939493179321
1014.122785 1.08445096016
1016.852576 0.939606904984
1019.745344 0.929280996323
1022.499594 0.950803995132
1025.240178 0.941581964493
1027.977201 0.939934015274
1030.691314 0.945032835007
1033.44626 0.933603048325
1036.151632 0.941790103912
1038.883866 0.93834400177
1041.617787 0.935240030289
1044.501138 1.07404303551
1047.237481 0.940593004227
1050.107787 0.930010795593
1052.955058 1.07639098167
1055.70685 0.937613010406
1058.597819 1.07942414284
1061.347681 0.93789601326
1064.243626 1.1041431427
1067.095853 1.06371307373
1069.843803 0.938436985016
1072.717795 1.07362794876
1075.595007 1.07546615601
1078.386704 0.93499994278
1081.430988 1.07645797729
1084.270576 1.07293915749
1087.14686 1.10497808456
1089.993201 1.0698621273
1092.728611 0.931786060333
1095.618064 1.10406112671
1098.356201 0.934801101685
1101.093922 0.932760953903
1103.985354 1.07256007195
1106.74959 0.941218852997
1109.623448 1.06859397888
1112.533995 0.934319019318
1115.287639 0.932504177094
1118.061108 0.951017856598
1120.791572 0.940648078918
1123.673702 1.10718107224
1126.520348 1.07221102715
1129.248136 0.942708969116
1132.1148 1.07282805443
1134.847517 0.937246084213
1137.686361 1.07725310326
1140.570266 1.09943389893
1143.513114 0.938862085342
1146.260632 0.938634157181
1149.010151 0.9314661026
1151.865005 1.08001708984
1154.626391 0.940280199051
1157.501661 1.07124090195
1160.257066 0.939758062363
1162.987297 0.935315132141
1165.825459 1.07300305367
1168.59349 0.934865951538
1171.348452 0.93372797966
1174.388631 1.09636616707
1177.115039 0.938083171844
1179.807968 0.934528112411
1182.714066 1.1052570343
1185.446054 0.937670230865
1188.193642 0.935739994049
1190.906089 0.931622982025
1193.654821 0.93341422081
1196.548505 1.09805393219
1199.261411 0.937160968781
1202.150828 1.10163998604
1205.197532 1.10041308403
1208.066383 1.10096478462
1210.995419 1.10143017769
1213.747897 0.925882101059
1216.602858 1.08167791367
1219.606656 0.933730125427
1222.327793 0.940624952316
1225.072209 0.934734106064
1227.944748 1.08266615868
1230.788633 1.06952691078
1233.643999 1.07466983795
1236.706506 1.10082697868
1239.590114 1.10013794899
1242.310135 0.94083404541
1245.061071 0.941200017929
1247.8893 1.06678104401
1250.612816 0.939300060272
1253.314419 0.941910982132
1256.189184 1.06806015968
1259.077276 1.07140183449
1261.940779 1.06572580338
1264.819949 1.09977507591
1267.737804 0.933614969254
1270.497448 0.928146839142
1273.22189 0.928776979446
1276.092145 1.07201910019
1278.958027 1.07326412201
1281.693473 0.927258014679
1284.414279 0.936565876007
1287.128662 0.937065124512
1290.001851 1.07485413551
1292.734777 0.94168806076
1295.442291 0.936001062393
1298.359219 0.938454866409
1301.207538 1.06597685814
1304.080895 1.06660914421
1306.817363 0.949331998825
1309.535781 0.94168305397
1312.279421 0.936523914337
1315.276134 1.10449814796
1318.010237 0.932327032089
1320.910764 1.06949710846
1323.667242 0.937973022461
1326.44088 0.938071012497
1329.403437 0.940587043762
1332.077662 0.934417963028
1334.800376 0.935377120972
1337.514094 0.938284873962
1340.250458 0.936583042145
1343.129981 1.07256889343
1345.821362 0.930478096008
1348.667096 1.06604194641
1351.400022 0.93839597702
1354.113159 0.933828115463
1356.845711 0.932636976242
1359.882277 1.07243704796
1362.731261 1.07403206825
1365.467866 0.942369937897
1368.178317 0.936357021332
1371.054251 1.06477093697
1373.769118 0.926676988602
1376.636149 1.07030892372
1379.385229 0.939520120621
1382.143763 0.935446023941
1384.85513 0.933870077133
1387.604765 0.931457042694
1390.519917 0.940021038055
1393.232702 0.940721035004
1395.918397 0.93865609169
1398.642714 0.938721895218
1401.375989 0.924031972885
1404.269308 1.10324382782
1407.117849 1.05673193932
1409.850859 0.931946992874
1412.54989 0.938542842865
1415.262436 0.938701868057
1418.102804 1.07073402405
1421.059175 0.936731100082
1423.782639 0.937901973724
1426.530792 0.938518047333
1429.270408 0.938140869141
1432.026497 0.934334993362
1434.77443 0.939292192459
1437.643445 1.0715379715
1440.523454 1.06989717484
1443.271817 0.927917003632
1446.128784 1.07290792465
1448.88431 0.933049917221
1451.778211 0.937209129333
1454.51425 0.938731193542
1457.22626 0.938466787338
1460.127309 1.10079598427
1462.878275 0.937016010284
1465.734165 1.07037997246
1468.483141 0.938883066177
1471.375407 1.08040499687
1474.094327 0.935357093811
1476.930657 1.06426596642
1479.630262 0.92849612236
1482.741229 1.0703420639
1485.439212 0.925549030304
1488.171179 0.947046041489
1490.874949 0.934470891953
1493.752399 1.10025620461
1496.491893 0.93278002739
1499.252235 0.932857036591
1502.114215 1.06608200073
1504.835919 0.939556121826
1507.51845 0.938620090485
1510.399354 1.07127308846
1513.346073 0.933390140533
1516.082252 0.941814899445
1518.813854 0.927369117737
1521.666349 1.06313300133
1524.544618 1.0969119072
1527.434299 1.06857585907
1530.187374 0.938654184341
1533.05552 1.06995296478
1535.918516 1.07923603058
1538.828149 1.10736823082
1541.767421 1.09798979759
1544.793217 1.07339596748
1547.51398 0.935550928116
1550.249598 0.931167125702
1552.978531 0.933935880661
1555.698043 0.929839134216
1558.433489 0.936459064484
1561.311652 1.10401296616
1564.036986 0.935208082199
1566.923175 1.08843398094
1569.693449 0.941534996033
1572.43225 0.93714094162
1575.454708 1.06807208061
1578.158989 0.936743021011
1581.01684 1.10176587105
1583.734288 0.939944028854
1586.514952 0.927503108978
1589.251005 0.939389944077
1591.990348 0.938343048096
1594.832572 1.06653404236
1597.576862 0.937346935272
1600.436389 1.07382512093
1603.146068 0.928871870041
1606.109314 0.935669898987
1608.849693 0.927390098572
1611.640593 0.935700178146
1614.391249 0.938023090363
1617.116338 0.941221952438
1619.98366 1.07095003128
1622.731217 0.933360815048
1625.578064 1.06483697891
1628.286204 0.927956104279
1631.029517 0.932439088821
1633.756116 0.933152198792
1637.01399 1.06753897667
1639.73545 0.938524961472
1642.445542 0.935894012451
1645.14549 0.938345909119
1647.860255 0.937198877335
1650.584987 0.938971042633
1653.305389 0.940358161926
1656.042289 0.929155826569
1658.887478 1.06774306297
1661.647891 0.936191082001
1664.382013 0.936243057251
1667.357518 0.935827970505
1670.204 1.06424498558
1672.930423 0.934299945831
1675.671668 0.938745975494
1678.5916 1.11658000946
1681.315984 0.929357051849
1684.195163 1.07002401352
1687.092739 1.10231280327
1689.858199 0.935010910034
1692.602687 0.942846059799
1695.343987 0.935000896454
1698.352957 0.934577941895
1701.087053 0.929457187653
1703.814049 0.934985160828
1706.571673 0.935757875443
1709.404318 1.06918287277
1712.149816 0.931736946106
1714.893139 0.939322948456
1717.773147 1.09808897972
1720.486588 0.929073810577
1723.194458 0.934694051743
1725.94236 0.936231851578
1729.027176 0.93488907814
1731.755308 0.942611217499
1734.65382 1.10136890411
1737.620451 1.10053515434
1740.354849 0.931746959686
1743.092642 0.927613019943
1745.839809 0.926427125931
1748.732871 1.07052206993
1751.503574 0.937948942184
1754.229652 0.938045024872
1757.139736 1.1016869545
1760.037809 0.940936088562
1762.782712 0.935747146606
1765.533073 0.936936855316
1768.435868 1.08213305473
1771.182223 0.932034015656
1773.955611 0.938363075256
1776.679825 0.938286066055
1779.439694 0.936934947968
1782.18752 0.93967294693
1784.981245 0.938121080399
1787.707121 0.939307928085
1790.686027 0.929282903671
1793.444798 0.939720153809
1796.217401 0.941289186478
1799.117824 1.07111597061
1801.858522 0.93562579155
1804.626685 0.946985960007
1807.373523 0.935153961182
1810.144715 0.934948921204
1813.086736 1.11693882942
1815.869618 0.938388824463
1818.594286 0.934562921524
1821.567877 0.935160160065
1824.28471 0.936605215073
1826.991892 0.93577504158
1829.781156 0.939697027206
1832.550373 0.941687107086
1835.427244 1.09856796265
1838.196004 0.933123826981
1840.975636 0.923134088516
1843.738408 0.938575029373
1846.472414 0.93032002449
1849.193869 0.934375047684
1852.160499 0.936977148056
1854.893866 0.937991142273
1857.642602 0.937376976013
1860.354382 0.930992126465
1863.099671 0.93493103981
1865.991225 1.10288095474
1868.716545 0.932790994644
1871.457125 0.929008960724
1874.336561 1.10116696358
1877.045919 0.935230970383
1879.780884 0.937910079956
1882.707838 0.934158086777
1885.445633 0.932821989059
1888.159126 0.926128149033
1891.025138 1.0992538929
1893.726039 0.928067922592
1896.486454 0.934607982635
1899.266353 0.943943023682
1902.175633 1.10125613213
1904.875142 0.925508975983
1907.610692 0.937880992889
1910.359775 0.935392856598
1913.283142 0.934234142303
1916.019795 0.934747219086
1918.746377 0.927718877792
1921.470296 0.931234121323
1924.217786 0.948254108429
1927.108052 1.10202097893
1929.857387 0.936398029327
1932.64286 0.938493967056
1935.357626 0.934100866318
1938.274974 1.09502911568
1941.182021 1.09938597679
1944.113819 0.935404062271
1946.851642 0.932247161865
1949.57653 0.939721107483
1952.324095 0.938527822495
1955.074516 0.928497076035
1957.779531 0.934240102768
1960.506411 0.930277824402
1963.244009 0.936491012573
1965.976274 0.938739061356
1968.823989 0.931600093842
1971.585573 0.938281059265
1974.502089 0.930745124817
1977.261591 0.940382003784
1979.98422 0.939785003662
1982.756617 0.938785076141
1985.503036 0.939046859741
1988.38136 1.10318922997
1991.122605 0.939350128174
1994.062677 0.937581062317
1996.962138 1.10401701927
1999.739309 0.940754175186
2002.510312 0.941096067429
2005.595273 1.10286593437
2008.339366 0.940033197403
2011.077844 0.938494920731
2013.96782 1.0950717926
2016.715246 0.948188066483
2019.617266 1.10489606857
2022.354981 0.939863920212
2025.095768 0.938556909561
2028.007452 1.10433506966
2030.756893 0.93943810463
2033.493212 0.936011075974
2036.557913 1.07660508156
2039.324303 0.938793897629
2042.091991 0.935312986374
2044.843772 0.938675165176
2047.615497 0.93790102005
2050.495827 1.07054591179
2053.204131 0.933230876923
2056.132593 1.10873508453
2058.872995 0.929511070251
2061.608088 0.937633037567
2064.510564 1.09349989891
2067.414811 0.937700986862
2070.144928 0.937023878098
2072.842571 0.939452886581
2075.554885 0.94078707695
2078.310514 0.941797018051
2081.162814 1.07651114464
2083.915234 0.932929039001
2086.795966 1.07213377953
2089.507096 0.937644958496
2092.245342 0.940703868866
2094.980077 0.935955047607
2098.063053 1.10549807549
2100.800313 0.932924985886
2103.535553 0.937536001205
2106.438545 1.10692405701
2109.180853 0.935446023941
2112.046809 1.07371592522
2114.832553 0.932651996613
2117.567153 0.941314935684
2120.44784 1.07465910912
2123.33444 1.10137200356
2126.091076 0.957302093506
2129.045066 0.931515932083
2131.766593 0.934224128723
2134.650219 1.09978699684
2137.375899 0.938003063202
2140.218405 1.05953502655
2142.993958 0.939996957779
2145.747645 0.939486980438
2148.473497 0.936126947403
2151.380623 1.07235097885
2154.139294 0.93755698204
2156.874584 0.937767028809
2159.958001 1.10358190536
2162.709749 0.937449932098
2165.576016 1.06531214714
2168.465088 1.10483717918
2171.211761 0.933211088181
2173.928013 0.928379058838
2176.658263 0.943794965744
2179.489689 1.07280921936
2182.210617 0.940365076065
2184.942348 0.938947916031
2187.690108 0.939215898514
2190.637879 0.931983947754
2193.478553 1.07545995712
2196.234479 0.931789159775
2198.980661 0.946156978607
2201.696544 0.926338911057
2204.564255 1.10073399544
2207.294925 0.934195995331
2210.053228 0.937823057175
2212.885358 1.06183314323
2215.63101 0.941239118576
2218.35203 0.941248893738
2221.30458 0.937930822372
2224.050276 0.94055390358
2226.77863 0.938851118088
2229.597071 1.0691921711
2232.329516 0.93701004982
2235.115146 0.935991764069
2237.851671 0.937652111053
2240.550499 0.939960956573
2243.420719 1.09577584267
2246.271623 1.06909894943
2249.107535 1.07163000107
2251.974787 0.938462972641
2254.820243 1.06868696213
2257.675487 1.09819793701
2260.400453 0.938643932343
2263.267222 1.10662508011
2266.007353 0.932761907578
2268.91959 1.11234498024
2271.680498 0.93745303154
2274.403028 0.937072992325
2277.127397 0.93096113205
2279.841073 0.931226968765
2282.754273 0.936622142792
2285.490268 0.937548875809
2288.350576 1.05869293213
2291.093909 0.935173034668
2294.002251 1.09634709358
2296.782933 0.937029123306
2299.531886 0.940850019455
2302.271928 0.940342903137
2305.232756 1.11057901382
2307.970415 0.940066814423
2310.708362 0.941069126129
2313.835067 1.10533499718
2316.762897 1.11706399918
2319.486169 0.935707092285
2322.262904 0.929336071014
2325.01884 0.936661958694
2327.940125 1.09966802597
2330.669963 0.937241077423
2333.51958 1.07091498375
2336.259177 0.940326929092
2338.990446 0.929374933243
2341.724771 0.94019818306
2344.664243 0.939309835434
2347.363698 0.94056892395
2350.122776 0.936463117599
2352.994898 1.07374215126
2355.74138 0.939428091049
2358.481951 0.932724952698
2361.279959 0.935523033142
2364.005054 0.929592132568
2366.73118 0.940196990967
2369.453799 0.935642004013
2372.393685 1.1019718647
2375.321614 0.93549489975
2378.067836 0.946176767349
2380.807235 0.938782930374
2383.54402 0.928966999054
2386.406239 1.07692098618
2389.124971 0.925423145294
2391.845914 0.939551830292
2394.557621 0.936024188995
2397.283122 0.93769288063
2400.004804 0.932245016098
2402.875272 1.06862306595
2405.810571 0.933322191238
2408.667263 1.0647521019
2411.531578 1.06710791588
2414.238803 0.938467025757
2416.954454 0.938364982605
2419.834571 1.09887099266
2422.571098 0.940201997757
2425.282755 0.930606126785
2428.007686 0.930662870407
2430.749769 0.936492919922
2433.631424 1.06726098061
2436.736319 1.07889890671
2439.59693 1.09450006485
2442.381472 0.937711000443
2445.106073 0.933039188385
2447.863644 0.938916921616
2450.604003 0.936339139938
2453.519226 1.106580019
2456.274575 0.93612909317
2459.164379 1.10454702377
2461.867142 0.925287008286
2464.582027 0.934843063354
2467.686773 1.07175302505
2470.435652 0.938551902771
2473.177675 0.939918994904
2475.910189 0.928920984268
2478.656717 0.929994106293
2481.500968 0.931848049164
2484.219624 0.934267997742
2486.958668 0.938769817352
2489.692226 0.933733940125
2492.585633 1.07127404213
2495.334138 0.934144020081
2498.490825 0.936136960983
2501.202026 0.93113899231
2503.925941 0.943933010101
2506.678123 0.940302848816
2509.410409 0.936972141266
2512.161735 0.930495023727
2514.917769 0.934788942337
2517.669303 0.933254957199
2520.376851 0.935620069504
2523.13622 0.931818962097
2525.851038 0.938615083694
2528.730412 0.936453819275
2531.568128 1.07377099991
2534.334266 0.936278104782
2537.044903 0.93500494957
2539.809288 0.933517932892
2542.675706 1.09334301949
2545.420986 0.935923099518
2548.185052 0.940293073654
2551.051161 1.07101297379
2553.777588 0.9413189888
2556.66916 1.1079750061
2559.570551 0.937159061432
2562.44001 1.09507203102
2565.188259 0.939085006714
2568.061722 1.07625198364
2570.803663 0.937128067017
2573.530005 0.928861141205
2576.42721 1.10222101212
2579.154303 0.934994935989
2581.873454 0.932619094849
2584.612378 0.940325975418
2587.477738 1.07379794121
2590.651667 1.10840916634
2593.522819 1.06817317009
2596.27394 0.937101125717
2598.984402 0.931519031525
2601.716496 0.939346075058
2604.449086 0.937020778656
2607.234701 0.92372584343
2609.937227 0.928301811218
2612.670047 0.927990913391
2615.514918 1.06432199478
2618.259592 0.932230949402
2621.3021 1.06845092773
2624.056226 0.936117887497
2626.782616 0.938751935959
2629.514598 0.942399978638
2632.320338 0.927532196045
2635.040267 0.925762891769
2637.774157 0.934038162231
2640.632867 1.0677549839
2643.508115 1.09456300735
2646.230216 0.932110071182
2648.958324 0.933741092682
2651.890409 0.927577018738
2654.625819 0.940569162369
2657.385575 0.942797899246
2660.115132 0.934176206589
2663.022418 1.10489606857
2665.773594 0.931485891342
2668.522813 0.94183921814
2671.254068 0.937837123871
2674.020108 0.93989109993
2676.741837 0.92857503891
2679.49932 0.939762115479
2682.477898 0.939945936203
2685.217267 0.941833972931
2687.98414 0.94593501091
2690.768858 0.939698934555
2693.507486 0.93834400177
2696.405172 1.10525894165
2699.329787 1.11354184151
2702.206682 1.06894493103
2704.949405 0.940310955048
2707.903436 0.941105127335
2710.654708 0.935888051987
2713.603482 0.938665866852
2716.339381 0.936115026474
2719.03164 0.932700157166
2721.773875 0.936000108719
2724.491386 0.941262960434
2727.187249 0.941744089127
2729.945613 0.942089080811
2732.649996 0.94084405899
2735.361106 0.933057069778
2738.066681 0.938957929611
2740.964605 1.10660600662
2744.011574 1.07168006897
2746.758743 0.935879945755
2749.460151 0.935883998871
2752.193263 0.937774181366
2754.95623 0.944451093674
2757.705216 0.941951036453
2760.453818 0.940504074097
2763.173776 0.936187982559
2765.913252 0.938563108444
2768.693889 0.935446977615
2771.431622 0.938629865646
2774.527467 1.09380698204
2777.284925 0.935454845428
2780.071996 0.942292928696
2782.782104 0.938009977341
2785.651012 1.10620498657
2788.398418 0.936198949814
2791.292928 1.10860490799
2794.186061 1.07055687904
2796.954768 0.927994012833
2799.779841 0.938004016876
2802.532175 0.929095029831
2805.650249 1.10005712509
2808.374539 0.939555168152
2811.115854 0.936331987381
2813.979711 1.07062387466
2816.718847 0.936488866806
2819.453967 0.938174009323
2822.199632 0.932210922241
2824.920551 0.933480024338
2827.651271 0.927672147751
2830.532271 1.10818386078
2833.451602 1.09795999527
2836.433934 0.936146020889
2839.212667 0.935284137726
2841.943151 0.923309087753
2844.798244 1.06656885147
2847.556834 0.935963869095
2850.437645 1.06840109825
2853.176156 0.931376934052
2855.936335 0.939460992813
2858.694131 0.929627895355
2861.403687 0.936261177063
2864.142551 0.936409950256
2867.097314 0.939496040344
2869.985169 1.10756802559
2872.829994 1.07092785835
2875.552424 0.936724901199
2878.310347 0.930325984955
2881.035005 0.941999912262
2883.761621 0.936616897583
2886.495741 0.933015823364
2889.210707 0.930261135101
2891.945069 0.936810970306
2894.683076 0.937479972839
2897.61166 0.926347970963
2900.369285 0.937000989914
2903.109474 0.929405927658
2905.976334 1.06364798546
2908.699771 0.933911085129
2911.399013 0.926508903503
2914.132618 0.93451499939
2916.877589 0.93496799469
2919.820987 0.935628175735
2922.53723 0.931823968887
2925.434501 1.07334494591
2928.372505 0.928390979767
2931.217551 1.07217788696
2933.971466 0.938628911972
2936.694131 0.932857036591
2939.406694 0.938678026199
2942.125749 0.935621023178
2944.871379 0.950397014618
2947.604779 0.928967952728
2950.372134 0.93671298027
2953.098017 0.938349962234
2955.868529 0.935078859329
2958.784371 0.937677145004
2961.531307 0.9341609478
2964.290744 0.935370922089
2967.117881 0.92693901062
2969.886882 0.93106508255
2972.62043 0.935791015625
2975.38423 0.938628911972
2978.170406 0.940058946609
2980.915402 0.937990903854
2983.713513 0.931864023209
2986.61663 1.10374093056
2989.574652 0.933682918549
2992.34705 0.930724859238
2995.121678 0.934597015381
2997.871024 0.938086032867
3000.61903 0.926688909531
3003.354344 0.935348987579
3006.233392 1.10009694099
3008.997658 0.931598901749
3011.766208 0.936292886734
3014.515874 0.93748497963
3017.295853 0.938483953476
3020.344661 1.07175898552
3023.070499 0.938915967941
3025.822476 0.939541101456
3028.529295 0.934715986252
3031.267373 0.936939001083
3033.976023 0.931809902191
3036.716548 0.938616991043
3039.456066 0.94184589386
3042.230176 0.934584856033
3044.970431 0.929834842682
3047.697562 0.929710865021
3050.641946 0.944877147675
3053.385049 0.930006027222
3056.120586 0.931738853455
3058.855439 0.937745809555
3061.59394 0.932432174683
3064.330641 0.937875986099
3067.06353 0.93038892746
3069.808335 0.93495798111
3072.709859 1.10458707809
3075.732815 1.06120991707
3078.468895 0.938744068146
3081.433166 0.931185007095
3084.168292 0.941910028458
3086.933447 0.938427209854
3089.790823 1.07423090935
3092.526703 0.930171966553
3095.260176 0.937014818192
3098.02219 0.934762001038
3100.764386 0.936929941177
3103.49469 0.934961080551
3106.229242 0.928125143051
3109.094231 1.10034298897
3112.374293 0.928241968155
3115.075862 0.933148145676
3117.945569 1.06171178818
3120.657874 0.940517902374
3123.416014 0.938546895981
3126.177172 0.940554141998
3128.924256 0.940206050873
3131.657881 0.935853004456
3134.514819 1.06886005402
3137.283474 0.934597015381
3140.062567 0.941642999649
3142.963373 0.937995910645
3145.735905 0.940551042557
3148.561752 1.0732820034
3151.301447 0.936053037643
3154.020662 0.9349360466
3156.748903 0.941865921021
3159.576591 1.0654361248
3162.320168 0.93904209137
3165.061227 0.943212032318
3167.790838 0.939068078995
3170.645829 1.08145213127
3173.64773 0.950179100037
3176.538647 1.10684013367
3179.285001 0.93607711792
3182.048555 0.935879945755
3184.771243 0.937446117401
3187.49842 0.926330089569
3190.387405 1.09435606003
3193.11375 0.940651893616
3195.96684 1.1072781086
3198.691575 0.938918113708
3201.417187 0.934710979462
3204.503555 1.09691596031
3207.27997 0.939300060272
3210.148907 1.0801410675
3212.88756 0.931473970413
3215.615202 0.941547870636
3218.498843 1.1037311554
3221.236535 0.934885025024
3223.953008 0.9391310215
3226.820076 1.09576702118
3229.683557 1.10334205627
3232.428369 0.947365999222
3235.412922 0.931771039963
3238.164044 0.94207906723
3240.931381 0.942110061646
3243.67955 0.930717945099
3246.549453 1.07890701294
3249.428207 1.06980609894
3252.199364 0.937008142471
3254.949754 0.940409898758
3257.671036 0.937589883804
3260.572004 1.10305690765
3263.454923 1.06625890732
3266.566385 0.941544055939
3269.299851 0.938441991806
3272.061533 0.940733909607
3274.79384 0.934178829193
3277.538864 0.939708948135
3280.254901 0.937392950058
3282.983007 0.933662176132
3285.703824 0.939758777618
3288.439784 0.941457033157
3291.381949 0.933254957199
3294.118454 0.936269044876
3297.080443 0.939665794373
3299.818987 0.938431024551
3302.575484 0.935091018677
3305.325515 0.938901185989
3308.158395 1.06788706779
3310.879253 0.9353120327
3313.615913 0.939471006393
3316.595085 0.944025993347
3319.470189 1.06597208977
3322.214544 0.943092107773
3324.966784 0.938621997833
3327.931807 0.932568073273
3330.665037 0.939565896988
3333.402795 0.939138889313
3336.116318 0.940448999405
3338.828106 0.937211990356
3341.540452 0.941313028336
3344.310407 0.935618162155
3347.049045 0.936792135239
3349.762084 0.928447008133
3352.626487 1.10593008995
3355.346185 0.929615020752
3358.295626 0.929765939713
3361.03426 0.942653894424
3363.955741 1.10660815239
3366.66848 0.939595937729
3369.418983 0.943171024323
3372.330974 0.937501907349
3375.043925 0.940680027008
3377.755597 0.935532093048
3380.442821 0.935998916626
3383.180923 0.941499948502
3385.930019 0.943513154984
3389.156004 0.940539121628
3391.901922 0.945124149323
3394.627635 0.936522960663
3397.508763 1.10690307617
3400.230902 0.936359167099
3402.982543 0.938148975372
3405.759085 0.951485872269
3408.499476 0.927576065063
3411.226485 0.94157409668
3413.934068 0.939125061035
3416.658194 0.938230037689
3419.635917 0.938205003738
3422.356358 0.93380188942
3425.105793 0.934813022614
3427.95503 1.0616440773
3430.832195 1.07193589211
3433.591407 0.938322067261
3436.346769 0.93359208107
3439.266695 1.10425400734
3442.026376 0.929147005081
3444.737758 0.933617115021
3447.474856 0.930655956268
3450.45766 0.943005084991
3453.18701 0.930766105652
3455.922465 0.93864107132
3458.756165 1.06907510757
3461.651293 1.11010098457
3464.532886 1.10108780861
3467.24794 0.935483932495
3470.150635 1.09890007973
3472.913436 0.93447804451
3475.641793 0.92587018013
3478.383248 0.936546802521
3481.525877 1.10052204132
3484.262386 0.933865070343
3487.147602 1.09946703911
3489.99163 1.06627607346
3492.729055 0.936664104462
3495.582644 1.09436011314
3498.349835 0.938702106476
3501.10421 0.93933391571
3503.87241 0.938747167587
3506.611563 0.925976991653
3509.477056 1.09640097618
3512.430801 0.93390583992
3515.16697 0.937283039093
3517.940521 0.933953046799
3520.67473 0.940941095352
3523.396494 0.93129491806
3526.121765 0.935334920883
3528.850541 0.934248924255
3531.576199 0.939569950104
3534.329003 0.932145118713
3537.195465 1.07749986649
3539.946144 0.938930988312
3542.885911 0.935792922974
3545.623845 0.929838895798
3548.355695 0.931057929993
3551.107933 0.940528154373
3553.860654 0.940492868423
3556.771742 1.09803891182
3559.526275 0.935828924179
3562.310183 0.943660974503
3565.055588 0.941951036453
3567.790492 0.941123962402
3570.535904 0.934860944748
3573.578652 0.939275979996
3576.317288 0.942429065704
3579.058196 0.94118309021
3581.801985 0.936527013779
3584.730349 1.10530805588
3587.462905 0.935388088226
3590.242133 0.938607931137
3592.979973 0.93833398819
3595.8139 1.06782102585
3598.516135 0.935811042786
3601.38189 1.06555700302
