17.34725 2.40097339948
35.92261 2.43910741806
48.38128 1.84810805321
55.556784 9999
73.730525 1.96877733866
82.756141 9999
97.713476 2.08899529775
112.758787 1.83452065786
120.031413 9999
133.153318 1.30045207342
146.828761 1.32645908991
160.654629 1.31816625595
174.29769 1.3301820755
189.527339 1.78048237165
200.213889 1.17994093895
213.306048 1.43673459689
231.85246 2.87821594874
253.350491 4.20334704717
268.994277 1.77756071091
280.456698 9999
297.945792 2.96026094755
316.407706 2.24658004443
329.100747 1.2262746493
341.857845 1.23435163498
351.468284 1.15227111181
368.459497 2.10413567225
377.044336 9999
397.945034 3.79073103269
408.239086 9999
420.526627 1.19348430634
430.416614 1.23940165838
445.092648 1.77696895599
455.880969 9999
468.010546 9999.0
478.102531 9999
485.110488 9999
496.742064 9999
508.621353 9999.0
524.633223 9999
531.70418 9999
538.924087 9999.0
549.865761 9999
559.003339 9999
566.009258 9999
572.847634 9999.0
581.919646 9999
594.07979 9999
601.790537 9999
608.789408 9999.0
617.748165 9999
631.186838 9999
638.140593 9999
647.700119 9999.0
657.951758 9999
666.827487 9999
674.166529 9999
684.454002 9999.0
695.894774 9999
708.083304 1.09967533747
720.27494 1.14687800407
732.587516 1.10202566783
744.725696 1.12019904455
762.502512 2.8067557017
774.82858 1.1126294136
787.385839 1.08341002464
799.811068 1.09333133698
812.502255 1.12322966258
825.18044 1.13392972946
841.355496 2.20656903585
857.91696 2.23119529088
870.574343 1.12572534879
883.699677 1.26853100459
896.574396 1.14704569181
909.116918 1.12133526802
921.507968 1.16033069293
934.283664 1.13844768206
945.142186 1.18240610758
957.698962 1.15436228116
971.941188 1.32474303246
984.43291 1.10732928912
996.874335 1.11328069369
1009.516668 1.09939543406
1020.440478 1.15346097946
1036.700639 2.18681605657
1053.262422 1.9337173303
1063.869146 1.20932841301
1076.027582 1.1322915554
1086.801215 1.22915959358
1099.342052 1.12861100833
1113.952462 1.36125969887
1132.615172 2.89607493083
1145.222318 1.12401596705
1156.163603 1.15939339002
1175.826965 3.65990535418
1188.468022 1.09982625643
1204.795399 1.17249878248
1214.507082 9999.0
1229.012769 1.32556128502
1241.070355 1.22753763199
1255.814921 1.84846830368
1268.320641 1.12533632914
1281.730304 1.27826738358
1295.675999 1.1711935997
1308.300105 1.11405205727
1318.653554 1.16774201393
1331.028268 1.08745733897
1346.155689 1.59409491221
1360.882685 1.33860190709
1371.126588 9999.0
1384.331294 1.26088762283
1404.761633 4.12368067106
1414.53418 1.14239931107
1434.430296 3.19092766444
1446.92372 1.11059093475
1457.333209 9999
1477.176118 3.20805366834
1490.051715 1.14797465007
1503.109032 1.23321135839
1516.40171 1.26547169685
1534.448218 2.06319419543
1546.488468 1.09818728765
1559.748855 1.24002035459
1572.471701 1.15901605288
1584.450277 9999.0
1594.672859 9999
1606.17805 9999
1618.54008 9999.0
1630.167723 9999
1640.287407 9999
1650.35677 9999.0
1665.98774 9999
1672.96801 9999
1688.102386 9999.0
1698.141656 9999
1708.082397 9999
1717.774104 9999
1729.959674 1.24810568492
1744.101991 1.16725293795
1757.160351 1.22283967336
1767.153298 9999.0
1781.244253 1.32146000862
1803.842383 4.9391023318
1818.235075 1.30697743098
1833.845197 1.22113871574
1846.637919 1.13550329208
1859.077661 1.4152683417
1871.439974 1.09979637464
1891.317222 3.66907429695
1903.891372 1.11713767052
1916.750156 1.12371325493
1928.123515 1.2103609244
1935.280383 9999.0
1947.887613 1.0764532884
1958.636739 1.16178623835
1972.303161 1.16632723808
1988.964105 2.23640076319
2001.522397 1.12159633636
2013.98206 1.12031968435
2026.272908 1.27878904343
2038.764312 1.12825465202
2050.904991 1.1370853583
2064.197219 1.26203465462
2074.037017 1.15594569842
2086.812626 1.14100623131
2099.121882 1.13205925624
2113.079763 1.3260576725
2126.23822 1.23016524315
2140.214149 1.34320664406
2154.107188 1.32568629583
2166.697974 1.10896333059
2176.638162 1.17651168505
2186.56854 9999
2198.853155 1.13695462545
2209.696374 1.37682763735
2221.834266 1.11211975416
2234.293518 1.94751493136
2244.04953 1.13126564026
2254.188567 9999
2268.315647 1.34387834867
2277.425466 9999
2288.312461 1.19334101677
2300.70714 1.09731427828
2314.896133 1.31362533569
2329.056033 1.34677728017
2339.913649 1.17836856842
2352.606812 1.97348133723
2364.946613 1.13446434339
2379.689495 1.84519791603
2392.331562 1.1201924483
2402.442654 9999
2412.532626 9999.0
2425.272245 1.10762834549
2439.931832 1.34208361308
2449.203812 9999.0
2462.060923 1.14953263601
2472.000798 1.14859557152
2482.674864 1.14453530312
2494.518406 1.41671800613
2507.16735 1.14693101247
2519.51626 1.11198075612
2533.594468 1.29111568133
2545.833986 1.25016959508
2556.089523 1.37343565623
2570.39943 1.34514864286
2583.024096 1.15011636416
2601.522587 2.88925703367
2615.845405 1.35167002678
2628.370745 1.12271865209
2641.879551 1.34597770373
2651.785997 1.15343403816
2661.511824 1.14705634117
2677.93833 1.19088276227
2690.511518 1.29284699758
2706.657578 1.18474698067
2716.311809 1.14481131236
2730.188196 1.28905177116
2744.783861 1.34068504969
2755.221539 1.18644865354
2765.011882 1.17704685529
2785.600986 3.64206695557
2800.334918 1.32154099147
2819.299204 2.2661532561
2832.33783 1.21866901716
2853.203078 4.35525870323
2867.644997 1.30780800184
2880.237367 1.11385862033
2899.98332 3.19338123004
2911.841248 1.20434125264
2921.480561 1.146879673
2932.522799 1.19654806455
2952.779327 3.20991404851
2966.64413 1.3065182368
2976.75148 1.17802166939
2996.297151 2.34501711528
3010.258064 1.17113773028
3020.618371 9999
3030.004681 1.15307704608
3042.495003 1.12033168475
3056.319861 1.74317638079
3069.196088 1.21095093091
3082.52107 1.27354001999
3092.376374 9999
3110.172132 3.38035639127
3119.962785 1.17407528559
3139.842142 2.64604663849
3152.402275 1.16063197454
3165.392887 1.24016539256
3180.118662 1.3552210331
3191.797609 9999.0
3202.178628 9999
3213.194746 9999
3226.08594 9999.0
3236.575476 9999
3244.814754 9999
3255.349333 9999
3264.394518 9999.0
3275.411146 9999
3283.208071 9999
3292.687482 9999
3299.768947 9999.0
3310.475741 9999
3317.798205 9999
3326.76923 9999
3336.947679 9999.0
3347.566881 9999
3355.622156 9999
3372.432574 9999.0
3382.780871 9999
3398.666865 9999
3408.756306 9999.0
3420.142958 9999
3431.123519 9999
3442.512465 9999.0
3451.399889 9999
3460.856908 9999
3468.046272 9999
3477.918871 9999.0
3485.793876 9999
3497.164533 9999
3506.788137 9999
3514.493961 9999.0
3525.755461 9999
3535.883503 9999
3545.913633 9999.0
3556.360169 9999
3566.332619 9999
3578.553619 9999.0
3592.241699 9999
3602.784501 9999
3613.078792 9999.0
3622.583399 9999
3632.607222 9999
3646.732088 9999.0
3654.080566 9999
3664.081354 9999
3677.617739 9999.0
3688.23168 9999
3697.44856 9999
3716.62325 3.2062356472
3726.480158 1.14105335871
3747.170343 3.65890200933
3760.869502 1.16951767604
3780.365411 3.46557092667
3792.777396 1.14706993103
3803.914554 1.31126904488
3814.655526 1.14727902412
3827.66466 1.14134073257
3838.52429 1.18842808406
3851.047985 1.14117431641
3864.205199 1.22393496831
3878.180179 1.31618261337
3887.588776 1.14123996099
3905.795916 3.39521471659
3919.627062 1.20298862457
3931.582977 1.36493825912
3945.995888 1.34400304159
3966.43949 3.64834364255
3981.468449 1.32922967275
3990.843402 9999
4004.864512 1.3406920433
4017.774571 1.13803037008
4036.619213 2.22596597672
4055.681321 1.97869960467
4066.454932 1.14075128237
4085.016885 3.44182825089
4098.309523 1.24726096789
4111.001647 1.1289850076
4129.482003 3.45751929283
4142.308382 1.10755562782
4155.314754 1.216492335
4169.843815 1.35111776988
4185.984539 2.13840707143
4198.508864 1.10764543215
4212.518347 1.25011730194
4228.362609 1.26294239362
4240.687488 1.25653131803
4254.912452 1.66002496084
4272.458202 3.51912426949
4285.93623 1.35410404205
4298.309092 1.11775541306
4306.71233 9999
4317.391155 1.13104073207
4329.096043 1.37426861127
4338.868914 1.16530100505
4349.626408 1.17595903079
4360.366591 1.16912261645
4370.95734 1.24289401372
4383.598274 1.12529071172
4398.291603 1.31668432554
4409.069856 9999
4421.640125 1.12814505895
4432.766944 1.33760960897
4442.936909 9999
4455.596167 1.13110192617
4470.021506 1.36548964183
4480.200661 9999
4491.804011 1.20493761698
4502.81096 1.16272894541
4516.903623 1.23825534185
4531.345888 1.36649163564
4541.135679 1.13312307994
4554.862348 1.30125832558
4567.286063 1.09171287219
4586.91645 3.22934238116
4599.507854 1.12970773379
4613.166437 1.37525129318
4627.743144 1.34122435252
4648.2064 3.63355604808
4661.598401 1.19186194738
4675.51214 1.20662164688
4687.916785 1.17768804232
4700.459466 1.1374540329
4711.381466 1.2160905997
4721.460624 9999.0
4734.597403 1.14700023333
4748.739606 1.33116364479
4766.601081 3.39148338636
4779.593612 1.16147732735
4790.33458 1.14286931356
4806.61202 1.23554428418
4822.806342 1.20440896352
4833.4787 1.16390236219
4843.056658 9999.0
4853.69618 9999
4867.187056 9999
4877.358918 9999.0
4887.758726 9999
4901.544127 9999
4911.555167 9999.0
4922.727436 9999
4933.702075 9999
4943.136829 9999.0
4953.144961 9999
4963.652546 9999
4980.894143 9999.0
4991.286656 9999
5001.410438 9999
5014.435323 9999.0
5026.006347 9999
5042.741465 9999
5050.876383 9999.0
5062.584185 9999
5073.473415 9999
5084.246715 9999.0
5094.542562 9999
5104.103238 9999
5114.168436 9999
5124.192386 9999.0
5132.212628 9999
5142.296498 9999
5149.240719 9999
5159.514096 9999.0
5168.088714 9999
5179.478843 9999
5193.209121 9999.0
5204.190816 9999
5215.267574 9999
5222.122856 9999
5233.499575 9999.0
5244.537416 9999
5256.760407 9999
5266.694526 9999.0
5276.977359 9999
5283.915115 9999
5291.607636 9999
5300.225403 9999.0
5308.179981 9999
5319.069418 9999
5335.731753 9999.0
5351.275547 9999
5362.583794 9999
5369.837214 9999.0
5380.311305 9999
5394.518993 9999
5404.527331 9999.0
5415.283163 9999
5423.556046 9999
5433.311779 9999
5440.367485 9999.0
5450.873289 9999
5460.213956 9999
5469.65091 9999
5479.527266 9999.0
5490.541004 9999
5502.073838 9999
5514.682366 9999.0
5526.440341 9999
5537.497524 9999
5547.956791 9999.0
5559.129995 9999
5569.56907 9999
5579.98835 9999.0
5593.168024 9999
5603.274913 9999
5612.53087 9999.0
5622.466355 9999
5629.559446 9999
5636.622823 9999
5644.935701 9999.0
5653.913506 9999
5661.879769 9999
5672.081605 9999
5682.210157 9999.0
5690.420136 9999
5700.339064 9999
5712.571893 9999.0
5723.412702 9999
5734.663314 9999
5743.250688 9999.0
5751.65878 9999
5759.781717 9999
5769.885016 9999
5780.059526 9999.0
5791.900253 9999
5802.009689 9999
5812.395001 9999.0
5825.64938 9999
5835.562078 9999
5845.654791 9999.0
5859.161006 9999
5867.900194 9999
5874.870975 9999
5885.178774 9999.0
5895.871017 9999
5907.016179 9999
5917.100114 9999.0
5924.644765 9999
5934.57731 9999
5942.284725 9999
5952.607301 9999.0
5964.607482 9999
5974.624425 9999
5983.059086 9999.0
5996.684625 9999
6008.127849 9999
6019.322342 9999.0
6029.439617 9999
6039.446204 9999
6050.703897 9999.0
6061.488365 9999
6072.632073 9999
6084.083004 9999.0
6093.26672 9999
6103.961761 9999
6114.914426 9999.0
6125.336688 9999
6136.547194 9999
6146.418198 9999.0
6154.7406 9999
6164.796681 9999
6171.92592 9999
6180.206289 9999.0
6190.425874 9999
6201.772438 9999
6212.025098 9999.0
6226.529328 9999
6236.63622 9999
6246.334942 9999.0
6256.348689 9999
6266.466666 9999
6276.787349 9999.0
6286.226666 9999
6296.133043 9999
6307.207481 9999.0
6317.70413 9999
6328.774303 9999
6342.997327 9999.0
6354.529806 9999
6365.832933 9999
6373.920848 9999.0
6381.206637 9999
6391.414021 9999
6400.603607 9999
6410.378364 9999.0
6422.750913 9999
6433.839646 9999
6445.248052 9999.0
6455.624303 9999
6465.762552 9999
6474.517894 9999
6485.5417 9999.0
6496.016069 9999
6507.457179 9999
6514.529094 9999
6524.53602 9999.0
6534.92339 9999
6545.703516 9999
6552.919892 9999
6563.480556 9999.0
6574.617694 9999
6581.821288 9999
6592.785452 9999
6603.320895 9999.0
6613.292898 9999
6624.184848 9999
6633.941756 9999.0
6645.536665 9999
6655.622299 9999
6665.828368 9999.0
6676.092879 9999
6686.811533 9999
6697.899742 9999.0
6708.567258 9999
6718.613577 9999
6729.758754 9999.0
6739.853082 9999
6750.894618 9999
6757.837963 9999
6766.110988 9999.0
6774.551157 9999
6781.626781 9999
6791.430845 9999
6802.752225 9999.0
6812.991112 9999
6821.048106 9999
6834.672522 9999.0
6844.913711 9999
6851.9509 9999
6862.981619 9999
6872.58151 9999.0
6883.485301 1.11734493574
6896.244613 2.07567834854
6909.302395 1.39175327619
6923.547655 1.32025909424
6943.459291 3.23814694087
6957.718182 1.32487996419
6970.342827 1.12201865514
6980.616703 1.17227609952
6994.758853 1.18027496338
7006.833905 1.13960830371
7020.69282 1.31081525485
7033.334711 1.18203473091
7045.492942 1.07256738345
7059.185087 1.16943597794
7072.226582 1.30388228099
7084.518042 1.1207382679
7102.967087 2.87554065386
7115.121766 1.19437336922
7132.933611 2.83654665947
7146.726577 1.19269927343
7158.967575 1.13695931435
7171.32642 1.13046709696
7183.884296 1.13789733251
7196.275193 1.15237474442
7208.550253 1.12213595708
