7.755692 9999
15.542466 9999
23.385329 9999
31.335892 9999.0
45.990671 2.2217438221
53.983241 9999
61.844385 9999.0
69.932941 9999
84.46648 2.18264134725
98.913614 2.19797929128
113.719959 2.21167214712
121.697529 9999
136.100758 2.16848707199
150.644082 2.18219192823
165.103097 2.18208440145
179.696525 2.2320766449
194.289585 2.2360915343
202.215287 9999
216.639504 2.16314609845
231.247735 2.19738896688
245.794501 2.21646801631
253.65301 9999.0
268.4382 2.25935840607
282.865198 2.18126304944
297.407125 2.21140734355
312.13568 2.23763736089
326.596138 2.193709294
334.533703 9999.0
349.008331 2.17245197296
363.635162 2.19746963183
378.196078 2.22043538094
392.604098 2.14926298459
400.554049 9999
410.418452 9999.0
418.531387 9999
426.493652 9999
434.536299 9999
449.0584 2.2187573115
457.204888 9999
467.30735 9999
475.24364 9999
489.717959 2.18574857712
504.378487 2.21174796422
518.955793 2.21594929695
526.840331 9999.0
541.519486 2.18800203005
556.078601 2.22186366717
570.621482 2.20243501663
585.281736 2.19161287944
599.874319 2.22645131747
607.869605 9999.0
622.439926 2.17191902796
637.031909 2.2005229791
651.543786 2.19721460342
661.704941 9999
676.32541 2.20247968038
684.306384 9999.0
699.006367 2.18894330661
713.68265 2.19464699427
721.616313 9999.0
736.398194 2.21690162023
744.431628 9999
752.419365 9999.0
762.635246 9999
777.276742 2.19704071681
785.281921 9999.0
795.493474 9999
810.064268 2.21544027328
820.207493 9999.0
835.06374 2.2368423144
849.656009 2.21560001373
864.199712 2.23762027423
878.926604 2.22350438436
893.552777 2.21050635974
907.929138 2.17549904188
922.641637 2.2194027106
937.197841 2.20465596517
945.072179 9999.0
959.762305 2.19520401955
967.747545 9999
975.801936 9999.0
990.567389 2.2071612676
1005.127113 2.2047273318
1019.702533 2.23051730792
1027.733098 9999
1042.501337 2.26383980115
1050.370016 9999.0
1065.016776 2.1690847079
1079.508297 2.17169745763
1087.386143 9999.0
1102.057384 2.18759067853
1116.650271 2.19518303871
1131.20938 2.21162565549
1139.305324 9999
1153.941675 2.20529659589
1168.467883 2.16908804576
1176.589938 9999
1191.099656 2.21408732732
1199.189086 9999.0
1214.197942 2.26294461886
1222.151671 9999
1230.110181 9999.0
1244.969534 2.24046802521
1252.921253 9999
1263.015509 9999.0
1277.722815 2.20847527186
1285.677895 9999
1300.439192 2.2344426314
1308.523477 9999
1316.603962 9999
1324.578003 9999
1332.547881 9999.0
1347.320163 2.17602864901
1361.913421 2.19492228826
1369.948035 9999.0
1378.192961 9999
1392.799579 2.18679269155
1407.359845 2.2177160581
1417.718157 9999
1432.344006 2.23167665799
1446.956915 2.21181591352
1455.06267 9999
1469.600714 2.19118595123
1479.80918 9999.0
1494.51631 2.18682964643
1509.093892 2.21437009176
1517.050507 9999.0
1531.725087 2.20573997498
1541.934258 9999
1556.625372 2.21306935946
1571.35018 2.21401000023
1579.365477 9999
1587.346098 9999.0
1597.654303 9999
1605.570746 9999
1620.31649 2.24124002457
1628.389959 9999
1638.581488 9999
1646.587739 9999
1661.243732 2.20130070051
1669.412759 9999
1684.092363 2.23081556956
1698.752569 2.23839068413
1713.444688 2.2132897377
1721.425946 9999
1735.926076 2.21019156774
1744.074525 9999
1758.558166 2.1862932841
1773.202366 2.23351605733
1787.89567 2.19007301331
1802.370564 2.19001936913
1816.897204 2.21552729607
1831.478611 2.18089095751
1839.493539 9999
1847.419337 9999.0
1855.73508 9999
1870.415279 2.22173221906
1884.95838 2.18431925774
1899.604004 2.19443368912
1914.111833 2.18409244219
1922.119196 9999.0
1930.397224 9999
1938.491382 9999
1953.138575 2.22121795019
1967.800252 2.19246602058
1982.491857 2.23372658094
1997.049705 2.20551856359
2011.859741 2.19654933612
2019.845633 9999
2034.424755 2.19573934873
2049.083456 2.18535399437
2063.709589 2.21206363042
2071.622145 9999.0
2086.329099 2.19815866152
2094.413955 9999
2102.333491 9999.0
2110.543829 9999
2118.453467 9999
2133.073709 2.18476899465
2141.152491 9999
2155.771398 2.19812027613
2170.397614 2.21313738823
2178.594267 9999
2186.519434 9999
2201.05171 2.19811701775
2209.315149 9999
2223.867817 2.18728407224
2238.509802 2.23972098033
2246.666979 9999
2254.691355 9999
2269.246164 2.21376093229
2283.839471 2.16721836726
2298.432861 2.20058830579
2306.356364 9999.0
2321.064112 2.16806276639
2335.657053 2.18267909686
2350.183482 2.20436143875
2358.424005 9999
2372.999912 2.17691636086
2387.475436 2.17149996758
2402.084177 2.17197672526
2416.544272 2.1873199145
2431.053956 2.18644618988
2445.748956 2.21250796318
2460.289693 2.19469602903
2474.850897 2.21949807803
2489.608958 2.22117137909
2497.500661 9999
2505.552979 9999.0
2520.262477 2.18281730016
2528.259517 9999
2542.578121 2.15337467194
2550.831106 9999
2558.897043 9999
2566.888586 9999
2581.486792 2.20742893219
2596.262474 2.19312270482
2610.738945 2.21183371544
2625.231843 2.2117052873
2639.82875 2.18097464244
2654.418791 2.18041133881
2668.928143 2.19110035896
2683.588956 2.1979719003
2698.063331 2.17552177111
2712.623173 2.20163861911
2720.693228 9999
2735.287893 2.19447120031
2749.664484 2.17028069496
2757.82271 9999
2772.380016 2.18260033925
2786.956295 2.20329141617
2801.81606 2.21478772163
2816.276113 2.17395734787
2824.155374 9999.0
2838.826761 2.17801006635
2846.927606 9999
2854.859066 9999.0
2869.612028 2.17061082522
2884.157132 2.21461335818
2898.596617 2.18361671766
2913.393312 2.22209596634
2927.848534 2.19622262319
2935.761546 9999.0
2943.855674 9999
2951.994235 9999
2966.524875 2.20645093918
2981.13693 2.14292502403
2995.613754 2.16747872035
3010.15325 2.22922801971
3020.381219 9999
3030.486388 9999
3045.110619 2.22318935394
3055.354432 9999
3063.248196 9999
3077.832437 2.17525736491
3092.55802 2.1846139431
3100.449711 9999
3114.939701 2.16465727488
3129.699067 2.20487825076
3144.109197 2.18722200394
3158.669167 2.19708100955
3173.362108 2.18115671476
3187.787807 2.19180138906
3202.315583 2.18830577532
3212.560282 9999
3227.180629 2.19827167193
3241.857457 2.22927935918
3256.416785 2.17273871104
3270.978293 2.17768534025
3278.89543 9999.0
3287.059463 9999
3301.630082 2.19581333796
3316.122304 2.19947934151
3330.81654 2.17430599531
3345.311586 2.1811170578
3355.319315 9999.0
3370.042187 2.16956035296
3384.550697 2.17075133324
3398.944366 2.1829957962
3413.737913 2.21017130216
3428.146742 2.2041832606
3442.623181 2.17722058296
3457.349989 2.20099496841
3471.842439 2.20435937246
3486.253674 2.18679237366
3501.000932 2.21211369832
3515.370884 2.17761437098
3529.864982 2.19799693425
3544.607935 2.2277820905
3559.066402 2.21484796206
3573.226478 2.1161570549
3588.038726 2.21945842107
3602.612118 2.24003601074
