16.385247 4.85225001971
38.93394 6.88229457537
60.536102 6.63003007571
76.563507 4.85320035617
92.94328 4.84482804934
96.495218 9999
113.907972 4.8432059288
130.341492 4.84751073519
146.344903 4.8391559124
162.538129 4.84050408999
178.590998 4.85067931811
195.579378 4.84483861923
211.756292 4.84334635735
228.350749 4.84784436226
244.580115 4.8427233696
261.28309 4.83146389325
277.466766 4.84491793315
295.364058 4.84420235952
311.491836 4.84488097827
327.781053 4.84189128876
327.805502 9999
364.062856 11.601023674
380.549846 4.84258373578
396.546299 4.83751336734
413.023708 4.84552335739
429.135136 4.84320338567
447.455446 4.8288333416
463.140423 4.73732074102
484.87415 6.63189895948
488.398837 9999
525.099498 11.5593032837
556.330186 9.81454523404
556.95841 9999
593.716986 11.7409552733
630.344694 11.5989356836
634.532093 9999
670.869065 11.6131753127
687.286944 4.84560998281
703.287869 4.84247366587
703.64747 9999
703.660826 9999
719.721576 4.88117829959
741.190952 6.63771597544
757.664265 4.84612123171
773.365297 4.73605267207
789.444547 4.73456827799
805.199318 4.73361007373
821.888723 4.84446072578
837.946651 4.84272034963
838.361926 9999
855.320904 4.85894195239
871.062552 4.72406570117
871.440307 9999
887.570486 4.86230778694
918.603263 9.7013323307
934.623553 4.73154568672
971.608349 11.814240694
987.978729 4.85034132004
1009.982298 6.83327905337
1025.964407 4.73356397947
1042.252805 4.94364841779
1058.526035 4.73701262474
1089.087077 9.69841663043
1105.183756 4.74430306753
1120.978798 4.73572166761
1136.986982 4.7352569898
1153.015835 4.84684673945
1169.281825 4.73051166534
1172.824431 9999
1188.586252 4.73007861773
1205.142683 4.73475527763
1205.181507 9999
1220.92163 4.74499996503
1242.669649 6.6115723451
1258.770529 4.84466663996
1275.148292 4.75441328684
1305.988593 9.79349255562
1322.719026 4.73402786255
1322.738474 9999
1338.780646 4.83114695549
1355.462008 4.94757326444
1358.965186 9999
1381.021204 6.82075945536
1397.246531 4.73460531235
1400.760343 9999
1416.786146 4.85697364807
1453.261848 11.6108116309
1469.47252 4.85041332245
1485.512513 4.85543227196
1501.674202 4.84361497561
1517.944611 4.9408232371
1521.672913 9999
1543.60873 6.80653166771
1559.303341 4.7458726565
1595.741224 11.6051323414
1611.737362 4.74497731527
1629.738871 5.52061303457
1633.47176 9999
1649.476865 4.85073494911
1665.856025 4.97202539444
1682.010639 4.85075124105
1698.030106 4.84854125977
1698.239358 9999
1713.941263 4.75078193347
1729.921962 4.84607776006
1766.379914 11.5986013412
1782.46636 4.73606594404
1798.288282 4.77357435226
1829.393507 9.79428132375
1860.258759 9.71577636401
1863.93804 9999
1879.93729 4.85463190079
1895.608333 4.75154312452
1917.15073 6.64108371735
1933.208893 4.84679460526
1949.454031 4.86622269948
1965.462607 4.84828329086
1996.530973 9.81524626414
2012.870049 4.84562603633
2012.894972 9999
2028.556096 4.74816362063
2064.963392 11.5873680115
2080.916917 4.75424138705
2096.574074 4.74011532466
2118.11421 6.62874126434
2134.546952 5.00598541896
2137.349001 9999
2153.001352 4.73892736435
2183.586362 9.7158250014
2220.063692 11.6253417333
2234.089359 4.12392067909
2264.661049 9.70043603579
2280.531328 4.7441479365
2296.207314 4.74404946963
2312.065082 4.73944600423
2327.792017 4.76144901911
2343.970982 4.85181903839
2359.689275 4.75789562861
2375.533625 4.73834005992
2391.54634 4.84926358859
2395.200306 9999
2411.247836 4.86755736669
2426.946163 4.74834473928
2442.832594 4.74142471949
2458.565524 4.76499207815
2474.469991 4.74079871178
2477.941878 9999
2493.938788 4.86041291555
2512.151784 5.52099967003
2527.797917 4.73881959915
2543.981628 4.85714268684
2561.941088 5.51355361938
2577.871801 4.74624800682
2608.493327 9.72211162249
2624.37317 4.74492502213
2640.438158 4.8598810037
2671.264722 9.71662259102
2687.458819 4.84804662069
2703.462008 4.84897565842
2734.56331 9.82814939817
2750.488083 4.75641965866
2766.423606 4.83149703344
2782.332964 4.73873806
2798.379182 4.85951209068
2829.216638 9.71117798487
2860.366943 9.83771204948
2876.267066 4.74582099915
2892.422519 4.90607595444
2908.303693 4.74183265368
2911.770005 9999
2911.789905 9999
2942.368131 9.71646507581
2958.20342 4.73766430219
2958.235975 9999
2974.254244 4.85078072548
2990.080746 4.74434598287
3006.048143 4.83444269498
3022.287368 4.85127623876
3038.299973 4.85373195012
3054.488801 4.85371597608
3070.531687 4.85348534584
3092.17087 6.63778765996
3095.693627 9999
3113.718139 5.52068289121
3144.768991 9.8018664519
3176.270219 9.94591061274
3192.540815 4.86798302333
3208.589886 4.86102263133
3239.349026 9.70949657758
3243.061466 9999
3259.060529 4.85203766823
3262.556685 9999
3278.195909 4.7433356444
3281.900934 9999
3318.169535 11.6064346631
3334.04474 4.74186666807
3350.079289 4.85685459773
3366.330743 4.85340078672
3382.363451 4.84851638476
3386.100641 9999
3402.11108 4.85120129585
3417.760372 4.73550732931
3454.214761 11.5989186764
3470.417263 4.85390965144
3473.942746 9999
3490.130508 4.91689332326
3506.286877 4.84005355835
3521.99251 4.74669043223
3544.153352 6.83961304029
3574.644579 9.67789705594
3578.307854 9999
3594.311398 4.85543600718
3610.288911 4.8472032547
3626.54345 4.86707337697
3642.231702 4.74563169479
3658.472393 4.86344003677
3674.491304 4.85603698095
3705.374139 9.72227263451
3721.447842 4.75401767095
3739.391674 5.49752100309
3755.906782 4.94385234515
3772.381271 4.84419329961
3788.249837 4.74035541217
3825.116488 11.8034206231
3841.656083 4.85011569659
3857.653258 4.84988602002
3873.55944 4.73924771945
3889.584345 4.85461298625
3905.512982 4.74475534757
3921.240107 4.74331124624
3943.422079 6.83325028419
3959.481043 4.86182872454
3975.29186 4.74475741386
3991.307314 4.86005759239
4023.014596 9.79158171018
4041.364409 5.53952264786
4071.956736 9.72290468216
4088.412076 4.84899735451
4091.965346 9999
4107.684157 4.74427763621
4123.843652 4.84504302343
4145.353542 6.68016171455
4161.554713 4.85562030474
4177.694607 4.86908872922
4193.535386 4.74021927516
4209.557301 4.86012498538
4225.707365 4.74853928884
4243.742235 5.53020660082
4260.571326 4.84683561325
4276.5318 4.73223503431
4292.706926 4.72881197929
4323.35754 9.7032922109
4339.679952 4.73442029953
4356.006969 4.94113135338
4372.751755 4.85014724731
4388.927408 4.87537233035
4389.482046 9999
4393.119446 9999
4409.773831 4.94408694903
4426.23312 4.94930005074
4443.995924 4.84408330917
4460.110462 4.85964369774
4477.038297 4.85360542933
4477.059681 9999
4514.62767 11.7859046459
4551.938158 11.8113373121
4568.046272 4.74194860458
4586.167264 5.50355466207
4602.544279 4.73565101624
4624.075021 6.62827634811
4642.779165 4.85291337967
4642.799569 9999
4658.610707 4.73734196027
4659.242675 9999
4675.298809 4.84870394071
4697.323357 6.82233142853
4729.224502 9.72908910116
4760.554924 9.80831694603
4761.216377 9999
4777.385013 4.84245705605
4793.19484 4.75047365824
4794.047038 9999
4810.118828 4.85755427678
4840.889968 9.71006592115
4857.420074 4.84637403488
4873.545778 4.84341549873
4889.835172 4.74493662516
4893.710443 9999
4910.531918 4.87781397502
4927.28498 4.85647837321
4943.370885 4.84771513939
4974.958732 9.67151387533
4991.774738 4.84862073263
5008.008203 4.89541467031
5011.84045 9999
5027.86373 4.85198537509
5027.889857 9999
5043.727675 4.76919134458
5060.176767 4.8430926005
5083.08979 6.70510196686
5099.385266 4.73582696915
5115.975199 4.98025862376
5132.152271 4.73633233706
5148.20979 4.84109139442
5165.001441 4.84940067927
5180.695717 4.73679542542
5197.062069 4.84660561879
5213.199996 4.85827000936
5244.111015 9.68904797236
5260.543353 4.84529034297
5276.32312 4.7530960242
5292.859124 4.85029594103
5308.896719 4.82980298996
5309.271136 9999
5330.763684 6.65634433428
5346.444248 4.72993596395
5377.970341 9.8201696078
5397.282381 4.84470001856
5413.370755 4.84921630224
5430.553175 4.84505065282
5452.105856 6.63010636965
5469.22075 4.82763465246
5500.173912 9.68494733175
5516.957169 4.83567134539
5516.9835 9999
5533.159326 4.85054572423
5550.263088 5.06067498525
5568.273024 5.50181015333
5585.119177 4.84382605553
5601.28811 4.86893399556
5617.630762 4.83051276207
5634.456861 4.84262426694
5657.219247 6.82767160734
5672.909731 4.73181390762
5689.273861 4.84182866414
5705.346063 4.84388860067
5721.387846 4.73983891805
5737.512995 4.84350895882
5753.674603 4.73835889498
5776.326736 6.6303498745
5793.23876 4.83706466357
5808.993467 4.75505868594
5840.765391 9.69294428825
5857.26252 4.84463834763
5879.29935 6.82652529081
5897.901642 5.52300262451
5913.958786 4.84711058935
5930.19431 4.73977255821
5946.204649 4.8454460303
5962.372135 4.74241097768
5978.416226 4.84784873327
5978.789849 9999
6009.52394 9.69771424929
6026.069572 4.8773709933
6042.295523 4.8454246521
6064.701289 6.82315166791
6080.776766 4.83233205477
6097.088671 4.8494793574
6112.770374 4.7205593586
6128.935976 4.74991496404
6144.618631 4.72016803424
6161.379559 4.73919121424
6177.444556 4.83846203486
6195.87857 5.52152999242
6195.908809 9999
6211.73595 4.74826264381
6212.526572 9999
6249.391089 11.7954660257
6286.302025 11.6052616437
6303.314245 4.7383600076
6306.873614 9999
6322.965433 4.84466004372
6339.47786 4.8532239596
6343.08462 9999
6364.4926 6.63737265269
6380.957705 4.73966964086
6397.146453 4.84424495697
6413.521793 4.85394803683
6435.812888 6.82779677709
6436.202136 9999
6451.900842 4.73421971003
6451.925857 9999
6455.593136 9999
6477.021664 6.63739601771
6493.933865 4.74210373561
6509.67209 4.73855670293
6528.689116 4.73640203476
6550.149691 6.64314969381
6566.25134 4.73749899864
6569.953161 9999
6591.355982 6.62974993388
6595.330323 9999
6613.3788 5.51654028893
6649.726402 11.5839744409
6665.871462 4.73291889826
6681.926079 4.84354988734
6698.378102 4.84376168251
6714.510885 4.87510871887
6731.377181 4.84314902623
6747.275492 4.72828300794
6747.8089 9999
6763.992633 4.84905775388
6764.026372 9999
6779.866155 4.75762343407
6796.19408 4.84499835968
6799.798284 9999
6799.819291 9999
6799.836709 9999
6836.769285 11.7500682672
6853.228394 4.84727493922
6869.638725 4.95867196719
6901.091616 9.79603703817
6917.888502 4.8602420489
6933.608378 4.73365998268
6934.164917 9999
6965.157929 9.82650566101
6987.076599 6.64006090164
7018.013535 9.81935962041
7054.963843 11.6058746974
7071.404444 4.85354272525
7087.675708 4.73203523954
7106.103053 5.52699669202
7122.214609 4.85241731008
7138.434976 4.74298365911
7155.411965 4.84392499924
7171.943406 4.84085901578
7187.713202 4.73614899317
7219.368241 9.82776109378
