14.645849 2.97208539645
28.545217 2.98322757085
33.824114 9999.0
47.882246 2.98795231183
52.970833 9999
67.275084 2.98211932182
72.677557 9999
86.675888 2.98244730632
100.984339 2.98082788785
109.087959 9999
123.035919 2.98577459653
137.029142 2.98627734184
142.779429 9999
148.143407 9999
162.019444 2.97814647357
176.007191 2.98272403081
181.420572 9999
186.80564 9999
201.373909 2.98335735003
215.440703 2.9939956665
220.683121 9999
234.613325 2.99080427488
239.793486 9999
244.782383 9999
258.846072 2.98677500089
264.174148 9999
278.098498 2.983710289
292.428456 2.99936064084
306.732488 2.97885235151
320.549345 2.97922730446
326.560121 9999.0
340.755971 2.98588705063
354.975411 2.9810107549
359.874185 9999.0
374.469831 2.97872765859
382.767927 9999
396.551183 2.97366992633
410.817192 2.98800992966
418.926085 9999
433.265986 2.98886442184
438.922644 9999
453.003245 2.9836499691
466.856129 2.97698704402
481.258124 3.01404205958
495.189526 2.99677530924
509.234288 2.9795320034
523.418471 2.98648428917
537.238015 2.9824496905
551.634354 2.98023072879
557.453446 9999
571.336785 2.98436403275
576.433253 9999
584.414541 9999.0
589.866947 9999
603.745755 2.97419158618
611.695586 9999
625.619123 2.99056696892
639.624791 2.97979656855
644.579219 9999
658.448501 2.98321898778
663.832214 9999
677.71918 2.98013003667
685.755253 9999
699.740743 2.97753977776
705.399604 9999
719.303575 2.98100034396
733.046959 2.98410169284
738.59852 9999
752.632321 2.97454937299
757.772188 9999
771.95116 3.00099770228
786.960124 2.98847532272
800.877436 2.99112606049
806.174458 9999.0
820.641095 2.98976270358
834.66183 2.98734029134
849.132655 2.99133602778
863.460905 2.99628273646
877.824354 2.98724206289
891.747581 2.99389735858
906.502914 2.98776435852
920.544223 2.97474797567
925.608391 9999.0
939.81374 2.97835167249
953.633771 2.97582761447
967.54462 2.98286398252
982.205858 2.97910745939
987.487661 9999
993.012985 9999
1006.851013 2.9826160272
1012.089691 9999
1017.337121 9999
1031.293855 3.00707197189
1045.533118 2.99465958277
1060.29987 2.97420899073
1074.074296 2.9737397035
1078.95711 9999.0
1087.414587 9999
1092.278948 9999
1097.566872 9999
1102.700473 9999
1116.556078 2.97467796008
1121.914332 9999
1135.751026 2.99643333753
1149.516666 2.98536403974
1154.830091 9999
1168.562193 2.97903807958
1182.68383 2.97900636991
1197.154343 2.97866932551
1211.536545 2.9822251002
1225.440897 2.97362589836
1239.713788 2.97059265773
1253.80333 2.97721831004
1267.562433 2.98527129491
1281.869075 2.98011295001
1295.825047 2.97798164686
1310.254199 3.00894935926
1324.889981 3.11674133937
1330.397173 9999
1344.628536 2.97982732455
1359.174288 3.00621740023
1364.192146 9999
1378.165975 2.98253536224
1392.619491 2.9779539903
1400.500484 9999
1405.444385 9999
1419.364394 2.98372968038
1424.910471 9999
1438.960733 2.98815409342
1453.656589 2.99144029617
1468.105656 2.97699340185
1473.383204 9999
1487.322364 2.98644502958
1501.795374 2.97909474373
1515.665845 2.98152399063
1529.621149 2.97492257754
1544.182219 2.98795890808
1558.239759 2.98142433167
1572.685613 2.98183131218
1587.085245 3.01191838582
1591.95725 9999
1606.126628 2.98950497309
1611.554075 9999
1625.574554 2.98361738523
1639.470718 2.98058501879
1653.664803 2.98188924789
1667.444261 2.97163176537
1681.548933 2.97464529673
1696.411138 2.98362898827
1710.458309 3.02553335826
1715.701744 9999.0
1730.278308 2.99911777178
1744.998353 2.97611864408
1758.890379 2.98073776563
1773.274937 2.98123931885
1778.2475 9999
1783.229947 9999
1797.267699 2.97176965078
1811.900089 2.98005461693
1825.766682 2.98058223724
1830.692731 9999.0
1836.346175 9999
1844.473476 9999
1858.262646 2.96887405713
1872.394813 3.00365805626
1877.885919 9999
1891.726066 2.98291532199
1896.858411 9999
1911.116454 2.98681267103
1925.257923 2.98327501615
1940.23779 2.98667526245
1954.406493 2.97171370188
1968.511096 3.0043583711
1973.523715 9999
1987.56442 2.99917268753
1993.787701 9999
2007.702397 2.99011596044
2021.446333 2.97561526299
2035.996911 2.97674131393
2050.081565 2.9818769296
2064.25761 2.98908964793
2078.527596 2.98438890775
2092.953189 2.98158868154
2100.915962 9999.0
2115.575063 2.97727203369
2129.616898 2.98033332825
2143.397663 2.98188400269
2157.840531 2.98133261998
2171.629532 2.97940063477
2185.522051 2.97917938232
2199.443734 2.98121833801
2207.503053 9999
2212.887935 9999
2217.908343 9999.0
2232.056876 2.97300767899
2245.863655 2.98403604825
2259.567607 2.97749129931
2273.825317 2.9731259346
2287.991708 3.01692732175
2292.909079 9999.0
2298.166769 9999
2312.369564 2.98116962115
2326.1416 2.97850171725
2334.482526 9999
2348.414896 2.97049061457
2363.035743 2.97717769941
2377.519066 2.98931535085
2391.337665 2.98661470413
2405.292648 2.97931496302
2413.579165 9999
2418.657343 9999
2432.887274 2.97978154818
2437.794815 9999.0
2451.961785 2.97900470098
2466.188668 2.97005033493
2480.13365 3.00707101822
2488.603214 9999
2502.427932 2.97355031967
2516.50475 2.98626764615
2530.977835 2.98860343297
2544.920108 3.0111533006
2550.053945 9999.0
2564.515407 2.98296006521
2578.552192 2.98494005203
2583.742311 9999.0
2588.923007 9999
2603.226709 2.97678001722
2617.393164 2.99725842476
2632.022067 2.98179642359
2640.013643 9999
2645.405024 9999
2650.783499 9999.0
2666.129446 3.00293199221
2680.442652 2.9797946612
2685.649554 9999.0
2699.986858 2.98118901253
2713.829184 2.97298423449
2728.095976 2.98431491852
2733.518979 9999
2741.484295 9999
2746.790428 9999
2760.76646 2.97740125656
2775.052082 2.98154131571
2783.1385 9999
2797.249947 2.98080166181
2811.706365 2.98128962517
2825.528004 2.98720145226
2830.664545 9999.0
2845.234905 2.98288488388
2859.131519 2.97318704923
2873.106342 3.00723870595
2878.694783 9999
2883.746568 9999
2897.598227 2.97924574216
2911.574336 2.97979895274
2917.184506 9999
2931.11576 2.99860143661
2936.700963 9999
2950.645235 2.98416002591
2964.8318 2.97984369596
2970.007939 9999
2974.997552 9999
2988.918252 2.97922023137
2997.031397 9999
3011.178345 2.98365577062
3025.010735 2.97136473656
3030.138608 9999
3044.17261 2.9896753629
3058.058114 2.97864031792
3072.139609 2.98347274462
3077.382658 9999
3091.383953 2.98013830185
3097.215109 9999
3111.108175 2.9757622083
3125.024906 3.02983562152
3133.923064 9999
3139.330506 9999
3153.404655 2.9775475661
3158.451112 9999.0
3173.08931 2.98225458463
3178.130369 9999
3192.436904 2.96206235886
3206.936484 2.97447268168
3220.918634 2.97749265035
3235.24967 2.97956903776
3249.720635 2.97377705574
3263.899317 2.99684270223
3277.949102 2.98961901665
3292.502857 3.01913936933
3300.995305 9999
3306.066623 9999
3320.224163 2.98848962784
3334.865484 2.98101568222
3340.066083 9999
3354.421871 2.98672334353
3369.487642 2.97913869222
3383.339826 2.97336173058
3397.315887 2.98860534032
3412.360275 2.98708772659
3426.228914 2.9799097379
3440.244974 2.97774060567
3454.320572 2.9857524236
3468.287153 2.99211621284
3482.494579 2.9812160333
3496.756504 2.98767367999
3502.227871 9999
3516.038058 2.97966829936
3530.108979 2.97346433004
3543.906167 2.97798601786
3557.896239 2.99007169406
3572.054673 2.97679360708
3577.26742 9999
3591.270761 3.00665434202
3605.18022 2.98591359456
