6.081934 0.399161974589
12.0425 0.410013596217
17.963006 0.416943391164
23.82918 0.401143630346
29.707535 0.39864897728
35.579088 0.394114414851
41.541138 0.400029977163
47.48676 0.393814404806
53.363305 0.396951675415
59.228533 0.389938751856
65.113138 0.401831467946
70.989336 0.396867275238
76.961224 0.398326953252
82.799028 0.38946000735
88.66489 0.395190636317
94.520004 0.395630121231
100.400712 0.398392677307
106.287662 0.396853605906
112.288977 0.401595671972
118.182865 0.401370048523
124.063912 0.393482367198
129.940573 0.397011677424
135.83043 0.397562980652
141.712133 0.397883653641
147.731714 0.399054686228
153.627965 0.39772327741
159.563238 0.407342036565
165.477485 0.401680072149
171.394358 0.402167956034
177.311201 0.402074019114
183.330675 0.39536356926
189.215246 0.397120634715
195.101385 0.39316646258
201.008627 0.399178266525
206.988007 0.413694938024
212.883534 0.398470640182
218.921064 0.395525376002
224.801275 0.399143695831
230.70634 0.402652343114
236.601623 0.400290330251
242.530709 0.402334690094
248.469627 0.398183345795
254.531476 0.409000635147
260.490092 0.414184729258
266.452219 0.41249537468
272.342318 0.402232726415
278.280821 0.413947025935
284.221499 0.401972373327
290.277148 0.397941589355
296.218395 0.399517297745
302.166805 0.407617330551
308.112554 0.400016625722
314.044655 0.401650667191
319.979229 0.400217692057
326.078337 0.399959007899
332.000624 0.399962027868
337.884971 0.39674671491
343.866674 0.422442674637
349.820335 0.416834910711
355.754522 0.404155333837
361.838675 0.402245521545
367.754706 0.399230241776
373.655233 0.397812287013
379.565632 0.406582355499
385.485882 0.401127735774
391.430368 0.401823600133
397.477848 0.409766038259
403.413279 0.39693291982
409.327331 0.398897965749
415.244049 0.403061151505
421.2419 0.421533981959
427.168088 0.401907682419
433.31044 0.406676689784
439.268188 0.415422598521
445.344795 0.407114903132
451.263607 0.401066382726
457.217071 0.402930736542
463.273207 0.399335463842
469.21029 0.403870026271
475.131672 0.409053325653
481.104881 0.397378285726
487.018851 0.402688741684
492.96659 0.404385328293
498.983468 0.401597658793
504.932427 0.400125662486
510.852829 0.397770563761
516.782294 0.399044275284
522.744465 0.399416685104
528.68646 0.400387048721
534.764188 0.403978347778
540.731424 0.409511327744
546.646273 0.400314331055
552.575039 0.39682730039
558.484989 0.403068065643
564.426748 0.404571692149
570.513627 0.40093199412
576.760057 0.418110370636
582.664635 0.397971073786
588.648722 0.409201622009
594.632677 0.399728695552
600.666112 0.399787028631
606.588823 0.397111654282
612.537092 0.407808065414
618.456911 0.404102325439
624.361341 0.402908960978
630.293743 0.401334285736
636.421681 0.410562992096
642.34534 0.403008302053
648.254939 0.397535721461
654.169395 0.406584103902
660.120713 0.402700662613
666.052571 0.405875205994
672.128232 0.402542352676
678.063543 0.404229958852
684.016118 0.407208919525
689.915311 0.399723688761
695.85188 0.402287006378
701.772212 0.398463010788
707.883599 0.405219316483
713.790867 0.400920708974
719.702341 0.40155728658
725.660179 0.404532670975
731.666788 0.416564702988
737.598613 0.406061251958
743.720974 0.405368328094
749.656453 0.404929320017
755.583487 0.402274449666
761.588567 0.407056649526
767.514483 0.404077291489
773.436527 0.405116955439
779.557733 0.417383670807
785.514439 0.403005361557
791.447025 0.405376036962
797.412821 0.410611232122
803.342692 0.399545351664
809.274075 0.405496676763
815.357026 0.403891324997
821.311197 0.408850669861
827.349993 0.415990034739
833.254484 0.40629696846
839.216606 0.403612295787
845.164859 0.405233383179
851.271337 0.40749669075
857.222599 0.407648960749
863.159832 0.402344067891
869.042121 0.402735948563
874.993329 0.411440690358
880.913945 0.4005540212
887.031935 0.401922782262
893.011329 0.411077658335
898.96494 0.411695400874
904.921567 0.399516264598
910.925551 0.426326036453
916.975542 0.405640681585
922.970897 0.410267988841
928.892037 0.403713385264
934.805586 0.397902329763
940.753254 0.402361392975
946.678934 0.403128067652
952.762316 0.404071251551
958.6807 0.404061635335
964.629208 0.404880921046
970.605471 0.410680055618
976.562043 0.410384654999
982.510307 0.400942007701
988.639735 0.408178011576
994.563414 0.403667291005
1000.483 0.404102325439
1006.395254 0.400083939234
1012.323004 0.401412407557
1018.26529 0.408213933309
1024.375924 0.399716059367
1030.287353 0.398323694865
1036.286298 0.400052626928
1042.210356 0.401986996333
1048.145402 0.406794389089
1054.095368 0.404918988546
1060.207696 0.400140682856
1066.188787 0.419939041138
1072.131966 0.406299352646
1078.091125 0.405001242956
1083.984826 0.400342305501
1089.898507 0.399620453517
1096.017623 0.403895696004
1101.958583 0.400408029556
1107.913601 0.399805943171
1113.841081 0.411132335663
1119.772483 0.406829039256
1125.692995 0.399622042974
1131.77189 0.409480571747
1137.740312 0.40971660614
1143.674815 0.403772115707
1149.584798 0.399055957794
1155.557709 0.406821966171
1161.522346 0.41538031896
1167.569078 0.40013496081
1173.499778 0.40086666743
1179.41891 0.405728419622
1185.354018 0.403232256571
1191.266845 0.40108704567
1197.202919 0.402262687683
1203.334783 0.401212612788
1209.296077 0.413547118505
1215.301592 0.406112035116
1221.243971 0.405877987544
1227.216745 0.400284608205
1233.335792 0.405463933945
1239.268678 0.407856941223
1245.233331 0.405987024307
1251.235735 0.407675027847
1257.207326 0.408401330312
1263.272629 0.403906663259
1269.2374 0.401670614878
1275.171542 0.403931061427
1281.079345 0.404272556305
1287.015006 0.403039693832
1292.953658 0.403151512146
1299.099354 0.413133382797
1305.099988 0.410205682119
1311.008178 0.398111661275
1316.950436 0.402997016907
1322.880776 0.401377280553
1328.866423 0.406490961711
1334.961192 0.394435326258
1341.235279 0.493304649989
1347.230907 0.402723630269
1353.199055 0.411597967148
1359.134078 0.406608740489
1365.291415 0.405715703964
1371.225214 0.406560023626
1377.161268 0.405075709025
1383.149987 0.407877604167
1389.090357 0.399512688319
1394.997583 0.403930664062
1401.188326 0.415188312531
1407.114234 0.402526934942
1413.019218 0.396418650945
1418.964741 0.399980386098
1424.92629 0.406088908513
1430.841628 0.399113734563
1436.983416 0.403990586599
1442.930741 0.399122635523
1448.914591 0.415991942088
1454.842331 0.403065284093
1460.7714 0.397449016571
1466.684807 0.401369253794
1472.863108 0.40839600563
1478.829099 0.414802710215
1484.71179 0.39948964119
1490.650247 0.40123295784
1496.600262 0.406782627106
1502.541193 0.403613011042
1508.885113 0.400454759598
1514.822055 0.402544418971
1520.745295 0.399336576462
1526.692392 0.40422129631
1532.638437 0.40504693985
1538.779697 0.406580289205
1544.773403 0.414561748505
1550.723386 0.402931372325
1556.651371 0.396522601446
1562.554021 0.399002631505
1568.526618 0.404934247335
1574.663512 0.401420672735
1580.589675 0.398665348689
1586.542688 0.414784431458
1592.492353 0.409222284953
1598.396982 0.39982732137
1604.315842 0.398148377736
1610.413415 0.40173570315
1616.351547 0.403536399206
1622.253494 0.402820984523
1628.178894 0.400905688604
1634.13969 0.401961406072
1640.09063 0.410889705022
1646.200224 0.406528711319
1652.105567 0.397420724233
1658.042686 0.405575672785
1663.968945 0.400762399038
1669.896362 0.401252667109
1675.860695 0.409299294154
1682.008133 0.398447116216
1687.986353 0.409579912821
1693.923672 0.401724418004
1699.869144 0.406610409419
1705.777765 0.397222995758
1711.704809 0.401642719905
1717.793984 0.399817943573
1723.756592 0.411997715632
1729.669974 0.403359333674
1735.624437 0.410741964976
1741.58777 0.406137625376
1747.530409 0.403894662857
1753.680257 0.399884700775
1759.614623 0.395781119665
1765.536222 0.408716678619
1771.455412 0.403377374013
1777.41119 0.40126434962
1783.328309 0.409805615743
1789.37642 0.392552693685
1795.316106 0.401664336522
1801.239325 0.401141007741
1807.18635 0.40402229627
1813.123806 0.401163975398
1819.027469 0.399214426676
1825.108442 0.399824619293
1831.076143 0.414821863174
1836.992616 0.400638421377
1842.905518 0.403153260549
1848.833095 0.404974619548
1854.760636 0.40423766772
1860.856909 0.404409329096
1866.800413 0.402910312017
1872.731188 0.401509284973
1878.69097 0.410712639491
1884.589564 0.399653037389
1890.531 0.399393955866
1896.70317 0.402803977331
1902.692588 0.413237253825
1908.63791 0.409392595291
1914.563668 0.39857339859
1920.48338 0.40477236112
1926.445614 0.412564277649
1932.590176 0.39971001943
1938.562471 0.401520570119
1944.478218 0.399711370468
1950.430627 0.40160369873
1956.337099 0.399330059687
1962.23337 0.400907913844
1968.432519 0.406476736069
1974.396181 0.411218881607
1980.319192 0.404750029246
1986.262251 0.404664993286
1992.169616 0.405780712763
1998.140204 0.40259663264
2004.363141 0.40718070666
2010.298704 0.401411692301
2016.222512 0.405156691869
2022.180587 0.410537958145
2028.124631 0.401922305425
2034.239295 0.397947072983
2040.182404 0.402152935664
2046.133708 0.400933265686
2052.068818 0.408737659454
2058.009252 0.399713993073
2063.956401 0.405565341314
2070.152502 0.417228619258
2076.111611 0.406373023987
2082.060238 0.40224202474
2088.108931 0.407951990763
2094.026478 0.402641693751
2100.276866 0.422184228897
2106.247021 0.409703095754
2112.194292 0.405833323797
2118.133202 0.412685314814
2124.0865 0.402200142543
2130.300375 0.403832038244
2136.241327 0.402212381363
2142.230668 0.410665988922
2148.166285 0.398504018784
2154.082123 0.404295603434
2160.104738 0.402881383896
2166.074636 0.407632430394
2172.034453 0.415432055791
2178.010845 0.407335917155
2183.970854 0.399221897125
2189.894912 0.400756279627
2196.033108 0.395866950353
2201.935795 0.4001994133
2207.864075 0.409997940063
2213.880189 0.427370389303
2219.804851 0.400929689407
2225.747412 0.406167268753
2231.889367 0.401145617167
2237.825925 0.398015658061
2244.141546 0.486756483714
2250.089813 0.410659313202
2256.041482 0.406030019124
2262.302506 0.410111665726
2268.24979 0.405800024668
2274.260911 0.409791390101
2280.203009 0.407737334569
2286.186442 0.403968016307
2292.501951 0.437532663345
2298.573103 0.407192707062
2304.512902 0.400976022085
2310.478421 0.413847605387
2316.41317 0.404342969259
2322.560995 0.395641644796
2328.565387 0.416317065557
2334.556869 0.42693567276
2340.456434 0.398087024689
2346.495199 0.402620395025
2352.688092 0.408147335052
2358.683063 0.418396234512
2364.642918 0.414779106776
2370.628351 0.403361956278
2376.582711 0.406782388687
2382.827123 0.407477219899
2388.763922 0.403119564056
2394.742772 0.410948514938
2400.72759 0.404002030691
2406.703331 0.415028969447
2412.893918 0.407340606054
2418.86979 0.417098045349
2425.146114 0.462810357412
2431.137596 0.398342927297
2437.058543 0.401156346003
2443.234219 0.404968659083
2449.181609 0.414147297541
2455.129007 0.41393772761
2461.121777 0.401752789815
2467.095802 0.409792343775
2473.239654 0.408813317617
2479.18429 0.402920007706
2485.107953 0.405505339305
2491.200499 0.457689285278
2497.128507 0.404594898224
2503.334713 0.406396389008
2509.262254 0.400188048681
2515.222332 0.405785719554
2521.149729 0.402168750763
2527.085911 0.400101661682
2533.001101 0.399803002675
2539.220873 0.402458031972
2545.155079 0.402089675268
2551.100603 0.409202019374
2557.016802 0.401339292526
2562.913047 0.399342298508
2568.829779 0.403518279394
2575.022558 0.404521624247
2580.963509 0.401108582815
2586.899173 0.402429739634
2592.831644 0.408060630163
2598.867491 0.432048638662
2605.096653 0.40237569809
2611.086655 0.409401019414
2616.960387 0.399530728658
2622.925234 0.413067022959
2628.836758 0.399361769358
2634.890453 0.399952967962
2640.863397 0.405870278676
2646.793812 0.404965321223
2652.73176 0.408178329468
2658.700035 0.410507678986
2664.648242 0.404709974925
2670.830447 0.402959426244
2676.818248 0.408673683802
2682.782496 0.406086921692
2688.70913 0.408126672109
2694.676409 0.417681694031
2700.829575 0.405483325322
2706.750963 0.400082349777
2712.685211 0.406031211217
2718.641624 0.404615720113
2724.566089 0.401738007863
2730.542335 0.404771407445
2736.777285 0.402770678202
2742.758686 0.415080706278
2748.677361 0.403763691584
2754.631818 0.402037700017
2760.578433 0.401437679927
2766.801586 0.406948407491
2772.735552 0.404269059499
2778.721281 0.406368335088
2784.66864 0.41042137146
2790.609375 0.405000050863
2796.809571 0.408930937449
2802.788736 0.405341307322
2808.735481 0.403797785441
2814.660102 0.400750319163
2820.558811 0.404844760895
2826.497726 0.405376593272
2832.671688 0.40096227328
2838.638701 0.414597988129
2844.562069 0.410402933757
2850.544242 0.41392437617
2856.488829 0.405022700628
2862.632318 0.403504689535
2868.597623 0.404886643092
2874.530895 0.406189680099
2880.453364 0.399029334386
2886.434375 0.411849975586
2892.360543 0.405241330465
2898.545935 0.399296760559
2904.556484 0.41930270195
2910.451261 0.398338874181
2916.483305 0.415414730708
2922.412832 0.403965711594
2928.56884 0.405687650045
2934.51727 0.414515733719
2940.397096 0.39991569519
2946.384524 0.407577355703
2952.333727 0.405270973841
2958.255403 0.401887337367
2964.489885 0.403772910436
2970.472084 0.405986944834
2976.424362 0.405252774556
2982.379377 0.411414384842
2988.298827 0.400003353755
2994.488187 0.398307323456
3000.481862 0.41005674998
3006.418001 0.40451669693
3012.369861 0.407728354136
3018.303241 0.402541001638
3024.478225 0.404352029165
3030.463254 0.412120978038
3036.421224 0.401690324148
3042.369808 0.404525279999
3048.294936 0.402971347173
3054.255491 0.407254298528
3060.481122 0.403755664825
3066.437846 0.402637720108
3072.382393 0.406179030736
3078.359603 0.414285739263
3084.311353 0.403979380925
3090.514209 0.401106039683
3096.42583 0.402120669683
3102.365684 0.403360366821
3108.300104 0.405568679174
3114.27126 0.412185351054
3120.212353 0.404416004817
3126.46198 0.413666725159
3132.385928 0.40466427803
3138.30916 0.399386962255
3144.668143 0.518785715103
3150.632682 0.404588460922
3156.886557 0.408803542455
3162.825401 0.403628985087
3168.776098 0.410166978836
3174.780821 0.412969271342
3180.722969 0.399483044942
3186.958822 0.408047596614
3192.91062 0.401897668839
3198.869958 0.404954989751
3204.793399 0.399930000305
3210.73953 0.406431992849
3216.952218 0.405771096547
3222.91101 0.411538441976
3228.879068 0.408234357834
3234.860028 0.409842967987
3240.818102 0.406408627828
3247.060419 0.399783054988
3253.03469 0.406745672226
3259.018728 0.410847266515
3264.950134 0.398459355036
3270.93068 0.415675719579
3277.041028 0.395799636841
3282.959226 0.396856943766
3288.945625 0.415052016576
3294.894437 0.402585347493
3300.850932 0.405152718226
3306.815765 0.401893615723
3312.982617 0.406193335851
3318.944272 0.410328626633
3324.846909 0.399266719818
3330.762627 0.404060681661
3336.708349 0.402981996536
3342.627143 0.40344397227
3348.835453 0.403870741526
3354.757051 0.402204036713
3360.64194 0.400786320368
3366.602384 0.409078677495
3372.551553 0.411245346069
3378.463261 0.402877966563
3384.648989 0.394076347351
3390.596036 0.401458104451
3396.570296 0.420485019684
3402.509238 0.405039628347
3408.515896 0.409673611323
3414.801088 0.413419644038
3420.733302 0.413249413172
3426.664089 0.403711557388
3432.574861 0.400817314784
3438.493197 0.401934305827
3444.424153 0.403627634048
3450.693334 0.411751667658
3456.586411 0.397812366486
3462.598702 0.431946992874
3468.51987 0.40762702624
3474.512877 0.407235622406
3480.639492 0.403677622477
3486.577267 0.401148001353
3492.522765 0.407695929209
3498.482984 0.404798666636
3504.41497 0.404206355413
3510.385024 0.413621664047
3516.584384 0.405226389567
3522.54601 0.404314279556
3528.483339 0.40727408727
3534.446746 0.407447655996
3540.370909 0.402383883794
3546.466426 0.403065601985
3552.522674 0.405293623606
3558.481867 0.4170683225
3564.427087 0.406477371852
3570.410564 0.403935750326
3576.588239 0.412752946218
3582.59152 0.406210025152
3588.579237 0.409074624379
3594.510468 0.404223998388
3600.450884 0.403922955195
3606.677043 0.410130103429
3612.632465 0.405654271444
3618.653572 0.409375747045
3624.573483 0.410624663035
3630.483064 0.401937643687
3636.694472 0.407002369563
3642.669925 0.411761045456
3648.623463 0.406746149063
3654.605612 0.410724719365
3660.520464 0.399345874786
3666.789863 0.403373718262
3672.761199 0.411248207092
3678.702925 0.405237277349
3684.704965 0.414365927378
3690.606326 0.40022667249
3696.849894 0.412594715754
3702.825222 0.411991437276
3708.715629 0.403765598933
3714.629328 0.399619976679
3720.584867 0.405623356501
3726.720547 0.412264744441
3732.766486 0.404629627864
3738.723648 0.405544916789
3744.647431 0.404755671819
3750.641041 0.403762340546
3756.919259 0.408964951833
3762.850824 0.40026195844
3768.773502 0.400953610738
3774.742121 0.403193553289
3780.698942 0.406463623047
3787.002693 0.403397242228
3792.982917 0.406488656998
3798.958565 0.415836254756
3804.86333 0.398248275121
3810.831127 0.410816431046
3817.006001 0.403696298599
3822.929629 0.402647097905
3828.965956 0.405376752218
3834.875028 0.399272521337
3840.84631 0.403740723928
3847.026161 0.41507824262
3852.946539 0.401427984238
3858.892169 0.410104910533
3864.823348 0.404757976532
3870.769806 0.401268323263
3876.711537 0.402015368144
3882.962172 0.410698334376
3888.976762 0.40872502327
3894.977557 0.410858074824
3900.944659 0.406092405319
3906.896669 0.405895630519
3913.113538 0.40679303805
3919.0851 0.404251337051
3925.013247 0.403683344523
3930.962654 0.401392380397
3936.906588 0.404235919317
3943.118647 0.418443044027
3949.145039 0.399739980698
3955.138965 0.408631324768
3961.070107 0.406504074732
3967.008113 0.404996315638
3973.189333 0.400640328725
3979.192476 0.410497903824
3985.151816 0.409218152364
3991.116401 0.410801331202
3997.035266 0.404855330785
4003.233333 0.396253665288
4009.186067 0.402615388234
4015.199484 0.406101067861
4021.136986 0.402269681295
4027.082441 0.403261264165
4033.260323 0.40368270874
4039.231261 0.410626014074
4045.557346 0.508406003316
4051.537882 0.406297286352
4057.489142 0.40430299441
4063.714268 0.401518026988
4069.619178 0.398527383804
4075.596701 0.418948014577
4081.548087 0.406424999237
4087.55846 0.414699951808
4093.850885 0.404117266337
4099.835403 0.401881376902
4105.768441 0.403517564138
4111.739909 0.407905578613
4117.746113 0.417214632034
4123.957001 0.406891981761
4129.991311 0.431555350622
4135.961697 0.413954655329
4141.906376 0.406110366186
4147.819047 0.400108893712
4154.035958 0.401794036229
4159.985376 0.402608633041
4165.897941 0.400337934494
4171.876869 0.408751249313
4177.838432 0.408623695374
4184.131067 0.415007988612
4190.059078 0.403772354126
4196.005014 0.404990911484
4201.943585 0.408821582794
4207.925597 0.406392971675
4214.173523 0.407520055771
4220.139529 0.40275200208
4226.046139 0.401012738546
4232.163938 0.456131776174
4238.183475 0.403151671092
4244.426224 0.406915267309
4250.451302 0.418831030528
4256.371037 0.401863336563
4262.321067 0.406216621399
4268.228011 0.398530006409
4274.523272 0.414864937464
4280.478965 0.410768349965
4286.411015 0.406989653905
4292.38158 0.408211390177
4298.302229 0.401644945145
4304.538492 0.408162514369
4310.442531 0.40243490537
4316.396606 0.410690625509
4322.378344 0.403036355972
4328.35 0.417122046153
4334.583915 0.4035329024
4340.562935 0.397649606069
4346.479043 0.402318716049
4352.454415 0.406887054443
4358.395128 0.402132670085
4364.683075 0.407951275508
4370.745716 0.403345902761
4376.73421 0.423979600271
4382.68165 0.404072920481
4388.593053 0.400493383408
4394.818108 0.40466205279
4400.752792 0.402172724406
4406.67257 0.404052019119
4412.612948 0.405186017354
4418.542799 0.404309988022
4424.629186 0.454583406448
4430.874275 0.403880278269
4436.842733 0.411978960037
4442.806868 0.403574705124
4448.738527 0.404427369436
4454.750484 0.409249305725
4461.022163 0.406855026881
4466.970739 0.407734950384
4473.01012 0.413658618927
4478.914025 0.401144663493
4484.878764 0.402502298355
4491.10182 0.399792353312
4497.039641 0.404467662175
4503.01504 0.406195322673
4508.97306 0.402686993281
4514.919822 0.417178630829
4521.212845 0.410793781281
4527.155593 0.406568288803
4533.104461 0.402938048045
4539.017879 0.40310994784
4544.940785 0.400387684504
4551.110677 0.401555220286
4557.049045 0.409744024277
4563.007521 0.409226576487
4568.948319 0.40824731191
4574.888638 0.406213760376
4580.829934 0.406169335047
4587.027183 0.40509835879
4592.968335 0.398217995962
4598.89928 0.403391361237
4604.845482 0.400576750437
4610.771969 0.404687960943
4616.70975 0.409910122554
4622.91286 0.40983303388
4628.846756 0.401118278503
4634.786877 0.406278928121
4640.700306 0.401766697566
4646.639319 0.401723305384
4652.576922 0.403759797414
4658.902117 0.415468931198
4664.920472 0.427406072617
4670.861353 0.404141426086
4676.80999 0.406237602234
4682.79614 0.407612880071
4689.070123 0.403799295425
4695.017898 0.406154314677
4700.972177 0.409212112427
4706.930015 0.409595648448
4712.931313 0.407206932704
4719.213953 0.402652263641
4725.126878 0.401000976562
4731.058528 0.403642098109
4737.016357 0.405677080154
4742.9349 0.407033602397
4749.171063 0.410690625509
4755.134366 0.409017324448
4761.080319 0.405290047328
4766.975249 0.400001366933
4772.955511 0.407230377197
4779.185298 0.399174372355
4785.14708 0.402873595556
4791.046342 0.401763280233
4797.019395 0.402800718943
4802.990468 0.415041446686
4809.393503 0.403999964396
4815.366841 0.404681285222
4821.326893 0.402210950851
4827.246659 0.399201393127
4833.182515 0.406685670217
4839.438677 0.408631563187
4845.38072 0.403393983841
4851.415008 0.438257058462
4857.392542 0.409037351608
4863.310298 0.405213991801
4869.598768 0.40916744868
4875.610428 0.402381976446
4881.547444 0.402315696081
4887.497387 0.409929672877
4893.440329 0.404514710108
4899.753912 0.418113946915
4905.770148 0.409635623296
4911.716756 0.407502651215
4917.821387 0.407418012619
4923.750616 0.402036031087
4930.066386 0.407020250956
4936.077498 0.412473281225
4942.046121 0.41715502739
4948.114419 0.420052607854
4954.081973 0.41024072965
4960.401541 0.406293471654
4966.42339 0.413878679276
4972.358596 0.405333280563
4978.345821 0.406708081563
4984.315825 0.408828020096
4990.695439 0.412085930506
4996.665057 0.40651456515
5002.621387 0.405373652776
5008.544686 0.406562010447
5014.571753 0.416416962941
5020.789326 0.404599269231
5026.722253 0.402606328328
5032.673763 0.404446125031
5038.649276 0.409379005432
5044.60407 0.407549937566
5050.942995 0.409515062968
5056.874828 0.402230024338
5062.790504 0.400097688039
5068.702261 0.405826250712
5074.680494 0.411082665126
5080.891424 0.408137957255
5086.879186 0.418194611867
5092.822028 0.408106088638
5098.763311 0.401975711187
5104.739388 0.407675266266
5111.128907 0.417808294296
5117.123517 0.399276336034
5123.032721 0.40110373497
5129.013069 0.409609953562
5135.03423 0.417526721954
5141.31918 0.40201997757
5147.281915 0.403095086416
5153.229773 0.404892365138
5159.150014 0.397411664327
5165.094822 0.412993272146
5171.389284 0.402158260345
5177.308641 0.402306397756
5183.290018 0.408161083857
5189.194477 0.400350252787
5195.14808 0.404541333516
5201.484227 0.416829268138
5207.438148 0.403729995092
5213.374113 0.407126665115
5219.34068 0.404436270396
5225.335274 0.40604241689
5231.686944 0.411762475967
5237.619153 0.397682905197
5243.559066 0.404848575592
5249.50563 0.402436733246
5255.490145 0.419566313426
5261.738849 0.404498656591
5267.752906 0.411251862844
5273.681544 0.397715965907
5279.696525 0.425567309062
5285.687727 0.405320326487
5291.984476 0.403745015462
5297.943142 0.402834971746
5303.906816 0.403086344401
5309.879476 0.418480316798
5315.842301 0.406639258067
5322.0786 0.407184998194
5328.015806 0.40392724673
5333.972376 0.406996250153
5339.936402 0.413280010223
5345.858219 0.403523365657
5352.120885 0.407703320185
5358.055053 0.40561803182
5364.024197 0.424576918284
5369.979236 0.412524382273
5375.96684 0.411789973577
5382.167008 0.406547466914
5388.093311 0.402986288071
5394.044012 0.407001654307
5399.969089 0.399849653244
5405.937766 0.408190727234
5412.330262 0.408852656682
5418.304372 0.411396423976
5424.269781 0.402409315109
5430.229259 0.409532546997
5436.165857 0.396954536438
5442.367842 0.406586964925
5448.288719 0.40102704366
5454.224964 0.407837311427
5460.201227 0.411309242249
5466.372865 0.439014991124
5472.681822 0.406494061152
5478.620283 0.403708616892
5484.746818 0.401239315669
5490.664602 0.406531651815
5496.599672 0.407905658086
5502.977971 0.430084307988
5508.918682 0.401293675105
5514.893102 0.412815650304
5520.921137 0.403691927592
5526.839298 0.404022693634
5533.04742 0.398780743281
5539.033648 0.402794996897
5545.039747 0.409957726796
5550.974535 0.404358307521
5556.963355 0.407418568929
5563.328727 0.42039903005
5569.274409 0.403686682383
5575.20712 0.396659930547
5581.177654 0.408844947815
5587.114494 0.399207671483
5593.44693 0.409169991811
5599.427401 0.407533963521
5605.38881 0.40040342013
5611.374455 0.41613483429
5617.316214 0.408569335938
5623.551875 0.409619569778
5629.469085 0.402169307073
5635.386168 0.403149048487
5641.316581 0.405891259511
5647.24451 0.401500622431
5653.193817 0.406073013941
5659.49691 0.414066235224
5665.468864 0.405827283859
5671.413744 0.398567676544
5677.345969 0.398569027583
5683.278778 0.405696312586
5689.59633 0.402143716812
5695.575448 0.403017997742
5701.520214 0.409090677897
5707.472425 0.412485599518
5713.40653 0.401829640071
5719.73865 0.400847355525
5725.675856 0.399353583654
5731.62274 0.414975404739
5737.566884 0.402003288269
5743.568875 0.40794968605
5749.940797 0.409810066223
5755.873354 0.404028733571
5761.795193 0.403986612956
5767.748345 0.404121716817
5773.683166 0.40301934878
5779.960623 0.408598661423
5785.992521 0.410064617793
5791.916772 0.40371131897
5797.874216 0.415505250295
5803.825254 0.40593735377
5810.105619 0.400826056798
5816.03177 0.402812321981
5821.997471 0.40549659729
5827.899057 0.394728342692
5833.856352 0.400774637858
5840.110206 0.399152358373
5846.405618 0.496488412221
5852.370323 0.398874998093
5858.306967 0.401784261068
5864.331993 0.418618361155
5871.014699 0.402757326762
5876.986395 0.39627067248
5882.909377 0.404363632202
5888.856398 0.4047443072
5894.831372 0.418728669484
5901.102055 0.401088635127
5907.04091 0.398338715235
5912.954618 0.402515252431
5918.913566 0.396821260452
5924.871011 0.403020620346
5931.201118 0.405774434408
5937.197985 0.403156677882
5943.20309 0.411640008291
5949.143608 0.402130285899
5955.172767 0.406225681305
5961.721212 0.44714530309
5967.65487 0.400173187256
5973.604158 0.401701052984
5979.692255 0.436648686727
5985.779298 0.400737603505
5992.12824 0.42018644015
5998.080255 0.404091676076
6004.045329 0.40388305982
6010.032034 0.405318975449
6016.027968 0.42519402504
6022.309952 0.408464749654
6028.24393 0.401258071264
6034.139374 0.400422890981
6040.114921 0.41001367569
6046.063677 0.408981005351
6052.370268 0.403108358383
6058.345151 0.403533379237
6064.289315 0.40417599678
6070.239074 0.407944043477
6076.203574 0.396123886108
6082.530297 0.407007058462
6088.526269 0.413870255152
6094.55236 0.39953827858
6100.481922 0.404337644577
6106.408331 0.404546419779
6112.718165 0.404007991155
6118.65459 0.407569249471
6124.63355 0.408696015676
6130.576411 0.401050567627
6136.622255 0.431623617808
6142.860017 0.414408047994
6148.849825 0.400093634923
6154.779409 0.409425656001
6160.705039 0.399197737376
6166.633618 0.405633290609
6172.996833 0.401841640472
6178.950099 0.407372633616
6184.953116 0.4162393411
6190.912677 0.407802740733
6196.869311 0.398973067602
6203.324092 0.406199216843
6209.262457 0.402903397878
6215.173775 0.399653275808
6221.10664 0.403787374496
6227.038905 0.404522975286
6233.418232 0.417882442474
6239.371477 0.408170302709
6245.431329 0.434480667114
6251.383077 0.41190067927
6257.322632 0.401983181636
6263.972644 0.431714614232
6269.993552 0.406514644623
6275.959034 0.409457763036
6281.897845 0.412538687388
6287.854297 0.406111001968
6294.221054 0.408653020859
6300.148515 0.403859297434
6306.134085 0.409406423569
6312.081373 0.405384699504
6318.049382 0.408847252528
6324.262004 0.40225871404
6330.243794 0.414243777593
6336.191327 0.405769745509
6342.143913 0.404412269592
6348.090982 0.414763689041
6354.437922 0.404728094737
6360.411188 0.404767990112
6366.382938 0.403066714605
6372.32995 0.404996315638
6378.319242 0.409659941991
6384.569665 0.407941659292
6390.532279 0.407611767451
6396.521747 0.417368014654
6402.479455 0.408366362254
6408.519553 0.41822942098
6414.831348 0.403825998306
6420.761044 0.403271595637
6426.756351 0.419488032659
6432.790041 0.406931638718
6438.773571 0.400076786677
6445.105503 0.402113040288
6451.076274 0.407038291295
6456.985305 0.399548610051
6462.9745 0.416081984838
6468.938109 0.407604932785
6475.27201 0.411877632141
6481.200617 0.402545452118
6487.137606 0.408995230993
6493.079582 0.401386976242
6499.015088 0.408732334773
6505.232888 0.400814612707
6511.190846 0.401068687439
6517.101285 0.403117259343
6523.224684 0.407620986303
6529.158595 0.407610098521
6535.470691 0.40413069725
6541.39672 0.403453350067
6547.368601 0.404295047124
6553.318874 0.409333308538
6559.288649 0.410110791524
6565.588433 0.401616970698
6571.561955 0.413127660751
6577.52745 0.405087073644
6583.551493 0.424221038818
6589.477737 0.402397712072
6595.875029 0.408608675003
6601.801807 0.40159702301
6607.745229 0.401949326197
6613.676803 0.407667080561
6619.63938 0.416399717331
6625.906912 0.406332015991
6631.869247 0.399950265884
6637.837058 0.410408099492
6643.759926 0.401454051336
6649.690573 0.402320226034
6656.110179 0.412411928177
6662.070526 0.409599701564
6668.070961 0.413871924082
6673.991099 0.398238261541
6679.957663 0.411201715469
6686.317593 0.404975573222
6692.268034 0.408108393351
6698.199029 0.405586322149
6704.189592 0.405888001124
6710.171695 0.410387674967
6716.630867 0.420913696289
6722.56973 0.407918691635
6728.492943 0.399747610092
6734.395039 0.400664885839
6740.331106 0.403770685196
6746.967779 0.478802522024
6752.941182 0.402052640915
6758.906623 0.409048716227
6764.877622 0.408772071203
6770.812703 0.409690936406
6777.223971 0.402763207753
6783.158865 0.402019341787
6789.13298 0.403070370356
6795.085558 0.409603993098
6801.04752 0.405948321025
6807.346556 0.405419031779
6813.316734 0.411022981008
6819.248362 0.401562372843
6825.187012 0.400454680125
6831.108254 0.403432528178
6837.438774 0.40799331665
6843.422911 0.408948342005
6849.373872 0.404801289241
6855.324505 0.403088331223
6861.353284 0.413147052129
6867.716887 0.407370011012
6873.680228 0.404953241348
6879.63914 0.401914199193
6885.608729 0.402686278025
6891.600269 0.406116008759
6897.97894 0.413296699524
6903.910694 0.403601328532
6909.881399 0.409531434377
6915.782817 0.401332298915
6921.736852 0.412392695745
6927.936427 0.402867078781
6933.908995 0.408048311869
6939.918966 0.407115300496
6945.855536 0.402336994807
6951.783383 0.402711073558
6958.160545 0.41117032369
6964.099783 0.404252608617
6970.086157 0.410151004791
6976.05882 0.408600330353
6982.009755 0.405386368434
6988.394767 0.403379996618
6994.393222 0.407593011856
7000.322416 0.398123661677
7006.28984 0.407988627752
7012.231028 0.400373379389
7018.55932 0.406780322393
7024.511441 0.408194303513
7030.487111 0.408104658127
7036.388191 0.400460640589
7042.357932 0.404781738917
7048.732457 0.414435386658
7054.694398 0.409569660823
7060.652699 0.410418987274
7066.621837 0.402695258458
7072.594011 0.40838932991
7078.989638 0.399937709173
7084.937251 0.400789340337
7090.877868 0.402432759603
7096.902925 0.41640496254
7102.825733 0.397409995397
7109.155059 0.402102390925
7115.187005 0.405460039775
7121.125902 0.403576691945
7127.079328 0.399824619293
7133.018016 0.40182630221
7139.539237 0.416727383931
7145.485505 0.40098230044
7151.455283 0.408402045568
7157.431132 0.409737984339
7163.396685 0.401815096537
7169.822395 0.409019390742
7175.768733 0.406548023224
7181.761649 0.406214475632
7187.706808 0.409155448278
7193.627536 0.400355021159
7199.991025 0.408176342646
