7.389413 1.63900542259
14.743555 1.67607506116
22.066235 1.65745536486
29.436067 1.66676338514
36.677542 1.64031434059
44.117919 1.66612871488
51.419069 1.64291930199
58.691233 1.6432630221
65.964059 1.65211796761
73.252363 1.65232356389
80.658688 1.64871263504
87.947783 1.64829532305
95.20262 1.64203834534
102.475422 1.65301934878
109.847041 1.66239500046
117.255368 1.6618177096
124.510962 1.64255563418
131.828965 1.66501800219
139.085132 1.636576732
146.40724 1.66178838412
153.881196 1.64477864901
161.118315 1.62931068738
168.323508 1.61656594276
175.612746 1.64325197538
182.851709 1.62057709694
190.340169 1.63116677602
197.595738 1.63637073835
204.920636 1.66453472773
212.172758 1.64281137784
219.462077 1.65548594793
226.867405 1.64938195546
234.189678 1.66221936544
241.444858 1.64639600118
248.770917 1.67676099141
256.039111 1.64589397113
263.363403 1.63061642647
270.650732 1.6462140878
277.839459 1.62896291415
285.111303 1.64454841614
292.316486 1.62688104312
299.688832 1.64143625895
306.927923 1.6317106088
314.199884 1.63923390706
321.438239 1.63657855988
328.676981 1.63511363665
336.083289 1.65731199582
343.354073 1.63755234083
350.559794 1.62698038419
357.815487 1.64052136739
365.004474 1.62965337435
372.409684 1.64301371574
379.633198 1.63315439224
386.920452 1.64708503087
394.209139 1.66651264826
401.448912 1.63764198621
408.871767 1.66617067655
416.14292 1.6489016215
423.402252 1.64743502935
430.656599 1.63942726453
437.908755 1.6455069383
445.297035 1.65198659897
452.555907 1.63392138481
459.913816 1.67703096072
467.213531 1.65307577451
474.503031 1.65886306763
481.891414 1.65489228566
489.213417 1.65578802427
496.436262 1.63763340314
503.774643 1.66004904111
511.046847 1.65011898677
518.418431 1.63546172778
525.657054 1.63922365506
532.912925 1.64125998815
540.167971 1.63969794909
547.423835 1.64584628741
554.79631 1.63779004415
562.035262 1.62734230359
569.276597 1.63867870967
576.495782 1.63663506508
583.701027 1.62265563011
591.090975 1.63623134295
598.311768 1.63390437762
605.58432 1.6440363725
612.826194 1.63490994771
620.115233 1.65475900968
627.451108 1.63513795535
634.72298 1.65041073163
641.978197 1.6416323185
649.26707 1.64766494433
656.489101 1.6358628273
663.960763 1.67225464185
671.199985 1.63304368655
678.43913 1.63401865959
685.678195 1.64282631874
692.968546 1.65478857358
700.355441 1.64533901215
707.594883 1.63220874468
714.882755 1.65274604162
722.237922 1.67045696576
729.527486 1.65079728762
736.916109 1.63680458069
744.204428 1.65641037623
751.493168 1.64966877302
758.715551 1.63473669688
766.020085 1.6509783268
773.445754 1.64734172821
780.798594 1.67342972755
788.004205 1.62306571007
795.276252 1.65231060982
802.480979 1.62839261691
809.97052 1.65842898687
817.245639 1.65345795949
824.447392 1.62547032038
831.686524 1.63570459684
838.958319 1.65223932266
846.398563 1.65048805873
853.619136 1.62534165382
860.84131 1.63642398516
868.180383 1.66405836741
875.519153 1.65736659368
882.944675 1.62773060799
890.246961 1.64441688855
897.51922 1.64313133558
904.791081 1.64101727804
912.097272 1.65405233701
919.502788 1.63643797239
926.75685 1.63180931409
934.013469 1.65031433105
941.234967 1.62471763293
948.509932 1.64483674367
955.912716 1.62645467122
963.167634 1.64720598857
970.573488 1.67914644877
977.814002 1.63534498215
985.117341 1.65479270617
992.523714 1.6406053702
999.878995 1.66189575195
1007.168163 1.65729928017
1014.392605 1.63652396202
1021.628376 1.63760670026
1029.033604 1.63329633077
1036.342519 1.66013177236
1043.544694 1.6270960172
1050.867219 1.65805474917
1058.139791 1.64328424136
1065.578636 1.65769100189
1072.799588 1.63401301702
1080.091961 1.65003029505
1087.361468 1.64428901672
1094.582757 1.6313931942
1101.971889 1.62710992495
1109.195271 1.6251531442
1116.45239 1.63687133789
1123.755047 1.65375908216
1130.994597 1.63560565313
1138.499127 1.65883763631
1145.78831 1.64846960704
1153.043228 1.64685901006
1160.301872 1.64326969783
1167.587487 1.65105295181
1175.059959 1.64820059141
1182.264652 1.62364133199
1189.570092 1.64665230115
1196.843503 1.64133930206
1204.081751 1.63511673609
1211.487477 1.64432207743
1218.775866 1.64945165316
1226.001716 1.63637804985
1233.236319 1.63990736008
1240.509826 1.64919098218
1248.015524 1.64771827062
1255.235986 1.63014499346
1262.491759 1.62489573161
1269.747206 1.63578001658
1277.069778 1.64540362358
1284.507812 1.6337539355
1291.730466 1.63063295682
1299.019132 1.64454436302
1306.274712 1.64209715525
1313.547099 1.63951094945
1321.002689 1.63668592771
1328.223722 1.62805525462
1335.513975 1.65292628606
1342.821707 1.66335924466
1350.057036 1.63419135412
1357.446708 1.64347974459
1364.771801 1.65905205409
1372.0235 1.64080397288
1379.346885 1.65518132846
1386.568646 1.63392003377
1394.040326 1.6462272803
1401.315093 1.64457464218
1408.567693 1.63733704885
1415.773499 1.62863540649
1423.095652 1.66310962041
1430.603531 1.65429337819
1437.922492 1.64942200979
1445.16311 1.64374629656
1452.470551 1.65203507741
1459.705378 1.63633902868
1467.215618 1.65483427048
1474.500381 1.64740268389
1481.722257 1.62982201576
1488.994817 1.64046462377
1496.283173 1.64677874247
1503.70648 1.62884171804
1510.995319 1.65519936879
1518.183586 1.62451791763
1525.425038 1.6354496479
1532.760397 1.6659142971
1540.199626 1.63284063339
1547.471253 1.64447236061
1554.813759 1.663940986
1562.116284 1.64818493525
1569.388004 1.64638853073
1576.9598 1.67401274045
1584.265812 1.65098532041
1591.50393 1.64213840167
1598.710565 1.62645101547
1606.015738 1.65912826856
1613.471393 1.62956229846
1620.693023 1.63295960426
1628.015204 1.65985623995
1635.273572 1.64401674271
1642.559593 1.65201632182
1650.048339 1.64554667473
1657.273442 1.63556798299
1664.497189 1.64466492335
1671.748049 1.6374909083
1679.023167 1.64959462484
1686.54533 1.64521185557
1693.864319 1.66082501411
1701.120334 1.6431953907
1708.342438 1.63917334874
1715.63064 1.63693658511
1723.153631 1.65506601334
1730.361188 1.62177165349
1737.580001 1.63424905141
1744.906048 1.65965557098
1752.157678 1.63706588745
1759.647087 1.63690567017
1766.951882 1.65288734436
1774.208784 1.64480535189
1781.46275 1.64549732208
1788.718482 1.63004565239
1796.207435 1.64752435684
1803.432767 1.63043133418
1810.751637 1.66353297234
1818.023397 1.63888096809
1825.3299 1.64149808884
1832.768151 1.6248506705
1840.056849 1.65933887164
1847.348143 1.65596373876
1854.568133 1.63521162669
1861.772957 1.62183801333
1869.27894 1.66033967336
1876.550587 1.64385104179
1883.84013 1.64510560036
1891.128429 1.64804236094
1898.367092 1.63929867744
1905.864083 1.63801638285
1913.179958 1.65495371819
1920.369779 1.62211275101
1927.591932 1.63025895754
1934.894312 1.65126593908
1942.417338 1.63893930117
1949.672969 1.63370903333
1956.960716 1.65957593918
1964.250134 1.65385731061
1971.538141 1.65793236097
1979.011067 1.62722929319
1986.232703 1.63417307536
1993.48914 1.63940199216
2000.792914 1.66535162926
2008.165511 1.67643197378
2015.640827 1.64126968384
2022.926938 1.64663028717
2030.182685 1.63875293732
2037.439104 1.64080500603
2044.761063 1.64975897471
2052.369432 1.66727566719
2059.687664 1.65097737312
2066.893479 1.62334068616
2074.183002 1.65297269821
2081.455927 1.64941263199
2088.976637 1.64829134941
2096.264603 1.65214729309
2103.520998 1.63553261757
2110.775769 1.64124631882
2118.04849 1.64406561852
2125.486915 1.61795671781
2132.761943 1.64958802859
2140.031176 1.63974396388
2147.287036 1.64572207133
2154.613146 1.65989144643
2162.115258 1.64940627416
2169.373168 1.63307825724
2176.627942 1.64394529661
2183.897348 1.64491311709
2191.137544 1.64218560855
2198.642926 1.63545854886
2205.88059 1.63672375679
2213.168916 1.65192564329
2220.393563 1.63547031085
2227.700094 1.65885400772
2235.188348 1.63920934995
2242.458761 1.63955775897
2249.680063 1.63722840945
2256.951651 1.63606778781
2264.223726 1.64615130424
2271.746694 1.6324450175
2279.018877 1.6456489563
2286.223869 1.6264740626
2293.479763 1.63710371653
2300.767477 1.64450001717
2308.190603 1.63904929161
2315.495751 1.66347837448
2322.767315 1.64668639501
2330.039957 1.64167865117
2337.312431 1.64905794462
2344.818328 1.64242704709
2352.090853 1.64595603943
2359.32901 1.63995901744
2366.667562 1.66062498093
2373.905941 1.63573670387
2381.328247 1.63418809573
2388.618055 1.64113728205
2395.839055 1.62606096268
2403.095286 1.63051335017
2410.333165 1.63901495934
2417.905159 1.66445676486
2425.144656 1.63675101598
2432.433328 1.6535607179
2439.688647 1.64018861453
2446.963432 1.63593300184
2454.500032 1.65479803085
2461.755185 1.63645799955
2469.026997 1.64913566907
2476.332101 1.64931376775
2483.620911 1.65657639503
2491.127089 1.63964263598
2498.365167 1.63491892815
2505.703929 1.65463503202
2512.960133 1.62775802612
2520.265369 1.6549106439
2527.721079 1.63656632106
2534.976144 1.63535761833
2542.214934 1.63966957728
2549.403338 1.61833635966
2556.692615 1.65131664276
2564.182426 1.63438344002
2571.539564 1.66318194071
2578.793445 1.63534839948
2586.064862 1.6417936484
2593.306154 1.63174494108
2600.692333 1.62101610502
2607.967498 1.64350334803
2615.188597 1.6322564284
2622.458852 1.64251200358
2629.731326 1.64900167783
2637.203352 1.62031928698
2644.491787 1.65039809545
2651.796785 1.64611760775
2659.068949 1.64216192563
2666.39127 1.66319227219
2673.848297 1.62666805585
2681.286956 1.69884173075
2688.52777 1.64029494921
2695.829927 1.65008958181
2703.135128 1.65253194173
2710.627445 1.63450066249
2717.846603 1.63545234998
2725.088421 1.63426796595
2732.406786 1.65685900052
2739.730147 1.66300964355
2747.218782 1.63981676102
2754.473309 1.63526701927
2761.695871 1.63241235415
2769.000904 1.65412203471
2776.22662 1.62758191427
2783.812479 1.64955464999
2791.088286 1.64578493436
2798.3762 1.64800167084
2805.628986 1.64667431513
2812.934378 1.64243396123
2820.423771 1.63891037305
2827.661603 1.62904135386
2834.967487 1.64818898837
2842.359259 1.66712037722
2849.647997 1.64564863841
2857.300866 1.65797869364
2864.605838 1.64779869715
2871.829733 1.62441428502
2879.151346 1.66498064995
2886.372055 1.63161460559
2893.96438 1.6681163311
2901.266425 1.64785861969
2908.555654 1.66188168526
2915.84434 1.65386128426
2923.117037 1.64720431964
2930.689033 1.65475201607
2937.927953 1.63603099187
2945.199978 1.63193670909
2952.40489 1.62763929367
2959.643339 1.63214238485
2967.182967 1.64128931363
2974.488354 1.63495628039
2981.74582 1.64398193359
2988.933468 1.6180173556
2996.238494 1.65811530749
3003.809788 1.62654471397
3011.049892 1.63122606277
3018.407395 1.65028659503
3025.61068 1.62431327502
3032.948582 1.66472101212
3040.455534 1.65201624235
3047.726637 1.64327160517
3054.964919 1.63538233439
3062.237837 1.63544837634
3069.476589 1.63885800044
3077.047923 1.6490000089
3084.337627 1.65025138855
3091.62704 1.64755328496
3098.88411 1.63638432821
3106.203122 1.65555628141
3113.71058 1.63146305084
3120.998679 1.65160306295
3128.269522 1.64349595706
3135.492122 1.63139128685
3142.71342 1.63177871704
3150.187115 1.62233996391
3157.474576 1.64284936587
3164.730396 1.64177465439
3172.002754 1.64208340645
3179.508278 1.71660621961
3187.030132 1.64856727918
3194.269307 1.63845030467
3201.507984 1.63650170962
3208.782855 1.6406604449
3216.022326 1.63937099775
3223.657914 1.66795158386
3230.946785 1.64914242427
3238.169083 1.62861466408
3245.456892 1.64554437002
3252.665849 1.62514909108
3260.185052 1.65263398488
3267.457241 1.63140130043
3274.780469 1.6625216802
3282.002108 1.62252966563
3289.293839 1.65182232857
3296.815951 1.63154538472
3304.202917 1.66172726949
3311.47329 1.64919932683
3318.728442 1.6414826711
3325.983831 1.64508231481
3333.506052 1.64771898588
3340.811948 1.63138437271
3348.084167 1.64292558034
3355.308554 1.62872894605
3362.59535 1.64785234133
3370.150525 1.6405193011
3377.393096 1.63791799545
3384.71165 1.65763274829
3391.933295 1.62915833791
3399.189871 1.64261929194
3406.764719 1.64782238007
3414.000785 1.63312307994
3421.272362 1.65044101079
3428.611383 1.65986696879
3435.833002 1.62860409419
3443.408323 1.64636866252
3450.681464 1.6293053627
3457.933211 1.63480305672
3465.205158 1.64857625961
3472.511659 1.65596199036
3480.033225 1.64298772812
3487.305876 1.64243125916
3494.676842 1.67123397191
3501.934873 1.6467619737
3509.138635 1.62926300367
3516.693417 1.64716506004
3523.88292 1.62476762136
3531.121213 1.63955370585
3538.327346 1.63112839063
3545.581345 1.62893827756
3553.071675 1.6272029082
3560.342615 1.63831400871
3567.648182 1.65508596102
3574.903896 1.6482629776
3582.277167 1.68522198995
3589.849269 1.64479160309
3597.189289 1.65583300591
3604.476806 1.64646029472
