63.640994 3.05753883123
173.305256 5.35951393843
237.054361 3.06412009001
300.649626 3.05747901201
364.362605 3.06257590055
474.010775 5.35951904058
477.600588 9999
587.666187 5.38775180578
818.923286 11.4393476367
882.633498 3.0606888175
992.649567 5.37801645994
1102.748839 5.38079228401
1212.563602 5.36581734419
1276.413777 3.06868107319
1340.095717 3.06056621075
1403.723439 3.05804847479
1467.288157 3.05531318188
1530.969976 3.05955425501
1594.533096 3.05529611111
1658.214527 3.06032136679
1721.812312 3.05665516853
1785.497429 3.06130605936
1849.127084 3.05781325102
1912.673964 3.05391532183
1976.373377 3.06208422184
2040.16733 3.06694793701
2103.698494 3.0531910181
2167.346685 3.05920757055
2399.340845 11.4768317103
2509.953482 5.40777560472
2573.618278 3.06045731306
2637.35113 3.06260048151
2700.965593 3.05767146349
2764.645271 3.06084916592
2828.342103 3.06036635637
2892.023893 3.06062066555
2955.72334 3.06142678261
3187.846165 11.4824454904
3251.391513 3.05380321741
3361.474071 5.37960964441
3425.30578 3.06686828136
3535.387445 5.37968324423
3599.28605 3.06604219675
3663.887066 3.10661236048
