18.68657 5.37212793032
55.426567 11.4424693584
74.257477 5.42804503441
92.820961 5.39286605517
111.539609 5.40037703514
130.084267 5.36891976992
148.7478 5.38440068563
167.344951 5.39447967211
179.169207 3.10067335765
190.861227 3.09292968114
203.071772 3.26807268461
221.78673 5.39217360814
240.268041 5.35799837112
252.141407 3.11087767283
271.242162 5.56655502319
282.981177 3.0797829628
294.589486 3.06091896693
313.169719 5.38399211566
331.854693 5.38146233559
343.478936 3.07281835874
362.107101 5.37057065964
380.78715 5.42250029246
392.832602 3.17910703023
405.088736 3.27722541491
416.748668 3.08171455065
428.542491 3.08696460724
440.168539 3.07297738393
458.782008 5.40460435549
470.570698 3.08436799049
482.18066 3.06989963849
519.093665 11.5038634141
537.821089 5.40543007851
549.481133 3.07429059347
579.336336 9.10790904363
591.014577 3.08545454343
609.724498 5.3942890962
621.384326 3.07894341151
658.731944 11.576643308
670.586967 3.1014436086
707.431026 11.478827397
719.272951 3.08616201083
730.901216 3.06681632996
742.474194 3.0493546327
772.329769 9.1040336291
809.106886 11.4587656657
820.881705 3.0771976312
832.577016 3.08651336034
844.200771 3.07652831078
856.024276 3.08611559868
867.684079 3.08097171783
879.342444 3.0744843483
891.017653 3.04213166237
902.676572 3.0702029864
914.356459 3.09277399381
926.147757 3.08345945676
937.839721 3.09723043442
950.061625 3.26420195897
968.776324 5.38141735395
980.401479 3.06882031759
992.176626 3.07257970174
1003.768149 3.05831034978
1040.399852 11.409462293
1077.71054 11.5679656665
1096.556793 5.43928901354
1108.296168 3.10413130124
1120.005566 3.0523053805
1131.580257 3.05204129219
1143.272421 3.09577735265
1155.098974 3.08647966385
1192.375743 11.6120684147
1222.247961 9.10952512423
1233.975831 3.10386697451
1245.818585 3.08024978638
1275.555038 9.101521492
1294.235009 5.37102635701
1305.914157 3.07739369075
1335.885517 9.13699769974
1354.46297 5.39256238937
1391.707423 11.5339179039
1403.500232 3.06681259473
1422.013661 5.36994830767
1433.843585 3.09012715022
1452.387116 5.37194689115
1489.749421 11.5639340083
1501.642596 3.11934733391
1531.412946 9.11042221387
1543.155447 3.0635582606
1554.831377 3.08174475034
1573.512534 5.41642459234
1611.007915 11.6101884047
1622.848466 3.09320131938
1659.493749 11.4059999784
1671.350081 3.09788401922
1683.008464 3.07476909955
1719.840316 11.4699979623
1731.628572 3.07067020734
1768.875997 11.6015426318
1780.697608 3.08609326681
1792.376486 3.07608540853
1810.971334 5.3860493501
1848.198224 11.5348812739
1867.029282 5.42837397257
1878.67449 3.06943623225
1890.497907 3.07881546021
1909.094154 5.376288414
1946.424162 11.5539986293
1958.214054 3.07515772184
1970.005731 3.1131687959
1981.633781 3.07246168454
2018.945106 11.5590554078
2030.733873 3.08064277967
2049.349062 5.38544861476
2086.692583 11.5792383353
2098.501652 3.08491635323
2117.14857 5.39456264178
2135.799924 5.35693470637
2154.47657 5.41088072459
2166.285714 3.07168539365
2184.982952 5.41884358724
2203.696803 5.37144271533
2233.636652 9.155671676
2245.413668 3.05943202972
2257.053333 3.06688968341
2268.745344 3.09045680364
2280.520275 3.07190767924
2292.229904 3.06484270096
2303.889326 3.08604955673
2341.182452 11.5512620608
2353.011784 3.08655238152
2364.584416 3.04626965523
2376.241939 3.0760623614
2413.155154 11.4400463899
2450.597454 11.5819805463
2462.476766 3.0791370074
2474.13444 3.06694165866
2485.894469 3.08441901207
2497.700035 3.06204915047
2509.361829 3.07675202688
2528.224112 5.47801264127
2547.152798 5.44265206655
2558.861505 3.07799307505
2589.370435 9.31227660179
2601.176358 3.06857363383
2612.838911 3.07874369621
2643.178504 9.30728340149
2673.146172 9.1172088782
2684.805795 3.05818271637
2721.616067 11.4105075995
2751.673153 9.10048357646
2763.734614 3.19723240534
2775.589842 3.09757065773
2794.205164 5.38796591759
2806.062444 3.09310293198
2818.138311 3.21209303538
2837.085804 5.50330464045
2848.912156 3.08436361949
2860.62267 3.09799838066
2897.416453 11.4658046563
2909.225813 3.07003259659
2927.823511 5.37513661385
2939.812392 3.13303200404
2976.522948 11.4258482456
2995.406471 5.42856518428
3007.096697 3.08690826098
3026.047301 5.44473099709
3044.824698 5.44202764829
3056.649821 3.07070295016
3068.275091 3.06803409259
3086.838395 5.36931292216
3105.802702 5.45420233409
3117.44459 3.06860963504
3129.286334 3.08234635989
3140.916483 3.06733465195
3153.004289 3.20661036174
3171.722214 5.37279756864
3183.447653 3.10425186157
3195.27267 3.08628058434
3206.944385 3.08207003276
3218.636869 3.08245706558
3255.516456 11.4345417023
3285.507115 9.1205449899
3304.300393 5.40726804733
3316.159269 3.13606643677
3327.984498 3.08448497454
3339.74453 3.10463404655
3358.528079 5.44411834081
3377.288546 5.36605294545
3414.083565 11.4420573711
3433.031965 5.42448965708
3444.70585 3.06630833944
3456.631803 3.08765125275
3475.313159 5.40986800194
3487.105205 3.05805873871
3498.796018 3.08609422048
3517.376803 5.37304830551
3536.244367 5.39069573085
3554.841751 5.39038737615
3566.581691 3.05180207888
3585.145775 5.36632227898
3622.155066 11.4582043489
3659.082076 11.4228845437
3689.091784 9.11664470037
3700.996296 3.07469828924
3712.789025 3.11955134074
3724.567772 3.10992097855
3754.837214 9.21542461713
3773.883972 5.4662733078
3785.526181 3.05967871348
3797.753005 3.20477151871
3809.445405 3.0806210041
3821.056336 3.0643649896
3832.86189 3.05982240041
3844.524054 3.08029762904
3856.130759 3.0592499574
3867.987952 3.05661940575
3897.827426 9.13199830055
3909.636979 3.05190865199
3921.377744 3.09753139814
3933.069518 3.07564640045
3944.863472 3.04292734464
3956.573904 3.08715661367
3975.08412 5.36360192299
3986.963536 3.0749967893
3998.622131 3.07562541962
4010.460364 3.12680427233
4040.436909 9.11327123642
4059.684497 5.55571802457
4071.340426 3.07399400075
4083.180936 3.07194288572
4094.893805 3.08393295606
4106.566059 3.07635974884
4118.444386 3.07462398211
4130.100765 3.07497596741
4166.827899 11.4277777672
4178.704246 3.07685542107
4215.433439 11.4347590605
4227.309089 3.0746866862
4238.981147 3.07720796267
4250.692408 3.07788872719
4269.653619 5.44002827009
4281.645642 3.17286666234
4300.47728 5.39290833473
4312.669228 3.25720532735
4324.548021 3.07982826233
4354.387363 9.13646864891
4366.809554 3.23003474871
4378.467943 3.07806158066
4397.065423 5.38697353999
4408.957958 3.08133927981
4420.600171 3.07134834925
4432.261331 3.0766916275
4469.268768 11.4585452875
4481.212782 3.09087260564
4492.840383 3.06922928492
4504.64569 3.12236531576
4516.523874 3.07806841532
4535.118221 5.37706693014
4572.097174 11.4309461117
4584.021096 3.07700665792
4620.832023 11.4586211046
4650.804188 9.10301200549
4662.646488 3.10236692429
4692.468875 9.1235786279
4711.453533 5.43134037654
4723.108324 3.07150220871
4735.054775 3.09365042051
4746.709939 3.07723196348
4765.373576 5.402627786
4777.268708 3.0732216835
4788.928186 3.07704758644
4818.796185 9.14185595512
4837.611628 5.38762394587
4867.403599 9.115518411
4886.18411 5.3728240331
4915.952316 9.11279495557
4934.782501 5.39343698819
4971.645178 11.4756679535
4990.412044 5.36486021678
5002.083283 3.07482965787
5021.034741 5.42713030179
5032.689343 3.06911333402
5044.564947 3.07076239586
5056.289855 3.09294875463
5068.002572 3.07873098056
5086.766778 5.36588231723
5098.455919 3.08238228162
5110.299968 3.06133031845
5128.843984 5.37243564924
5140.723852 3.06830263138
5152.378568 3.07622726758
5164.106445 3.09412105878
5194.26125 9.15838797887
5206.168865 3.08447607358
5217.860168 3.07903234164
5229.652242 3.11443161964
5248.504011 5.38828508059
5260.242693 3.08757607142
5279.076104 5.38307833672
5290.764834 3.0816497008
5302.694164 3.08094398181
5314.386561 3.08100334803
5326.008835 3.07143998146
5338.016539 3.08846036593
5349.825804 3.11692134539
5368.409856 5.38592259089
5387.173491 5.37635191282
5398.864434 3.08489910762
5435.940782 11.4574443499
5447.84953 3.08068402608
5459.543149 3.08452518781
5471.186634 3.06836088498
5490.181016 5.43134975433
5501.805691 3.06454968452
5513.76472 3.09352469444
5525.877069 3.21464172999
5537.519798 3.07203571002
5549.392357 3.07682132721
5561.049482 3.0718386968
5579.596515 5.36537496249
5591.972822 3.22314834595
5603.752224 3.1123890082
5615.389869 3.0671013991
5627.249633 3.07211359342
5638.957926 3.08828171094
5657.508474 5.38212831815
5669.464544 3.08539501826
5681.089408 3.06545758247
5692.747961 3.07543468475
5704.644346 3.06913598378
5741.270782 11.3922379812
5753.24647 3.09368769328
5764.98558 3.08916862806
5776.548034 3.04942536354
5788.454143 3.08649810155
5807.184481 5.4135667483
5819.192521 3.10385203362
5837.806529 5.39921601613
5849.70198 3.07096465429
5868.378918 5.42305660248
5880.370669 3.08529265722
5898.905501 5.36324397723
5917.701768 5.37922469775
5929.790986 3.20800964038
5941.854245 3.11727801959
5978.61216 11.4347829819
6008.602881 9.09987910589
6020.479532 3.08548005422
6039.256701 5.43707195918
6051.182921 3.07287565867
6062.777047 3.06110501289
6074.501956 3.09802309672
6093.413114 5.40859031677
6111.964465 5.36260875066
6123.903916 3.08220275243
6142.484031 5.36889068286
6154.360029 3.06232492129
6191.102888 11.4296926657
6221.276473 9.15995073318
6233.321007 3.08722201983
6245.128633 3.12054340045
6263.739664 5.38824105263
6275.685494 3.08460259438
6294.296106 5.38347299894
6306.2385 3.05648605029
6317.948516 3.08192602793
6329.623794 3.07530935605
6341.535411 3.05127461751
6353.257186 3.08494663239
6371.807981 5.37044072151
6383.832847 3.12188633283
6395.488777 3.06059972445
6407.180856 3.07226236661
6419.089334 3.06960026423
6438.207647 5.55626964569
6475.14869 11.416030248
6487.057531 3.08347439766
6498.700992 3.06890296936
6510.341039 3.07356508573
6522.48423 3.13496629397
6552.759601 9.27636766434
6582.745301 9.09867970149
6594.590525 3.07617735863
6606.345773 3.1026459535
6625.362613 5.51529463132
6662.455264 11.4622620742
6681.352554 5.40456398328
6711.190666 9.13219134013
6730.141352 5.4111289978
6741.796032 3.07127865156
6753.738683 3.08094835281
6772.319264 5.37824630737
6784.227859 3.07167188327
6795.890799 3.0816060702
6814.617393 5.42794299126
6844.825947 9.16720525424
6856.750081 3.07682204247
6868.424922 3.07556700706
6880.066582 3.07359162966
6891.978349 3.06732169787
6903.700726 3.08998672167
6915.360629 3.07032736142
6927.472727 3.14471928279
6939.110191 3.05505434672
6957.724183 5.38643701871
6994.701894 11.435807387
7006.731278 3.11106872559
7018.435954 3.0812766552
7037.033762 5.39016397794
7049.026683 3.09131034215
7060.768229 3.10431202253
7072.480367 3.09455235799
7084.405927 3.081442674
7096.177558 3.0988919735
7114.774779 5.38708996773
7126.716708 3.08687035243
7138.362986 3.06199494998
7156.972783 5.39159607887
7168.93601 3.08003592491
7187.4796 5.35552835464
7206.344035 5.38782199224
