8.913005 1.1959865888
17.119856 1.09285259247
24.874941 0.990744034449
32.898092 1.02427331607
40.953828 0.998836596807
48.910474 1.06143331528
57.299496 1.19335420926
65.138787 0.992199103038
73.430817 1.02977466583
81.283977 1.00540924072
89.259624 1.0256125927
96.995671 0.984921614329
105.471218 1.03333091736
113.37433 1.0334695975
121.167303 0.99078075091
129.006226 1.01573634148
137.26202 1.04217759768
145.282305 1.04356066386
153.087288 0.988706986109
160.88065 0.993107318878
168.899368 1.00808691978
177.223435 1.06197166443
185.248432 1.03978276253
193.470349 1.05117734273
201.458173 1.00447758039
209.63314 1.04293966293
217.685532 1.02192664146
225.5453 0.999308665593
233.564121 1.00856002172
241.539875 1.04945993423
249.509912 1.00963966052
257.835538 1.13728356361
266.338871 1.04928270976
274.327841 1.04027605057
282.452884 1.01998321215
290.207372 0.981722434362
298.430826 1.03040337563
306.435527 1.02034664154
314.592224 1.01147468885
322.515097 1.03946240743
330.821786 1.00625832876
338.679587 1.0093793869
346.685525 1.02800798416
354.575297 0.985528945923
362.694979 1.01986336708
370.636875 1.01933526993
378.522723 0.990059375763
386.563125 1.06529935201
394.852517 1.00975497564
403.027705 1.03204695384
410.998531 1.01724004745
419.103856 1.06903298696
427.259778 0.99493765831
435.082381 1.00194160144
443.33818 1.14045190811
451.277707 1.02021201452
459.666979 1.02005600929
467.890365 1.12453325589
475.913468 1.03260493279
483.918197 1.00885589918
492.074682 1.05941406886
500.030676 1.01678101222
507.922946 1.02174266179
515.976239 1.0612496535
524.348928 1.06317130725
532.388698 1.07855765025
540.276916 1.01514871915
548.166628 1.03294499715
556.406628 1.05955092112
564.613426 1.04544560115
572.551604 1.03870224953
580.507045 1.00569963455
588.863638 1.10894966125
596.902926 0.989178260167
604.77566 1.0121456782
612.918561 1.06528496742
621.087887 1.05911628405
629.110631 1.0491836071
637.430468 1.00614364942
645.456248 1.06824103991
653.764976 1.01714237531
661.56773 0.9966776371
669.707553 1.059902668
677.630512 1.01055963834
685.685782 0.997824589411
693.475093 0.991211334864
701.380682 1.01987727483
709.320716 1.02561601003
717.831386 1.11127368609
725.782622 1.00995993614
733.606228 0.991271257401
741.495644 1.00848531723
749.68395 0.991799354553
757.577595 1.01879294713
765.77975 0.993268251419
773.751485 1.03238868713
782.358594 1.09831436475
790.130861 0.980724334717
798.040459 1.03764001528
805.809238 0.987349271774
813.866171 0.993748346965
821.671497 0.995913346608
829.527352 1.00658377012
837.51682 1.00397237142
845.706213 1.05009198189
853.529783 0.996017297109
861.417639 1.0063606898
869.259956 1.00936222076
877.349599 1.01761205991
885.17159 0.98894572258
893.044765 0.996693690618
900.948027 1.04348007838
908.969939 0.998199701309
916.878287 1.00850907962
924.782194 1.01422437032
932.590242 0.996323982875
940.563345 0.983261664708
948.365603 1.01569390297
956.238474 0.999048312505
964.078155 0.997231245041
972.200535 1.00646162033
980.023815 0.990150690079
987.895907 0.992276589076
995.751712 1.00445302327
1003.874765 1.0095392863
1011.846759 1.00621438026
1019.669156 0.986694574356
1027.558461 1.01219232877
1035.581139 0.991756280263
1043.453859 1.01858671506
1051.29329 0.999409755071
1059.186122 1.00996669134
1067.355013 1.04006727537
1075.178218 1.00680557887
1082.999985 0.99375295639
1090.906159 1.02533245087
1099.112577 1.03045137723
1106.951268 1.00834393501
1114.791497 1.00484673182
1122.680031 1.02606137594
1130.922626 1.04256208738
1138.711436 0.997744003932
1146.547733 0.99479341507
1154.52345 1.0517663161
1162.577574 1.00614976883
1170.38203 0.991349379222
1178.338283 1.00624529521
1186.160719 1.0100227197
1194.166273 0.986484924952
1201.975538 0.983387708664
1209.915166 1.0254286925
1217.752231 0.998602390289
1225.857081 0.999512036641
1233.783436 1.01549394925
1241.770068 1.0254620711
1249.611252 1.01083938281
1257.849859 1.0316499869
1265.740046 1.02672576904
1273.61016 1.00696206093
1281.401611 0.992033243179
1289.607996 1.03611103694
1297.527108 1.01940631866
1305.486098 1.02837093671
1313.289576 1.00198992093
1321.295374 0.99625770251
1329.13496 1.01220091184
1337.040486 1.01201701164
1344.863106 1.01797072093
1353.086056 1.03981574376
1360.960612 1.0035320123
1368.814901 1.00055702527
1376.687199 1.01628565788
1384.862407 1.03060094515
1392.702429 0.998207648595
1400.554213 0.998053391774
1408.344362 0.994901339213
1416.4831 1.00849866867
1424.355574 0.997970978419
1432.311726 1.03010606766
1440.117387 0.999201377233
1448.260662 1.01987163226
1456.079828 0.986946026484
1463.935325 1.00196297963
1471.757894 1.0021686554
1479.86393 0.994753599167
1487.754903 1.03402860959
1495.558739 0.996054331462
1503.40133 0.996529976527
1511.537511 1.01118135452
1519.476773 1.01152467728
1527.336875 0.998113314311
1535.224567 0.995231787364
1543.411629 1.03311427434
1551.267244 0.993097305298
1559.090387 0.998909393946
1566.928642 0.994673013687
1575.118379 1.01849102974
1582.924573 0.99976460139
1590.713231 0.994610309601
1598.655635 1.02978769938
1606.758566 1.00540129344
1614.61521 1.01320799192
1622.554172 1.04393704732
1630.310059 0.989535331726
1638.502505 0.99711171786
1646.438545 1.0248743693
1654.378149 1.02181124687
1662.193695 0.997215270996
1670.356119 1.02679276466
1678.145532 1.00015505155
1686.151846 1.03570922216
1693.990607 1.00575939814
1702.114183 1.01437902451
1709.885998 0.981476068497
1717.658701 0.985535383224
1725.39882 0.980545361837
1733.503763 1.0100543499
1741.326633 0.984672943751
1749.248904 1.02703770002
1757.105675 0.996642748515
1765.178042 1.00958140691
1773.000088 0.987141052882
1780.872139 1.00456595421
1788.778306 1.01862637202
1796.801989 1.01422635714
1804.606807 0.993462959925
1812.499549 1.0133310159
1820.385431 1.00342003504
1828.527647 1.00529098511
1836.282372 0.987608750661
1844.238983 1.01153270404
1852.096181 1.00674422582
1860.165498 0.996330976486
1868.0576 1.00687964757
1875.926997 0.998546997706
1883.866744 1.02488994598
1891.855967 0.989097277323
1899.711485 1.00604399045
1907.466744 0.98934396108
1915.256786 0.991908073425
1923.346109 1.00707840919
1931.218223 1.01929370562
1939.110695 1.01225304604
1946.979823 1.00241963069
1955.036419 1.00680438677
1962.914501 1.00351301829
1970.835086 1.00186928113
1978.673231 1.00360369682
1986.826728 1.00838065147
1994.649605 1.01422293981
2002.454797 0.987830320994
2010.243668 0.994280020396
2018.383283 1.01517264048
2026.239796 1.01199674606
2034.08237 0.986274639765
2041.870624 0.997381051381
2049.906939 0.996570984523
2057.779862 1.00139204661
2065.602097 0.985742648443
2073.510705 1.0211259524
2081.575395 0.998742580414
2089.486858 1.00314768155
2097.295814 1.00554998716
2105.131647 0.994955539703
2113.287608 1.02409903208
2121.277457 1.0458993117
2129.050045 0.993716319402
2136.842861 0.996337254842
2144.994882 1.00599169731
2152.818114 1.00525371234
2160.790527 1.03247205416
2168.632553 0.998240391413
2176.768303 1.0091407299
2184.694225 1.00548378627
2192.584633 1.02180163066
2200.523071 1.03134131432
2208.726167 0.993337631226
2216.648389 1.00620468458
2224.590677 1.02624265353
2232.39476 0.999096393585
2240.499572 0.996811230977
2248.406929 1.01711042722
2256.244963 0.987297614415
2264.120644 1.0204556783
2272.290842 1.0298696359
2280.212713 1.03943490982
2288.102451 1.01113128662
2295.943588 0.990991274516
2304.04853 1.0124955972
2311.952993 1.01734097799
2319.775722 0.995931069056
2327.615296 1.00431068738
2335.704057 0.999390045802
2343.560587 0.996613661448
2351.382955 1.00079345703
2359.221914 1.00025757154
2367.361859 1.01253501574
2375.187927 0.988448381424
2383.139853 1.0197356542
2390.995397 1.00583203634
2399.103981 1.00268864632
2407.024868 1.00604160627
2414.930783 1.03149565061
2422.819639 1.01716430982
2431.025633 1.0174938043
2438.815212 0.98709098498
2446.757165 1.0333220164
2454.643142 1.00859308243
2462.666528 0.992703676224
2470.59161 1.01279711723
2478.461191 0.99555627505
2486.350387 1.00982729594
2494.574046 1.00446565946
2502.399296 0.998667955399
2510.251255 1.01297394435
2518.124437 0.997308413188
2526.347482 1.00674033165
2534.403151 1.03399999936
2542.259281 0.995083649953
2550.198187 1.01368029912
2558.357426 0.999403397242
2566.210021 0.994939724604
2574.051061 0.998216867447
2581.891306 0.995159784953
2590.0785 1.03675524394
2597.967603 1.02479465803
2605.906733 1.01392761866
2613.795755 1.02501392365
2621.934839 1.01869535446
2629.77462 1.01217095057
2637.647629 0.997700293859
2645.54019 0.999891440074
2653.828974 1.03892127673
2661.715843 1.01457540194
2669.537315 0.991181612015
2677.426902 1.00902628899
2685.567069 0.992677370707
2693.40537 0.997728347778
2701.277683 0.996654431025
2709.218101 1.03503139814
2717.423719 0.99366569519
2725.265793 0.989200353622
2733.102167 0.99138768514
2740.958673 1.00549809138
2749.18342 1.0465713342
2757.103394 1.03275966644
2764.976235 1.02107636134
2772.782935 0.992008368174
2780.920441 0.99350865682
2788.927141 1.02481834094
2796.785452 0.992118676503
2804.640632 1.02010265986
2812.878043 1.01723265648
2820.76731 0.9965523084
2828.623172 1.01571130753
2836.462785 1.00297768911
2844.65141 1.00920971235
2852.507798 1.00392770767
2860.383409 0.995321989059
2868.256996 1.01397959391
2876.493435 1.01487072309
2884.214763 0.976291577021
2892.071872 1.00384879112
2899.89734 0.995952685674
2908.032441 1.00326736768
2915.972227 1.01483543714
2923.862336 1.02135491371
2931.683888 0.986617644628
2939.90647 1.0389046669
2947.745513 0.99410700798
2955.55151 1.01131796837
2963.357296 0.98860057195
2971.613512 1.03520139058
2979.389786 0.980580012004
2987.191775 0.983613729477
2995.097881 1.04091533025
3003.25463 1.00352009137
3011.110193 0.997571229935
3018.936047 0.993217945099
3026.68858 0.993740320206
3034.810854 0.991515318553
3042.569418 0.988532781601
3050.489045 1.02127599716
3058.295179 0.995273033778
3066.43555 1.01925206184
3074.274208 0.993882417679
3082.097127 1.00210706393
3089.885367 0.990506013234
3097.927949 0.994862397512
3105.801444 1.00495735804
3113.686309 1.00439596176
3121.542448 1.00789793332
3129.666146 0.997065941493
3137.455061 0.996644655863
3145.229767 0.987034082413
3153.032835 0.990736722946
3161.122295 1.00112199783
3168.861353 0.983493645986
3176.634572 0.987896283468
3184.409305 0.990855614344
3192.511918 1.00334970156
3200.388086 1.0031777223
3208.30718 1.01242907842
3216.196137 1.01360225677
3224.386187 1.0187719663
3232.259191 1.02118492126
3240.115205 0.991470972697
3247.953737 1.00535138448
3256.126288 1.01835870743
3263.982391 1.0006497701
3271.887796 1.00953269005
3279.744728 0.999964634577
3287.85334 0.998546918233
3295.689526 1.01209537188
3303.495352 0.989832003911
3311.284395 0.993779659271
3319.424126 0.996562242508
3327.232504 0.998645941416
3335.152224 1.01370636622
3342.941082 0.98198445638
3351.06438 0.992474635442
3358.904087 0.997088750203
3366.759702 0.995277245839
3374.615639 1.00038504601
3382.791401 1.02279869715
3390.676812 1.01482097308
3398.583569 1.02184661229
3406.339472 0.98166402181
3414.411626 0.994779984156
3422.184825 0.995740572611
3429.956043 0.979886054993
3437.81356 1.00043956439
3445.985273 1.00374102592
3453.791643 0.99179871877
3461.597417 0.999264081319
3469.456119 1.02170936267
3477.642976 1.00501402219
3485.599082 1.02697364489
3493.407489 0.997081041336
3501.226585 1.00300931931
3509.502843 1.03170339266
3517.539538 1.05648994446
3525.345653 0.992007732391
3533.217377 1.01622525851
3541.425622 1.00343696276
3549.279453 1.02071062724
3557.118588 1.01437067986
3564.974891 1.02009534836
3573.150049 1.01152737935
3581.036771 1.01795760791
3588.877962 0.998902956645
3596.697947 0.990758339564
3604.871126 1.00841999054
3612.743874 1.015528361
3620.615959 1.00644628207
3628.454949 0.999134620031
3636.748251 1.04379669825
3644.537553 1.00199270248
3652.443498 1.02020732562
3660.282437 1.01400764783
3668.518396 1.01353240013
3676.310913 0.993072986603
3684.147074 0.997976064682
3691.936051 0.994087060293
3700.126188 1.00758298238
3708.051362 1.02068630854
3715.854792 0.992995580037
3723.713052 1.00327634811
3732.050711 1.03428800901
3739.938847 0.996021032333
3747.748053 0.997809330622
3755.600387 1.0297926267
3763.856544 1.00425434113
3771.84579 1.0278506279
3779.684607 0.998872995377
3787.590736 1.00627589226
3795.863889 1.02141833305
3803.73645 1.00481653214
3811.610093 1.00250434875
3819.435033 0.996304035187
3827.690556 1.01372361183
3835.744616 1.03253126144
3843.582783 0.986831665039
3851.405109 1.0160009861
3859.731416 1.02963757515
3867.567672 0.99524307251
3875.506843 1.01654664675
3883.482878 1.02540302277
3891.688481 0.989727020264
3899.511087 0.995646715164
3907.467291 1.0304210186
3915.270238 0.990343014399
3923.476388 1.00156060855
3931.482633 1.0501127243
3939.504682 1.0380303065
3947.327231 1.00783038139
3955.599772 1.02270634969
3963.439134 1.00091997782
3971.228688 0.995543718338
3979.170963 1.02663691839
3987.390464 0.99526365598
3995.316968 1.01644333204
4003.102648 0.996893644333
4011.044045 1.02092472712
4019.331095 1.00125098228
4027.22036 1.01489122709
4035.143007 1.01821804047
4043.066717 1.01382811864
4051.254791 1.01638690631
4059.144721 1.01594670614
4067.033232 1.01206437747
4074.955721 1.01125828425
4083.262122 1.0264673233
4091.117912 0.995299736659
4098.990767 1.00339770317
4106.846846 1.01223429044
4115.019349 1.00538102786
4122.89447 1.01041698456
4130.747791 0.995891332626
4138.553924 0.99448800087
4146.727376 1.00189963977
4154.535496 0.998397668203
4162.388364 0.994697093964
4170.163819 0.98827902476
4178.250182 0.996452728907
4186.240009 1.04219730695
4194.078959 0.989731947581
4201.967511 1.02258396149
4210.107085 1.00237639745
4217.999239 1.01263999939
4225.852329 0.998660723368
4233.628081 0.993818680445
4241.781204 0.998200734456
4249.60296 0.998043298721
4257.443048 1.00867493947
4265.298473 1.00131233533
4273.421148 1.00191640854
4281.260465 0.998596350352
4289.132831 1.02946090698
4296.991985 1.00334501266
4305.211965 0.988130569458
4313.071238 1.01233530045
4320.875102 0.990605990092
4328.796078 1.01605463028
4336.985611 0.987167040507
4344.825008 0.988229036331
4352.613986 0.987217664719
4360.486808 1.00718569756
4368.675847 0.990253369013
4376.485358 0.998074690501
4384.355069 0.998486995697
4392.2436 0.985783576965
4400.519487 1.01147262255
4408.389868 1.00573396683
4416.348555 1.02999734879
4424.151137 0.992080688477
4432.490737 1.02495265007
4440.396747 1.03405094147
4448.355071 1.03148341179
4456.241577 1.00444102287
4464.567902 1.01092163722
4472.44029 1.03109431267
4480.313167 1.00084265073
4488.185136 1.02278733253
4496.438825 1.01012428602
4504.363802 1.01817274094
4512.202423 0.991300264994
4520.206216 1.03698833783
4528.362086 0.992084344228
4536.304649 1.02677027384
4544.273817 1.04447197914
4552.145703 1.00967709223
4560.419625 1.02309211095
4568.40852 1.02933828036
4576.230985 0.989219665527
4584.103552 1.01903303464
4592.21381 0.995833396912
4600.16894 1.02484003703
4608.074879 1.01296027501
4616.064403 1.03423031171
4624.367528 1.01115544637
4632.20924 1.00038361549
4640.116373 1.00527230899
4648.018101 1.02267360687
4656.161061 0.98054877917
4664.200226 1.05597941081
4672.035903 0.997283617655
4680.059394 1.03058171272
4688.331947 0.990440686544
4696.17092 1.00451866786
4704.078467 1.01474030813
4712.083471 1.03312770526
4720.289231 1.00840830803
4728.09675 0.999267657598
4736.004416 1.00530227025
4743.843281 1.01174529394
4752.196872 1.02253492673
4759.951908 0.989939610163
4767.858531 1.00577600797
4775.717449 1.00768303871
4783.970296 1.00362896919
4791.876173 1.01998202006
4799.848228 1.03530311584
4807.757419 1.02023990949
4815.977213 0.990001996358
4823.883154 1.01652137438
4831.70597 1.0039703846
4839.544549 1.00508570671
4847.755442 0.993793567022
4855.657691 1.01712568601
4863.596043 1.01581803958
4871.468727 1.0258026123
4879.608805 0.992867946625
4887.530861 1.01852909724
4895.503615 1.03061000506
4903.276252 0.99015100797
4911.615211 1.02454574903
4919.455309 0.998716751734
4927.294344 0.989790439606
4935.219942 1.01743666331
4943.474 1.01508196195
4951.462256 1.0265566508
4959.301359 0.996640920639
4967.207016 1.02494955063
4975.496774 1.03402264913
4983.369844 1.00747664769
4991.24564 1.01345554988
4999.084266 1.00965507825
5007.338059 1.01345690091
5015.212905 0.99738629659
5023.13208 1.01584903399
5031.089518 1.01323866844
5039.41126 1.01074465116
5047.267064 1.00108130773
5055.139947 0.996421972911
5063.062563 1.02478162448
5071.234693 1.00402061145
5079.191019 1.03593397141
5087.014388 0.994050661723
5094.922634 1.00184798241
5103.175225 0.998706420263
5111.081376 1.00605988503
5118.921087 0.992381652196
5126.779522 0.98651266098
5134.936061 0.999386707942
5142.838275 1.02752868334
5150.711531 0.999248981476
5158.686278 1.02738332748
5166.856402 1.00310341517
5174.749425 0.99092968305
5182.752189 1.0410733223
5190.558389 0.986069281896
5198.680391 0.985571622849
5206.486714 0.995939652125
5214.44245 1.04718287786
5222.367992 1.01687733332
5230.654457 1.00117063522
5238.580647 1.02530471484
5246.452979 1.00229167938
5254.274687 0.992223421733
5262.511987 1.00738525391
5270.41712 1.00590697924
5278.273379 0.999706904093
5286.146795 0.988356669744
5294.469663 1.0164030393
5302.361004 1.02157862981
5310.281531 1.00507720311
5318.253864 1.02220408122
5326.442814 1.01525259018
5334.282735 1.0076936086
5342.138421 1.00319600105
5350.010916 0.999321381251
5358.350711 1.02955198288
5366.188755 1.01261035601
5374.078882 1.01447606087
5381.883904 1.00011769931
5390.141421 1.02308694522
5398.012312 1.00843159358
5405.872201 1.01711503665
5413.674891 0.993540604909
5421.948233 0.99667429924
5429.803253 1.00665227572
5437.659615 0.988262017568
5445.55192 1.00288955371
5453.908036 1.01910980543
5461.81063 1.01506829262
5469.719363 1.02488597234
5477.55584 0.998423973719
5485.81504 1.00256935755
5493.750874 1.03227972984
5501.624309 1.01721469561
5509.429542 0.994323015213
5517.688787 0.998788356781
5525.508581 0.991654952367
5533.447556 1.01900529861
5541.370119 1.02112364769
5549.776821 1.06121770541
5557.582424 0.991869449615
5565.438209 1.00085155169
5573.278348 1.00875965754
5581.636365 1.02271763484
5589.509367 0.992792606354
5597.365545 1.01055399577
5605.101442 0.980348348618
5613.443758 1.02979898453
5621.513471 1.00657645861
5629.50575 1.05615266164
5637.342085 0.999284029007
5645.584807 0.999463399251
5653.403864 0.994686365128
5661.279676 0.997889598211
5669.132581 1.01301670074
5677.406435 1.02429064115
5685.248158 0.981155633926
5693.15097 1.00934505463
5701.040445 1.01210435232
5709.246194 0.983359654744
5717.087733 0.983134667079
5724.974106 1.00341200829
5732.963537 1.02202995618
5741.170429 0.998378117879
5749.158941 1.05369393031
5756.948209 0.998998403549
5764.757896 0.989596684774
5772.976439 1.00407234828
5781.00318 1.0557320118
5788.855186 1.00162935257
5796.74758 1.01553297043
5804.934874 0.977519035339
5812.773425 1.00538436572
5820.762552 1.04038294156
5828.605398 1.01146396001
5836.758999 0.994659900665
5844.663707 1.00615064303
5852.587528 1.01747632027
5860.609325 1.05831034978
5868.932199 0.996916214625
5876.804763 1.01402997971
5884.678319 1.01073765755
5892.603414 1.01096304258
5900.922833 1.01660410563
5908.829598 1.01205531756
5916.721569 0.996786355972
5924.590787 1.00282963117
5932.866932 1.01582511266
5940.769242 1.01462165515
5948.658444 1.02105561892
5956.497384 1.01651803652
5964.620752 0.994631767273
5972.442707 0.997033039729
5980.335222 1.02579728762
5988.138123 0.997185627619
5996.311083 1.0028723081
6004.236168 1.01694266001
6012.074015 0.990668296814
6019.844843 0.988627910614
6028.018245 0.97989098231
6035.873817 0.99759165446
6043.813065 1.04018131892
6051.705424 1.01187562943
6059.924938 1.00983373324
6067.818403 1.01299866041
6075.703621 0.998340368271
6083.576095 1.01859704653
6091.749238 0.992201646169
6099.571102 1.00701435407
6107.494378 1.02367035548
6115.350003 1.00640765826
6123.555597 1.02022830645
6131.365613 0.989605983098
6139.234798 1.00440398852
6147.0566 1.00127236048
6155.229989 1.00432960192
6163.052983 1.00165661176
6170.892356 0.995412349701
6178.714473 1.00378203392
6187.020573 1.00761294365
6194.992842 1.03842830658
6202.851698 1.00741489728
6210.705822 1.00925477346
6218.911017 1.02289199829
6226.900806 1.00479571025
6234.839636 1.02879595757
6242.644865 0.985273996989
6250.934899 1.01354058584
6258.858003 1.02422388395
6266.730174 0.997958342234
6274.551936 0.99898537
6282.84231 1.02930601438
6290.664206 0.997089703878
6298.540153 0.998417615891
6306.442902 1.03272565206
6314.735523 0.996244589488
6322.638692 1.01896866163
6330.61081 1.03954831759
6338.38344 0.993251959483
6346.62282 1.01377868652
6354.446794 1.01747997602
6362.384783 1.00816138585
6370.193631 0.992554108302
6378.480151 1.02551031113
6386.336404 1.01451730728
6394.308627 1.00749802589
6402.184374 1.00486469269
6410.387135 0.999553998311
6418.193457 0.990501244863
6426.033906 0.992756048838
6433.874241 0.989583333333
6442.194606 1.01723829905
6450.101435 1.00694998105
6457.923301 0.992103894552
6465.795092 1.00988459587
6474.005118 0.993876298269
6481.890806 1.00446534157
6489.746502 1.00920200348
6497.769121 1.03025801977
6506.009833 1.00428907077
6513.798063 0.997540394465
6521.640805 0.987644990285
6529.576628 1.0158923467
6537.920019 1.0174583594
6545.855984 1.03964630763
6553.711024 0.996735016505
6561.551132 1.0031829675
6569.907233 1.01901769638
6577.716678 0.989814678828
6585.505143 0.987471024195
6593.374414 1.01565003395
6601.613819 1.00469207764
6609.436907 0.982451915741
6617.358692 1.03212141991
6625.198666 1.00498191516
6633.471281 1.0017267863
6641.444055 1.02164475123
6649.266799 0.995922883352
6657.090711 0.997953573863
6665.612558 1.04230332375
6673.404357 0.991831064224
6681.223812 1.00414601962
6689.079595 1.00438006719
6697.302186 0.99683602651
6705.391763 1.00454409917
6713.213866 1.00752393405
6721.120975 1.02273861567
6729.443357 1.01033393542
6737.367479 1.02595241865
6745.254813 1.00262037913
6753.113686 1.01481858889
6761.418211 1.01161472003
6769.259666 0.996090014776
6777.07828 1.00338633855
6785.001008 1.02641161283
6793.290562 0.997352759043
6801.079903 1.00250132879
6808.919602 0.995704650879
6816.774695 0.992239952087
6825.065377 1.00604335467
6832.920844 0.992257118225
6840.796315 0.995688438416
6848.682553 1.01314703623
6857.02214 1.00375668208
6864.945146 1.01731467247
6872.884406 1.00964069366
6880.688807 0.99455332756
6889.115767 1.03796569506
6896.986397 1.00590833028
6904.923777 1.01647957166
6912.730473 1.01038297017
6921.002685 1.01068774859
6928.879094 0.999833663305
6936.797686 1.01142772039
6944.590691 0.993792851766
6952.843482 0.996241092682
6960.702423 1.012692372
6968.556637 0.997784932454
6976.544327 1.02824433645
6984.867491 1.01637530327
6992.826788 1.02394326528
7000.662573 0.992014964422
7008.471686 0.994868675868
7016.790752 0.997509002686
7024.647151 1.01220941544
7032.521137 1.02289064725
7040.375761 0.999713023504
7048.631389 1.00645168622
7056.454262 1.005180041
7064.310477 0.987746238708
7072.085665 0.985866308212
7080.37541 1.01161964734
7088.262025 1.0080687205
7096.117293 1.00037089984
7103.923696 0.994976679484
7112.146382 0.999961296717
7119.989147 1.00742912292
7127.925131 1.02473362287
7135.830215 1.01179766655
7144.25321 1.02340070407
7152.125628 1.01183009148
7160.048697 1.01928393046
7167.83837 1.00368563334
7176.163456 1.02935036023
7184.083849 1.03345902761
7191.858486 0.990928332011
7199.69502 0.999059597651
7208.001093 1.00075999896
