5.484903 0.9887342453
10.825514 0.972322702408
16.027521 0.953090985616
21.214069 0.950863997142
26.417582 0.960399945577
31.621505 0.957014083862
37.00891 0.971685647964
42.262996 0.967355648677
47.634559 0.988386869431
52.837107 0.965190887451
58.107614 0.978084007899
63.328206 0.962931315104
68.765982 0.976630051931
74.005791 0.967416286469
79.206725 0.952243645986
84.527753 0.972239017487
89.731887 0.948597033819
95.019295 0.973464330037
100.422365 0.95849831899
105.71086 0.966545740763
110.930627 0.957766691844
116.101792 0.941070318222
121.372031 0.966461261113
126.575547 0.96050898234
131.966016 0.960548241933
137.200637 0.961396694183
142.403506 0.946666002274
147.661344 0.975750287374
152.895275 0.958711385727
158.199698 0.982395331065
163.587395 0.957269430161
168.808098 0.953526258469
174.06386 0.962707042694
179.368509 0.978695948919
184.686254 0.988319238027
190.089938 0.988719542821
195.427241 0.944376309713
200.680406 0.959151983261
205.951627 0.970261017481
211.23903 0.966211636861
216.493088 0.953774293264
221.697175 0.949311653773
227.117896 0.962205966314
232.287596 0.941111962001
237.542228 0.954817930857
242.780317 0.959785461426
248.033366 0.957422653834
253.287224 0.964909394582
258.707763 0.95349129041
264.112092 0.987806399663
269.365783 0.960812568665
274.587591 0.95162653923
279.856618 0.963218371073
285.11201 0.977587381999
290.549667 0.971831719081
295.801999 0.959336678187
301.022504 0.957855304082
306.343348 0.990721623103
311.64767 0.983376582464
316.951939 0.990409374237
322.422573 0.962654590607
327.675567 0.969432274501
332.946633 0.974248965581
338.18366 0.969369331996
343.420874 0.957875967026
348.661341 0.967942714691
354.079044 0.951661348343
359.334989 0.961073637009
364.586541 0.962850650152
369.891334 0.969878991445
375.194963 0.981858968735
380.415508 0.961052338282
385.921661 0.982662280401
391.141164 0.96759001414
396.41163 0.95686562856
401.66435 0.95800336202
406.886713 0.947471062342
412.155687 0.968306064606
417.630213 0.966052691142
422.934915 0.971737305323
428.185967 0.964435259501
433.455126 0.973878304164
438.676016 0.946834961573
443.946854 0.975783348083
449.367047 0.957876682281
454.607765 0.953167994817
459.891278 0.962224642436
465.111741 0.964112440745
470.351738 0.963445504506
475.659327 0.988327264786
481.12538 0.979616641998
486.311603 0.941402514776
491.585656 0.963583628337
496.902766 0.986692984899
502.14028 0.954989910126
507.427006 0.970871925354
512.964256 0.990962425868
518.222695 0.968933264414
523.556776 0.985881567001
528.913863 0.988497972488
534.197837 0.967958927155
539.437173 0.96480067571
544.908543 0.968127965927
550.159887 0.963700294495
555.445916 0.970158259074
560.63716 0.948255062103
565.954839 0.960801362991
571.193702 0.956559022268
576.678621 0.973133007685
581.932787 0.957900921504
587.170511 0.956867218018
592.507494 0.990790685018
597.745112 0.957431316376
603.016245 0.968598047892
608.507826 0.96037141482
613.806355 0.970317999522
619.02756 0.946797768275
624.299034 0.968765974045
629.584733 0.968342622121
634.872309 0.973192294439
640.410401 0.973644018173
645.717859 0.975535949071
650.984654 0.972920099894
656.222035 0.963200012843
661.542867 0.966262976329
666.796687 0.961989959081
672.284012 0.966145992279
677.522414 0.952880700429
682.811084 0.974161307017
688.062649 0.968797365824
693.399324 0.97823659579
698.672698 0.963952382406
704.19136 0.980335315069
709.462437 0.953936258952
714.748425 0.969902992249
719.989531 0.959503014882
725.223861 0.945648908615
730.493787 0.964490016301
735.932027 0.941154003143
741.203763 0.972596645355
746.523419 0.973293304443
751.8105 0.962842305501
757.064074 0.958586295446
762.384802 0.975097974141
767.905795 0.981003761292
773.242523 0.989375670751
778.54766 0.961430629094
783.733757 0.950354973475
789.055061 0.983031272888
794.30862 0.954281012217
799.812174 0.957820971807
805.051026 0.958462079366
810.320077 0.968771457672
815.60869 0.969670295715
820.86121 0.971753676732
826.132172 0.975596586863
831.654306 0.967838366826
836.906908 0.966669718424
842.078004 0.937873681386
847.31477 0.957125266393
852.735776 0.995087385178
857.993395 0.969650030136
863.413992 0.950543642044
868.697133 0.973921378454
874.021448 0.974320570628
879.335531 0.970149358114
884.609962 0.978746414185
889.963816 1.00439842542
895.500154 0.985089937846
900.804399 0.978449026744
906.076137 0.964111725489
911.295241 0.953560670217
916.816437 0.977017641068
921.987693 0.946885347366
927.457745 0.96417538325
932.695821 0.95415465037
937.949045 0.9638783137
943.204179 0.96695971489
948.493901 0.979822953542
953.680614 0.957185347875
959.120827 0.955834627151
964.419824 0.970352729162
969.656839 0.957243601481
974.910228 0.964211066564
980.214543 0.983677705129
985.418475 0.953101078669
990.905762 0.95898103714
996.125747 0.961587667465
1001.363736 0.941566228867
1006.600623 0.957965056101
1011.904842 0.974189996719
1017.174931 0.972594579061
1022.712114 0.972541014353
1027.999712 0.974569718043
1033.271 0.95897936821
1038.558791 0.970066626867
1043.881814 0.986955324809
1049.152836 0.973543643951
1054.619356 0.960385640462
1059.906994 0.96666765213
1065.178161 0.968912680944
1070.398456 0.947779655457
1075.603302 0.95041958491
1080.823175 0.951205968857
1086.378163 0.974637111028
1091.631621 0.948860645294
1096.902338 0.969874382019
1102.12289 0.96387330691
1107.427163 0.979434013367
1112.629578 0.94713640213
1118.134777 0.961464087168
1123.405314 0.967621564865
1128.70983 0.979997952779
1133.965546 0.958150625229
1139.283279 0.976902246475
1144.523558 0.954838355382
1150.074808 0.965754667918
1155.329232 0.962031364441
1160.534959 0.940944353739
1165.786628 0.964921236038
1171.060011 0.969480911891
1176.263951 0.96280837059
1181.79962 0.965744972229
1187.018874 0.945920387904
1192.273107 0.953014771144
1197.543614 0.956287940343
1202.813776 0.962906042735
1208.101395 0.976838350296
1213.705083 0.965469280879
1218.960002 0.977933009466
1224.229849 0.97860566775
1229.500964 0.974105676015
1234.871451 0.993545611699
1240.095011 0.956995248795
1245.545757 0.94532529513
1250.86875 0.987154245377
1256.124055 0.967909971873
1261.357762 0.965830643972
1266.679693 0.9782427152
1271.932844 0.971680720647
1277.536813 0.970416386922
1282.739976 0.95489525795
1287.944588 0.95259531339
1293.282052 0.989569664001
1298.585158 0.96803188324
1303.85669 0.972803036372
1309.430008 0.970082998276
1314.71492 0.966621637344
1319.935109 0.967183669408
1325.155615 0.956306695938
1330.526061 0.990638653437
1335.717022 0.945882956187
1341.217479 0.952659606934
1346.521524 0.972111304601
1351.861732 0.989214579264
1357.146603 0.979007403056
1362.450224 0.9711180528
1367.703731 0.963350216548
1373.257995 0.975895007451
1378.56253 0.979101339976
1383.882523 0.97403160731
1389.120241 0.960276683172
1394.487556 1.00144632657
1399.777576 0.971205234528
1405.381887 0.972054004669
1410.652911 0.959451675415
1415.940999 0.972271124522
1421.227089 0.983576695124
1426.548309 0.983820676804
1431.768256 0.9548710982
1437.359202 0.970998128255
1442.676296 0.989392916361
1447.880982 0.946810007095
1453.187879 0.986852645874
1458.421721 0.947373708089
1463.642174 0.955928325653
1469.146916 0.942182381948
1474.433786 0.972930034002
1479.654985 0.948654731115
1484.908263 0.966196695964
1490.212784 0.976312398911
1495.499416 0.978109280268
1501.087736 0.963072697322
1506.327794 0.958761056264
1511.595379 0.948625326157
1516.898688 0.974780321121
1522.189268 0.968998432159
1527.473452 0.980773369471
1533.027695 0.951569716136
1538.248348 0.951872428258
1543.568848 0.979299624761
1548.823422 0.962647676468
1554.09648 0.972529331843
1559.347488 0.966130336126
1564.900995 0.97904364268
1570.175229 0.964111010234
1575.49861 0.985938707987
1580.747392 0.964773654938
1586.017062 0.961911042531
1591.271811 0.960051298141
1596.808373 0.952579895655
1602.132669 0.98024837176
1607.467127 0.978667020798
1612.753679 0.969432036082
1617.991381 0.953277031581
1623.27909 0.968099196752
1628.916241 0.964529037476
1634.173696 0.966511726379
1639.477075 0.977024316788
1644.744086 0.967869361242
1650.015618 0.964883645376
1655.305731 0.976940711339
1660.840426 0.956904888153
1666.111248 0.965131362279
1671.381614 0.966020743052
1676.635103 0.959191004435
1681.938803 0.972207307816
1687.213073 0.967395782471
1692.78394 0.972124814987
1698.018423 0.945791959763
1703.306524 0.969290018082
1708.511933 0.946063597997
1713.865892 0.987380027771
1719.183604 0.977205355962
1724.7712 0.960379997889
1730.025416 0.964096943537
1735.228728 0.948243697484
1740.551524 0.980447769165
1745.80375 0.952897230784
1751.057482 0.967120965322
1756.596162 0.952469269435
1761.900879 0.987001021703
1767.119847 0.946779330571
1772.391387 0.97144261996
1777.680228 0.982363939285
1783.015152 0.988434314728
1788.602233 0.960847536723
1793.839347 0.960835695267
1799.093363 0.9581823349
1804.381075 0.972719192505
1809.721028 0.983771642049
1815.023373 0.970319032669
1820.611208 0.952512900035
1825.850562 0.953947941462
1831.11726 0.970403671265
1836.338182 0.959386746089
1841.524545 0.945508639018
1846.77865 0.980749368668
1852.336809 0.958833614985
1857.573851 0.968502998352
1862.824377 0.957017819087
1868.078526 0.959158420563
1873.283624 0.946251312892
1878.569215 0.964547713598
1884.307172 0.987756252289
1889.611395 0.972523291906
1894.881839 0.96732767423
1900.135887 0.963133653005
1905.472906 0.989994764328
1910.743264 0.970965703328
1916.333568 0.971192677816
1921.788645 0.97286605835
1927.106447 0.972229242325
1932.362906 0.9678059419
1937.601481 0.960245370865
1942.85111 0.963647286097
1948.438659 0.966223398844
1953.675551 0.954443613688
1958.880095 0.946858247121
1964.083182 0.958391030629
1969.40407 0.973778645198
1974.692133 0.973037242889
1980.245919 0.963136672974
1985.483143 0.968111753464
1990.770527 0.981095075607
1995.974631 0.949014027913
2001.178559 0.945218642553
2006.431429 0.956090291341
2012.019342 0.978492339452
2017.272764 0.961789925893
2022.529996 0.958778937658
2027.880893 0.985417366028
2033.151647 0.957789897919
2038.422655 0.972119092941
2044.059436 0.969200054804
2049.347276 0.966219345729
2054.667518 0.980617682139
2059.921759 0.963666359584
2065.242281 0.971698363622
2070.495642 0.953697045644
2076.067515 0.962644338608
2081.404792 0.983103354772
2086.729073 0.998154322306
2091.998907 0.957832972209
2097.232937 0.960052013397
2102.453649 0.961337010066
2108.075206 0.973364591599
2113.345419 0.979634284973
2118.610939 0.970605452855
2123.872834 0.959171613057
2129.126899 0.971948544184
2134.429788 0.965100606283
2140.09909 0.956770420074
2145.385715 0.984897534053
2150.740422 0.985634962718
2155.960509 0.951134999593
2161.197816 0.957324345907
2166.518651 0.989066362381
2172.206237 0.978363434474
2177.496095 0.972260395686
2182.76404 0.959938685099
2187.93764 0.946629365285
2193.238764 0.97133676211
2198.475535 0.960907697678
2204.046653 0.960699399312
2209.267302 0.958594957987
2214.520731 0.96014825503
2219.825153 0.98721631368
2225.095851 0.9686460495
2230.382237 0.980842908223
2235.987534 0.954659223557
2241.274646 0.972553888957
2246.561257 0.975658734639
2251.765635 0.953528006872
2257.102879 0.97643272082
2262.376396 0.970176617304
2268.02802 0.96403892835
2273.267964 0.960807959239
2278.552644 0.975985050201
2283.805965 0.958057721456
2289.110555 0.982003688812
2294.414308 0.972160259883
2300.005572 0.959117333094
2305.322015 0.982100009918
2310.577132 0.966639359792
2315.830794 0.964437643687
2321.016794 0.94221830368
2326.287911 0.966665347417
2331.924898 0.962354342143
2337.131949 0.950711727142
2342.383469 0.958803256353
2347.671165 0.960148731867
2352.958184 0.979189634323
2358.228015 0.964252312978
2363.816048 0.964377562205
2369.119527 0.974656105042
2374.476924 0.986677567164
2379.827971 0.974339723587
2385.115494 0.958388010661
2390.452512 0.981158018112
2396.122946 0.97679901123
2401.410384 0.982930262884
2406.731084 0.967777967453
2412.002202 0.959982633591
2417.273152 0.964639345805
2422.463318 0.952888011932
2428.146948 0.970885674159
2433.484933 0.9802997907
2438.772609 0.978090047836
2444.04247 0.959393978119
2449.284681 0.951962391535
2454.517629 0.967782974243
2460.140276 0.95178771019
2465.391726 0.966725349426
2470.630159 0.959758679072
2475.882992 0.958063364029
2481.195169 0.969051043193
2486.491033 0.98267531395
2492.079018 0.956233739853
2497.301014 0.954932689667
2502.653148 0.987690051397
2507.973801 0.965287605921
2513.245662 0.97357360522
2518.451199 0.96230729421
2523.952944 0.951433340708
2529.239823 0.977850357691
2534.676672 1.01361076037
2539.964378 0.976980606715
2545.201428 0.96391805013
2550.438642 0.964537382126
2555.959693 0.952018737793
2561.198022 0.951551040014
2566.43494 0.960870981216
2571.720772 0.975606679916
2576.941171 0.955871979396
2582.213197 0.976037025452
2587.833437 0.959070761998
2593.038532 0.952565670013
2598.277623 0.966213067373
2603.595541 0.965074539185
2608.885502 0.954234361649
2614.152775 0.966502030691
2619.756896 0.972612698873
2625.02766 0.970949331919
2630.316667 0.970214684804
2635.635734 0.972547769547
2640.89278 0.959308385849
2646.110317 0.963632027308
2651.814803 0.976705392202
2657.018577 0.951610724131
2662.306534 0.965727965037
2667.627256 0.974948008855
2673.013812 0.983067274094
2678.250511 0.963663975398
2683.938357 0.99053033193
2689.244614 0.974297602971
2694.496097 0.958777268728
2699.801103 0.96998500824
2705.138643 0.980842908223
2710.375231 0.963665008545
2716.062654 0.965973218282
2721.316954 0.960704962413
2726.571123 0.95347126325
2731.80802 0.968079010646
2737.048461 0.946456034978
2742.282539 0.955388307571
2747.986795 0.96901567777
2753.258196 0.975985050201
2758.614501 0.986767927806
2763.901323 0.964405059814
2769.269827 0.987908919652
2774.524022 0.969429016113
2780.310789 0.982278585434
2785.583133 0.964237689972
2790.835687 0.959720373154
2796.025696 0.948199590047
2801.259728 0.954857667287
2806.497245 0.952989021937
2812.152649 0.963806072871
2817.388722 0.966875712077
2822.628666 0.953004280726
2827.932912 0.977017323176
2833.183815 0.964524030685
2838.440757 0.973579645157
2844.043696 0.947827021281
2849.313409 0.974918444951
2854.532838 0.956105709076
2859.790166 0.955913384755
2865.090792 0.970872402191
2870.311251 0.955908298492
2876.002454 0.968739668528
2881.220356 0.946021954219
2886.473987 0.956639925639
2891.69406 0.959467887878
2896.947705 0.965225060781
2902.168451 0.955856005351
2907.739079 0.959421078364
2912.993135 0.962252060572
2918.296893 0.966807285945
2923.502236 0.952821016312
2928.821598 0.971496979396
2934.075594 0.964425325394
2939.64698 0.959555387497
2944.970655 0.982774655024
2950.221214 0.945755720139
2955.542132 0.978026310603
2960.812553 0.963960647583
2966.066946 0.971116622289
2971.653855 0.958158731461
2976.910987 0.968977689743
2982.131622 0.949520349503
2987.432126 0.974084615707
2992.66914 0.957198063533
2997.990905 0.975109020869
3003.56185 0.959220965703
3008.731794 0.941491365433
3013.968568 0.962029377619
3019.322464 0.998668988546
3024.611136 0.973890622457
3029.847049 0.959549983342
3035.384613 0.958299080531
3040.658666 0.966738700867
3045.925964 0.971648931503
3051.163173 0.956958611806
3056.383641 0.955348332723
3061.637734 0.962974309921
3067.241904 0.966937383016
3072.512548 0.975195407867
3077.749577 0.955164353053
3082.969953 0.956940015157
3088.190898 0.960106690725
3093.378463 0.950383981069
3099.001936 0.966176986694
3104.186028 0.949206749598
3109.476556 0.965654055278
3114.729807 0.974255641301
3120.031902 0.971997658412
3125.269519 0.965389649073
3130.889481 0.976150671641
3136.263504 0.991998672485
3141.500627 0.963936010997
3146.736487 0.959683736165
3151.988497 0.970329682032
3157.309203 0.986452023188
3162.949916 0.972745577494
3168.203968 0.974955320358
3173.522369 0.992057005564
3178.745116 0.959578593572
3184.031678 0.980098327001
3189.299589 0.960209687551
3194.971041 0.966854572296
3200.244562 0.968609412511
3205.495149 0.969366629918
3210.782456 0.966241677602
3216.053304 0.951380332311
3221.340966 0.980002641678
3226.878499 0.958701610565
3232.098681 0.952933708827
3237.385945 0.967628002167
3242.622507 0.946829636892
3247.91038 0.969541072845
3253.21711 0.958686590195
3258.868658 0.972524960836
3264.122234 0.973214626312
3269.359407 0.957201957703
3274.631134 0.968193372091
3279.887825 0.962464968363
3285.107884 0.96444662412
3290.727127 0.967406670252
3295.980149 0.953632990519
3301.237565 0.958295345306
3306.504146 0.973594347636
3311.761282 0.967946688334
3317.015519 0.965438683828
3322.715811 1.00705798467
3327.920991 0.952008167903
3333.157515 0.963730653127
3338.447982 0.980519533157
3343.749055 0.975704272588
3348.989683 0.952658255895
3354.539827 0.958765347799
3359.760753 0.955393950144
3364.9679 0.953353007634
3370.238362 0.975972731908
3375.522763 0.962444623311
3380.859905 0.99098610878
3386.50155 0.960882345835
3391.754364 0.973215977351
3396.988223 0.952780644099
3402.226791 0.961026112239
3407.512785 0.964610338211
3412.816996 0.975383679072
3418.55783 1.00048359235
3423.862277 0.971354643504
3429.11285 0.958190997442
3434.486217 0.995239655177
3439.774049 0.973170677821
3445.024347 0.968880653381
3450.628675 0.962563673655
3455.867129 0.959245284398
3461.103098 0.951780001322
3466.391236 0.971959034602
3471.627807 0.947891314824
3476.932587 0.985597689946
3482.719114 0.991352001826
3487.993103 0.966076691945
3493.227282 0.954158703486
3498.464815 0.958829720815
3503.718795 0.970234950384
3509.018936 0.984515666962
3514.626637 0.959966341654
3519.930587 0.980195045471
3525.168154 0.961887677511
3530.37211 0.948378006617
3535.675712 0.97269264857
3540.946858 0.977454264959
3546.687102 0.974127689997
3551.954424 0.966319640477
3557.224514 0.954323371251
3562.495478 0.961733977
3567.816532 0.979903936386
3573.107136 0.988085985184
3578.80882 0.966191768646
3584.095442 0.970853964488
3589.333321 0.961090246836
3594.605652 0.95947043101
3599.89397 0.965180953344
3605.211854 0.990092674891
3610.931979 0.972107330958
3616.252678 0.968855222066
3621.556699 0.977085669835
3626.794871 0.954210360845
3632.047768 0.962702035904
3637.27144 0.951414028804
3642.956242 0.970927715302
3648.243454 0.96164170901
3653.513473 0.966531356176
3658.819069 0.963354746501
3664.088682 0.963940302531
3669.32541 0.963892300924
3675.047138 0.982734680176
3680.233363 0.954156001409
3685.438814 0.959491332372
3690.692599 0.969315369924
3695.996209 0.978701035182
3701.24956 0.963614384333
3706.887758 0.9502881368
3712.127909 0.961082696915
3717.431499 0.969710111618
3722.682218 0.960839986801
3727.986756 0.97171497345
3733.259955 0.961076974869
3738.894505 0.955374399821
3744.114719 0.950856288274
3749.368495 0.967026392619
3754.592564 0.939579407374
3759.943771 0.988289992015
3765.230767 0.978759050369
3770.904797 0.973609368006
3776.139158 0.948503653208
3781.392439 0.950447718302
3786.699272 0.980438709259
3792.034532 0.98800110817
3797.307616 0.977428356806
3803.009393 0.981173276901
3808.246731 0.962469975154
3813.567442 0.970402956009
3818.837046 0.956032276154
3824.162032 0.988327026367
3829.415993 0.976607322693
3835.116963 0.97166800499
3840.387074 0.961754719416
3845.677325 0.978004376094
3850.928423 0.971541325251
3856.232253 0.966004371643
3861.53601 0.972097317378
3867.311318 0.990554094315
3872.595286 0.958640019099
3877.766382 0.944277048111
3883.019183 0.953472693761
3888.373672 0.998977422714
3893.594504 0.957737604777
3899.348599 0.978387355804
3904.568669 0.950972398122
3909.839301 0.955245653788
3915.10904 0.954601287842
3920.346988 0.966588338216
3925.601633 0.959479411443
3931.224623 0.966760635376
3936.542713 0.978070020676
3941.845827 0.96684495608
3947.167001 0.970820983251
3952.471198 0.977170308431
3957.807882 0.986230373383
3963.495628 0.96263162295
3968.849701 0.980426311493
3974.153667 0.964910268784
3979.491316 0.97098326683
3984.727998 0.960531075795
3990.069663 0.982264995575
3995.786371 0.981486399968
4001.007592 0.959745645523
4006.327373 0.988335291545
4011.598664 0.9652419885
4016.885896 0.954888423284
4022.289668 1.01278408368
4027.994267 0.972209056218
4033.299481 0.982844988505
4038.569128 0.962047100067
4043.839568 0.962432702382
4049.096856 0.963360071182
4054.363253 0.957592010498
4060.069188 0.979873021444
4065.309651 0.956217288971
4070.542634 0.96506134669
4075.779447 0.95823597908
4081.000379 0.953401088715
4086.305063 0.967803875605
4092.042672 0.971937974294
4097.330465 0.96579058965
4102.582974 0.954453706741
4107.854073 0.95783996582
4113.16681 0.961891571681
4118.478892 0.983537991842
4124.199921 0.980613311132
4129.4527 0.957635641098
4134.773878 0.978766282399
4140.027662 0.977111577988
4145.298889 0.959525664647
4150.552541 0.965170621872
4156.323236 0.9839656353
4161.527216 0.952734708786
4166.764485 0.95226931572
4172.005648 0.958616018295
4177.255523 0.953106403351
4182.510442 0.952209631602
4188.216744 0.965856313705
4193.467856 0.951972961426
4198.721752 0.949001948039
4203.97552 0.953031937281
4209.265634 0.963773409526
4214.550287 0.970558961233
4220.307429 0.990502754847
4225.628408 0.962252298991
4230.928745 0.958252032598
4236.250266 0.973754326502
4241.503438 0.963513056437
4246.824322 0.970356702805
4252.461643 0.974176009496
4257.732466 0.963561058044
4263.036903 0.968028783798
4268.274071 0.962031046549
4273.477119 0.957014719645
4278.764701 0.970854361852
4284.452856 0.962677319845
4289.707761 0.967238426208
4294.998533 0.971101681391
4300.331166 0.989951054255
4305.602561 0.954065958659
4310.908238 0.970548391342
4316.629341 0.956837097804
4321.913819 0.96231174469
4327.223303 0.971653223038
4332.505613 0.96016963323
4337.825538 0.97221771876
4343.047127 0.956834316254
4348.753553 0.973136345545
4354.071319 0.975089232127
4359.424977 0.97936630249
4364.678855 0.964107672373
4369.932639 0.965395927429
4375.153589 0.954961697261
4380.828029 0.961137533188
4386.095378 0.962919632594
4391.416093 0.96518667539
4396.686002 0.951720317205
4401.974023 0.970722913742
4407.244173 0.961860259374
4412.998349 0.984144926071
4418.303332 0.972970326742
4423.53997 0.948857307434
4428.8607 0.975478092829
4434.131266 0.954087018967
4439.451786 0.970811367035
4445.222751 0.97101577123
4450.543223 0.97340798378
4455.780547 0.942512909571
4461.051219 0.969756046931
4466.372208 0.978539466858
4471.709168 1.00665839513
4477.479745 0.97475194931
4482.7856 0.977451324463
4488.108139 0.96436103185
4493.358893 0.964347044627
4498.596802 0.944924990336
4503.900508 0.976867596308
4509.720736 0.953512589137
4515.025111 0.966476599375
4520.365225 0.993094046911
4525.650373 0.967025438944
4530.870318 0.963082313538
4536.125553 0.971239646276
4541.828237 0.964239676793
4547.148933 0.985696315765
4552.405857 0.954900741577
4557.673115 0.960774342219
4562.910929 0.954636096954
4568.151244 0.971518675486
4573.93564 0.978268702825
4579.223582 0.962787389755
4584.526466 0.980830351512
4589.831616 0.973505894343
4595.118469 0.955556631088
4600.439589 0.982123295466
4606.17629 0.972845951716
4611.496785 0.983751614889
4616.800784 0.966909329096
4622.124892 0.984708627065
4627.492699 0.984603961309
4632.829394 0.979464928309
4638.52057 0.960968732834
4643.871764 0.984817345937
4649.175025 0.971663713455
4654.466165 0.968674580256
4659.800179 0.98569170634
4665.054518 0.962639729182
4670.742264 0.95573202769
4675.961837 0.951525290807
4681.267171 0.970575650533
4686.55422 0.978767633438
4691.791066 0.966699282328
4697.128205 0.987311283747
4702.785524 0.967054049174
4708.152142 0.981327295303
4713.456978 0.978776375453
4718.676811 0.95002802213
4723.982606 0.978071371714
4729.369921 1.00625133514
4735.106779 0.9627272288
4740.426891 0.975250323613
4745.667077 0.947374343872
4750.935378 0.95586736997
4756.205163 0.961929003398
4761.509113 0.965259075165
4767.446674 0.966078281403
4772.801793 0.980783939362
4778.091435 0.969498078028
4783.359526 0.963835080465
4788.712604 0.968827327092
4794.020061 0.974725008011
4799.704384 0.958327293396
4804.979004 0.965515693029
4810.213198 0.95041402181
4815.500149 0.970921357473
4820.787653 0.96991610527
4826.091461 0.976071675618
4831.727987 0.951179027557
4836.935764 0.94956334432
4842.256258 0.978771607081
4847.456832 0.948664744695
4852.711306 0.957304318746
4858.015139 0.963194052378
4863.702296 0.960392077764
4868.956001 0.960046211878
4874.343644 0.982330958049
4879.648431 0.970977624257
4884.901973 0.963015079498
4890.172363 0.963587760925
4895.826538 0.990220626195
4901.114714 0.964616378148
4906.435134 0.970237970352
4911.688176 0.953374465307
4917.026193 0.978036959966
4922.262999 0.966876665751
4927.920066 0.964534680049
4933.15431 0.952451944351
4938.375401 0.944195985794
4943.711797 0.974513689677
4948.982641 0.964968999227
4954.253408 0.967001676559
4959.94097 0.947428941727
4965.244707 0.982130368551
4970.599632 0.983821312586
4975.886709 0.970012267431
4981.142676 0.953313350677
4986.385183 0.964700698853
4992.131724 0.974138975143
4997.419027 0.971847693125
5002.706391 0.964063723882
5007.978489 0.964272260666
5013.250962 0.956007639567
5018.606376 0.98743502299
5024.323314 0.961384534836
5029.576765 0.972713073095
5034.864865 0.968299945196
5040.102 0.953364292781
5045.455475 0.974303007126
5050.776469 0.97431063652
5056.696625 0.972345034281
5062.020444 0.97757101059
5067.304531 0.959601004918
5072.558609 0.961807568868
5077.862283 0.965728282928
5083.116417 0.966540733973
5088.90521 0.958151658376
5094.111297 0.945977052053
5099.428656 0.971980969111
5104.652954 0.948379993439
5109.936292 0.956891298294
5115.210389 0.95827627182
5120.911897 0.947557369868
5126.318504 0.998554627101
5131.552646 0.958371241887
5136.840538 0.969602266947
5142.193646 0.988497416178
5147.41533 0.955014705658
5153.305789 0.971012353897
5158.609194 0.977916081746
5163.893208 0.974293629328
5169.131545 0.939612388611
5174.367971 0.947577317556
5179.588716 0.959206104279
5185.343479 0.975116968155
5190.63007 0.972477356593
5195.934786 0.954467932383
5201.271792 0.982296705246
5206.541996 0.960596640905
5211.795941 0.965836366018
5217.567261 0.945186694463
5222.892051 0.976551612218
5228.177709 0.967545668284
5233.428681 0.964918057124
5238.782639 0.982618093491
5244.13773 0.984713077545
5249.892188 0.977476358414
5255.147712 0.965469678243
5260.382804 0.943379004796
5265.652915 0.955320358276
5270.975102 0.976386070251
5276.244933 0.96205441157
5281.948853 0.963658253352
5287.239222 0.978490670522
5292.47264 0.943141301473
5297.693661 0.946717341741
5303.016364 0.974018573761
5308.302285 0.975638707479
5314.058847 0.95725218455
5319.343553 0.975064992905
5324.713754 0.983203649521
5330.018987 0.978019237518
5335.271691 0.952320973078
5340.542774 0.968495925268
5346.347213 0.985704024633
5351.635636 0.96457529068
5356.871702 0.95933230718
5362.142362 0.959208965302
5367.463183 0.98751227061
5372.683145 0.959516048431
5378.638991 0.971997261047
5383.942168 0.968901316325
5389.211972 0.96683327357
5394.483508 0.966252326965
5399.723972 0.952998638153
5405.077462 0.98636007309
5410.828775 0.976187626521
5416.116124 0.969410975774
5421.402779 0.96952009201
5426.641602 0.948653697968
5431.860552 0.951488653819
5437.198732 0.987101952235
5442.902184 0.951726277669
5448.156554 0.945763031642
5453.343872 0.946884393692
5458.56416 0.955671628316
5463.834414 0.951608975728
5469.209748 0.99703836441
5474.929549 0.963022708893
5480.197305 0.949983358383
5485.420427 0.95318031311
5490.724452 0.981015602748
5495.941681 0.946894089381
5501.328767 0.991283575694
5507.10389 0.98006439209
5512.40369 0.965746005376
5517.695608 0.960628986359
5522.931927 0.951755364736
5528.219608 0.966161251068
5533.557202 0.987180630366
5539.290891 0.95862587293
5544.618525 0.964639584223
5549.882323 0.967630624771
5555.138939 0.974049647649
5560.458428 0.989978949229
5565.760568 0.957589705785
5571.53237 0.971739927928
5576.855585 0.979488054911
5582.156824 0.973228693008
5587.380698 0.957638343175
5592.714316 0.972146034241
5597.951619 0.946319580078
5603.723394 0.96410425504
5608.959646 0.968769629796
5614.230575 0.965826352437
5619.50398 0.963188012441
5624.755466 0.956070582072
5630.009825 0.963904619217
5635.914348 0.94509267807
5641.167267 0.962035338084
5646.404719 0.967912356059
5651.658482 0.967747608821
5656.945907 0.976840337118
5662.216774 0.956790606181
5668.020467 0.97150961558
5673.291128 0.973135312398
5678.512842 0.952713251114
5683.799399 0.979172945023
5689.119817 0.97919400533
5694.373735 0.961586872737
5700.079379 0.966951688131
5705.36575 0.969844977061
5710.656498 0.959316809972
5715.907268 0.949615716934
5721.210949 0.966025034587
5726.432394 0.954291979472
5732.085996 0.940719763438
5737.356134 0.946304639181
5742.71076 0.982620716095
5747.967259 0.960381348928
5753.301083 0.98317138354
5758.53823 0.959954659144
5764.345989 0.965864340464
5769.713113 0.963217020035
5774.985264 0.968896945318
5780.238923 0.96114508311
5785.62628 1.00335367521
5790.913656 0.977564255397
5796.617144 0.951395988464
5801.855965 0.961287021637
5807.158755 0.980469703674
5812.447055 0.978476683299
5817.749366 0.958602428436
5822.970722 0.943263928095
5828.774259 0.979955355326
5834.078027 0.974215348562
5839.349187 0.965514977773
5844.553246 0.945551951726
5849.806708 0.963863372803
5855.077604 0.956022421519
5860.898736 0.951908032099
5866.103596 0.941302220027
5871.372894 0.977157354355
5876.627014 0.951939344406
5881.831288 0.950474023819
5887.085043 0.958809375763
5892.855718 0.97573463122
5898.243125 1.00427770615
5903.533328 0.987608671188
5908.803884 0.96496796608
5914.055309 0.95732887586
5919.292323 0.969641606013
5924.998724 0.960226376851
5930.236921 0.960131724675
5935.470927 0.951408306758
5940.757946 0.962729374568
5946.098601 0.984577973684
5951.30048 0.957033554713
5957.187756 0.981856425603
5962.527911 0.982660690943
5967.831485 0.966997067134
5973.119464 0.977663675944
5978.336892 0.947544733683
5983.640277 0.973167101542
5989.34544 0.951305389404
5994.66463 0.979522069295
5999.918518 0.951773643494
6005.255753 0.967317263285
6010.560328 0.962474664052
6015.898261 0.97692712148
6021.688838 0.971570332845
6026.956882 0.965592940648
6032.293385 0.964870691299
6037.680995 0.990058898926
6042.879911 0.943190018336
6048.205693 0.975618680318
6053.978456 0.964009364446
6059.247369 0.963407675425
6064.517558 0.965356667837
6069.854801 0.99257628123
6075.175293 0.98365966479
6080.466932 0.979293664296
6086.103275 0.963229656219
6091.407689 0.979789733887
6096.641642 0.961460669835
6101.945083 0.967573324839
6107.219213 0.95391257604
6112.456388 0.956899563471
6118.274905 0.967847585678
6123.494573 0.962959686915
6128.799069 0.98149228096
6134.052502 0.958754301071
6139.35724 0.965486367544
6144.595505 0.941452582677
6150.385111 0.972550392151
6155.618798 0.950321276983
6160.92253 0.971747318904
6166.293648 1.00061869621
6171.597506 0.959631999334
6176.855605 0.970431725184
6182.689986 0.9561419487
6188.010598 0.973755041758
6193.383234 0.99530506134
6198.700758 0.971543312073
6203.955472 0.962038040161
6209.212586 0.951833327611
6214.979541 0.975969632467
6220.216831 0.963797648748
6225.555354 0.990230003993
6230.808162 0.955614646276
6236.133006 0.977030992508
6241.417332 0.960904757182
6247.154012 0.976743936539
6252.341404 0.942783673604
6257.631359 0.976918299993
6262.899132 0.960251331329
6268.153575 0.96310432752
6273.42329 0.977235714595
6279.244494 0.968969742457
6284.536305 0.966665108999
6289.752076 0.941413640976
6295.023543 0.954066356023
6300.29391 0.960936625799
6305.547419 0.973050753276
6311.289414 0.95169266065
6316.506239 0.957631985346
6321.87679 0.98310303688
6327.182548 0.984249909719
6332.488068 0.966721057892
6337.754593 0.96452999115
6343.542751 0.95126024882
6348.847313 0.966751734416
6354.150326 0.968022028605
6359.404707 0.946544408798
6364.643627 0.961042324702
6369.929309 0.964161316554
6375.701203 0.959312597911
6380.990635 0.969707330068
6386.341836 0.991624037425
6391.59874 0.964183648427
6396.935911 0.974338293076
6402.270812 0.984270413717
6408.144307 0.987732330958
6413.411648 0.974082708359
6418.71571 0.972575267156
6424.002945 0.964293956757
6429.306953 0.973318338394
6434.713241 0.983028650284
6440.498123 0.968087673187
6445.719603 0.955890337626
6451.007073 0.967947721481
6456.244804 0.952179988225
6461.547671 0.966953039169
6466.887887 0.978765010834
6472.755583 0.967851956685
6478.011087 0.959457000097
6483.281294 0.963796695073
6488.535478 0.965357700984
6493.805969 0.96115398407
6499.045816 0.961266994476
6504.847182 0.94984237353
6510.183607 0.973099708557
6515.487611 0.965670665105
6520.775559 0.983841021856
6526.115506 0.980022668839
6531.31683 0.954468647639
6537.170619 0.982433398565
6542.458723 0.968945741653
6547.731378 0.948371251424
6553.048861 0.973247687022
6558.373543 0.97373231252
6563.691088 0.97580297788
6569.395608 0.966449658076
6574.721842 0.972063541412
6579.97266 0.958617925644
6585.241052 0.956738313039
6590.510412 0.959981997808
6595.781502 0.96736796697
6601.518428 0.975036700567
6606.757843 0.961898644765
6612.013555 0.964594284693
6617.264206 0.963162660599
6622.451409 0.937105337779
6627.739201 0.975906689962
6633.376903 0.962253332138
6638.647706 0.966904719671
6643.920762 0.966958761215
6649.187955 0.95862309138
6654.47482 0.963443358739
6659.762356 0.972314675649
6665.483484 0.953287680944
6670.753907 0.961940685908
6676.058823 0.979976654053
6681.347007 0.975471576055
6686.569064 0.9487880071
6691.819612 0.967442671458
6697.624394 0.968224684397
6702.878667 0.95785967509
6708.199176 0.96657427152
6713.419685 0.953391313553
6718.660314 0.955466588338
6723.927657 0.969272057215
6729.615436 0.960983276367
6734.886499 0.965990702311
6740.239315 0.984219630559
6745.543541 0.978402614594
6750.764214 0.955269972483
6756.037379 0.967528740565
6761.872101 0.973290363948
6767.140065 0.956964651744
6772.397357 0.95450035731
6777.684448 0.971162954966
6782.954534 0.954418977102
6788.142068 0.947258313497
6794.02945 0.955553690592
6799.318663 0.970438718796
6804.554008 0.958587328593
6809.791934 0.957572301229
6815.028435 0.953452110291
6820.348901 0.984036048253
6826.087331 0.978061755498
6831.290917 0.950747013092
6836.581262 0.965180714925
6842.232025 0.98016778628
6847.520178 0.970486958822
6852.723333 0.943404277166
6858.579053 0.946207682292
6863.868179 0.967566013336
6869.20322 0.984539031982
6874.423553 0.946728308996
6879.795971 0.997169733047
6885.030915 0.961671590805
6890.802302 0.98299908638
6896.125777 0.970542987188
6901.493162 0.995638926824
6906.747439 0.967455307643
6911.984987 0.947012662888
6917.222821 0.966263612111
6922.992368 0.966334660848
6928.26335 0.960705757141
6933.551066 0.958132902781
6938.872024 0.981541315715
6944.158871 0.976631959279
6949.379639 0.948130051295
6955.052608 0.963891983032
6960.341088 0.976968606313
6965.608963 0.970861911774
6970.879087 0.975312312444
6976.149564 0.972767988841
6981.470508 0.985452016195
6987.291321 0.986115376155
6992.578936 0.974371751149
6997.865654 0.974919319153
7003.153345 0.975296020508
7008.439598 0.963709672292
7013.680386 0.958451986313
7019.365306 0.95765932401
7024.635682 0.964747349421
7029.889907 0.960468371709
7035.159916 0.959676265717
7040.463802 0.974203745524
7045.788064 0.985857645671
7051.505833 0.955746968587
7056.843403 0.986981391907
7062.215366 0.993541002274
7067.567745 0.982604900996
7072.871921 0.973714033763
7078.129425 0.968709309896
7083.879524 0.970043977102
7089.167459 0.967227300008
7094.437922 0.968895037969
7099.758431 0.979908625285
7105.02914 0.953943014145
7110.299924 0.962761004766
7115.904138 0.952267964681
7121.123756 0.950312058131
7126.444594 0.976187308629
7131.669174 0.959069649378
7136.953433 0.973932345708
7142.190299 0.956299066544
7147.911057 0.958455324173
7153.201485 0.976288954417
7158.485794 0.972911675771
7163.776473 0.958004315694
7169.043337 0.971757650375
7174.284171 0.967031081518
7180.002774 0.957255999247
7185.222972 0.957123438517
7190.559489 0.969504912694
7195.830691 0.971832116445
7201.102068 0.965867996216
