62.389818 19.9910737673
125.051275 20.0913329124
142.43101 4.98674265544
159.6465 4.94382397334
222.907265 20.2842433453
240.253906 4.95939962069
303.717181 20.3768303394
367.384576 20.3884059588
384.860947 5.00709501902
447.424504 20.0697784424
511.272487 20.4313700199
529.03616 5.09045934677
592.667688 20.4215195974
656.581449 20.449213028
674.160035 5.0340180397
739.909311 21.11039265
757.60639 5.07136631012
775.169581 5.0556640625
839.083769 20.4464652538
856.966612 5.12071537971
920.760652 20.4579993884
938.491559 5.07626271248
956.254999 5.10873270035
973.951186 5.06474161148
991.550675 5.06379040082
1055.49518 20.454693079
1073.226514 5.07127992312
1090.804344 5.05683994293
1108.484208 5.05318498611
1172.235698 20.434924682
1236.214922 20.4926450253
1254.013292 5.07646735509
1271.7725 5.11025635401
1335.687022 20.4443190893
1353.417396 5.07537237803
1371.047155 5.06738694509
1389.043787 5.1647699674
1452.791775 20.442586263
1470.541559 5.06786433856
1488.16827 5.07094621658
1506.21502 5.1824353536
1523.811484 5.05593570073
1587.759016 20.4493219852
1654.324719 21.3447117011
1672.189255 5.11075170835
1689.78506 5.06178943316
1755.985401 21.1764073372
1773.797657 5.08938694
1791.37753 5.05532725652
1809.091007 5.06482036908
1826.724212 5.07358733813
1844.433114 5.06361905734
1861.979826 5.03805796305
1879.826519 5.10251760483
1943.741512 20.4912220637
2007.839629 20.516644001
2072.657106 20.7578553359
2090.450761 5.08524680138
2108.097141 5.06701095899
2126.030376 5.1238942941
2143.741294 5.09054772059
2161.623591 5.1159983476
2179.267019 5.06707906723
2243.085115 20.4149403572
2260.814056 5.06553435326
2278.590628 5.11624455452
2296.304656 5.05333169301
2314.020655 5.09408267339
2331.731387 5.06356239319
2349.160098 4.9999666214
2413.491386 20.5919803778
2479.841712 21.2572082678
2544.173004 20.5935863654
2608.49074 20.590006272
2675.340482 21.4240501722
2693.25066 5.12256264687
2710.847853 5.05256732305
2728.694552 5.1001042525
2746.48978 5.11381260554
2764.286433 5.07644089063
2781.936687 5.07412799199
2799.614355 5.03811335564
2861.943297 19.9647552967
2879.572828 5.02095635732
2897.152375 5.05797870954
2914.886435 5.05899731318
2978.697529 20.4577367306
2996.593221 5.12495263418
3062.810756 21.2572259903
3080.522522 5.05348372459
3144.504557 20.5261882941
3162.35136 5.09133330981
3180.013972 5.06852444013
3243.928233 20.4551867644
3261.976001 5.15284498533
3279.674238 5.09179528554
3297.704801 5.14377260208
3363.504314 21.1165734132
3430.23449 21.3884736697
3494.616251 20.598317941
3512.361951 5.05433789889
3575.97648 20.3870216211
3593.623311 5.02778061231
3611.239142 5.05841493607
