0.108424901962
0.114362001419
0.114084005356
0.115810155869
0.115530967712
0.111765861511
0.114367008209
0.112434864044
0.115876913071
0.112358808517
0.115067005157
0.112238168716
0.115891933441
0.111679077148
0.116061210632
0.111460924149
0.116626024246
0.113111019135
0.115751981735
0.116052865982
0.106453895569
0.114472150803
0.110163211823
0.114457845688
0.109445095062
0.116144895554
0.112082958221
0.11253786087
0.109164953232
0.114506006241
0.115715026855
0.111074924469
0.116472959518
0.112017154694
0.115211009979
0.110638856888
0.112905025482
0.113931894302
0.116214990616
0.113229036331
