0.109210968018
0.113185882568
0.115872144699
0.113117218018
0.115520000458
0.11118888855
0.115269899368
0.114523172379
0.114942073822
0.115061998367
0.114501953125
0.116780996323
0.11151599884
0.115828990936
0.109942913055
0.117346048355
0.111835002899
0.114890813828
0.112014055252
0.116829156876
0.111037015915
0.113241910934
0.115915060043
0.11363697052
0.116276979446
0.111747980118
0.112017154694
0.112837076187
0.112478017807
0.112878084183
0.111933946609
0.116089820862
0.111732959747
0.116270065308
0.11114692688
0.116492033005
0.111243009567
0.116146087646
0.111602067947
0.116219997406
