0.10421705246
0.114051818848
0.110852003098
0.114494085312
0.11572098732
0.113973855972
0.116910934448
0.110786914825
0.116672039032
0.111664056778
0.110556840897
0.115074157715
0.116816997528
0.112961053848
0.111749887466
0.115467071533
0.116014957428
0.10980796814
0.117758989334
0.112248897552
0.107482910156
0.113172054291
0.116370916367
0.111268997192
0.116190195084
0.111467123032
0.112333059311
0.113138914108
0.111788988113
0.113451957703
0.111438035965
0.116101026535
0.111906051636
0.116549968719
0.111078977585
0.116588115692
0.110954046249
0.117274999619
0.111174106598
0.115231990814
