2.046755 0.108889102936
3.92938 0.0943570137024
5.790958 0.0971138477325
7.719486 0.109877109528
9.602865 0.113316059113
11.452843 0.0915129184723
13.288882 0.0964851379395
15.159521 0.0954329967499
17.024664 0.0983860492706
18.870702 0.0964350700378
20.72541 0.0964980125427
22.595966 0.102896213531
24.455641 0.0907309055328
26.306183 0.0946822166443
28.179539 0.0967130661011
30.068105 0.099436044693
31.947995 0.0901350975037
33.957 0.0967400074005
35.826876 0.0975079536438
37.743347 0.0951788425446
39.595465 0.0902791023254
41.486499 0.0928070545197
43.370815 0.0927917957306
45.243212 0.0963151454926
47.105896 0.0928280353546
49.002374 0.0922648906708
50.885145 0.0871598720551
52.79661 0.0969209671021
54.668135 0.0947160720825
56.570895 0.114555120468
58.479633 0.0942630767822
60.386938 0.0973598957062
62.260122 0.0981478691101
64.292891 0.0991699695587
66.165238 0.0899739265442
68.037559 0.103569984436
69.909147 0.0990989208221
71.77891 0.0988998413086
73.651939 0.0981478691101
75.537267 0.0929310321808
77.42127 0.0982511043549
79.275473 0.0908551216125
81.126165 0.0968279838562
82.992193 0.0928790569305
84.857013 0.0950748920441
86.731303 0.0998508930206
88.617637 0.101373910904
90.533794 0.0957109928131
92.413951 0.0941109657288
94.467729 0.0948348045349
96.373804 0.092442035675
98.259317 0.0963599681854
100.143758 0.0936989784241
102.023661 0.100657939911
103.915221 0.0989940166473
105.774822 0.0959341526031
107.627602 0.100878000259
109.517343 0.0946209430695
111.378351 0.0982580184937
113.241117 0.0996370315552
115.146774 0.0954780578613
117.044205 0.100116014481
118.887493 0.0924680233002
120.764688 0.0983629226685
122.642291 0.0952060222626
124.665678 0.102499008179
126.535348 0.0958440303802
128.444959 0.0990309715271
130.335711 0.0949330329895
132.249174 0.0889821052551
134.104266 0.0942730903625
135.988299 0.0918819904327
137.846054 0.0919668674469
139.749086 0.0996298789978
141.615079 0.0889551639557
143.464633 0.0879380702972
145.331469 0.0908138751984
147.219934 0.101198911667
149.072368 0.0953638553619
150.918116 0.0988879203796
152.839335 0.0894348621368
154.857888 0.102984905243
156.726087 0.0877828598022
158.596484 0.0941472053528
160.381213 0.0935049057007
162.294183 0.0968239307404
164.19879 0.0954511165619
166.08953 0.101659059525
167.992172 0.0959300994873
169.866938 0.0974669456482
171.709482 0.0924401283264
173.618349 0.0938308238983
175.483067 0.0952258110046
177.360455 0.0955629348755
179.236194 0.0943169593811
181.117896 0.0933039188385
183.017914 0.0950200557709
185.089648 0.0932908058167
186.947225 0.0945827960968
188.846287 0.0953729152679
190.756526 0.0967769622803
192.617161 0.0965797901154
194.516753 0.0967040061951
196.396425 0.0880658626556
198.249511 0.0914750099182
200.118344 0.0956928730011
201.984745 0.0930988788605
203.876441 0.0933589935303
205.715307 0.0944001674652
207.597786 0.10039806366
209.478885 0.097323179245
211.350866 0.0966410636902
213.212736 0.0995330810547
215.27686 0.100197076797
217.182411 0.100380182266
219.066124 0.0997440814972
220.952075 0.0997550487518
222.842267 0.0950131416321
224.734967 0.101136207581
226.638163 0.092756986618
228.5852 0.100316047668
230.442403 0.0986380577087
232.326177 0.0968379974365
234.176771 0.0980961322784
236.084584 0.0976150035858
237.94515 0.0887959003448
239.804834 0.0954270362854
241.673968 0.087317943573
243.546273 0.0979080200195
245.600311 0.0981600284576
247.499562 0.0920078754425
249.3875 0.0990581512451
251.286324 0.0922541618347
253.155233 0.0950920581818
255.022425 0.0905718803406
256.88766 0.0942120552063
258.82289 0.09748005867
260.706696 0.0991928577423
262.621561 0.0929419994354
264.473316 0.0867531299591
266.337995 0.0993278026581
268.230693 0.0990459918976
270.090308 0.096263885498
271.947409 0.0948441028595
273.872533 0.0902869701385
275.861961 0.095321893692
277.736477 0.0996930599213
279.614787 0.093444108963
281.512997 0.0903980731964
283.3975 0.0961880683899
285.271521 0.0994861125946
287.132036 0.0974900722504
289.00669 0.094605922699
290.89785 0.0958678722382
292.760434 0.098573923111
294.632455 0.099072933197
296.536436 0.0901579856873
298.422364 0.0993671417236
300.280951 0.0951910018921
302.150126 0.0939500331879
304.042448 0.10422205925
306.082626 0.0898170471191
307.97622 0.0916421413422
309.860683 0.0904788970947
311.710986 0.0993428230286
313.665066 0.0899829864502
315.549592 0.0984311103821
317.407169 0.0945780277252
319.307135 0.0983459949493
321.173603 0.0965540409088
323.025338 0.101996898651
324.858922 0.0865960121155
326.736101 0.0943880081177
328.62749 0.0959808826447
330.506802 0.0961291790009
332.369927 0.100186109543
334.257246 0.098128080368
336.297313 0.0899648666382
338.179449 0.0943081378937
340.05946 0.0967490673065
341.944323 0.0978081226349
343.823302 0.102978944778
345.704621 0.0986130237579
347.56564 0.10114812851
349.434789 0.0970799922943
351.308007 0.0953860282898
353.205837 0.0893170833588
355.099323 0.0989220142365
356.974094 0.101402997971
358.852767 0.0962319374084
360.710759 0.0936558246613
362.587532 0.0968010425568
364.471925 0.0987899303436
366.536437 0.0913569927216
368.417404 0.0883719921112
370.317539 0.0916299819946
372.198329 0.0972309112549
374.110264 0.0917599201202
376.025888 0.0856499671936
377.910465 0.0959658622742
379.79818 0.100867033005
381.666268 0.0971279144287
383.570551 0.0945589542389
385.430738 0.0933740139008
387.316613 0.0973041057587
389.213621 0.096107006073
391.08914 0.101119995117
392.950171 0.0912411212921
394.834649 0.101943016052
396.913627 0.0938348770142
398.819284 0.101320981979
400.673459 0.0964679718018
402.553224 0.105595111847
404.623348 0.0891749858856
406.454504 0.0923478603363
408.331548 0.0980141162872
410.202305 0.0981941223145
412.058535 0.0966551303864
413.94371 0.0981910228729
415.83402 0.0992751121521
417.751703 0.0962331295013
419.637847 0.1016061306
421.519218 0.0942988395691
423.373393 0.0938918590546
425.229633 0.100553035736
427.275122 0.0943188667297
429.188266 0.0894420146942
431.062145 0.0908050537109
432.953989 0.0974218845367
434.851351 0.0957679748535
436.751622 0.0939919948578
438.633202 0.0989441871643
440.506263 0.0978910923004
442.3777 0.100447893143
444.255616 0.0961780548096
446.139247 0.0950899124146
448.024955 0.0967810153961
449.903269 0.0905158519745
451.79239 0.0982339382172
453.65808 0.101970911026
455.540337 0.0974440574646
457.643218 0.0986661911011
459.538292 0.0919270515442
461.402916 0.0975949764252
463.26897 0.0908918380737
465.163257 0.0976579189301
467.038202 0.102932929993
468.933338 0.0989990234375
470.791029 0.0958750247955
472.650641 0.0926010608673
474.524224 0.100333929062
476.40529 0.0835099220276
478.307257 0.101331949234
480.209742 0.0950520038605
482.083745 0.0959858894348
483.967391 0.0996720790863
485.883519 0.105787038803
487.976881 0.100188016891
489.858838 0.0910379886627
491.718582 0.0943751335144
493.62705 0.0945959091187
495.518234 0.0918169021606
497.382175 0.0936620235443
499.221312 0.101176977158
501.115334 0.0971341133118
502.989707 0.0911538600922
504.8466 0.0957682132721
506.709376 0.0928499698639
508.579191 0.0931930541992
510.44427 0.0898370742798
512.322559 0.098464012146
514.20452 0.0952451229095
516.074479 0.0988349914551
517.940862 0.101181030273
520.005783 0.0958058834076
521.895082 0.094006061554
523.770228 0.0963728427887
525.677984 0.0973029136658
527.545324 0.0940270423889
529.454413 0.0977809429169
531.307871 0.0993959903717
533.196422 0.0933029651642
535.101933 0.0933041572571
536.993713 0.0960569381714
538.870176 0.0917201042175
540.753753 0.0948939323425
542.633825 0.0956680774689
544.518698 0.0969409942627
546.421579 0.0962088108063
548.299802 0.0994520187378
550.39922 0.0912420749664
552.25761 0.0966699123383
554.156814 0.10008597374
556.037321 0.0950839519501
557.936735 0.101140022278
559.822429 0.099317073822
561.712958 0.0970330238342
563.61197 0.0982091426849
565.506587 0.0956330299377
567.330898 0.0913209915161
569.235027 0.0963389873505
571.111366 0.0987088680267
572.993404 0.106704950333
574.879573 0.0972728729248
576.734545 0.0950448513031
578.605023 0.0910382270813
580.713385 0.100550889969
582.581017 0.0924780368805
584.461602 0.094957113266
586.360313 0.0934710502625
588.256786 0.0942599773407
590.140447 0.0946910381317
592.008867 0.0916900634766
593.881437 0.102805137634
595.795553 0.0984280109406
597.667364 0.0948910713196
599.569175 0.100879192352
601.460643 0.0990779399872
603.345476 0.102555036545
605.218699 0.103697061539
607.114204 0.102075099945
608.994706 0.094496011734
611.098469 0.0925750732422
612.985598 0.0915789604187
614.865725 0.0989439487457
616.718817 0.0932970046997
618.591712 0.0934090614319
620.47476 0.0970060825348
622.353641 0.0926389694214
624.233684 0.097195148468
626.081569 0.0957431793213
627.97837 0.09494805336
629.882588 0.0969197750092
631.758778 0.0883500576019
633.65233 0.0967659950256
635.522387 0.0930898189545
637.421105 0.0953040122986
639.303691 0.0941059589386
641.433507 0.099268913269
643.315064 0.0946180820465
645.207334 0.0942590236664
647.081463 0.0964980125427
648.922469 0.0907759666443
650.794361 0.0926578044891
652.665579 0.0951869487762
654.522672 0.0910201072693
656.417228 0.0979239940643
658.268963 0.0991561412811
660.160794 0.0964150428772
662.030645 0.0969939231873
663.883009 0.0972330570221
665.740025 0.0934069156647
667.622714 0.0937271118164
669.499606 0.09752202034
671.394484 0.0955579280853
673.505056 0.0930569171906
675.41437 0.0969021320343
677.321408 0.0896470546722
679.193762 0.0962779521942
681.046322 0.0999708175659
682.907344 0.101549863815
684.761904 0.0942330360413
686.634666 0.096687078476
688.50561 0.092512845993
690.422719 0.0974798202515
692.32857 0.0923430919647
694.20794 0.0999870300293
696.116623 0.0981428623199
697.995534 0.0940699577332
699.88185 0.0968430042267
701.745059 0.0888459682465
703.886905 0.093729019165
705.811958 0.0971570014954
707.730936 0.0959300994873
709.575381 0.0891211032867
711.458772 0.0978689193726
713.33612 0.0978310108185
715.193855 0.0888919830322
717.065504 0.0959630012512
718.934243 0.0929200649261
720.779965 0.089793920517
722.610122 0.0907208919525
724.501584 0.0918669700623
726.389727 0.0983221530914
728.296117 0.0957670211792
730.148788 0.0998051166534
732.032801 0.0976479053497
734.110177 0.100552082062
735.980222 0.0915629863739
737.849763 0.0944650173187
739.733072 0.0952708721161
741.604348 0.095165014267
743.490435 0.0950388908386
745.374613 0.0898599624634
747.247841 0.0987629890442
749.108343 0.0889360904694
750.978566 0.0897390842438
752.863207 0.0956470966339
754.723331 0.0883679389954
756.596744 0.0970649719238
758.45635 0.0853080749512
760.327745 0.0972690582275
762.196048 0.0927801132202
764.297853 0.0952451229095
766.196878 0.0987601280212
768.064833 0.0945880413055
769.911428 0.0940811634064
771.775649 0.0984737873077
773.645254 0.094762802124
775.529627 0.0948359966278
777.390926 0.0956158638
779.248638 0.0941488742828
781.115859 0.0928761959076
782.991825 0.0928218364716
784.879966 0.100214004517
786.724946 0.0921750068665
788.607803 0.0995049476624
790.47516 0.114066123962
792.304215 0.0952098369598
794.179865 0.0985078811646
796.302 0.0951151847839
798.19486 0.0956919193268
800.062002 0.101679086685
801.926013 0.0943939685822
803.816277 0.0990560054779
805.698291 0.0968780517578
807.601055 0.094279050827
809.476296 0.0915179252625
811.583336 0.102056026459
813.467525 0.100853204727
815.344822 0.0957889556885
817.230914 0.098158121109
819.116544 0.098895072937
821.002739 0.101521968842
822.890251 0.103281021118
824.782067 0.102087020874
826.915536 0.0967681407928
828.810354 0.0928318500519
830.693498 0.0956330299377
832.565054 0.0883948802948
834.428905 0.0993759632111
836.649394 0.102144002914
838.540194 0.0921099185944
840.404859 0.0939559936523
842.276308 0.100255012512
844.146997 0.0961248874664
846.031787 0.0953049659729
847.88553 0.0928311347961
849.783219 0.0944271087646
851.648788 0.0964560508728
853.524033 0.100464105606
855.415885 0.10139799118
857.506342 0.100724935532
859.420002 0.0963590145111
861.331207 0.099574804306
863.2192 0.102004051208
865.110896 0.091737985611
866.986607 0.101338863373
868.8673 0.088663816452
870.772261 0.0950548648834
872.647889 0.0981090068817
874.504042 0.093034029007
876.427175 0.0955710411072
878.306727 0.0945768356323
880.184538 0.0894029140472
882.054951 0.0979368686676
883.900494 0.0923991203308
885.806799 0.0950100421906
887.877686 0.0951790809631
889.784136 0.0920519828796
891.641815 0.0983018875122
893.504166 0.0989201068878
895.376572 0.0908219814301
897.283904 0.0999228954315
899.146391 0.0974860191345
900.98828 0.0941760540009
902.890061 0.100054979324
904.765566 0.0944011211395
906.680455 0.0979590415955
908.559025 0.0931069850922
910.483989 0.0964479446411
912.374175 0.0945131778717
914.263797 0.0914950370789
916.159455 0.0989260673523
918.231579 0.0954110622406
920.141213 0.0944368839264
922.023387 0.0966939926147
923.917786 0.09246301651
925.779087 0.0929179191589
927.688451 0.0940937995911
929.558172 0.0937311649323
931.447589 0.089565038681
933.326538 0.0928409099579
935.196252 0.102601051331
937.06245 0.0947840213776
938.884654 0.0960619449615
940.758463 0.087532043457
942.667364 0.092563867569
944.525806 0.0987250804901
946.460493 0.0934867858887
948.573337 0.101150035858
950.477915 0.0957410335541
952.359166 0.0950658321381
954.2131 0.096864938736
956.079552 0.0944368839264
957.943299 0.0949110984802
959.82657 0.0970451831818
961.690164 0.0926189422607
963.557611 0.0981051921844
965.406648 0.0943109989166
967.286959 0.0919239521027
969.196821 0.0942070484161
971.070469 0.095733165741
972.941385 0.0947148799896
974.80962 0.0937478542328
976.675598 0.095860004425
978.529994 0.0940880775452
980.62145 0.0967049598694
982.513424 0.0942840576172
984.415855 0.101315975189
986.29621 0.0947239398956
988.161325 0.0998599529266
990.041993 0.0979380607605
991.971777 0.0946769714355
993.882048 0.0996849536896
995.754167 0.0973708629608
997.623466 0.0951159000397
999.494736 0.095263004303
1001.3905 0.0946350097656
1003.312658 0.0939021110535
1005.208412 0.0962970256805
1007.24912 0.0990481376648
1009.115013 0.100469827652
1011.21222 0.0846960544586
1013.061966 0.0943689346313
1014.943702 0.0995619297028
1016.824574 0.094172000885
1018.706801 0.0945219993591
1020.580618 0.0924661159515
1022.429123 0.0899858474731
1024.321636 0.0912690162659
1026.197768 0.0893881320953
1028.048519 0.0989220142365
1029.952394 0.0950129032135
1031.885775 0.0867290496826
1033.737166 0.0883150100708
1035.649609 0.0938851833344
1037.538039 0.0987799167633
1039.422014 0.0986640453339
1041.532579 0.0966241359711
1043.406385 0.0981538295746
1045.254317 0.0946810245514
1047.161679 0.0931220054626
1049.045935 0.094349861145
1050.908228 0.0903720855713
1052.828178 0.0988512039185
1054.709853 0.0941379070282
1056.548776 0.0891828536987
1058.442669 0.0974979400635
1060.325165 0.0867149829865
1062.200094 0.0985488891602
1064.078133 0.0936470031738
1065.970845 0.100337982178
1067.857852 0.092118024826
1069.709224 0.0890040397644
1071.921158 0.0972371101379
1073.803246 0.09539103508
1075.687807 0.0958299636841
1077.553164 0.0909628868103
1079.437406 0.104816913605
1081.348669 0.095155954361
1083.232931 0.094309091568
1085.102468 0.091912984848
1086.973922 0.0944080352783
1088.847355 0.0922799110413
1090.723376 0.0949718952179
1092.581996 0.0888941287994
1094.439074 0.0972259044647
1096.339212 0.0921730995178
1098.232912 0.0944788455963
1100.099154 0.0912940502167
1102.328642 0.0979740619659
1104.209106 0.0952229499817
1106.071516 0.099102973938
1107.942504 0.0984568595886
1109.807165 0.101766824722
1111.702949 0.101610898972
1113.596001 0.0978989601135
1115.481228 0.0988800525665
1117.410986 0.0908868312836
1119.280992 0.0963590145111
1121.163203 0.0932128429413
1123.042262 0.100598812103
1124.924018 0.0894868373871
1126.79676 0.0990409851074
1128.691008 0.0961978435516
1130.561282 0.0929880142212
1132.647589 0.0948359966278
1134.526089 0.097482919693
1136.408151 0.0990400314331
1138.265227 0.0969090461731
1140.164686 0.101010084152
1142.035617 0.0880329608917
1143.919931 0.0971269607544
1145.767079 0.0911710262299
1147.637634 0.0958139896393
1149.496061 0.0925409793854
1151.384022 0.0908780097961
1153.233623 0.0997960567474
1155.115302 0.0967478752136
1156.999244 0.08957695961
1158.86036 0.0959370136261
1160.742109 0.0965490341187
1162.645558 0.0928111076355
1164.692847 0.0988221168518
1166.588067 0.0892481803894
1168.460993 0.0996530056
1170.330818 0.0941789150238
1172.20436 0.088711977005
1174.087947 0.0987420082092
1175.984393 0.0967469215393
1177.887043 0.0967810153961
1179.726193 0.098240852356
1181.599591 0.100779056549
1183.463376 0.103037118912
1185.307884 0.0984489917755
1187.166395 0.0996510982513
1189.057739 0.104413032532
1190.933104 0.097873210907
1192.795864 0.0968298912048
1194.850865 0.0951640605927
1196.729843 0.0920450687408
1198.622639 0.096137046814
1200.516233 0.104784965515
1202.418644 0.0921580791473
1204.314476 0.092964887619
1206.208388 0.0930950641632
1208.131129 0.0898170471191
1210.037967 0.0962460041046
1211.924106 0.09494805336
1213.802417 0.0947270393372
1215.688325 0.0948441028595
1217.536804 0.0903429985046
1219.429595 0.0920178890228
1221.291986 0.0959990024567
1223.151007 0.0933921337128
1225.218739 0.0948538780212
1227.094155 0.0994319915771
1228.994361 0.0929980278015
1230.847254 0.0863418579102
1232.709751 0.0991239547729
1234.623312 0.0968670845032
1236.479014 0.103888988495
1238.362703 0.102645158768
1240.265237 0.0948958396912
1242.175452 0.0969450473785
1244.057767 0.095242023468
1245.916296 0.0927929878235
1247.791452 0.0888848304749
1249.676385 0.0970468521118
1251.545616 0.0939781665802
1253.442271 0.0939521789551
1255.530871 0.089506149292
1257.399481 0.0843868255615
1259.326231 0.101519823074
1261.202658 0.0959620475769
1263.114253 0.0983600616455
1264.982998 0.0968718528748
1266.859725 0.0978190898895
1268.720983 0.0984621047974
1270.597636 0.0948021411896
1272.503205 0.103810071945
1274.39499 0.0979299545288
1276.24649 0.101605176926
1278.125632 0.0953850746155
1279.977568 0.093652009964
1281.844428 0.0927031040192
1283.721758 0.098886013031
1285.826036 0.103859901428
1287.749815 0.0918688774109
1289.649496 0.0986790657043
1291.532093 0.100905895233
1293.404348 0.0977580547333
1295.285826 0.0944240093231
1297.17385 0.101613998413
1299.054238 0.0977380275726
1300.974447 0.096293926239
1302.894366 0.0969409942627
1304.76594 0.0930600166321
1306.637394 0.0951130390167
1308.512515 0.096873998642
1310.360187 0.0952959060669
1312.23517 0.0928699970245
1314.100683 0.0941128730774
1316.206085 0.10060095787
1318.070496 0.0935590267181
1319.97269 0.0928330421448
1321.821496 0.100699186325
1323.703568 0.0989239215851
1325.556898 0.0924530029297
1327.415165 0.101048946381
1329.277854 0.0984539985657
1331.162899 0.0957207679749
1333.050967 0.099622964859
1334.907601 0.0946550369263
1336.77938 0.0967400074005
1338.652805 0.0951330661774
1340.518383 0.100479841232
1342.360846 0.0925221443176
1344.229624 0.104059934616
1346.092389 0.0943789482117
1348.205978 0.0946319103241
1350.065749 0.0878610610962
1351.938646 0.096962928772
1353.806318 0.094596862793
1355.693192 0.0955538749695
1357.549765 0.0940089225769
1359.427919 0.0906901359558
1361.321977 0.0999040603638
1363.451777 0.0946490764618
1365.320916 0.0907340049744
1367.19383 0.0937721729279
1369.054169 0.0932857990265
1370.962162 0.099946975708
1372.81922 0.0939140319824
1374.685315 0.0930428504944
1376.564157 0.0880980491638
1378.686337 0.0949549674988
1380.607721 0.0977010726929
1382.513756 0.0960071086884
1384.414584 0.0985970497131
1386.331297 0.0959100723267
1388.228719 0.0985281467438
1390.107065 0.0931270122528
1391.973737 0.100543022156
1393.869722 0.0997130870819
1395.750454 0.0941638946533
1397.635689 0.0996329784393
1399.533988 0.0977940559387
1401.426687 0.0968542098999
1403.356682 0.09654712677
1405.225401 0.0931370258331
1407.092203 0.101427793503
1409.226064 0.0909779071808
1411.134244 0.0933301448822
1413.016125 0.0952479839325
1414.882254 0.102411985397
1416.729136 0.0900950431824
1418.587789 0.0972821712494
1420.495669 0.0958421230316
1422.410718 0.0904099941254
1424.249047 0.0948460102081
1426.074433 0.0940442085266
1427.959682 0.100662946701
1429.844657 0.100562095642
1431.714224 0.0872151851654
1433.595709 0.0966460704803
1435.491387 0.0943500995636
1437.350523 0.0925171375275
1439.523958 0.0944719314575
1441.411314 0.09019780159
1443.29633 0.0968198776245
1445.204336 0.0959098339081
1447.073804 0.0975711345673
1449.097598 0.0921630859375
1450.974905 0.0903241634369
1452.861689 0.101084947586
1454.745336 0.10040807724
1456.633102 0.0927419662476
1458.57024 0.101281881332
1460.426165 0.0928211212158
1462.300281 0.094633102417
1464.207459 0.095144033432
1466.104826 0.0973629951477
1467.998611 0.0924990177155
1470.095553 0.102329969406
1471.962777 0.0849368572235
1473.898051 0.0929281711578
1475.762895 0.0936670303345
1477.645499 0.0910840034485
1479.52117 0.0919899940491
1481.383809 0.0979619026184
1483.302164 0.0956909656525
1485.1716 0.0941269397736
1487.048962 0.0959620475769
1488.943246 0.100291013718
1490.847845 0.0943999290466
1492.746093 0.0977809429169
1494.626881 0.0937910079956
1496.506343 0.103593826294
1498.349205 0.09588098526
1500.450277 0.0918478965759
1502.335682 0.0914771556854
1504.216056 0.0963809490204
1506.079409 0.0977880954742
1507.939515 0.0943529605865
1509.820616 0.0950410366058
1511.702679 0.093985080719
1513.601523 0.0871479511261
1515.475577 0.0908532142639
1517.320354 0.0944528579712
1519.194201 0.0985510349274
1521.111609 0.0947570800781
1523.005939 0.103124141693
1524.868391 0.0948829650879
1526.719186 0.093297958374
1528.600538 0.0925569534302
1530.739775 0.0941798686981
1532.633564 0.0966508388519
1534.50738 0.0969929695129
1536.380833 0.0897400379181
1538.260407 0.0947439670563
1540.181179 0.096428155899
1542.047702 0.102024078369
1543.930127 0.0997807979584
1545.797318 0.0877878665924
1547.669111 0.0866959095001
1549.546771 0.0953378677368
1551.416056 0.0892949104309
1553.285584 0.0976819992065
1555.169338 0.0955560207367
1557.057997 0.102183818817
1558.936689 0.0948929786682
1561.072111 0.0953109264374
1562.983201 0.0904319286346
1564.855261 0.0975468158722
1566.740407 0.0975630283356
1568.631227 0.0892989635468
1570.521679 0.0977580547333
1572.393612 0.101337909698
1574.290129 0.10062789917
1576.170986 0.100814819336
1578.075194 0.0959091186523
1579.972591 0.0952100753784
1581.866279 0.0941851139069
1583.739024 0.0923509597778
1585.621202 0.10125207901
1587.505052 0.0999870300293
1589.384092 0.0895190238953
1591.508103 0.0994749069214
1593.377673 0.0880768299103
1595.272359 0.0977079868317
1597.185091 0.0985260009766
1599.056575 0.0987148284912
1600.943223 0.101145029068
1602.801334 0.101790904999
1604.679872 0.0957908630371
1606.530946 0.0899081230164
1608.451273 0.0978820323944
1610.325265 0.0926561355591
1612.219785 0.0976300239563
1614.142906 0.0877299308777
1615.975404 0.091912984848
1617.882244 0.0967080593109
1619.744135 0.0910568237305
1621.850625 0.0918889045715
1623.729783 0.0987589359283
1625.602441 0.0941631793976
1627.467279 0.0950131416321
1629.362763 0.0955929756165
1631.226685 0.0899348258972
1633.12204 0.0956959724426
1634.980352 0.0929889678955
1636.879798 0.0962641239166
1638.765645 0.0988419055939
1640.636087 0.0913691520691
1642.529759 0.091609954834
1644.400022 0.096097946167
1646.271008 0.0929119586945
1648.155914 0.0938739776611
1650.079599 0.0978441238403
1652.193113 0.099170923233
1654.076259 0.102293014526
1655.960881 0.0968570709229
1657.875587 0.0945150852203
1659.788484 0.101691007614
1661.681501 0.0942718982697
1663.564925 0.0969200134277
1665.451993 0.0994141101837
1667.345461 0.0966691970825
1669.195032 0.0968799591064
1671.046108 0.0931479930878
1672.904831 0.0889480113983
1674.762462 0.0948610305786
1676.620485 0.0977380275726
1678.494454 0.0918669700623
1680.379701 0.100504875183
1682.538286 0.0966761112213
1684.420908 0.0913870334625
1686.331597 0.100248098373
1688.236717 0.0886960029602
1690.183938 0.0997009277344
1692.042271 0.0985820293427
1693.930645 0.0985679626465
1695.807101 0.0939240455627
1697.64213 0.0930969715118
1699.521617 0.100643873215
1701.355036 0.0979490280151
1703.24093 0.0922060012817
1705.126199 0.091992855072
1707.009058 0.0996680259705
1708.874774 0.0931329727173
1710.782457 0.0928318500519
1712.913969 0.100142002106
1714.766041 0.0916218757629
1716.618695 0.089262008667
1718.499261 0.0951240062714
1720.376849 0.0992970466614
1722.258693 0.0958960056305
1724.129901 0.0964438915253
1726.015511 0.0972611904144
1727.923978 0.0970349311829
1729.816837 0.0937240123749
1731.673985 0.095113992691
1733.599515 0.0965640544891
1735.49071 0.0918848514557
1737.405422 0.100041151047
1739.287691 0.0997910499573
1741.147449 0.0967519283295
1743.375986 0.0955967903137
1745.253904 0.101840019226
1747.123321 0.096529006958
1748.985452 0.0983481407166
1750.878861 0.0976309776306
1752.780691 0.0927729606628
1754.635014 0.0894210338593
1756.521178 0.096207857132
1758.39211 0.0914390087128
1760.326091 0.100219011307
1762.171053 0.0854730606079
1764.056614 0.0920560359955
1765.961934 0.0890171527863
1767.88544 0.0987079143524
1769.775971 0.0920400619507
1771.649829 0.0873711109161
1773.754838 0.0914478302002
1775.638803 0.0923960208893
1777.528579 0.0942118167877
1779.399766 0.0941059589386
1781.310845 0.100598096848
1783.204095 0.0953118801117
1785.100108 0.0947349071503
1787.010297 0.0983788967133
1788.890114 0.0935039520264
1790.761771 0.0949010848999
1792.653543 0.0996840000153
1794.545708 0.0955941677094
1796.418774 0.0917711257935
1798.301921 0.0948770046234
1800.368462 0.0943548679352
1802.251436 0.0998051166534
1804.396558 0.0946230888367
1806.289166 0.100979089737
1808.171757 0.0910730361938
1810.028124 0.0990669727325
1811.945879 0.107759952545
1813.805373 0.0943109989166
1815.680989 0.0937139987946
1817.575483 0.0972411632538
1819.46796 0.0955200195312
1821.357059 0.0979700088501
1823.261229 0.0943529605865
1825.158943 0.0961210727692
1827.033013 0.0916030406952
1828.927205 0.0948648452759
1830.915057 0.0950798988342
1832.80345 0.0974569320679
1834.889163 0.0857560634613
1836.773223 0.0875670909882
1838.636015 0.0940890312195
1840.50793 0.0915811061859
1842.390785 0.100321054459
1844.296593 0.0947148799896
1846.210159 0.10004901886
1848.113805 0.0897340774536
1850.011938 0.0976288318634
1851.894439 0.0953412055969
1853.785988 0.0921311378479
1855.676747 0.099750995636
1857.580977 0.0952310562134
1859.46768 0.0971689224243
1861.378132 0.10042309761
1863.259519 0.0956768989563
1865.397439 0.100955963135
1867.293869 0.101172924042
1869.175443 0.097382068634
1871.034234 0.0888700485229
1872.930149 0.095146894455
1874.814442 0.096107006073
1876.712655 0.0905818939209
1878.585554 0.098256111145
1880.513023 0.0959029197693
1882.377067 0.0906119346619
1884.244872 0.0944199562073
1886.143594 0.0992209911346
1888.047375 0.0923020839691
1889.932872 0.096403837204
1891.808194 0.0993328094482
1893.702087 0.0963749885559
1895.837867 0.0957961082458
1897.732067 0.0964839458466
1899.584577 0.0909039974213
1901.50259 0.0962979793549
1903.389465 0.0998771190643
1905.258717 0.0891840457916
1907.141297 0.0957250595093
1909.025658 0.0970029830933
1911.065182 0.090478181839
1912.949634 0.0969951152802
1914.794317 0.0942358970642
1916.695628 0.0982580184937
1918.594356 0.100539207458
1920.474154 0.0869278907776
1922.344293 0.0948359966278
1924.241297 0.0904040336609
1926.376751 0.0945980548859
1928.27145 0.0966610908508
1930.143121 0.0935668945312
1932.070164 0.0997560024261
1933.950444 0.0975728034973
1935.840564 0.104300022125
1937.762731 0.0968492031097
1939.665697 0.100638151169
1941.533055 0.089861869812
1943.406514 0.0957479476929
1945.256809 0.0963740348816
1947.127979 0.0990869998932
1948.997869 0.0954480171204
1950.873706 0.0992860794067
1952.756146 0.0958778858185
1954.642007 0.0997829437256
1956.737034 0.0950469970703
1958.648039 0.0980250835419
1960.54107 0.095043182373
1962.435908 0.0951519012451
1964.334424 0.0959148406982
1966.223193 0.0982141494751
1968.114332 0.0937860012054
1969.997192 0.09246301651
1971.878258 0.0930850505829
1973.779786 0.0947461128235
1975.660917 0.0941941738129
1977.542893 0.0936751365662
1979.45768 0.0987040996552
1981.324714 0.0885281562805
1983.23946 0.101279020309
1985.130349 0.0937230587006
1987.286113 0.102198123932
1989.178206 0.0992019176483
1991.095379 0.0910568237305
1993.01451 0.0936169624329
1994.894843 0.0933139324188
1996.748074 0.0990118980408
1998.631658 0.0949060916901
2000.510621 0.0934009552002
2002.401875 0.0990650653839
2004.274393 0.0890920162201
2006.155807 0.0988481044769
2008.028144 0.0996038913727
2009.915175 0.0924470424652
2011.778311 0.0941150188446
2013.651614 0.0942828655243
2015.523684 0.094288110733
2017.689896 0.0984320640564
2019.596708 0.0986819267273
2021.598424 0.0951068401337
2023.486582 0.101171016693
2025.355781 0.0882768630981
2027.214529 0.0924468040466
2029.077093 0.0982789993286
2031.03002 0.0953640937805
2032.917729 0.101127147675
2034.809881 0.0919680595398
2036.708654 0.100550174713
2038.564157 0.0920519828796
2040.461222 0.0979700088501
2042.322765 0.0914120674133
2044.199508 0.10351896286
2046.103065 0.09614610672
2048.233152 0.103517055511
2050.119813 0.0958800315857
2051.986949 0.0898261070251
2053.880667 0.0908899307251
2055.788765 0.098895072937
2057.694213 0.0983309745789
2059.601682 0.0960149765015
2061.535133 0.0952730178833
2063.430351 0.094388961792
2065.317121 0.0933220386505
2067.222288 0.101473093033
2069.093533 0.0972118377686
2070.965549 0.0909161567688
2072.849253 0.0944521427155
2074.735043 0.0968270301819
2076.668934 0.0907521247864
2078.78975 0.0978310108185
2080.673687 0.0895249843597
2082.573867 0.0993449687958
2084.444897 0.0964479446411
2086.335153 0.0938630104065
2088.208109 0.0957849025726
2090.094647 0.0929439067841
2091.982948 0.101602077484
2093.900332 0.0896468162537
2095.770914 0.0912799835205
2097.656127 0.100467920303
2099.547986 0.0969741344452
2101.559448 0.0963129997253
2103.434352 0.0943748950958
2105.322183 0.0927641391754
2107.217872 0.0915150642395
2109.352845 0.102667808533
2111.246258 0.0936348438263
2113.164504 0.103578090668
2115.104 0.100071907043
2117.012375 0.0898549556732
2118.915304 0.116755008698
2120.811592 0.0928509235382
2122.699081 0.0972309112549
2124.557044 0.0878639221191
2126.459347 0.102323055267
2128.353629 0.0999350547791
2130.259369 0.0965929031372
2132.15641 0.100661993027
2134.066529 0.10228395462
2135.96974 0.0929760932922
2137.905874 0.100955963135
2139.994715 0.0955100059509
2141.900313 0.0969009399414
2143.771129 0.0942578315735
2145.658574 0.102732896805
2147.563395 0.0991570949554
2149.426165 0.100672006607
2151.279224 0.0946531295776
2153.175811 0.0942039489746
2155.037091 0.0861341953278
2156.88638 0.0950000286102
2158.757606 0.0944900512695
2160.634386 0.0976059436798
2162.489887 0.0972280502319
2164.363124 0.0880599021912
2166.225441 0.09006690979
2168.085497 0.101485967636
2169.953561 0.094358921051
2172.079626 0.0960431098938
2173.931282 0.101025819778
2175.78761 0.0987701416016
2177.666078 0.0949749946594
2179.52228 0.098699092865
2181.38989 0.0964529514313
2183.258935 0.095447063446
2185.15986 0.0981979370117
2187.1712 0.0937151908875
2189.059355 0.0975749492645
2190.940926 0.0894629955292
2192.827216 0.0991070270538
2194.71948 0.0930669307709
2196.568978 0.0954699516296
2198.476397 0.0941381454468
2200.367464 0.0945389270782
2202.534358 0.0891740322113
2204.404433 0.0964570045471
2206.277753 0.0969791412354
2208.195966 0.0947258472443
2210.104154 0.0945520401001
2212.224972 0.0914318561554
2214.091712 0.0917661190033
2215.957381 0.0939860343933
2217.83844 0.101244926453
2219.705744 0.0931329727173
2221.600956 0.0969209671021
2223.572766 0.09752202034
2225.452696 0.0951399803162
2227.386184 0.0930759906769
2229.277877 0.0943078994751
2231.154981 0.0975918769836
2233.303407 0.0901079177856
2235.176939 0.0988399982452
2237.055344 0.0946481227875
2238.96256 0.0932490825653
2240.825271 0.0931549072266
2242.698537 0.0974888801575
2244.612235 0.101593017578
2246.491129 0.0947699546814
2248.390184 0.100600004196
2250.270866 0.0969958305359
2252.202544 0.0980160236359
2254.090033 0.0910949707031
2255.962688 0.102370977402
2257.832507 0.0971620082855
2259.738165 0.0975470542908
2261.619142 0.0942618846893
2263.761075 0.0916090011597
2265.656286 0.0977618694305
2267.738145 0.0933289527893
2269.613137 0.0948991775513
2271.476315 0.0939309597015
2273.354671 0.093652009964
2275.24004 0.0950961112976
2277.110505 0.0959930419922
2278.974088 0.0867390632629
2280.860319 0.0990419387817
2282.739365 0.0936760902405
2284.613284 0.0911371707916
2286.497226 0.0964269638062
2288.361589 0.0998620986938
2290.27608 0.0983400344849
2292.175564 0.0982420444489
2294.441653 0.0950241088867
2296.304781 0.0986840724945
2298.166373 0.100604057312
2300.031947 0.0946788787842
2301.891588 0.0932149887085
2303.773903 0.0920829772949
2305.671709 0.0960710048676
2307.566144 0.0925691127777
2309.440161 0.093316078186
2311.321781 0.0935659408569
2313.206477 0.092737197876
2315.146882 0.10076212883
2317.031847 0.10192990303
2318.903075 0.102237939835
2320.780301 0.0937788486481
2322.635585 0.0929539203644
2324.766128 0.0909478664398
2326.660338 0.0971500873566
2328.570444 0.0947201251984
2330.47188 0.0908980369568
2332.38287 0.104225158691
2334.26233 0.0989351272583
2336.21243 0.105933904648
2338.088078 0.0883979797363
2339.997902 0.100760936737
2341.9021 0.0968170166016
2343.769882 0.0940361022949
2345.658243 0.0982539653778
2347.593743 0.0986020565033
2349.479738 0.101748943329
2351.381387 0.0951759815216
2353.251815 0.0943470001221
2355.366484 0.0862519741058
2357.223328 0.0956950187683
2359.097153 0.0947921276093
2360.991325 0.0950698852539
2362.878014 0.0959939956665
2364.762333 0.0985858440399
2366.634826 0.0908219814301
2368.508702 0.100055932999
2370.385655 0.0937190055847
2372.297842 0.0979380607605
2374.196053 0.0984170436859
2376.089128 0.0947132110596
2378.04932 0.099555015564
2379.937174 0.0935668945312
2381.837037 0.0983438491821
2383.729949 0.0939371585846
2385.894025 0.0978169441223
2387.790585 0.0967190265656
2389.674333 0.0957670211792
2391.582274 0.095566034317
2393.502146 0.0984170436859
2395.407524 0.0931708812714
2397.307536 0.0979068279266
2399.188918 0.0968668460846
2401.073254 0.0850789546967
2402.959822 0.0984680652618
2404.816155 0.0920889377594
2406.693263 0.0922451019287
2408.566329 0.100103855133
2410.435315 0.0972368717194
2412.330993 0.0868561267853
2414.217365 0.0996699333191
2416.360275 0.0930619239807
2418.230833 0.0941019058228
2420.104033 0.0952961444855
2421.979577 0.0994961261749
2423.876576 0.0981910228729
2425.762849 0.0991668701172
2427.666368 0.0958302021027
2429.559264 0.0965399742126
2431.430309 0.0928821563721
2433.342288 0.095547914505
2435.210911 0.0964641571045
2437.098515 0.0978269577026
2438.971833 0.0962309837341
2440.82623 0.092423915863
2442.682769 0.101388931274
2444.535785 0.091805934906
2446.626217 0.0951690673828
2448.542989 0.0941619873047
2450.408926 0.089183807373
2452.315547 0.0995700359344
2454.213057 0.0996949672699
2456.111681 0.101031064987
2458.061938 0.0875239372253
2459.922474 0.0913109779358
2461.796365 0.0874969959259
2463.66784 0.0986979007721
2465.525644 0.0917210578918
2467.397574 0.0941038131714
2469.271081 0.0879311561584
2471.153813 0.0972120761871
2473.303581 0.0895221233368
2475.175141 0.0949749946594
2477.275921 0.0901498794556
2479.138857 0.0926518440247
2481.051427 0.093554019928
2482.943723 0.10178399086
2484.822929 0.096391916275
2486.703216 0.0934479236603
2488.635445 0.0940670967102
2490.513845 0.101814031601
2492.374508 0.091717004776
2494.26463 0.0952398777008
2496.148443 0.0980248451233
2498.030422 0.0968701839447
2499.906816 0.0964269638062
2501.801857 0.0966730117798
2503.854838 0.0975031852722
2505.730646 0.0981750488281
2507.907971 0.0946969985962
2509.799129 0.102219104767
2511.68038 0.0993399620056
2513.635756 0.0984179973602
2515.54076 0.0955410003662
2517.413307 0.0960919857025
2519.306894 0.0947420597076
2521.185089 0.0994760990143
2523.091188 0.100868940353
2524.990305 0.100718975067
2526.828147 0.0924351215363
2528.755326 0.0933020114899
2530.621905 0.0941138267517
2532.498085 0.0933210849762
2534.372588 0.0936169624329
2536.269442 0.0980219841003
2538.416038 0.0894110202789
2540.311029 0.0899481773376
2542.167691 0.0955979824066
2544.057151 0.0993211269379
2545.921963 0.0926339626312
2547.774848 0.0935368537903
2549.630104 0.0915718078613
2551.53446 0.100129127502
2553.480928 0.0909831523895
2555.345185 0.0893249511719
2557.217729 0.0922470092773
2559.092406 0.0974960327148
2560.986684 0.0967140197754
2562.854074 0.0928039550781
2564.718016 0.0941679477692
2566.60362 0.0956280231476
2568.789008 0.0919778347015
2570.685141 0.0902428627014
2572.539664 0.0941331386566
2574.40196 0.0939400196075
2576.281144 0.090350151062
2578.172454 0.092052936554
2580.03944 0.095381975174
2581.90174 0.0932099819183
2583.807185 0.0957469940186
2585.657546 0.0877709388733
2587.51818 0.0977730751038
2589.380612 0.0957047939301
2591.273951 0.0941100120544
2593.160254 0.0976479053497
2595.043855 0.0970771312714
2596.885469 0.0932581424713
2599.18433 0.0876369476318
2601.030617 0.0974409580231
2602.907124 0.0993227958679
2604.789251 0.0997049808502
2606.653729 0.0913500785828
2608.553031 0.0933179855347
2610.409692 0.0921289920807
2612.302533 0.102383852005
2614.157419 0.0934569835663
2616.032661 0.100373983383
2617.912184 0.0932040214539
2619.808304 0.0960228443146
2621.686588 0.100404977798
2623.541526 0.0972180366516
2625.417321 0.0992980003357
2627.2555 0.0911629199982
2629.368991 0.0915448665619
2631.225829 0.0907318592072
2633.104583 0.0963761806488
2634.986623 0.0908539295197
2636.895577 0.094190120697
2638.822856 0.0974090099335
2640.726178 0.0960381031036
2642.611107 0.0970339775085
2644.493297 0.0930728912354
2646.375966 0.094780921936
2648.246872 0.0956649780273
2650.148011 0.0998101234436
2652.009896 0.0984840393066
2653.886761 0.0947651863098
2655.766003 0.0898969173431
2657.649978 0.101359128952
2659.795997 0.0961930751801
2661.703082 0.0972788333893
2663.568834 0.103179931641
2665.432308 0.0938529968262
2667.304247 0.0965180397034
2669.224394 0.0916709899902
2671.124564 0.0995500087738
2673.00378 0.0915310382843
2674.914483 0.0955522060394
2676.818425 0.10346698761
2678.705853 0.0922319889069
2680.604608 0.0984320640564
2682.498151 0.0965759754181
2684.390239 0.103531122208
2686.289948 0.0956439971924
2688.178092 0.0923879146576
2690.359289 0.0957250595093
2692.228219 0.0945909023285
2694.330849 0.0894939899445
2696.20697 0.092689037323
2698.090027 0.0899047851562
2699.957585 0.098925113678
2701.816817 0.0958778858185
2703.713532 0.0945870876312
2705.595379 0.0938110351562
2707.478963 0.0932378768921
2709.352439 0.0950679779053
2711.235453 0.0945761203766
2713.110687 0.0892989635468
2714.990219 0.0951859951019
2716.890471 0.0932729244232
2718.794734 0.0945348739624
2720.931612 0.0943470001221
2722.819196 0.0949900150299
2724.737815 0.0959630012512
2726.639911 0.102754116058
2728.506191 0.0951402187347
2730.367796 0.090754032135
2732.201883 0.0954918861389
2734.061199 0.0958480834961
2735.924695 0.0998158454895
2737.815284 0.0966899394989
2739.693772 0.0982999801636
2741.57202 0.0945928096771
2743.477278 0.0928258895874
2745.344269 0.0929508209229
2747.246629 0.0936880111694
2749.099436 0.0967330932617
2751.243688 0.0964589118958
2753.142511 0.0949528217316
2755.025735 0.0953638553619
2756.900343 0.0992980003357
2758.797903 0.100620985031
2760.679836 0.100733041763
2762.549519 0.0971651077271
2764.473786 0.0933158397675
2766.376527 0.0960099697113
2768.255088 0.101811170578
2770.150465 0.0978009700775
2772.024451 0.0916810035706
2773.890228 0.0963838100433
2775.799983 0.0953919887543
2777.715758 0.0944330692291
2779.639617 0.0976128578186
2781.771331 0.0939469337463
2783.661505 0.100445985794
2785.52205 0.100603818893
2787.405006 0.100518941879
2789.273858 0.0959329605103
2791.1718 0.0899541378021
2793.077936 0.0962569713593
2794.957389 0.0934879779816
2796.850809 0.0991158485413
2798.718359 0.0930290222168
2800.603941 0.0897710323334
2802.485147 0.0958280563354
2804.407893 0.0986080169678
2806.313515 0.0956411361694
2808.186918 0.0958409309387
2810.063002 0.0957889556885
2812.197588 0.0910789966583
2814.042395 0.0913939476013
2815.948741 0.0925750732422
2817.84921 0.0987341403961
2819.742781 0.0872941017151
2821.63874 0.104089975357
2823.508818 0.0918369293213
2825.380782 0.0949041843414
2827.281856 0.0923910140991
2829.162251 0.0963699817657
2831.013557 0.097421169281
2832.915615 0.0951340198517
2834.79117 0.0899901390076
2836.671622 0.0959990024567
2838.560598 0.0935108661652
2840.445394 0.100317955017
2842.612376 0.0946888923645
2844.465522 0.0937008857727
2846.320025 0.0912249088287
2848.173898 0.0997438430786
2850.075 0.0934491157532
2851.972712 0.098475933075
2853.872917 0.1000020504
2855.756654 0.101181983948
2857.675095 0.0955979824066
2859.554883 0.0947980880737
2861.453107 0.10094499588
2863.317108 0.097736120224
2865.202823 0.101556062698
2867.099885 0.102602958679
2868.975219 0.093101978302
2870.820722 0.0922818183899
2873.000998 0.0989279747009
2874.884222 0.0920588970184
2876.801537 0.0954039096832
2878.744354 0.0977900028229
2880.616966 0.0894508361816
2882.486078 0.0941860675812
2884.364748 0.0915789604187
2886.26158 0.0986969470978
2888.178909 0.0961918830872
2890.07667 0.0989248752594
2891.981716 0.0933721065521
2893.882963 0.102499961853
2895.798692 0.0955610275269
2897.683699 0.102108955383
2899.595489 0.102785110474
2901.516088 0.10316991806
2903.695914 0.089390039444
2905.587807 0.0898241996765
2907.464928 0.0989949703217
2909.348953 0.0967669487
2911.236904 0.0912880897522
2913.11662 0.10003900528
2915.074722 0.103907108307
2916.966768 0.0989880561829
2918.869651 0.0935640335083
2920.709348 0.0952050685883
2922.617884 0.0955419540405
2924.525772 0.0984680652618
2926.462487 0.0939860343933
2928.349269 0.102519035339
2930.407501 0.0983130931854
2932.302176 0.0962929725647
2934.42762 0.0895590782166
2936.336985 0.0984780788422
2938.234252 0.0925118923187
2940.09423 0.100651025772
2941.988616 0.0988290309906
2943.891686 0.0941472053528
2945.764955 0.0911641120911
2947.651821 0.0988411903381
2949.559486 0.0971391201019
2951.432827 0.0993680953979
2953.352346 0.0988838672638
2955.555652 0.0941951274872
2957.454852 0.0955111980438
2959.365567 0.101177930832
2961.257844 0.0955588817596
2963.146254 0.098151922226
2965.33979 0.100535869598
2967.221793 0.0968132019043
2969.098819 0.101061820984
2970.991296 0.0971100330353
2972.883574 0.0961611270905
2974.742269 0.092453956604
2976.649873 0.0914599895477
2978.524576 0.0904049873352
2980.447744 0.0975399017334
2982.342391 0.0959320068359
2984.226947 0.0964920520782
2986.11218 0.100131988525
2987.97958 0.091915845871
2989.887247 0.0959160327911
2991.751507 0.0952980518341
2993.626986 0.100369930267
2995.833114 0.0999279022217
2997.740749 0.0982799530029
2999.61177 0.0937969684601
3001.527781 0.0942540168762
3003.38796 0.0947351455688
3005.296817 0.0972721576691
3007.159319 0.0944480895996
3009.077864 0.0972859859467
3011.14672 0.0962769985199
3013.027685 0.0978631973267
3014.948125 0.0941028594971
3016.815725 0.0944848060608
3018.664229 0.0926859378815
3020.579569 0.101591110229
3022.447271 0.0971450805664
3024.314435 0.0948059558868
3026.442229 0.0951828956604
3028.326524 0.0961771011353
3030.213095 0.100942134857
3032.093816 0.0990588665009
3033.972919 0.0927319526672
3035.87382 0.0960919857025
3037.743504 0.0964319705963
3039.604202 0.0946230888367
3041.47407 0.0926802158356
3043.361702 0.0959279537201
3045.25459 0.0915801525116
3047.156829 0.0977709293365
3049.037801 0.095489025116
3050.931244 0.0952160358429
3052.818456 0.0901520252228
3054.694362 0.102860927582
3056.869678 0.0946521759033
3058.750031 0.0972249507904
3060.641388 0.0978109836578
3062.514841 0.0934920310974
3064.40943 0.0968081951141
3066.39201 0.0948660373688
3068.289421 0.0998039245605
3070.182916 0.0929019451141
3072.074429 0.0941469669342
3073.962416 0.0970060825348
3075.891332 0.0940139293671
3077.779137 0.0929658412933
3079.666315 0.101335048676
3081.534593 0.0941128730774
3083.385582 0.0914540290833
3085.268702 0.0953249931335
3087.388367 0.0950179100037
3089.259719 0.0938079357147
3091.266423 0.109610080719
3093.187763 0.0967330932617
3095.046693 0.0967121124268
3096.929418 0.095232963562
3098.815068 0.094202041626
3100.707403 0.0956699848175
3102.596411 0.0996279716492
3104.526662 0.0956950187683
3106.388916 0.0882928371429
3108.261439 0.0985729694366
3110.167741 0.0976610183716
3112.073705 0.0843141078949
3113.944241 0.0929040908813
3115.841694 0.091185092926
3118.005625 0.0945110321045
3119.924405 0.0963010787964
3121.791416 0.0946350097656
3123.662311 0.0935480594635
3125.536153 0.09361577034
3127.431532 0.0906138420105
3129.307102 0.0887889862061
3131.164346 0.0954630374908
3133.0541 0.0908739566803
3134.944215 0.0960547924042
3136.888801 0.0949139595032
3138.778288 0.102397918701
3140.656096 0.0946028232574
3142.566635 0.0955610275269
3144.464819 0.097892999649
3146.385639 0.098797082901
3148.563101 0.0966889858246
3150.466907 0.0934529304504
3152.368926 0.0972759723663
3154.281479 0.108909130096
3156.17613 0.100966930389
3158.070099 0.0950820446014
3159.993505 0.0988571643829
3161.871171 0.0959899425507
3163.791408 0.0968151092529
3165.645776 0.0991578102112
3167.536407 0.0947859287262
3169.408835 0.0926759243011
3171.3544 0.0965809822083
3173.252399 0.0927519798279
3175.149945 0.089695930481
3177.033342 0.0991959571838
3179.192101 0.100717067719
3181.08564 0.0963988304138
3182.963943 0.0916390419006
3184.805 0.0916380882263
3186.727883 0.0955028533936
3188.624022 0.0933208465576
3190.519328 0.0978150367737
3192.416076 0.0959670543671
3194.310996 0.0964031219482
3196.206399 0.0890100002289
3198.103494 0.0959169864655
3199.962993 0.0875329971313
3201.843559 0.0891997814178
3203.736176 0.0922977924347
3205.615442 0.0925390720367
3207.488329 0.0960597991943
3209.655072 0.0944149494171
3211.559106 0.101156949997
3213.46415 0.0988910198212
3215.326658 0.0987100601196
3217.206506 0.0958559513092
3219.068049 0.0897281169891
3220.954278 0.100479125977
3222.846968 0.0918879508972
3224.720682 0.092677116394
3226.622353 0.0924689769745
3228.498313 0.0964369773865
3230.393611 0.0951287746429
3232.268332 0.0985329151154
3234.146362 0.0942900180817
3236.03325 0.0884048938751
3237.94001 0.108079910278
3240.13942 0.0918798446655
3242.078177 0.0945670604706
3243.976399 0.092710018158
3245.87742 0.0990297794342
3247.769911 0.0945489406586
3249.679814 0.0975289344788
3251.588828 0.0957770347595
3253.508277 0.0997891426086
3255.414847 0.097647190094
3257.326794 0.101912975311
3259.210535 0.0942580699921
3261.123966 0.0947229862213
3263.035485 0.100281953812
3264.931333 0.0984270572662
3266.835212 0.095146894455
3268.749753 0.0987138748169
3270.869063 0.094428062439
3272.768243 0.0888421535492
3274.660443 0.0913290977478
3276.535087 0.0947349071503
3278.41757 0.0901339054108
3280.297491 0.0937991142273
3282.18545 0.0993359088898
3284.055519 0.0959639549255
3285.976695 0.0959270000458
3287.858146 0.0922479629517
3289.756574 0.0947489738464
3291.668439 0.1001329422
3293.55333 0.0970830917358
3295.481523 0.0937461853027
3297.473684 0.0966501235962
3299.370157 0.0951590538025
3301.533881 0.102506160736
3303.429128 0.0974881649017
3305.327203 0.0930550098419
3307.215601 0.0947580337524
3309.086881 0.0931329727173
3311.010547 0.0967190265656
3312.888211 0.101157188416
3314.744915 0.0999081134796
3316.611644 0.085706949234
3318.477229 0.100787878036
3320.37089 0.0973880290985
3322.376985 0.090558052063
3324.256363 0.107568979263
3326.101786 0.092423915863
3327.979804 0.0861008167267
3329.863812 0.097501039505
3332.024788 0.0997381210327
3333.906705 0.0972528457642
3335.804607 0.0995121002197
3337.701187 0.0890729427338
3339.614842 0.0947749614716
3341.504548 0.0894539356232
3343.404318 0.10168504715
3345.284145 0.092805147171
3347.142178 0.0888969898224
3349.049975 0.0960161685944
3350.938842 0.0992410182953
3352.836375 0.0932688713074
3354.723096 0.0949990749359
3356.626506 0.098317861557
3358.487176 0.10147690773
3360.363305 0.0955259799957
3362.542951 0.101378917694
3364.434525 0.0955588817596
3366.343649 0.0952849388123
3368.214352 0.0913379192352
3370.116975 0.092159986496
3372.004897 0.0976600646973
3373.867233 0.0951960086823
3375.736903 0.0951788425446
3377.858302 0.0949170589447
3379.762053 0.0945301055908
3381.658953 0.0995769500732
3383.51329 0.0955491065979
3385.43533 0.099347114563
3387.328786 0.0946359634399
3389.213467 0.0983331203461
3391.099266 0.0969679355621
3393.246769 0.097314119339
3395.134198 0.0997490882874
3397.062134 0.100197076797
3398.97207 0.0986161231995
3400.856833 0.0983238220215
3402.882478 0.0916090011597
3404.754968 0.0986828804016
3406.626361 0.0879499912262
3408.525953 0.0920820236206
3410.409683 0.0989329814911
3412.316542 0.0996549129486
3414.191246 0.0917649269104
3416.055888 0.0914649963379
3417.979485 0.0971069335938
3419.86309 0.0905442237854
3421.737714 0.101723909378
3423.914163 0.0929670333862
3425.801563 0.0946960449219
3427.682309 0.0939500331879
3429.582952 0.0965740680695
3431.454472 0.087699174881
3433.305317 0.100395917892
3435.200226 0.0972890853882
3437.084366 0.0987410545349
3438.94498 0.100331783295
3440.854153 0.0998930931091
3442.792961 0.0955760478973
3444.69099 0.0970170497894
3446.563419 0.096743106842
3448.448323 0.100485801697
3450.325226 0.0914070606232
3452.199028 0.0932590961456
3454.422965 0.0969150066376
3456.295419 0.0930647850037
3458.176372 0.0937049388885
3460.111528 0.0993931293488
3462.016318 0.0939781665802
3463.887221 0.0932600498199
3465.78828 0.100713014603
3467.669701 0.08700299263
3469.557785 0.0906858444214
3471.446622 0.0972948074341
3473.336718 0.0979120731354
3475.23058 0.0965130329132
3477.113806 0.0980031490326
3479.022138 0.0966730117798
3480.930038 0.0962660312653
3482.842315 0.104290008545
3484.959756 0.0932960510254
3486.863256 0.102159976959
3488.751067 0.0919828414917
3490.614581 0.0973479747772
3492.477495 0.087306022644
3494.380912 0.096803188324
3496.239517 0.0955700874329
3498.170912 0.0949380397797
3500.046527 0.096372127533
3501.944614 0.0965449810028
3503.846468 0.0925140380859
3505.746942 0.0936470031738
3507.687978 0.0957510471344
3509.597583 0.0981361865997
3511.482473 0.0990839004517
3513.350875 0.0952498912811
3515.498499 0.094269990921
3517.387614 0.0956580638885
3519.307695 0.0919690132141
3521.198347 0.0934388637543
3523.132132 0.0947790145874
3525.076411 0.0970530509949
3526.964751 0.0984499454498
3528.834974 0.0934231281281
3530.731269 0.0892980098724
3532.62387 0.0955190658569
3534.522879 0.0986869335175
3536.388031 0.0983998775482
3538.255852 0.0891940593719
3540.213877 0.101900100708
3542.089169 0.0923869609833
3543.974978 0.094477891922
3546.129202 0.0887010097504
3548.006748 0.095626115799
3549.881201 0.0971620082855
3551.758675 0.101580858231
3553.637694 0.0948560237885
3555.527871 0.100365161896
3557.390869 0.0955791473389
3559.298687 0.0945160388947
3561.174548 0.0949900150299
3563.082741 0.0955851078033
3564.976299 0.0969941616058
3566.866984 0.100839853287
3568.742327 0.0916547775269
3570.630243 0.0976650714874
3572.574324 0.095762014389
3574.479526 0.0933709144592
3576.662547 0.0935568809509
3578.588001 0.0951890945435
3580.453893 0.0924541950226
3582.334459 0.0894930362701
3584.210484 0.0959877967834
3586.130595 0.0941960811615
3588.029098 0.0981709957123
3589.911075 0.0936169624329
3591.784061 0.0945370197296
3593.668394 0.0931141376495
3595.560506 0.0953800678253
3597.450329 0.0950779914856
3599.356547 0.0821242332458
3601.270187 0.100764989853
