7.200025 0.768403689067
14.351255 0.803247372309
21.378983 0.773490349452
28.389775 0.77038693428
35.398412 0.779520670573
42.57485 0.787927945455
49.608481 0.774049361547
56.653883 0.77682296435
63.716339 0.775702317556
70.757452 0.777317682902
77.923079 0.779570659002
84.998624 0.778197050095
92.118031 0.795135100683
99.231499 0.782923698425
106.284828 0.773996353149
113.432348 0.776178995768
120.535335 0.783192396164
127.615234 0.77946194013
134.650396 0.77850095431
141.746784 0.790807644526
148.920253 0.781072934469
155.992926 0.774271726608
163.086484 0.785166581472
170.438567 0.84245634079
177.568233 0.801759322484
184.709434 0.77725927035
191.825344 0.793463230133
198.906777 0.783039569855
205.942627 0.777360439301
213.004575 0.780396223068
220.158749 0.781501690547
227.224114 0.7887190183
234.297831 0.778154611588
241.419386 0.789309422175
248.514681 0.782363732656
255.774821 0.783358971278
262.861518 0.78019007047
269.928917 0.785908937454
276.992269 0.779069979986
284.076696 0.777051687241
291.383151 0.793369293213
298.518609 0.800734996796
305.665774 0.780525048574
312.722094 0.779800732931
319.786209 0.782733996709
326.957838 0.782172997793
334.046106 0.780587434769
341.19262 0.800664345423
348.292577 0.784926096598
355.347483 0.776916662852
362.530311 0.780116319656
369.570692 0.779096047084
376.631682 0.780532757441
383.828001 0.826118628184
390.922133 0.791990995407
398.079853 0.779017925262
405.146533 0.772006988525
412.19913 0.779812971751
419.229802 0.776091655095
426.289916 0.777941942215
433.482879 0.785439332326
440.600384 0.789003372192
447.693835 0.778558572133
454.741842 0.77276913325
461.799068 0.779057343801
469.019589 0.775459845861
476.130454 0.789696375529
483.187516 0.785252014796
490.286854 0.788874944051
497.322612 0.778790712357
504.50839 0.778655290604
511.581364 0.783505996068
518.630572 0.780306816101
525.672632 0.776501337687
532.735604 0.77593032519
539.918036 0.784445603689
546.98192 0.777887662252
554.046348 0.781010468801
561.127305 0.781973361969
568.173815 0.780878941218
575.371594 0.778556346893
582.43822 0.781430959702
589.570941 0.792419195175
596.656415 0.783088286718
603.755523 0.782593011856
610.938894 0.782829682032
618.074258 0.790977875392
625.162292 0.783453305562
632.278507 0.783739010493
639.407403 0.809643030167
646.619409 0.781455993652
653.724619 0.788234710693
660.830725 0.781637271245
667.892263 0.778413931529
675.008877 0.789357662201
682.196034 0.780250708262
689.254296 0.784870386124
696.327685 0.786439657211
703.375108 0.778965632121
710.41817 0.778062343597
717.64746 0.777561187744
724.720042 0.781217336655
731.791392 0.783565759659
738.877614 0.785419305166
745.947728 0.780143340429
753.137476 0.775922377904
760.347039 0.801343361537
767.396746 0.779099305471
774.452423 0.777982314428
781.561552 0.798505624135
788.830029 0.788689295451
795.910947 0.778340657552
802.992347 0.783051093419
810.037688 0.776203314463
817.109146 0.7771692276
824.337057 0.782557964325
831.387044 0.774321079254
838.443344 0.790061314901
845.537178 0.779199282328
852.573561 0.77697356542
859.856997 0.782784382502
866.93066 0.780180374781
874.047806 0.781996409098
881.089828 0.780813058217
888.222659 0.785889307658
895.400144 0.777188301086
902.540031 0.802076737086
909.581829 0.775222619375
916.686552 0.777781009674
923.738509 0.776192267736
931.174402 0.785043636958
938.22843 0.777978658676
945.329206 0.779474655787
952.424026 0.784876346588
959.511529 0.782067775726
966.732585 0.778880675634
973.842775 0.784067551295
980.965005 0.792082309723
988.032972 0.779752333959
995.12537 0.782516320546
1002.420239 0.787489334742
1009.499799 0.777914365133
1016.5964 0.787409305573
1023.648816 0.780159632365
1030.786753 0.79407397906
1038.069751 0.779937982559
1045.149874 0.782468001048
1052.247628 0.786908070246
1059.369178 0.778362989426
1066.506846 0.802576382955
1074.506071 0.794992367427
1081.568205 0.781430323919
1088.657149 0.782296339671
1095.724131 0.778954346975
1102.811217 0.779513994853
1110.061859 0.784410317739
1117.127729 0.778525670369
1124.225876 0.785156091054
1131.300943 0.78022535642
1138.353993 0.779105424881
1145.653594 0.775724728902
1152.737789 0.779000043869
1159.855034 0.782834370931
1166.932978 0.784774303436
1174.122159 0.79386806488
1181.395423 0.783325274785
1188.429926 0.77302368482
1195.492524 0.779190937678
1202.574266 0.783578634262
1209.655407 0.780491987864
1217.110137 0.793632984161
1224.176533 0.779484987259
1231.252349 0.782164335251
1238.323884 0.784365971883
1245.400973 0.778477589289
1252.655507 0.780154705048
1259.699859 0.780346393585
1266.786073 0.783075650533
1273.901504 0.784392992655
1280.986513 0.785762707392
1288.288325 0.775739431381
1295.358497 0.78170132637
1302.457257 0.783284346263
1309.546576 0.782672961553
1316.660929 0.788522958755
1323.943734 0.78565732638
1331.115823 0.781324307124
1338.143611 0.776133696238
1345.248177 0.784392992655
1352.30918 0.781169255575
1359.553155 0.778267701467
1366.647309 0.787295977275
1373.747693 0.783918698629
1380.84362 0.784750064214
1387.959783 0.784879128138
1395.235724 0.788640340169
1402.313689 0.781954924266
1409.391201 0.782462994258
1416.522423 0.7938032945
1423.598877 0.779889345169
1430.890359 0.784150282542
1438.011347 0.788827339808
1445.068888 0.777113993963
1452.142492 0.778609752655
1459.223439 0.781590938568
1466.477103 0.792238632838
1473.587586 0.77840701739
1480.635118 0.783603827159
1487.682818 0.77934161822
1494.737926 0.780728737513
1501.980976 0.78268067042
1509.05648 0.779451370239
1516.167346 0.790699323018
1523.232269 0.7790620327
1530.30497 0.781912326813
1537.562527 0.787427663803
1544.616623 0.78263370196
1551.691154 0.781979640325
1558.794885 0.788189013799
1565.897305 0.790331045787
1573.168827 0.776439666748
1580.312215 0.77972539266
1587.400718 0.779489278793
1594.481363 0.786973079046
1601.575707 0.790653944016
1609.083483 0.787356376648
1616.134703 0.781937996546
1623.265423 0.787540038427
1630.339474 0.777459939321
1637.466125 0.780150095622
1644.776302 0.788029591242
1651.843256 0.769498030345
1658.917817 0.792675336202
1665.950432 0.777569373449
1673.050238 0.779217243195
1680.315205 0.78022257487
1687.375758 0.777875343959
1694.46376 0.782314618429
1701.591569 0.778576691945
1708.703454 0.790391683578
1715.989343 0.778775691986
1723.091346 0.779940684636
1730.138089 0.782930930456
1737.190736 0.780886332194
1744.258143 0.780742963155
1751.523211 0.782287359238
1758.647266 0.790719747543
1765.772115 0.780967235565
1772.887316 0.77739461263
1779.93048 0.77426592509
1787.241513 0.78418135643
1794.279266 0.77116505305
1801.378759 0.778910398483
1808.456156 0.787590742111
1815.518719 0.778379678726
1822.780921 0.780928293864
1829.894964 0.780054569244
1837.089057 0.782279253006
1844.163511 0.782500346502
1851.285972 0.797699292501
1858.78828 0.798509995143
1865.872932 0.784252007802
1872.9401 0.778577327728
1880.026879 0.77986907959
1887.056633 0.774480899175
1894.337741 0.79273502032
1901.480428 0.786154349645
1908.600275 0.79016661644
1915.67164 0.776192347209
1922.743617 0.779254754384
1930.02744 0.779183308283
1937.122112 0.780299743017
1944.280133 0.775831619898
1951.376962 0.779964049657
1958.51049 0.800942738851
1965.875254 0.786431471507
1973.105218 0.797034740448
1980.1719 0.78099656105
1987.24644 0.780795017878
1994.386155 0.804262320201
2001.752052 0.796712001165
2008.870702 0.790617624919
2015.956227 0.783924659093
2023.001328 0.782993952433
2030.102908 0.780552069346
2037.359448 0.783760627111
2044.45202 0.779315948486
2051.569904 0.78938070933
2058.656707 0.785429954529
2065.753268 0.788803100586
2073.120119 0.786633650462
2080.255572 0.78238940239
2087.608807 0.779095967611
2094.67476 0.780044317245
2101.753786 0.78927898407
2109.046026 0.777714967728
2116.141966 0.78399292628
2123.228003 0.786885976791
2130.282991 0.782393693924
2137.337812 0.779432694117
2144.674286 0.790553649267
2151.767548 0.792854944865
2158.87637 0.784248034159
2165.974018 0.7852546374
2173.070023 0.778340021769
2180.274182 0.775795618693
2187.328805 0.779363632202
2194.401942 0.780278285344
2201.531326 0.794295390447
2208.589125 0.769977728526
2215.847115 0.778735637665
2223.096626 0.777897675832
2230.216398 0.78155263265
2237.330023 0.788856347402
2244.431634 0.781129995982
2251.733566 0.784573713938
2258.826502 0.782679716746
2265.917565 0.786417643229
2272.985355 0.782511631648
2280.057787 0.777908881505
2287.372448 0.778105656306
2294.474114 0.783960660299
2301.599231 0.793814659119
2308.692243 0.782658259074
2315.823777 0.775926033656
2323.157651 0.781821966171
2330.237769 0.781010309855
2337.33075 0.787690957387
2344.442046 0.781490961711
2351.565947 0.797868331273
2358.986206 0.779550631841
2366.059498 0.778747638067
2373.131141 0.778114954631
2380.177937 0.770190954208
2387.276628 0.782918691635
2394.633438 0.784205993017
2401.765666 0.796850601832
2408.795171 0.776592334112
2415.8861 0.781644026438
2422.998184 0.789345026016
2430.306765 0.781276464462
2437.388963 0.781855026881
2444.449021 0.778120994568
2451.597864 0.787275632222
2458.738861 0.78736058871
2466.097087 0.782753626506
2473.210526 0.78098599116
2480.255618 0.779867013295
2487.383846 0.779536326726
2494.497659 0.787761688232
2501.852283 0.787162621816
2508.902754 0.774111350377
2516.00054 0.783639907837
2523.05039 0.778829336166
2530.152216 0.787835677465
2537.501508 0.78271929423
2544.5873 0.776579062144
2551.706487 0.797216018041
2558.816257 0.787364244461
2565.852871 0.778245766958
2573.187145 0.776419401169
2580.225605 0.775581598282
2587.299946 0.777401765188
2594.367109 0.780454317729
2601.504868 0.791527350744
2608.879912 0.777721007665
2615.923505 0.773101727168
2622.999745 0.783912420273
2630.170012 0.781854311625
2637.243266 0.782844702403
2644.567422 0.775971015294
2651.646338 0.787416219711
2658.738866 0.785459915797
2665.828041 0.782259305318
2672.918072 0.778300364812
2680.236201 0.77849260966
2687.304731 0.778874635696
2694.388397 0.775987943014
2701.553568 0.808579683304
2708.602408 0.774694999059
2715.931781 0.780920346578
2723.034116 0.788537979126
2730.111702 0.779174725215
2737.18571 0.780274311701
2744.305272 0.781064271927
2751.65696 0.793685038884
2758.78412 0.790376981099
2765.843853 0.777598381042
2772.902754 0.776749293009
2779.967587 0.77649863561
2787.288234 0.781713406245
2794.359014 0.783042351405
2801.436281 0.786261320114
2808.492524 0.775161027908
2815.556633 0.78111688296
2822.834993 0.78232105573
2829.97656 0.793524662654
2837.007541 0.778900146484
2844.090115 0.777510960897
2851.181027 0.79626305898
2858.529427 0.781802256902
2865.632346 0.785894950231
2872.75026 0.780138731003
2879.800592 0.777659336726
2886.918825 0.785441239675
2894.212819 0.781143426895
2901.36107 0.789734919866
2908.41513 0.773738702138
2915.518447 0.786450624466
2922.603633 0.785125652949
2929.934797 0.777904987335
2937.041695 0.786737283071
2944.102689 0.780227740606
2951.199756 0.795099337896
2958.407529 0.78755958875
2965.781028 0.784309307734
2972.848982 0.780694007874
2979.895304 0.779463926951
2986.976124 0.778868993123
2994.027318 0.782020012538
3001.446823 0.796592076619
3008.584384 0.784894307454
3015.668193 0.783192316691
3022.756543 0.784848372142
3030.056192 0.784527301788
3037.441197 0.780134916306
3044.530225 0.781558911006
3051.597522 0.783415953318
3058.665264 0.782842636108
3065.72301 0.782548666
3073.067407 0.777438402176
3080.174487 0.777770996094
3087.270806 0.780967394511
3094.360017 0.786398967107
3101.484341 0.796831051509
3108.728246 0.778477986654
3115.825485 0.779730717341
3122.90315 0.779239098231
3129.998079 0.78226908048
3137.127219 0.790648698807
3144.495116 0.77897532781
3151.610536 0.792220036189
3158.724035 0.77902340889
3165.808009 0.783293247223
3172.876585 0.779793024063
3180.23487 0.780601978302
3187.355397 0.787261644999
3194.46296 0.790007988612
3201.569608 0.791197061539
3208.668823 0.784734090169
3216.034466 0.788693745931
3223.111574 0.777946074804
3230.175983 0.779008626938
3237.24685 0.785601774851
3244.316999 0.783756415049
3251.662604 0.792039076487
3258.791354 0.786034186681
3265.870428 0.779918591181
3272.95701 0.779861927032
3280.03943 0.781756321589
3287.422393 0.786175648371
3294.6179 0.784147262573
3301.723617 0.793829997381
3308.90201 0.783984978994
3316.028608 0.788655996323
3323.3288 0.786226431529
3330.409692 0.786214669545
3337.510039 0.786717017492
3344.602321 0.787377675374
3351.692245 0.791057745616
3359.020433 0.777357975642
3366.085296 0.775831302007
3373.180845 0.782419602076
3380.240163 0.783105373383
3387.319745 0.779889663061
3394.648378 0.788682937622
3401.702493 0.774126688639
3408.764755 0.781505346298
3415.835369 0.777671019236
3422.887912 0.778095006943
3430.200466 0.774749040604
3437.264603 0.778816064199
3444.37837 0.793274005254
3451.436239 0.778287331263
3458.539938 0.781020959218
3465.867922 0.782431999842
3472.942574 0.78218237559
3480.013764 0.780065615972
3487.055019 0.774885654449
3494.185511 0.798092683156
3501.539922 0.778829813004
3508.59952 0.782411734263
3515.64597 0.780109008153
3522.705044 0.777458906174
3529.822456 0.776855627696
3537.125527 0.779362281164
3544.220473 0.784646034241
3551.295762 0.782408237457
3558.364633 0.778299093246
3565.442963 0.780891338984
3572.80118 0.781988620758
3579.878009 0.787664651871
3586.940744 0.779213587443
3594.036291 0.791875998179
3601.107696 0.779381036758
3608.442785 0.786778132121
3615.538163 0.78191614151
3622.62511 0.787284692128
3629.747743 0.783911069234
3636.815771 0.780349334081
3644.297987 0.792280038198
3651.430881 0.790897925695
3658.443082 0.773301680883
3665.538795 0.781525611877
3672.634277 0.785508950551
3679.981903 0.782216946284
3687.082139 0.781745910645
3694.207996 0.801306724548
3701.308475 0.782533963521
3708.383751 0.784091631571
3715.706904 0.777482748032
3722.920716 0.790255626043
3730.007658 0.783855676651
3737.114295 0.778938055038
3744.223972 0.784496386846
3751.65548 0.814446926117
3758.764805 0.778860410055
3765.822916 0.778670390447
3772.975913 0.785176992416
3780.041367 0.780057986577
3787.389558 0.78808705012
3794.471913 0.776600281398
3801.538932 0.778948068619
3808.617637 0.784793059031
3815.69212 0.780668020248
3823.00322 0.780187606812
3830.088357 0.777059634527
3837.170997 0.787864287694
3844.276312 0.775497357051
3851.386787 0.781600395838
3859.393468 0.907818714778
3866.462456 0.782549699148
3873.560146 0.783706665039
3880.612774 0.778062343597
3887.762433 0.794472376506
3895.254008 0.783912102381
3902.365762 0.783242384593
3909.423048 0.777228434881
3916.542343 0.782263755798
3923.687235 0.782878716787
3931.106498 0.787398338318
3938.144739 0.778217951457
3945.231529 0.788738965988
3952.297154 0.78241666158
3959.362974 0.777652661006
3966.627356 0.775056680044
3973.690754 0.78094291687
3980.796078 0.789360046387
3987.922943 0.792413314184
3995.045768 0.785637617111
4002.519891 0.78352801005
4009.616804 0.785392443339
4016.677041 0.781406402588
4023.734579 0.778885364532
4030.864619 0.792319059372
4038.192087 0.777416308721
4045.270516 0.783360242844
4052.354094 0.781485001246
4059.459264 0.778132279714
4066.536854 0.785516897837
4073.93182 0.792711655299
4081.018971 0.780813932419
4088.139135 0.787000258764
4095.219588 0.779814243317
4102.306507 0.784413099289
4109.67501 0.780278046926
4116.77422 0.777077674866
4123.899835 0.791640043259
4130.980757 0.780556678772
4138.069686 0.784513711929
4145.489086 0.784649292628
4152.598606 0.780478000641
4159.681335 0.779587666194
4166.823406 0.791021267573
4173.967047 0.793429613113
4181.26955 0.784184058507
4188.339716 0.778175989787
4195.407347 0.776393969854
4202.525414 0.781516710917
4209.656201 0.802550713221
4217.115171 0.794602711995
4224.177213 0.776561021805
4231.243251 0.780407031377
4238.337359 0.782259782155
4245.449818 0.790847063065
4252.814908 0.782041629155
4259.911723 0.780598004659
4266.990736 0.788770357768
4274.071214 0.779279311498
4281.135177 0.778621355693
4288.610117 0.794646024704
4295.688984 0.778867403666
4302.808814 0.786006291707
4309.873659 0.778565088908
4316.994072 0.7926252683
4324.363235 0.77809826533
4331.443847 0.782212018967
4338.538717 0.778568983078
4345.652162 0.780231634776
4352.736003 0.782171169917
4360.197645 0.799887339274
4367.295805 0.789035081863
4374.404423 0.789391676585
4381.501695 0.779456694921
4388.576831 0.779529889425
4395.879579 0.779579639435
4402.961442 0.776449044545
4410.109723 0.799234946569
4417.306997 0.786173343658
4424.393515 0.780645291011
4431.76051 0.781161387761
4438.84532 0.784408648809
4445.920162 0.783136685689
4453.004121 0.778384923935
4460.102717 0.784647703171
4467.45993 0.776393890381
4474.531569 0.777835051219
4481.650432 0.796038627625
4488.721876 0.779154380163
4495.783928 0.779666344325
4503.149658 0.789251724879
4510.215566 0.778873920441
4517.407836 0.783305247625
4524.473125 0.779071648916
4531.575599 0.782468080521
4538.945252 0.779426415761
4546.047729 0.786016384761
4553.123916 0.788378238678
4560.213901 0.781145652135
4567.269187 0.783872683843
4574.659043 0.780715227127
4581.764803 0.788185119629
4588.832826 0.780465284983
4595.91048 0.779747247696
4603.034734 0.793352683385
4610.421556 0.790199995041
4617.551972 0.783347765605
4624.647365 0.780786673228
4631.714818 0.783299366633
4638.869943 0.791898568471
4646.341498 0.804353713989
4653.407799 0.778999010722
4660.488999 0.780348141988
4667.641046 0.812300761541
4675.118156 0.775772651037
4682.513312 0.784450689952
4689.654253 0.795289595922
4696.76891 0.791510343552
4703.87241 0.782868464788
4710.960954 0.77712225914
4718.336131 0.776533285777
4725.366273 0.780307372411
4732.443815 0.777188936869
4739.539688 0.787093321482
4746.677437 0.785109678904
4754.015209 0.780936002731
4761.151387 0.78088593483
4768.308599 0.786467711131
4775.418648 0.783335367839
4782.49021 0.776966333389
4790.1027 0.790813604991
4797.200812 0.78508234024
4804.258941 0.777650594711
4811.300869 0.780736684799
4818.391462 0.773502747218
4825.973941 0.780446370443
4833.13373 0.800839980443
4840.23421 0.787158648173
4847.311925 0.781681934992
4854.454782 0.802741924922
4861.911483 0.782229661942
4868.988386 0.785871744156
4876.106183 0.785450061162
4883.161427 0.777393023173
4890.351478 0.80853732427
4897.672858 0.778063297272
4904.750334 0.778016726176
4911.853623 0.780480305354
4918.921029 0.781530300776
4926.002792 0.782292763392
4933.42424 0.782218933105
4940.481743 0.781804323196
4947.551491 0.777806282043
4954.668972 0.787351687749
4961.757509 0.781373739243
4969.125953 0.778388659159
4976.212931 0.778421084086
4983.331438 0.795941670736
4990.41083 0.787231683731
4997.491894 0.775814453761
5004.897853 0.784995317459
5011.991144 0.777263243993
5019.123756 0.782502333323
5026.185994 0.785904725393
5033.327529 0.792288939158
5040.814901 0.801457802455
5047.903371 0.779717048009
5054.965298 0.782034635544
5062.144081 0.807701349258
5069.211693 0.783167997996
5076.672272 0.78670334816
5083.752796 0.773446321487
5090.840412 0.782606363297
5097.917803 0.781800667445
5105.032538 0.785888353984
5112.434587 0.782262325287
5119.51131 0.776595671972
5126.668964 0.804449081421
5133.775082 0.785547971725
5140.898112 0.780695676804
5148.311636 0.779809713364
5155.385468 0.782568613688
5162.531516 0.799432118734
5169.608855 0.783239682515
5176.735242 0.788768053055
5184.114642 0.780122359594
5191.213305 0.783812443415
5198.306096 0.78719162941
5205.371228 0.781637350718
5212.438917 0.773825009664
5219.835349 0.787077267965
5226.932639 0.788516600927
5234.005909 0.780591964722
5241.115636 0.784737428029
5248.218589 0.781747976939
5255.525004 0.7840543588
5262.591358 0.780347029368
5269.705944 0.783496936162
5276.837297 0.784003734589
5283.946655 0.777665058772
5291.37981 0.78316839536
5298.460271 0.781428257624
5305.519776 0.777120908101
5312.629555 0.777450640996
5319.738854 0.782651742299
5327.121052 0.793144067128
5334.186342 0.779017368952
5341.23998 0.779463688533
5348.389468 0.794032335281
5355.459856 0.783505678177
5362.949524 0.781227668126
5370.047616 0.786769390106
5377.131507 0.780353864034
5384.209415 0.777756929398
5391.367405 0.80261071523
5398.794526 0.785278320312
5405.873074 0.777120987574
5412.937381 0.778504371643
5420.01156 0.781145334244
5427.133676 0.796969254812
5434.591665 0.801030000051
5441.671515 0.783831357956
5448.764015 0.78545832634
5455.834748 0.78141617775
5462.888307 0.77797571818
5470.345638 0.791181882222
5477.448952 0.782704591751
5484.513658 0.78203646342
5491.61043 0.782194932302
5498.706809 0.785042365392
5506.108812 0.78347102801
5513.191406 0.78249502182
5520.271968 0.787307024002
5527.337323 0.781378030777
5534.415256 0.780319611231
5541.824938 0.77917043368
5548.948535 0.782398700714
5556.031731 0.782737334569
5563.12715 0.78560868899
5570.269976 0.811156431834
5578.873213 0.783231655757
5585.940941 0.779186566671
5593.017303 0.780375639598
5600.117635 0.786928653717
5607.213608 0.776803016663
5614.610764 0.788967768351
5621.685699 0.784469683965
5628.784352 0.785968939463
5635.901526 0.781270027161
5642.953608 0.781102021535
5650.322343 0.778549750646
5657.369766 0.77562657992
5664.454704 0.782199939092
5671.556948 0.781058629354
5678.664989 0.782331625621
5686.116258 0.781041622162
5693.226219 0.784956693649
5700.293387 0.779650688171
5707.334821 0.775758663813
5714.438445 0.793257395426
5721.841801 0.782059669495
5728.937638 0.781523307165
5736.013815 0.779786109924
5743.169428 0.803676923116
5750.237554 0.778388977051
5757.586442 0.778784672419
5765.022656 0.798555374146
5772.059711 0.774941364924
5779.170411 0.79397670428
5786.25653 0.777552048365
5793.711083 0.785178661346
5800.779418 0.779245615005
5807.884434 0.780385017395
5815.038057 0.790755351384
5822.35797 0.784881353378
5829.650636 0.779752969742
5836.734281 0.781487703323
5843.863883 0.781268596649
5850.950304 0.777450720469
5858.063744 0.790972391764
5865.53923 0.798428614934
5872.611034 0.781184752782
5879.723541 0.785674571991
5886.82387 0.783432324727
5893.951506 0.780542691549
5901.268555 0.781390984853
5908.343268 0.779127995173
5915.474747 0.796379009883
5922.585153 0.78538942337
5929.679568 0.785329739253
5937.065508 0.776940663656
5944.163765 0.775970379512
5951.310289 0.786732991536
5958.3877 0.78803563118
5965.496157 0.79335308075
5972.849614 0.778565406799
5979.973523 0.775930007299
5987.122406 0.785718361537
5994.206543 0.779986619949
6001.268778 0.7787621816
6008.669719 0.788680950801
6015.777002 0.787044286728
6022.926301 0.783031702042
6029.987807 0.778220335642
6037.080043 0.793318589528
6044.495647 0.787731011709
6051.555713 0.780137379964
6058.655072 0.7846763134
6065.723611 0.776607275009
6072.770494 0.781011025111
6080.172126 0.785731077194
6087.251588 0.783466736476
6094.341072 0.782291014989
6101.451209 0.802928368251
6108.580983 0.793070316315
6115.97808 0.778254350026
6123.071869 0.780724128087
6130.183471 0.783470392227
6137.299035 0.783948103587
6144.353615 0.7809390227
6151.775937 0.79049094518
6158.842773 0.781248648961
6165.937833 0.786355733871
6172.980311 0.774056593577
6180.09096 0.782136678696
6187.57765 0.786464293798
6194.687728 0.78696902593
6201.859142 0.79288093249
6208.969514 0.78517071406
6216.027029 0.778653701146
6223.498118 0.788053035736
6230.531071 0.777603228887
6237.651962 0.77854569753
6244.727638 0.776280641556
6251.827823 0.784091790517
6259.299157 0.782172600428
6266.410875 0.782224973043
6273.497051 0.78072365125
6280.64175 0.785330613454
6287.723021 0.78723359108
6295.198035 0.789945443471
6302.254205 0.781326055527
6309.363618 0.775648593903
6316.529803 0.787675062815
6323.650343 0.787616332372
6331.090335 0.781596740087
6338.178064 0.781252702077
6345.281104 0.791270653407
6352.419738 0.781331936518
6359.500462 0.780608256658
6366.96627 0.787645419439
6374.039491 0.781676371892
6381.111588 0.779374599457
6388.183229 0.784915685654
6395.321503 0.799501895905
6402.753131 0.786869684855
6409.868258 0.784802039464
6416.95399 0.785155296326
6424.064281 0.785905361176
6431.141929 0.778962930044
6438.666045 0.796243429184
6445.751796 0.784948984782
6452.827675 0.781893968582
6459.888199 0.780980269114
6466.995643 0.782075007757
6474.550278 0.795164982478
6481.659691 0.783158540726
6488.80451 0.798767566681
6495.856164 0.776211420695
6502.977819 0.783129612605
6510.446761 0.790518681208
6517.549742 0.780238628387
6524.640307 0.777473688126
6531.703673 0.781931718191
6538.826135 0.792382876078
6546.260248 0.78536772728
6553.384031 0.780514955521
6560.469734 0.785052378972
6567.582607 0.785980939865
6574.652081 0.777385075887
6582.076311 0.789206663767
6589.155124 0.781292756399
6596.244312 0.782574653625
6603.356134 0.783120632172
6610.43713 0.78241499265
6617.858527 0.780254761378
6624.935231 0.778814633687
6632.08056 0.797120014826
6639.173986 0.780074437459
6646.299092 0.789988279343
6653.71207 0.777833938599
6660.783567 0.78200729688
6667.863362 0.7844145298
6674.927942 0.77885333697
6682.075236 0.795946359634
6689.563936 0.782892227173
6696.664224 0.78081425031
6703.739025 0.782035986582
6710.80263 0.777555306753
6717.906395 0.779910723368
6725.413398 0.799528916677
6732.467572 0.774248917898
6739.545379 0.785719792048
6746.639681 0.791411002477
6753.726924 0.786120335261
6761.017523 0.781852086385
6768.093641 0.775256713231
6775.272203 0.807018597921
6782.392159 0.781074047089
6789.499441 0.786386728287
6796.985387 0.786934534709
6804.075151 0.778696378072
6811.146148 0.783373355865
6818.243919 0.784148057302
6825.414487 0.809428691864
6832.851421 0.781446297963
6839.952956 0.786973953247
6847.027017 0.78257393837
6854.120078 0.782189687093
6861.19863 0.783861637115
6868.734478 0.788121938705
6875.797455 0.773910681407
6882.891052 0.78054134051
6890.010807 0.785958369573
6897.137823 0.786819934845
6904.549202 0.778673728307
6911.634086 0.780105988185
6918.789905 0.798879384995
6925.871561 0.781086285909
6932.965117 0.781682252884
6940.370889 0.776856263479
6947.490413 0.783195018768
6954.582753 0.780172983805
6961.685577 0.781629959742
6968.778832 0.78738506635
6976.151714 0.782708009084
6983.255923 0.779076019923
6990.322123 0.780268748601
6997.385873 0.776855945587
7004.455169 0.78106935819
7011.913326 0.788342952728
7019.006921 0.785011688868
7026.131319 0.782245318095
7033.209516 0.778925975164
7040.285409 0.78006196022
7047.769389 0.78421998024
7054.864985 0.777084032694
7061.9392 0.790195067724
7069.024689 0.77671901385
7076.237335 0.814325888952
7083.642004 0.775608380636
7090.746905 0.780807892481
7097.819723 0.782148679097
7104.922952 0.778617302577
7112.036649 0.789547046026
7119.372982 0.782210032145
7126.507599 0.787843704224
7133.583484 0.777369260788
7140.657002 0.780356327693
7147.742047 0.787944714228
7155.173665 0.787418047587
7162.280324 0.785958687464
7169.36688 0.783142328262
7176.4529 0.788623332977
7183.556084 0.784765958786
7190.923711 0.779997348785
7198.058725 0.784373362859
7205.143389 0.789270321528
