3.744656 9999
7.148287 9999
10.516204 9999
13.221728 9999
15.86641 9999
18.493503 9999
21.102208 9999
25.95649 0.744340419769
30.760384 0.738935073217
33.54871 9999
38.465196 0.755042314529
41.789334 9999
46.570276 0.711903413137
49.232879 9999
51.877484 9999
56.827691 0.743403593699
61.849139 0.773873964945
66.817057 0.740911245346
71.719871 0.754580656687
74.365651 9999
79.374952 0.77748910586
84.345635 0.778651078542
89.281937 0.746353705724
94.17188 0.736431360245
97.77439 9999
102.673435 0.736906687419
105.361893 9999
110.28054 0.753224372864
113.013512 9999
117.951243 0.741715033849
120.650492 9999
125.539769 0.725344896317
130.692408 0.769013007482
133.440569 9999
136.153803 9999
139.668267 9999
143.070543 9999
145.845535 9999
150.872698 0.743441661199
155.959174 0.753541707993
161.263353 0.780265013377
166.265701 0.75202703476
169.0139 9999
174.054481 0.764296531677
176.800009 9999
180.299028 9999
183.714464 9999
186.525833 9999.0
189.526622 9999
192.265542 9999
195.100459 9999
200.105335 0.737681309382
202.942637 9999
208.110851 0.757884581884
210.960401 9999
214.507869 9999
219.434052 0.707880417506
224.671682 0.752587000529
229.707997 0.750349283218
234.744537 0.73729968071
239.781759 0.741271575292
244.701554 0.715188980103
249.73776 0.743665297826
254.841901 0.708833138148
257.604622 9999
262.595928 0.734738588333
267.650411 0.732302029928
272.586138 0.72709830602
277.589371 0.725760936737
282.609439 0.738594055176
287.712673 0.734674612681
292.802089 0.736954371134
297.819946 0.730535427729
302.920803 0.744759559631
305.788311 9999
310.845118 0.741071224213
316.016344 0.76069800059
319.043431 9999
324.122923 0.745535612106
329.290721 0.784466743469
334.262849 0.73514231046
339.414563 0.762577931086
342.958019 9999
348.006852 0.718298037847
351.103076 9999
356.175783 0.749294598897
358.989264 9999
361.854315 9999
364.779672 9999
367.688996 9999
372.803089 0.76150504748
377.940561 0.760950485865
382.942528 0.718424399694
388.279449 0.760881026586
393.350817 0.745471398036
398.453163 0.745693763097
403.423301 0.719145298004
406.246758 9999
411.294863 0.741144736608
416.365497 0.732337077459
420.323354 9999
425.404393 0.753943045934
428.269739 9999
433.322858 0.73419268926
438.453034 0.745991309484
443.549655 0.761913379033
448.636294 0.748550335566
453.889448 0.728252967199
458.993171 0.744607369105
461.86588 9999
464.699545 9999
467.56888 9999
472.76953 0.751556634903
477.822269 0.750749826431
482.892827 0.735759655635
485.956941 9999
490.931225 0.732528368632
496.0342 0.739533980687
498.878291 9999
501.734596 9999
506.807697 0.728906949361
511.845496 0.735619386037
516.964968 0.780490636826
522.253022 0.715289274851
527.305448 0.733597358068
530.211774 9999
535.276578 0.732163906097
540.413627 0.758805036545
545.43493 0.725419680278
550.481187 0.730905930201
553.655525 9999
556.524878 9999
559.367026 9999
564.496088 0.748397429784
567.400562 9999
572.484291 0.743220726649
575.364646 9999
580.390157 0.729915301005
583.316577 9999.0
588.596004 0.72446457545
591.484856 9999
596.567836 0.738700707753
601.737652 0.762275298436
606.807681 0.746587991714
611.943904 0.748116016388
617.081577 0.748971700668
620.188922 9999
625.353032 0.749880393346
630.489957 0.744679292043
633.398829 9999
638.429298 0.726874748866
642.123603 9999
647.217218 0.746106704076
650.301502 9999
655.356423 0.747189362844
658.252956 9999
663.262287 0.724408626556
666.151362 9999
671.320285 0.73771905899
676.570575 0.784478267034
681.607843 0.708029667536
686.92822 0.740535974503
692.114266 0.757426341375
697.28409 0.777194579442
702.287202 0.719042380651
707.37447 0.745171705882
712.577455 0.760642369588
717.88164 0.74009736379
722.917447 0.737207730611
728.071498 0.753498077393
733.157572 0.752587636312
738.261878 0.737800677617
741.140299 9999
746.333672 0.76248772939
751.636202 0.734660943349
756.77331 0.753057320913
761.89448 0.753125031789
767.047487 0.76026837031
772.133454 0.739653348923
777.203636 0.744405984879
782.525385 0.753940741221
785.432793 9999
790.545979 0.735432624817
795.549163 0.724208752314
798.42206 9999
803.504785 0.734261989594
808.557667 0.747593084971
811.732172 9999
816.863308 0.747247378031
819.713997 9999
824.952642 0.769185622533
830.038651 0.746980667114
833.048741 9999
838.062171 0.749143282572
843.197684 0.737911939621
846.312779 9999
849.19574 9999
852.090578 9999
857.226783 0.772356669108
862.209646 0.721039772034
867.313383 0.740089337031
872.370162 0.739237308502
877.537196 0.752730290095
880.628388 9999
885.725301 0.733592987061
890.831566 0.753472963969
894.571028 9999
899.684313 0.747413396835
902.579598 9999
905.435388 9999
910.511401 0.741991281509
915.978967 0.767097393672
918.91656 9999
922.606787 9999
925.461496 9999
930.572311 0.733291625977
933.437961 9999
938.627331 0.769274314245
943.697223 0.754016081492
946.946247 9999
949.820689 9999
953.489932 9999
958.559729 0.71874777476
963.694024 0.746690670649
968.796514 0.738231817881
972.504035 9999
977.5527 0.740728378296
982.856523 0.729719400406
987.91044 0.726848602295
990.772868 9999
995.918137 0.756353298823
1000.985657 0.7293612957
1006.104775 0.746561606725
1011.207971 0.742644309998
1016.680086 0.765337387721
1020.293937 9999
1025.434581 0.747884353002
1028.269583 9999
1033.373873 0.732925971349
1038.426502 0.718846956889
1043.63001 0.757947603861
1048.916674 0.717798074087
1054.037076 0.725739717484
1057.736468 9999
1061.317669 9999
1066.428849 0.741320927938
1071.698944 0.768060366313
1076.718041 0.724641720454
1080.540676 9999
1084.126948 9999
1089.15974 0.717269341151
1094.364696 0.751814365387
1099.517566 0.742353757222
1104.53667 0.71552268664
1109.573645 0.732540925344
1114.977331 0.740653594335
1118.584799 9999
1123.733855 0.740480343501
1128.802638 0.733949263891
1133.940175 0.731732606888
1139.060116 0.742002328237
1144.21388 0.74690246582
1147.302992 9999
1152.402353 0.757184267044
1157.539679 0.739711999893
1162.675602 0.773113568624
1167.729176 0.729914983114
1172.852864 0.752474705378
1178.002759 0.749345699946
1183.323687 0.733702977498
1188.509104 0.74443658193
1193.713273 0.761818965276
1196.621952 9999
1201.750808 0.763752301534
1206.838421 0.739061037699
1210.461193 9999.0
1215.74392 0.728306690852
1220.915085 0.736893335978
1223.793165 9999
1227.488194 9999
1232.504174 0.738486687342
1237.624839 0.742260297139
1241.299226 9999.0
1244.45874 9999
1249.549841 0.733061710993
1252.519283 9999
1257.622517 0.740956306458
1262.724572 0.752427021662
1267.795313 0.709923028946
1272.945519 0.738762219747
1278.353492 0.746113300323
1281.190811 9999
1284.11572 9999
1287.004652 9999
1289.918428 9999
1295.047263 0.730552355448
1300.203068 0.751720348994
1305.336427 0.754188378652
1310.707267 0.711932420731
1315.86043 0.763232310613
1320.980807 0.721617301305
1326.033707 0.728656927745
1328.894908 9999
1334.00597 0.74781870842
1339.126154 0.729219675064
1342.292971 9999
1347.381708 0.740734497706
1350.250379 9999
1355.369714 0.7516040802
1360.422979 0.720142682393
1365.642912 0.760789950689
1370.829499 0.734074115753
1373.927844 9999
1379.05251 0.76208170255
1384.188133 0.742600917816
1389.325812 0.75718331337
1394.445392 0.741796970367
1399.615904 0.740561246872
1404.751529 0.740602652232
1410.256162 0.748943010966
1415.293095 0.722336053848
1420.445332 0.731291214625
1425.632754 0.764871756236
1430.770021 0.765859683355
1435.90653 0.762378692627
1441.346172 0.745694319407
1446.481157 0.755204995473
1451.65002 0.756685654322
1456.884193 0.763049681981
1459.746372 9999
1463.395665 9999
1468.56123 0.746582984924
1474.014864 0.757733662923
1476.943754 9999
1482.086537 0.750319004059
1487.239753 0.744049708049
1492.35946 0.738514105479
1497.513948 0.738764206568
1502.650741 0.749439001083
1508.070915 0.740135669708
1513.190808 0.748239278793
1518.277314 0.729821125666
1523.414395 0.739616394043
1528.517237 0.736461321513
1533.670846 0.740638017654
1539.04107 0.740678310394
1544.178204 0.74468533198
1549.248172 0.735866626104
1552.148693 9999
1557.270282 0.732736349106
1560.130495 9999
1563.713688 9999.0
1569.144149 0.762236674627
1574.231185 0.728105862935
1579.35188 0.751911004384
1582.200407 9999
1587.306331 0.746604363124
1592.343786 0.728246688843
1597.346296 0.713090578715
1600.55002 9999
1603.428295 9999
1608.603823 0.752394040426
1613.75762 0.749203364054
1618.87753 0.762368043264
1623.997129 0.743629296621
1626.940626 9999
1632.037303 0.72637963295
1637.490067 0.750627040863
1642.667373 0.757640282313
1647.812177 0.744685729345
1652.933721 0.73589626948
1658.02012 0.74915266037
1663.110218 0.72533194224
1666.254791 9999
1671.329143 0.737534761429
1676.500624 0.742932717005
1681.602505 0.742920557658
1686.75604 0.75572625796
1692.042657 0.762693961461
1694.974958 9999.0
1700.29867 0.738116979599
1705.519737 0.766176303228
1710.588589 0.736100276311
1715.891083 0.778949340185
1720.944275 0.738106568654
1726.032438 0.755925655365
1731.501964 0.761228561401
1736.604692 0.72821132342
1741.807978 0.776337941488
1746.879096 0.750442663829
1751.96547 0.731495300929
1757.1527 0.743187348048
1762.575369 0.732470989227
1767.75871 0.75549864769
1770.587275 9999
1775.698181 0.751543998718
1780.785099 0.756078879038
1786.005391 0.75312201182
1791.174015 0.748226006826
1796.694928 0.75670337677
1799.616748 9999
1802.522421 9999
1805.406001 9999
1810.586849 0.760512749354
1815.791901 0.760954618454
1820.993522 0.753054300944
1826.114844 0.74741435051
1831.584574 0.744398117065
1836.687267 0.743319988251
1841.824622 0.757350365321
1846.944282 0.748573303223
1852.015235 0.736558278402
1857.217837 0.756291389465
1860.481906 9999
1865.590535 0.741851329803
1870.663551 0.740859031677
1873.611932 9999
1878.718353 0.733109712601
1881.608862 9999
1886.708685 0.719169696172
1889.586749 9999.0
1895.026535 0.745157003403
1900.23064 0.760957400004
1905.367251 0.746960083644
1910.42356 0.721379995346
1915.606402 0.761826356252
1920.677337 0.728306690852
1926.063586 0.751087665558
1931.186854 0.739959001541
1936.187876 0.719087998072
1941.374456 0.773263613383
1946.577207 0.764618317286
1951.730278 0.741176048915
1957.169158 0.726925055186
1962.337562 0.766983350118
1967.375052 0.72264234225
1972.511171 0.739749272664
1975.439541 9999
1980.533057 0.739635705948
1983.491387 9999.0
1989.022393 0.773356437683
1994.108202 0.744818290075
1997.782402 9999
2000.704273 9999
2005.819981 0.721850395203
2010.936193 0.745745102564
2016.057125 0.722430388133
2021.493268 0.728325287501
2024.431237 9999
2029.5352 0.729672273
2034.586056 0.724695603053
2037.491635 9999
2042.640184 0.747323989868
2047.845622 0.753287394842
2053.331022 0.769363641739
2058.518785 0.736112991969
2063.589581 0.735336621602
2068.825506 0.775566418966
2074.028254 0.763977766037
2079.232078 0.747702598572
2084.685779 0.749717712402
2090.006564 0.77881471316
2095.14267 0.746824661891
2100.362047 0.766069968541
2105.449033 0.740370909373
2110.66959 0.758489052455
2115.93969 0.726185003916
2121.12647 0.74523639679
2126.215412 0.734210014343
2131.349577 0.737858931224
2134.974056 9999
2140.005958 0.726554393768
2142.947249 9999.0
2148.461272 0.767685572306
2153.581237 0.731334924698
2158.687907 0.741990327835
2163.854517 0.742005030314
2168.941659 0.744207302729
2174.178068 0.781125624975
2179.76574 0.73765873909
2184.951487 0.747161944707
2187.84269 9999
2193.024218 0.745131969452
2198.14513 0.750048240026
2203.296605 0.760442018509
2208.38395 0.744395971298
2213.803394 0.731829722722
2218.874319 0.735459248225
2221.811606 9999
2226.979461 0.735883951187
2232.050056 0.742372671763
2237.170636 0.730718612671
2242.339572 0.752219597499
2248.127526 0.730901002884
2253.297289 0.746081908544
2258.467366 0.752169688543
2262.073734 9999
2267.188895 0.743738253911
2272.342937 0.743474404017
2277.812838 0.759123325348
2280.73626 9999
2285.85312 0.744804700216
2291.022047 0.736363649368
2293.9249 9999
2299.110069 0.757149298986
2304.164026 0.720325072606
2309.767637 0.763814687729
2314.821391 0.749690930049
2317.675529 9999
2322.892395 0.766342401505
2325.853864 9999
2331.050407 0.750230232875
2336.135573 0.73844909668
2341.522203 0.739717006683
2346.691533 0.74266910553
2351.796264 0.731470266978
2356.982227 0.760054349899
2362.20253 0.748850901922
2367.32238 0.715603669484
2371.389242 9999
2375.046717 9999
2380.065612 0.730245669683
2385.233805 0.748047033946
2390.337446 0.754517316818
2395.391213 0.730765581131
2400.577525 0.761665026347
2406.214925 0.758132775625
2411.284463 0.728608687719
2416.421387 0.742897987366
2421.625659 0.757611751556
2424.555588 9999
2429.814019 0.760629018148
2434.967375 0.737999677658
2438.23775 9999
2443.322329 0.739186286926
2448.443773 0.736873626709
2453.529785 0.717760960261
2456.468815 9999
2461.685548 0.773849328359
2466.8211 0.729972283045
2472.224989 0.749567508698
2475.882268 9999
2480.948325 0.731946627299
2483.859978 9999
2489.037115 0.761868953705
2494.139183 0.748006661733
2497.03021 9999.0
2502.49875 0.766348044078
2505.411887 9999
2510.533483 0.734373648961
2515.737558 0.766701698303
2519.413341 9999
2524.609992 0.737609227498
2529.680138 0.745122035344
2535.183575 0.731314023336
2540.28683 0.736487627029
2545.423371 0.719883282979
2550.593169 0.75773469607
2555.763896 0.768176317215
2560.88463 0.734160343806
2566.371046 0.739425341288
2571.5236 0.760391394297
2576.694531 0.751114368439
2581.863995 0.766717990239
2587.017438 0.746080716451
2592.220963 0.750943342845
2597.575077 0.743655920029
2601.219018 9999
2604.110953 9999
2609.19469 0.730668067932
2614.251625 0.714724381765
2617.929557 9999
2620.844398 9999
2626.043757 0.749582290649
2631.579811 0.74707142512
2636.717161 0.733023007711
2641.787087 0.728384017944
2646.944256 0.720726728439
2652.161035 0.745404640834
2655.08776 9999
2660.24993 0.752871751785
2665.820332 0.756763299306
2670.923165 0.723363399506
2676.127131 0.768241326014
2681.180284 0.718124310176
2686.349491 0.756809075673
2691.453796 0.740482966105
2696.890436 0.735548019409
2701.994221 0.750434398651
2707.097485 0.735754013062
2712.266529 0.75581796964
2717.487652 0.755447387695
2722.658771 0.751929680506
2728.194746 0.740651766459
2733.364609 0.752564032873
2738.552081 0.752327283223
2743.65499 0.720534006755
2746.570049 9999
2749.535852 9999
2752.412416 9999
2757.631036 0.7584836483
2763.286986 0.733368317286
2766.215172 9999
2771.322824 0.727727651596
2776.509447 0.767364740372
2781.663187 0.753976106644
2786.784389 0.725426355998
2791.853255 0.732134421666
2797.290052 0.741805553436
2802.460193 0.755292971929
2807.647264 0.757056792577
2811.337873 9999
2816.486744 0.76282397906
2821.606502 0.721604347229
2824.452129 9999.0
2829.91246 0.763830105464
2835.050742 0.734041055044
2840.218683 0.754302342733
2845.371357 0.752923647563
2848.206885 9999
2853.494431 0.740171670914
2858.647188 0.742735385895
2864.050756 0.739972988764
2869.170959 0.740984916687
2874.257508 0.738124052684
2879.41055 0.742329041163
2884.54815 0.744158426921
2889.634219 0.736864407857
2895.006144 0.743717670441
2897.970119 9999
2903.05978 0.728108326594
2908.296823 0.780161698659
2913.469976 0.752768993378
2918.52346 0.737405697505
2923.606523 0.730230967204
2926.859896 9999
2931.882704 0.720367272695
2937.033344 0.744900385539
2942.085662 0.721240361532
2947.355845 0.742955287298
2952.475449 0.739908695221
2957.729272 0.777861038844
2963.190915 0.768626372019
2968.337396 0.751252730687
2973.390331 0.730671326319
2978.577101 0.73685002327
2983.730355 0.751400629679
2988.816211 0.726821343104
2994.254293 0.752271016439
2997.184742 9999
3002.292174 0.734073241552
3005.180616 9999
3010.41793 0.745309909185
3015.584209 0.750145673752
3018.507388 9999
3023.691087 0.752465327581
3029.160452 0.757803996404
3032.010358 9999
3034.889742 9999
3040.034639 0.737860520681
3045.154498 0.72824160258
3050.240313 0.729494651159
3055.410508 0.73441195488
3060.897756 0.756858030955
3066.002367 0.757242202759
3071.090072 0.75014591217
3076.258336 0.739047606786
3081.395469 0.741573731105
3084.307615 9999
3087.131011 9999.0
3092.534874 0.740365028381
3097.722684 0.745797395706
3102.891499 0.755137761434
3108.063394 0.757849693298
3113.166307 0.747950792313
3116.00139 9999
3121.154523 0.755362351735
3126.724207 0.762075344721
3131.878531 0.7374467055
3136.9813 0.736845095952
3142.117765 0.732245922089
3147.204412 0.743001937866
3152.374803 0.740697304408
3157.978617 0.754172960917
3163.165956 0.769611914953
3168.386024 0.753640969594
3173.505919 0.752438306808
3176.444982 9999
3181.511565 0.735411643982
3186.547958 0.717463334401
3191.868135 0.715103387833
3194.803271 9999
3199.956369 0.747012297312
3205.192677 0.754761616389
3208.83424 9999
3213.933149 0.741461356481
3219.136271 0.775028626124
3224.638761 0.721502780914
3229.678844 0.72483531634
3234.912912 0.767369588216
3240.066726 0.756688674291
3245.156291 0.742655038834
3250.173418 0.730238993963
3255.810012 0.766566673915
3259.449637 9999
3264.538403 0.734428008397
3268.155876 9999
3273.389037 0.767232259115
3278.525137 0.762928326925
3283.661311 0.75190337499
3289.148357 0.73944067955
3294.334941 0.770001411438
3299.506009 0.758258581161
3304.576935 0.731613000234
3309.612259 0.733704328537
3314.682427 0.733291228612
3320.085798 0.745595296224
3325.154527 0.727899392446
3330.359901 0.754914363225
3335.512919 0.758139689763
3340.633303 0.739564021428
3345.786232 0.746033589045
3351.322838 0.780832767487
3356.459916 0.768455425898
3361.563849 0.74805355072
3366.666064 0.727822621663
3369.60247 9999
3372.550047 9999
3377.707444 0.737724939982
3381.063239 9999
3384.683855 9999
3387.714673 9999
3392.883919 0.750107288361
3398.038341 0.744975964228
3403.1747 0.740079959234
3408.393866 0.772500991821
3413.914574 0.742265065511
3419.034954 0.734731992086
3424.106472 0.730871359507
3429.225489 0.733147700628
3434.328577 0.749541362127
3437.191221 9999
3442.350133 0.736588637034
3447.920555 0.748849312464
3453.040013 0.737509012222
3458.211014 0.764283021291
3461.867552 9999
3467.066966 0.759351094564
3472.122144 0.725250005722
3477.189692 0.732086737951
3482.860396 0.764527718226
3488.0979 0.765528599421
3493.233627 0.730809370677
3498.33727 0.746158679326
3503.625202 0.7801369826
3508.793631 0.747174898783
3514.414356 0.738721609116
3519.551514 0.748916625977
3522.460298 9999
3527.590303 0.730488300323
3532.649554 0.723804712296
3535.525578 9999
3540.632162 0.737817605337
3546.253657 0.778586626053
3551.30544 0.727505286535
3554.170095 9999
3557.747912 9999
3562.980948 0.767273664474
3565.848704 9999
3570.971395 0.736515283585
3576.505902 0.732896327972
3581.62552 0.748190641403
3586.779375 0.756043275197
3592.049654 0.766587336858
3594.8821 9999
3597.747485 9999
3602.90658 0.728653987249
3608.462207 0.752156972885
3613.71349 0.767335653305
3616.622708 9999
3621.702402 0.725680351257
3626.875014 0.748401085536
3631.992562 0.735753933589
3634.907683 9999.0
3640.348215 0.748779694239
3645.518097 0.776988347371
3650.605088 0.740309000015
3655.707289 0.735430002213
3658.566232 9999
3663.730457 0.747574011485
3668.950641 0.780812660853
3674.570099 0.75766436259
3679.773665 0.754172643026
3683.462379 9999
3688.512434 0.729721307755
3693.667179 0.747063954671
3698.853114 0.764760335286
3703.906772 0.736256678899
3709.530458 0.762721697489
3714.630217 0.738801002502
3719.68356 0.724662303925
3724.854 0.751382748286
3729.977899 0.750511010488
3735.110411 0.752017656962
3740.680615 0.751663684845
3745.834022 0.733689387639
3750.923165 0.743055979411
3756.140342 0.77321434021
3759.750181 9999
3764.799463 0.716795126597
3770.034379 0.74081659317
3775.590655 0.756240606308
3780.740436 0.736474990845
3785.844175 0.745950698853
3790.930501 0.743451913198
3796.017879 0.735738356908
3801.104315 0.727399984996
3805.204789 9999
3810.427327 0.737770716349
3815.580065 0.749479373296
3818.49257 9999
3823.568896 0.748022635778
3828.772506 0.763929049174
3833.95967 0.745384693146
3839.529952 0.761035760244
3844.649754 0.741650660833
3849.803036 0.732267697652
3854.972295 0.717537959417
3860.043591 0.731446107229
3865.212847 0.747247934341
3870.720481 0.736388047536
3875.853746 0.74730070432
3880.956709 0.742373387019
3886.076437 0.739671548208
3891.263804 0.776837348938
3896.434325 0.749000390371
3902.037156 0.761707305908
3905.627389 9999
3910.776905 0.744421561559
3914.401551 9999
3919.531958 0.735997676849
3923.271839 9999
3928.422465 0.749832312266
3934.010986 0.75880130132
3936.926857 9999
3942.031037 0.7417020003
3947.217313 0.74665760994
3952.303565 0.735680421193
3957.44051 0.736289024353
3962.694482 0.75729393959
3965.934552 9999
3971.150239 0.771075328191
3976.219523 0.732865333557
3981.323771 0.729760011037
3986.461908 0.735259930293
3991.529433 0.73299241066
3996.63397 0.742841005325
4002.153211 0.740078687668
4007.340936 0.765753269196
4012.427505 0.741805632909
4017.630665 0.754910389582
4022.8341 0.768401304881
4027.988815 0.73491859436
4033.374986 0.753582954407
4038.427625 0.728866656621
4042.067935 9999
4047.23385 0.754106283188
4052.287313 0.729801336924
4057.440342 0.757078568141
4062.545654 0.752844572067
4068.18075 0.750321070353
4073.383651 0.753720362981
4078.504324 0.752822001775
4083.524253 0.710171381632
4088.578029 0.726111650467
4093.666637 0.725115696589
4099.184179 0.761685371399
4104.338583 0.747425715129
4109.508549 0.75651995341
4114.641467 0.736243247986
4119.765545 0.738561550776
4124.901378 0.741492986679
4130.422604 0.739840984344
4135.625887 0.741361935933
4140.728485 0.73921473821
4145.982455 0.760468324025
4148.920341 9999
4154.004155 0.734220663706
4159.074525 0.736616293589
4164.527876 0.758920669556
4169.614222 0.726922273636
4174.841641 0.753377278646
4180.021878 0.745881636937
4185.141834 0.726992368698
4190.198075 0.725443760554
4193.612359 9999
4197.263291 9999
4202.402624 0.747194608053
4207.50674 0.740036328634
4212.760149 0.757378339767
4217.913479 0.739292303721
4223.066634 0.752386887868
4228.587344 0.737056652705
4233.659669 0.714669307073
4238.777813 0.735987583796
4244.047542 0.760178248088
4249.184371 0.748020331065
4254.287175 0.750197410583
4259.995092 0.774233341217
4265.177805 0.7598909537
4268.06805 9999
4273.250113 0.751999378204
4278.386049 0.751576026281
4283.40673 0.722718397776
4288.527646 0.761224269867
4291.771444 9999
4296.948387 0.756206274033
4302.03499 0.728754361471
4304.960288 9999
4310.177638 0.763263702393
4315.427942 0.78302804629
4318.315703 9999
4323.466146 0.758434057236
4328.970671 0.710618575414
4334.056416 0.732728083928
4336.966077 9999
4342.13158 0.750904321671
4347.317252 0.735048691432
4352.502398 0.731213649114
4357.705941 0.747816006343
4363.242685 0.737601439158
4368.26568 0.722705682119
4373.399033 0.748660405477
4378.486527 0.733285029729
4381.422255 9999
4386.508851 0.734678030014
4390.149549 9999.0
4395.780523 0.732241710027
4398.691484 9999
4403.870035 0.7604692777
4407.476059 9999
4412.658696 0.758282343547
4417.796385 0.742167949677
4422.982819 0.756986935933
4428.752271 0.770301977793
4434.058071 0.749694108963
4439.142721 0.748278617859
4444.280013 0.749740362167
4449.366545 0.732632716497
4454.519835 0.737555027008
4458.660652 9999
4463.76091 0.754725694656
4469.026228 0.773164987564
4471.898893 9999
4477.118744 0.757046937943
4482.207542 0.732020616531
4487.341352 0.756586392721
4492.945563 0.762852668762
4495.883692 9999
4501.086821 0.756062984467
4506.13716 0.726581017176
4511.207955 0.727926254272
4516.360407 0.761909246445
4521.449441 0.732690652212
4527.068145 0.738734404246
4532.207705 0.761937300364
4537.358623 0.749383370082
4542.661255 0.786722103755
4547.798812 0.755371014277
4552.900784 0.729332367579
4558.471574 0.73760565122
4563.642403 0.746378978093
4568.745853 0.752526362737
4571.58776 9999
4576.767715 0.763465642929
4579.704867 9999
4584.839541 0.718875646591
4590.279056 0.741504033407
4595.430498 0.739921013514
4598.349196 9999
4603.468336 0.743819395701
4608.555205 0.731659650803
4613.710867 0.742095947266
4618.862993 0.751784324646
4624.465149 0.736519972483
4629.702144 0.769259929657
4633.344371 9999
4638.557922 0.770198345184
4643.694943 0.740999380747
4648.764991 0.731601317724
4653.918822 0.743813355764
4659.539234 0.756244341532
4664.642236 0.745453278224
4667.552837 9999
4671.217881 9999
4676.316327 0.725286324819
4681.489727 0.737341721853
4686.623819 0.750267585119
4692.011647 0.737690369288
4697.250891 0.745764334997
4702.350539 0.740190267563
4707.420409 0.736678600311
4712.590163 0.766048669815
4717.677678 0.725600639979
4723.130992 0.771501700083
4728.468371 0.78648074468
4733.554391 0.733149925868
4738.707329 0.755160411199
4743.860401 0.745543320974
4748.998194 0.733112255732
4754.635023 0.744750022888
4759.754999 0.734251419703
4764.858526 0.743544658025
4768.573467 9999
4773.731486 0.764095306396
4777.411712 9999
4782.519978 0.742263317108
4788.024223 0.726052999496
4793.027239 0.725219329198
4798.214265 0.74266465505
4803.301307 0.730310281118
4808.48732 0.747713327408
4813.674161 0.758924722672
4819.093856 0.737241347631
4822.036398 9999
4827.132511 0.751068433126
4832.336692 0.744693597158
4837.507139 0.75484863917
4841.168527 9999
4846.312023 0.732258001963
4850.484397 9999
4855.65266 0.760513305664
4858.537526 9999
4863.690189 0.739698410034
4868.861217 0.748521327972
4873.964888 0.725423733393
4879.167427 0.753647724787
4884.871577 0.74095304807
4889.992323 0.753684679667
4895.111566 0.730554660161
4900.165148 0.721232652664
4905.234906 0.739717006683
4910.407433 0.764688650767
4915.992512 0.740440289179
4918.880278 9999
4923.997725 0.737473249435
4929.133558 0.739821354548
4934.223268 0.737452745438
4939.507447 0.775828997294
4944.746583 0.763732274373
4950.449335 0.765889644623
4955.534725 0.74317129453
4960.67116 0.750631173452
4965.840857 0.755117575328
4970.978442 0.733084042867
4976.066563 0.729827721914
4981.634979 0.737665653229
4986.822039 0.754314025243
4989.752769 9999
4994.91092 0.735571066538
5000.11464 0.760251919429
5005.250916 0.760126590729
5008.16491 9999.0
5013.623804 0.752767324448
5018.742904 0.733820676804
5023.846874 0.738988637924
5029.049769 0.739903291066
5034.252951 0.782037973404
5039.356709 0.731223026911
5044.944198 0.750394026438
5050.096767 0.756861686707
5052.997165 9999
5058.054783 0.739586432775
5063.239045 0.76903072993
5068.47616 0.750070651372
5073.612248 0.728978315989
5079.183208 0.742690642675
5084.369998 0.748009761175
5089.523437 0.752698898315
5094.675983 0.765319267909
5099.747269 0.735208670298
5104.86694 0.745820681254
5110.47021 0.753781716029
5115.657392 0.747661113739
5120.810939 0.75373228391
5125.963376 0.741002162298
5131.104571 0.752336978912
5136.338039 0.748955965042
5141.808179 0.758844693502
5146.929449 0.744436264038
5152.014846 0.733527342478
5157.217708 0.765029589335
5162.405106 0.77081267039
5167.491121 0.74696691831
5173.02789 0.755710999171
5178.151529 0.748870293299
5181.8235 9999
5186.904983 0.743280410767
5192.125787 0.758136034012
5197.328185 0.770205974579
5202.381742 0.725058714549
5207.834278 0.754872004191
5212.97171 0.745167891184
5216.582948 9999
5221.743905 0.750840981801
5226.863336 0.744164625804
5230.469159 9999
5235.623006 0.74808160464
5241.374042 0.7721880277
5246.493918 0.747840642929
5251.597282 0.728649059931
5256.733466 0.724839051565
5259.641535 9999
5264.876117 0.743722359339
5269.926129 0.731769720713
5275.466373 0.726161003113
5280.766478 0.762013276418
5285.95364 0.749223391215
5291.123257 0.748991012573
5293.984556 9999
5299.112303 0.754767656326
5304.248018 0.747778654099
5309.855313 0.756507953008
5315.022285 0.760628620783
5320.192419 0.735952377319
5325.229202 0.744894663493
5328.112244 9999
5333.234005 0.743700742722
5338.337618 0.736857016881
5344.110853 0.780381282171
5349.144317 0.720351696014
5354.315482 0.748648325602
5359.501249 0.755764802297
5364.572023 0.735053618749
5369.742147 0.764940261841
5375.513677 0.764609018962
5380.632382 0.737603664398
5383.552816 9999
5388.654724 0.735495964686
5393.774561 0.749763965607
5397.431948 9999
5402.63014 0.756423711777
5408.102944 0.753649234772
5413.32093 0.763397375743
5416.959026 9999
5422.147209 0.751978635788
5427.297006 0.742611646652
5432.402976 0.736017942429
5437.503928 0.722202618917
5442.975266 0.738225698471
5448.126939 0.759961366653
5453.179944 0.719007253647
5458.285543 0.726083278656
5461.181001 9999
5466.373015 0.745169957479
5469.282211 9999.0
5474.828319 0.747016032537
5479.915352 0.738759994507
5485.168109 0.768296003342
5490.405398 0.756700118383
5495.591843 0.743126630783
5500.745814 0.759211937586
5504.131278 9999
5509.217873 0.73118631045
5514.553891 0.783278624217
5519.691585 0.744047721227
5524.944514 0.77114256223
5529.998331 0.729449351629
5535.08618 0.732256650925
5540.721756 0.736057043076
5545.858761 0.735996723175
5550.986732 0.750752607981
5556.251405 0.76319805781
5561.324089 0.736732006073
5566.50517 0.744081338247
5572.126251 0.745028018951
5577.313251 0.756082057953
5582.466401 0.751797119776
5587.669171 0.746874014537
5592.772987 0.717617591222
5597.826445 0.737814029058
5601.932995 9999
5605.581175 9999
5610.783949 0.745535373688
5615.887441 0.744142055511
5621.025175 0.747291326523
5626.312022 0.782741069794
5631.335288 0.736838261286
5637.088921 0.763666073481
5642.239061 0.736702362696
5647.425518 0.740292151769
5652.58064 0.756302992503
5657.748884 0.740209341049
5662.885735 0.744148651759
5668.623245 0.739090998967
5673.769826 0.74405503273
5678.862802 0.737765947978
5682.520093 9999
5686.104322 9999
5691.205627 0.72084903717
5694.139294 9999.0
5699.662978 0.754805326462
5704.879617 0.764483610789
5707.728365 9999
5712.852094 0.745832920074
5718.006991 0.747154315313
5723.12552 0.736306587855
5728.24609 0.747941335042
5733.631964 0.736601988475
5737.288232 9999
5742.471561 0.756611585617
5747.742595 0.775399208069
5752.828971 0.762027343114
5755.694997 9999
5759.322342 9999.0
5764.93673 0.737008968989
5770.023779 0.743725379308
5775.109729 0.733649094899
5780.14745 0.709175984065
5785.300098 0.732294638952
5790.570134 0.75795396169
5794.676461 9999
5798.284861 9999
5803.461554 0.764057079951
5808.515907 0.71596900622
5813.701798 0.755583524704
5818.85667 0.760439395905
5823.959082 0.736330429713
5829.663337 0.735680739085
5834.915794 0.759685993195
5837.778545 9999
5842.922077 0.761314312617
5848.142339 0.785905599594
5851.044902 9999
5856.147368 0.751396020253
5861.768065 0.742425282796
5866.887441 0.737976074219
5872.023694 0.754834651947
5877.227515 0.757398366928
5882.414471 0.763250033061
5887.584407 0.735906998316
5893.204398 0.753761132558
5898.425516 0.776055018107
5903.561896 0.743146340052
5908.734636 0.725076993306
5913.868568 0.766440709432
5918.971368 0.735247055689
5924.575982 0.729222695033
5929.795489 0.756196022034
5934.966414 0.747052590052
5940.203212 0.763739983241
5945.339836 0.744103988012
5950.526665 0.754032373428
5956.096188 0.727398316065
5961.316449 0.75687233607
5966.387221 0.731218655904
5971.656463 0.758583704631
5976.743447 0.736435969671
5981.830559 0.737731297811
5987.417582 0.74382742246
5992.506881 0.747113784154
5997.706975 0.763180017471
6002.894577 0.759549061457
6008.032047 0.745464245478
6013.150504 0.754760980606
6018.720674 0.766096671422
6023.858285 0.755315701167
6028.962188 0.746591965357
6034.132055 0.74294257164
6039.300822 0.747006654739
6044.438575 0.767529964447
6049.958925 0.727377653122
6055.194991 0.769971609116
6060.281682 0.740085283915
6065.351473 0.732578674952
6070.555352 0.75518099467
6075.675661 0.734797636668
6081.312341 0.764584143957
6086.515931 0.749375343323
6091.636335 0.751863718033
6096.706534 0.730808734894
6101.926813 0.753525972366
6107.029549 0.740038315455
6112.45021 0.737137317657
6117.58675 0.737668593725
6122.723816 0.754366636276
6127.926783 0.760322570801
6133.031603 0.721217075984
6138.166907 0.742696285248
6141.419569 9999
6146.53921 0.753574689229
6149.419065 9999
6154.548957 0.74214442571
6159.732047 0.760066350301
6162.702047 9999
6166.306963 9999
6171.439525 0.734301567078
6177.108943 0.746327082316
6182.262825 0.755390644073
6185.910223 9999
6191.102745 0.762314637502
6196.23928 0.751023372014
6201.425611 0.758899052938
6206.598237 0.762679656347
6212.266061 0.748986323675
6217.569691 0.780747016271
6220.388643 9999
6224.093966 9999
6229.3277 0.761667728424
6232.917011 9999
6238.083222 0.75842499733
6241.540297 9999
6246.706331 0.741700251897
6251.791964 0.722599347432
6256.961947 0.74854071935
6262.132583 0.768569310506
6267.319245 0.752876996994
6272.539018 0.750718275706
6278.176101 0.736845016479
6283.296679 0.730202913284
6288.483604 0.767986297607
6291.472418 9999
6296.572387 0.737872282664
6300.212202 9999
6305.37798 0.731449286143
6311.031748 0.755100727081
6316.317576 0.770815610886
6321.387429 0.733956734339
6325.104614 9999
6330.227823 0.752689758937
6335.391052 0.757715384165
6341.086219 0.757042725881
6346.254534 0.742273410161
6351.474589 0.755345662435
6356.544251 0.706771294276
6361.765198 0.755315701167
6366.90129 0.758549610774
6372.605297 0.741274674733
6377.792046 0.748595158259
6382.99544 0.737451394399
6388.182146 0.749162912369
6393.369717 0.740641276042
6398.5558 0.736076593399
6404.276093 0.747418006261
6409.498766 0.767904202143
6414.65738 0.749134302139
6419.820355 0.751748323441
6424.973304 0.746814727783
6430.210564 0.76625363032
6436.030439 0.74173394839
6441.267918 0.766016642253
6446.404604 0.748858690262
6451.674716 0.734702348709
6456.778263 0.742605447769
6461.897833 0.740163326263
6467.685196 0.748101313909
6472.822174 0.759025971095
6478.025301 0.751381635666
6483.179037 0.760717630386
6488.415664 0.759211778641
6493.518613 0.743280331294
6499.272259 0.744906902313
6504.326452 0.729608217875
6509.58071 0.766299088796
6514.701179 0.734140396118
6518.39013 9999
6523.474861 0.727249304454
6528.625671 0.738925059636
6534.279674 0.733026663462
6539.502965 0.764345010122
6544.618607 0.745453357697
6549.788553 0.746329069138
6555.027548 0.75560704867
6560.228915 0.759389321009
6566.084103 0.767201979955
6571.236458 0.730576276779
6576.324886 0.75413831075
6581.543886 0.754390001297
6586.714317 0.745861609777
6591.884191 0.748304367065
6597.67213 0.740617752075
6602.90805 0.756234407425
6608.011028 0.735105037689
6613.114065 0.745502312978
6618.317569 0.754865248998
6623.370961 0.737649361293
6629.075226 0.728996038437
6634.379191 0.780629634857
6639.532089 0.749500354131
6644.654677 0.743477741877
6649.790897 0.746513605118
6655.00876 0.76793662707
6660.762895 0.759207010269
6665.882757 0.751717408498
6671.052924 0.748019933701
6676.372724 0.761860688527
6681.443053 0.741519292196
6686.612563 0.756049076716
6692.316507 0.737584670385
6697.520297 0.769686619441
6702.623323 0.745685338974
6707.759861 0.743971983592
6712.931085 0.749396403631
6718.050769 0.748035589854
6723.871363 0.769706010818
6729.074946 0.75070699056
6734.279057 0.767700592677
6739.414817 0.761518319448
6744.651644 0.765493075053
6749.855432 0.748548666636
6755.542668 0.756866375605
6760.695953 0.745447317759
6765.764836 0.729648987452
6770.935418 0.751689910889
6775.971486 0.731075366338
6781.108518 0.743598937988
6786.962877 0.748156627019
6792.049568 0.724414030711
6797.235865 0.749708970388
6802.375718 0.73811340332
6807.460225 0.730626980464
6812.513551 0.723702987035
6818.200711 0.727093696594
6823.321087 0.733690659205
6826.966847 9999
6832.146282 0.761863946915
6837.296504 0.736568371455
6840.966204 9999
6846.11891 0.739878575007
6851.989507 0.7846159935
6857.126348 0.733326991399
6862.212713 0.73410932223
6867.349514 0.750471035639
6872.485613 0.771525700887
6877.631055 0.752092679342
6883.359428 0.743846337001
6888.463222 0.745468060176
6893.616692 0.774724721909
6898.720626 0.74648197492
6901.630373 9999
6906.708218 0.731312354406
6911.862525 0.760035991669
6917.382947 0.740674336751
6922.43527 0.735094467799
6927.506856 0.737310330073
6932.692605 0.757722298304
6937.867231 0.744217634201
6942.999751 0.75426530838
6948.469875 0.746421019236
6953.65614 0.753607590993
6956.538635 9999
6961.662448 0.743134737015
6966.781539 0.741722424825
6969.70774 9999
6972.664228 9999
6977.838752 0.742003043493
6983.343075 0.753656705221
6988.546027 0.75405271848
6993.632941 0.732190450033
6996.533174 9999
7001.658424 0.748903751373
7006.908701 0.766475756963
7012.161665 0.765800952911
7017.748497 0.724030335744
7022.819377 0.735323429108
7025.696591 9999
7030.774144 0.72270600001
7035.860736 0.755222717921
7041.063914 0.754492998123
7046.218286 0.742108980815
7051.687509 0.74310429891
7056.807378 0.738765001297
7060.442854 9999
7065.596452 0.742293516795
7070.71706 0.736694733302
7075.836628 0.73201696078
7081.007441 0.748454650243
7086.41198 0.740007638931
7091.530797 0.748167355855
7096.670417 0.761726697286
7101.791549 0.729609012604
7106.975441 0.722977002462
7112.130327 0.740569035212
7117.764686 0.756823937098
7122.834732 0.735967556636
7127.988687 0.748661279678
7133.141758 0.722471237183
7138.294881 0.743054310481
7143.348741 0.723713636398
7149.16991 0.785039583842
7154.539944 0.745444695155
7159.559936 0.736557006836
7164.679754 0.742033084234
7169.783285 0.744569063187
7172.709592 9999
7177.788777 0.720405578613
7183.375643 0.752376317978
7188.444988 0.715195099513
7193.582104 0.743811766307
7198.669068 0.723421573639
7203.838242 0.750913063685
