9.433596 2.00157777468
18.418904 1.99114942551
27.563322 1.99257429441
36.588797 1.98892871539
46.235087 1.99312504133
55.372211 1.99757011731
64.397944 2.00351333618
73.569948 1.98992506663
78.919295 9999
87.987784 1.988814195
97.177598 1.99324377378
106.345857 1.98927863439
115.800236 1.99668089549
124.853917 1.99128500621
133.941999 1.99177360535
142.957262 1.99182105064
152.416139 1.98850957553
161.630968 1.99579596519
170.661191 1.99202108383
179.881093 1.99097490311
189.190197 1.98852698008
198.447075 1.99462668101
207.624185 1.99593734741
216.739253 1.99078186353
226.065227 1.99332936605
235.16295 1.99724507332
244.584344 1.99136273066
253.657409 1.99403063456
263.833537 1.99105493228
269.019156 9999
274.151095 9999
279.564401 9999
288.808127 1.99711600939
298.245696 1.99055894216
307.356028 1.99116404851
316.569879 1.99253718058
321.732502 9999.0
331.241323 1.99161402384
340.562807 1.98936502139
350.110591 1.99499162038
359.39988 1.99205795924
369.046979 1.98810529709
378.763531 1.99359758695
387.877005 1.99003489812
396.947826 1.99381605784
406.713954 2.07961599032
415.873966 2.02381738027
424.941294 1.98939220111
433.914127 1.98921600978
444.110714 2.00305835406
453.315573 1.99113901456
462.636854 1.98901295662
471.857032 1.99125639598
481.417538 1.98991473516
490.655508 1.98940730095
499.767496 1.9925810496
509.065033 1.98916530609
514.611029 9999
519.727216 9999
528.888157 1.99036566416
537.996764 1.99886131287
547.017924 1.9978527228
556.358675 1.99096560478
565.541143 1.99012128512
574.583297 1.99156999588
583.760626 2.00674104691
593.286695 1.99479929606
602.382721 1.99323797226
611.536849 1.99236098925
620.608537 1.99099342028
630.096248 1.9973684152
639.251936 1.99441035589
648.473493 1.99166138967
657.557791 1.99317908287
667.201573 1.99538429578
676.234728 1.98843661944
685.331595 1.9902100563
694.618035 1.9915450414
704.018145 1.99073004723
713.402552 1.99166520437
722.604201 1.99254028002
727.808014 9999.0
733.496823 9999
742.49033 1.99097363154
751.60129 1.98972328504
760.708179 1.99169762929
770.398678 1.9927380085
779.736333 1.98971772194
788.806333 1.9934340318
797.9287 1.9945016702
807.393326 1.98980673154
816.606471 2.04478168488
821.948262 9999
831.261073 1.98941032092
841.021782 1.99222970009
846.603866 9999
851.690332 9999
861.097034 1.99592105548
870.349519 2.08455038071
875.844234 9999
880.932797 9999
890.098639 2.00459138552
899.53465 1.99317463239
908.660129 2.00338498751
917.941232 1.98905269305
927.012031 1.99039737384
936.120771 1.99102894465
945.688878 1.99488568306
955.149045 1.99023826917
960.45488 9999
969.829734 1.99408094088
978.983857 1.99186992645
985.071911 9999
994.181084 1.99518632889
1003.260594 1.98974402746
1012.284882 1.99291729927
1021.735491 1.9888428847
1030.858592 1.99137735367
1040.171454 1.9928299586
1045.254445 9999.0
1054.646719 1.99060638746
1063.870883 1.99575010935
1072.883752 1.99686098099
1081.912482 1.9927303791
1091.392024 1.99190203349
1100.64123 1.98872510592
1109.676982 1.99133372307
1118.976656 1.99489935239
1128.611873 1.99473444621
1137.765264 1.99113464355
1147.111866 2.06780862808
1156.236544 1.99556326866
1165.767513 1.99131011963
1174.967924 1.99580160777
1184.162246 1.98945967356
1193.198397 1.99659530322
1202.987661 1.99104738235
1212.024258 1.99225536982
1221.207934 1.99038696289
1230.204221 1.99612291654
1239.562723 1.99067759514
1248.80472 1.99722139041
1258.015385 1.98966368039
1263.220708 9999.0
1272.603013 1.9889061451
1281.801096 1.98963475227
1290.925769 1.98988564809
1299.963468 1.99171765645
1309.563476 1.99084671338
1318.736254 1.99140532811
1327.883271 1.99279236794
1337.152728 1.9989156723
1346.851817 1.99536593755
1351.946237 9999
1361.446105 1.99398636818
1370.546621 1.99007304509
1379.970912 1.99256229401
1389.24664 1.99740695953
1398.396656 1.98813136419
1407.525923 1.99114998182
1416.800244 1.98897997538
1426.025248 1.9905102253
1435.183086 1.99060670535
1444.708469 2.00558932622
1454.382875 1.99824738503
1463.611259 1.98959263166
1472.785895 1.98838075002
1481.989656 1.99008695285
1492.069131 1.99234429995
1501.180304 1.99178036054
1510.597529 1.98904768626
1519.575004 1.99331704775
1528.98494 1.9899169604
1534.30993 9999
1543.445321 1.99343427022
1548.496777 9999
1557.771517 1.99150204659
1567.055687 1.99132537842
1572.193705 9999
1581.203735 1.99163762728
1590.309503 1.98968966802
1600.296757 1.99647132556
1609.401068 1.99085330963
1618.401829 1.99010030429
1627.51429 1.9920437336
1637.802779 1.98961098989
1647.0607 1.99403532346
1656.124763 1.99610408147
1665.229731 1.99154750506
1674.73442 1.99480803808
1684.223151 1.98758967717
1693.581959 1.99490380287
1702.602396 1.99247805278
1712.153312 1.99485699336
1721.349971 1.99153796832
1730.558989 1.99740664164
1739.729795 1.99166671435
1748.938373 1.99428693453
1758.061112 1.99050633113
1767.65478 1.99459544818
1776.982782 1.9926323096
1786.269649 1.99238705635
1795.484068 1.98882675171
1804.704954 1.99332777659
1813.878516 1.99173124631
1823.513817 1.99631031354
1832.57276 1.99000565211
1842.01806 1.99426539739
1851.130316 1.99450659752
1856.480972 9999
1865.785244 1.99107106527
1875.196976 1.99098372459
1884.547371 1.99158128103
1894.015229 1.99111398061
1903.146764 1.98954931895
1912.286159 2.00031669935
1921.351876 1.9906762441
1931.173098 1.99434645971
1940.398005 1.99144458771
1949.485958 1.99146795273
1958.636302 1.99345501264
1968.059852 1.9989686807
1977.328143 1.99033379555
1986.369156 1.99140008291
1995.370656 1.99490571022
2004.931966 1.99576266607
2013.962927 1.99183130264
2022.962516 1.99567206701
2032.046234 1.99080642064
2041.716634 1.99304835002
2050.937177 2.00176803271
2060.297172 2.00306733449
2069.505216 1.99865603447
2078.805645 1.99166425069
2088.182681 1.99057865143
2093.541596 9999
2102.900111 1.9818324248
2112.443294 2.00037797292
2121.646019 1.99224273364
2131.024709 2.00916401545
2140.406766 1.99288368225
2149.80492 1.99005961418
2155.018989 9999
2164.112748 1.99173593521
2173.681219 1.99173235893
2182.921522 1.99084862073
2192.140351 1.99731842677
2201.144788 1.99103124936
2210.194979 1.99411336581
2219.520475 1.99362134933
2228.56526 1.99459369977
2238.057412 1.99097736677
2247.351963 1.99001296361
2256.926034 1.99154074987
2266.018093 2.00467594465
2275.131733 2.00123763084
2284.193009 1.99077065786
2293.740829 1.989762942
2302.867471 1.99902971586
2312.403213 1.992010355
2321.409776 1.99121300379
2330.989155 1.9982890288
2340.084206 1.99030566216
2349.2419 1.98904561996
2358.407261 1.98925574621
2367.852483 1.98963522911
2376.815736 1.98930660884
2385.9041 1.99352534612
2394.886253 1.99218869209
2404.418746 1.99107098579
2413.441746 1.99414936701
2422.70554 1.99055457115
2431.957216 1.9940032959
2441.271084 1.98978026708
2446.51373 9999
2455.550611 1.99231831233
2464.719531 1.99025034904
2474.538519 1.99015601476
2483.949672 1.99437197049
2493.420324 1.98914265633
2498.616044 9999.0
2508.088389 1.99530863762
2517.154975 1.99674797058
2526.32797 2.00981140137
2535.33495 1.99272195498
2544.866627 1.99100542068
2553.93115 1.99700276057
2563.095387 1.99735975266
2572.384396 1.98977526029
2581.913583 1.99336798986
2591.049438 2.00103465716
2600.273845 1.99387772878
2609.269532 1.99058572451
2615.93213 9999
2624.979788 1.99209602674
2633.972939 1.99181167285
2643.079618 1.99064564705
2652.457438 2.007563591
2657.681595 9999
2666.731029 1.99622472127
2675.939286 1.99153701464
2685.294617 1.9919933478
2694.315562 1.99072535833
2703.446754 1.98940094312
2712.561934 1.99592280388
2722.715964 1.9955303669
2731.736986 1.9923740228
2740.86705 1.99183273315
2750.253888 1.98972892761
2759.75723 1.99259932836
2768.833264 1.99016308784
2777.988662 1.99480565389
2787.174799 1.99110102654
2796.809267 2.0003999869
2806.518739 1.98918644587
2815.659326 1.98860152562
2824.873567 1.99976905187
2834.14777 1.99417098363
2843.179025 1.99345159531
2852.337357 1.98877604802
2857.580495 9999.0
2867.111953 1.99033633868
2876.436249 1.98929540316
2885.478805 1.99131933848
2894.6662 1.99122230212
2903.988464 1.99244133631
2909.067471 9999
2918.392746 1.99250737826
2927.518587 1.98765095075
2937.047528 1.99152866999
2946.241319 1.99684476852
2955.25926 1.99079561234
2964.329624 1.9898463885
2973.734009 1.99009625117
2982.745298 1.99080967903
2992.117685 1.99012827873
3001.357368 1.99042439461
3010.956844 1.99775195122
3020.292866 2.00044067701
3029.408445 1.99009299278
3038.58565 1.99126776059
3048.332465 1.9927426974
3057.625923 1.98901700974
3066.69741 1.99962369601
3076.071701 1.99032600721
3085.364997 1.98956370354
3094.433072 1.99123795827
3103.481168 1.98918970426
3112.711526 1.98877771695
3122.174769 1.99440407753
3131.502785 1.99975570043
3140.520837 1.9965493679
3149.774776 1.99082907041
3159.091982 1.99059414864
3168.217596 1.99470194181
3177.738154 2.00152277946
3186.986692 1.99232069651
3196.40136 1.99008456866
3205.424982 1.99168848991
3214.45933 1.99324758848
3223.718594 1.99084440867
3233.128345 1.99795460701
3238.724059 9999
3247.972475 1.99029501279
3253.219184 9999
3262.324438 1.99359067281
3271.803247 1.98987841606
3281.059014 1.99098237356
3290.138768 1.99027125041
3299.231327 1.99157706896
3308.610598 1.99232721329
3317.801055 2.00028594335
3326.834246 1.99817498525
3336.040546 2.00619872411
3345.380383 2.00111913681
3354.593878 1.99016133944
3363.987493 1.99969061216
3373.121853 2.00299461683
3382.547451 1.99047501882
3391.892604 1.99083590508
3397.049572 9999
3406.054056 1.99614620209
3415.417855 1.99605035782
3424.77553 1.9901907444
3433.914841 1.98963093758
3443.304262 1.99079100291
3452.703809 1.98991338412
3461.841525 1.99233865738
3470.986771 2.0002579689
3480.05529 1.98924732208
3489.33516 1.9904106458
3494.608728 9999
3503.713 1.98885130882
3512.89484 1.99602429072
3522.18684 1.99360243479
3531.226045 1.98930072784
3540.268287 1.98904132843
3549.554645 1.99120100339
3558.983789 2.00269532204
3568.052789 1.9948627154
3577.182927 1.99034897486
3586.409994 2.00503929456
3595.943799 1.99768702189
3605.210916 1.99012128512
