47.11463 2.2657975316
94.653712 2.28227202892
141.612447 2.25728778839
145.509709 9999
192.004725 2.25207123756
238.62343 2.2488926053
285.353539 2.24685957432
332.329707 2.24954016209
379.454009 2.26452854872
426.268716 2.25120823383
473.280222 2.26498105526
520.457164 2.26257402897
567.246023 2.2509550333
614.419236 2.26415463686
661.193905 2.25218011141
707.756904 2.23885776997
754.344024 2.2383923173
800.790695 2.23592333794
804.739152 9999
851.288518 2.25307742357
855.22948 9999
902.157417 2.26517891884
948.765718 2.23585284948
995.803356 2.26163518429
1043.315634 2.28197112083
1047.229282 9999
1093.491726 2.23391920328
1139.971454 2.2365111351
1186.436025 2.22981649637
1232.986146 2.23762924671
1280.360828 2.28003832102
1326.86951 2.23505094051
1373.383073 2.23592048883
1420.33563 2.25446213484
1466.883593 2.23585752249
1513.494644 2.23616123199
1560.03902 2.23830214739
1606.613965 2.2368460536
1653.142072 2.23529230356
1700.358886 2.27021520138
1747.088666 2.24096889496
1793.707784 2.2363945961
1841.04718 2.27682504654
1887.768424 2.24470893145
1934.333367 2.23678679466
1980.808758 2.23474909067
2027.889129 2.26175569296
2074.511697 2.23422553539
2120.99614 2.22936022282
2168.368111 2.27912187576
2214.945375 2.23462415934
2261.595485 2.23729577065
2265.550978 9999
2311.850597 2.23384947777
2359.280159 2.28231167793
2406.447994 2.26292895079
2452.937758 2.23169385195
2499.472414 2.23629432917
2545.921947 2.2314678669
2592.410027 2.23439210653
2638.945086 2.23515722752
2686.548089 2.28590159416
2733.462467 2.25266435146
2780.11903 2.23974167109
2827.553355 2.2823197484
2875.096082 2.27467716932
2879.097547 9999
2925.321238 2.23669486046
2971.891963 2.23704237938
3018.453317 2.23323141336
3065.018073 2.23227014542
3112.462717 2.27912489176
3159.513652 2.26112521887
3206.494883 2.25744193792
3253.817177 2.27470115423
3301.17571 2.27637449503
3347.851619 2.24019322395
3394.456765 2.23819342852
3441.645835 2.26662333012
3488.309366 2.23765616417
3534.91015 2.2362310648
3581.623693 2.24061877728
3628.979124 2.27797983885
