2.831511 0.890300989151
5.47386 0.889939069748
8.12493 0.861477851868
10.767156 0.877658128738
13.406724 0.872110843658
16.089386 0.920324087143
18.708283 0.874621152878
21.357503 0.870820045471
24.01137 0.886010169983
26.712158 0.944893836975
29.348529 0.8842689991
31.95698 0.861783027649
34.76544 0.889580965042
37.406492 0.878159999847
40.023625 0.877235889435
42.698803 0.914352893829
45.362792 0.875455856323
47.984109 0.892926931381
50.608202 0.889392852783
53.263765 0.88174200058
55.893788 0.884796142578
58.511599 0.884459018707
61.144043 0.891569852829
63.794239 0.885937929153
66.638857 0.86522102356
69.265277 0.877748012543
71.893337 0.887485980988
74.522694 0.872138977051
77.225125 0.950911045074
79.83893 0.865561962128
82.599711 0.893080949783
85.212895 0.875705957413
87.825202 0.871078968048
90.448066 0.89025592804
93.040011 0.878163814545
95.656424 0.866358995438
98.47483 0.880151033401
101.111547 0.873341083527
103.690513 0.872211933136
106.341061 0.896549940109
108.998152 0.870331048965
111.72286 0.978984832764
114.33957 0.897897005081
116.980488 0.881334066391
119.606066 0.875586032867
122.255985 0.897197961807
124.89587 0.873790025711
127.510764 0.885313987732
130.376952 0.894073963165
133.023054 0.895195007324
135.639462 0.877233028412
138.275583 0.883217096329
140.928349 0.896874189377
143.555963 0.882032871246
146.330578 0.990717172623
148.946728 0.876154184341
151.584504 0.896816015244
154.214759 0.900099992752
156.925398 0.961339950562
159.539692 0.873161077499
162.373891 0.876669883728
164.989071 0.875858068466
167.605876 0.864459037781
170.221793 0.864114999771
172.825703 0.885155916214
175.439619 0.862421035767
178.022957 0.864778995514
180.657622 0.906685113907
183.254733 0.877474069595
185.844943 0.872793912888
188.466276 0.881062030792
191.053917 0.872126102448
193.816198 0.891010046005
196.538497 0.9612159729
199.155156 0.876918792725
201.763147 0.88273191452
204.473017 0.964536905289
207.122156 0.899261951447
209.738437 0.863692998886
212.439026 0.95081114769
215.056425 0.879408836365
217.67125 0.862141132355
220.321877 0.876653909683
223.047543 0.964260101318
225.828612 0.874029874802
228.527899 0.958861112595
231.295525 0.983989953995
233.939111 0.884883880615
236.573449 0.877210140228
239.207387 0.890379905701
241.930292 0.969964981079
244.643439 0.972307920456
247.307221 0.884965896606
249.936659 0.864950180054
252.600776 0.897534132004
255.23372 0.880164146423
258.106079 0.894942998886
260.738279 0.887413024902
263.399703 0.896883010864
266.030061 0.876600980759
268.914151 0.953953027725
271.542446 0.878990888596
274.257372 0.980100870132
276.90453 0.865556001663
279.539302 0.884382963181
282.170073 0.865081071854
284.815744 0.881546974182
287.530717 0.955353021622
290.403356 0.902330875397
293.103908 0.961662054062
295.773859 0.9204890728
298.415113 0.874228000641
301.029177 0.863848924637
303.64396 0.881647109985
306.246473 0.882642030716
308.893953 0.887665987015
311.488808 0.88036608696
314.15955 0.877665996552
316.88927 0.97936296463
319.620196 0.960952043533
322.454238 0.866004943848
325.116554 0.885843038559
327.754734 0.874457836151
330.410985 0.876327037811
333.06741 0.880398988724
335.686715 0.877094984055
338.377949 0.911880970001
341.025875 0.901742935181
343.686793 0.880930900574
346.312332 0.861904144287
349.059072 0.987154960632
351.756837 0.963995933533
354.576145 0.872997999191
357.221697 0.891399145126
359.844309 0.887135028839
362.473124 0.874675035477
365.137455 0.862644195557
367.753498 0.863578081131
370.343726 0.880001068115
372.987104 0.892331838608
375.603099 0.866121053696
378.220611 0.877313137054
380.827791 0.875001192093
383.441652 0.877429962158
386.289033 0.882260084152
388.919494 0.872902154922
391.571725 0.881728887558
394.22486 0.900645971298
396.873077 0.882607936859
399.495005 0.901214122772
402.119445 0.884380817413
404.7708 0.895030975342
407.389938 0.876888036728
410.005464 0.877966165543
412.635076 0.874784946442
415.240506 0.86780500412
418.103833 0.872298955917
420.736516 0.872633934021
423.377993 0.880066871643
426.025454 0.873149871826
428.760269 0.982892036438
431.389886 0.89901804924
434.045746 0.890406131744
436.668984 0.886741876602
439.306432 0.896069049835
441.903561 0.862648010254
444.5189 0.876746177673
447.136355 0.87741112709
449.988686 0.875282049179
452.604988 0.875037193298
455.256047 0.875272989273
457.907696 0.879382133484
460.559027 0.885783195496
463.200936 0.893970012665
465.867281 0.902309894562
468.503741 0.886059045792
471.19149 0.896583080292
473.906576 0.966454982758
476.534481 0.862136125565
479.172045 0.884343147278
482.044522 0.891016960144
484.63467 0.852971076965
487.30675 0.871078014374
489.951666 0.872581958771
492.568964 0.875664949417
495.270053 0.957659006119
497.919338 0.864844083786
500.619322 0.953189134598
503.344963 0.963506937027
506.004953 0.886883020401
508.743616 0.97923207283
511.369262 0.875663042068
514.306978 0.881743907928
516.900172 0.888753890991
519.5179 0.876019954681
522.193878 0.901089191437
524.821007 0.873981952667
527.453261 0.865964889526
530.106612 0.89324593544
532.753736 0.887791872025
535.390962 0.88577413559
538.006282 0.873068094254
540.709226 0.957695007324
543.324258 0.881270885468
546.183957 0.884689092636
548.80856 0.88761305809
551.511533 0.897100925446
554.171467 0.89465212822
556.835317 0.897203922272
559.5697 0.971856117249
562.251471 0.924551010132
564.923105 0.895313978195
567.539325 0.862950086594
570.156409 0.873945951462
572.785253 0.875468969345
575.402194 0.876309871674
578.233866 0.87711596489
580.866826 0.894436120987
583.5145 0.935746908188
586.142212 0.879330873489
588.81737 0.936107158661
591.434673 0.865303993225
594.051262 0.877544879913
596.668141 0.878411054611
599.283335 0.871495008469
601.883499 0.872483968735
604.601224 0.955168962479
607.334174 0.938230991364
610.153998 0.889441013336
612.807652 0.875592947006
615.436006 0.872560977936
618.178111 0.979966163635
620.83987 0.895531177521
623.556522 0.959169864655
626.183818 0.874157190323
628.818436 0.874289989471
631.571884 0.994669914246
634.300864 0.942655086517
636.921025 0.877187013626
639.551373 0.885137081146
642.34995 0.887900829315
644.966443 0.862745046616
647.626841 0.904382944107
650.267025 0.871999979019
652.899028 0.876288890839
655.525603 0.885344982147
658.15137 0.882737874985
660.783319 0.852307796478
663.42749 0.892189979553
666.081801 0.883764982224
668.717277 0.867229938507
671.377738 0.887774944305
674.198859 0.875164031982
676.835463 0.872180938721
679.467181 0.882496833801
682.242764 0.994574069977
684.969919 0.973639011383
687.600653 0.880768060684
690.215537 0.87159705162
692.857454 0.87855887413
695.472235 0.870417833328
698.090765 0.875614881516
700.74106 0.89590883255
703.382329 0.875978946686
706.244075 0.895467042923
708.949084 0.944053888321
711.590212 0.875159025192
714.271548 0.873481035233
716.90398 0.876315116882
719.556639 0.899168014526
722.234554 0.878383159637
724.869195 0.87203502655
727.486036 0.872872829437
730.133673 0.878519058228
732.849516 0.970530033112
735.499284 0.880390882492
738.374477 0.884087085724
741.121151 0.971466064453
743.776731 0.881953954697
746.41496 0.876457214355
749.052082 0.862918138504
751.681088 0.873482942581
754.321908 0.887320995331
756.972812 0.88533616066
759.638426 0.900069952011
762.272503 0.887731790543
764.933188 0.879172086716
767.664913 0.969007015228
770.548658 0.891759872437
773.182768 0.87247800827
775.816192 0.876981019974
778.431361 0.866119861603
781.047153 0.864644050598
783.670235 0.872029066086
786.292532 0.889915943146
788.931315 0.876834869385
791.632472 0.937870025635
794.248394 0.878720998764
796.869459 0.87491106987
799.499186 0.875334024429
802.320068 0.874964952469
804.990578 0.892816066742
807.614254 0.878505945206
810.265435 0.890287876129
812.916644 0.871438980103
815.631809 0.950551986694
818.248008 0.868940830231
820.948181 0.892049074173
823.596844 0.864277839661
826.263971 0.88938498497
828.938228 0.899939060211
831.589651 0.875221967697
834.447794 0.866533041
837.099237 0.880698919296
839.817619 0.961524963379
842.466221 0.880178928375
845.137572 0.901401996613
847.799526 0.886307001114
850.455536 0.879091978073
853.094335 0.895714044571
855.74683 0.890264034271
858.396435 0.893103122711
861.030162 0.866003990173
863.679739 0.875021934509
866.531976 0.875174045563
869.197318 0.894784927368
871.830136 0.867284059525
874.484433 0.893809080124
877.130507 0.888812065125
879.807015 0.887081861496
882.464986 0.896193027496
885.08347 0.87236905098
887.755976 0.882311105728
890.402161 0.885286092758
893.049869 0.880188941956
895.704252 0.883689165115
898.521257 0.884189844131
901.264262 0.969496965408
903.946846 0.897500038147
906.663517 0.93691110611
909.321208 0.881125926971
911.952032 0.868910074234
914.572805 0.88174700737
917.221422 0.895853996277
919.839329 0.885244131088
922.56411 0.976425170898
925.323514 0.964509963989
927.912349 0.863054990768
930.815525 0.937356948853
933.431206 0.885946989059
936.098819 0.948292970657
938.713619 0.875516891479
941.330276 0.874342918396
943.929666 0.873378992081
946.548303 0.873512029648
949.162965 0.873558044434
951.863311 0.942910909653
954.514101 0.871950149536
957.146233 0.863567113876
959.783409 0.896968126297
962.629645 0.875417947769
965.246354 0.86493897438
967.864083 0.878755092621
970.500527 0.861615896225
973.262406 0.973745107651
975.962121 0.888381958008
978.580256 0.864619016647
981.184727 0.894158124924
983.846117 0.869816064835
986.519527 0.895478010178
989.254433 0.960688114166
991.91872 0.871817827225
994.778361 0.872385025024
997.451025 0.876278877258
1000.07232 0.89058303833
1002.694548 0.861843109131
1005.335947 0.878338098526
1007.978843 0.889612913132
1010.677981 0.892865896225
1013.351843 0.895297050476
1016.033113 0.866697072983
1018.678602 0.883501052856
1021.311165 0.86639213562
1023.962719 0.885272979736
1026.920269 0.974189996719
1029.530516 0.870609998703
1032.179784 0.879380941391
1034.845825 0.895739793777
1037.531688 0.898730993271
1040.211753 0.887963056564
1042.865865 0.892349004745
1045.62006 0.973924875259
1048.245685 0.881197929382
1050.901442 0.882299900055
1053.627559 0.939131975174
1056.262105 0.871248006821
1059.167917 0.958657026291
1061.778248 0.86709690094
1064.378333 0.871248006821
1067.02182 0.880020141602
1069.679356 0.870306968689
1072.338494 0.885617017746
1074.948058 0.883322000504
1077.580053 0.86735200882
1080.227531 0.868965148926
1082.864209 0.882184028625
1085.510963 0.864911079407
1088.210884 0.962919235229
1091.06196 0.87933588028
1093.679073 0.886029005051
1096.3686 0.874302864075
1099.093856 0.937572002411
1101.711696 0.877589941025
1104.384392 0.897787094116
1107.110178 0.944365024567
1109.755445 0.881532907486
1112.405096 0.891679048538
1115.044133 0.879230976105
1117.695504 0.865504026413
1120.367524 0.910966873169
1123.203036 0.8862221241
1125.84571 0.879796028137
1128.451422 0.875944852829
1131.026139 0.864340782166
1133.699484 0.897628068924
1136.343428 0.876872062683
1138.947687 0.868545055389
1141.589237 0.884295940399
1144.262387 0.891464948654
1146.876914 0.865006923676
1149.521151 0.878745079041
1152.166925 0.881752967834
1155.094247 0.941784858704
1157.747283 0.914824008942
1160.376834 0.884126186371
1163.099846 0.968784809113
1165.744396 0.877866983414
1168.344609 0.875964164734
1171.010659 0.874668121338
1173.652318 0.889630079269
1176.32689 0.877060174942
1178.9441 0.877698898315
1181.58762 0.881494045258
1184.316227 0.977879047394
1187.195168 0.881848096848
1189.867759 0.88973903656
1192.512402 0.874751091003
1195.142576 0.88876581192
1197.817046 0.894211053848
1200.458985 0.873952865601
1203.102183 0.899827957153
1205.775454 0.900939941406
1208.452258 0.901076078415
1211.098583 0.87597990036
1213.727625 0.885255098343
1216.383059 0.872637987137
1219.248513 0.873933792114
1221.904411 0.877604961395
1224.587037 0.899271965027
1227.273126 0.953548908234
1229.972159 0.905891180038
1232.617069 0.886358976364
1235.259091 0.864093780518
1237.930299 0.907836914062
1240.60188 0.879535913467
1243.226715 0.876389026642
1245.976818 0.956546068192
1248.61319 0.87463593483
1251.528566 0.892472982407
1254.181899 0.875467061996
1256.915012 0.959800958633
1259.558698 0.898123025894
1262.343065 0.889372110367
1265.028552 0.89642906189
1267.726348 0.946381092072
1270.3335 0.87063908577
1272.99541 0.87003993988
1275.650825 0.880010128021
1278.326101 0.875113964081
1280.92491 0.873419046402
1283.77651 0.895040035248
1286.389118 0.889541864395
1289.091007 0.958270072937
1291.725505 0.883763790131
1294.413704 0.945433855057
1297.0083 0.860095024109
1299.65515 0.882076978683
1302.291115 0.877301931381
1304.93064 0.877001047134
1307.662185 0.954483985901
1310.299515 0.882196903229
1312.930414 0.896353960037
1315.742635 0.864441871643
1318.358531 0.865566015244
1321.042311 0.895421981812
1323.645994 0.870902061462
1326.416793 0.984612941742
1329.048935 0.876175880432
1331.641343 0.864598035812
1334.278813 0.872300863266
1336.943714 0.874476909637
1339.55942 0.872417926788
1342.210531 0.871247053146
1344.864612 0.89586186409
1347.800159 0.882421016693
1350.443002 0.877946138382
1353.073791 0.875218868256
1355.718247 0.878510951996
1358.457468 0.9612159729
1361.091253 0.874327898026
1363.743468 0.895951986313
1366.349753 0.879224777222
1369.047185 0.888653993607
1371.673633 0.862906932831
1374.323321 0.889676094055
1376.962518 0.88139295578
1379.90703 0.954028844833
1382.474058 0.865910053253
1385.14793 0.900120973587
1387.792323 0.877319097519
1390.463827 0.88774394989
1393.090296 0.872862100601
1395.716805 0.868474960327
1398.359351 0.885576963425
1401.048941 0.899416923523
1403.690761 0.87588095665
1406.390738 0.877091169357
1409.057629 0.867377996445
1412.029773 0.959073066711
1414.663822 0.895365953445
1417.308265 0.883242845535
1419.940019 0.874341011047
1422.791306 0.863947153091
1425.376177 0.8655128479
1427.990176 0.867563009262
1430.627142 0.884819984436
1433.264192 0.868052005768
1435.862816 0.873330831528
1438.513403 0.887876987457
1441.229876 0.951555967331
1444.066232 0.881737947464
1446.724889 0.900910139084
1449.362613 0.875966072083
1451.975653 0.871393918991
1454.606242 0.863811016083
1457.282546 0.902070045471
1459.909184 0.873980998993
1462.57276 0.89311003685
1465.223124 0.887404918671
1467.840238 0.873310089111
1470.493316 0.871170043945
1473.148052 0.877633094788
1476.063882 0.874382972717
1478.731743 0.883584022522
1481.364421 0.874111890793
1484.006126 0.876671075821
1486.641047 0.872186899185
1489.306574 0.874752998352
1491.915696 0.884554862976
1494.556915 0.86717414856
1497.230772 0.881200790405
1499.855783 0.867177963257
1502.49618 0.882834911346
1505.182908 0.893609046936
1508.113836 0.885941028595
1510.777385 0.876427173615
1513.457326 0.878632068634
1516.126651 0.907753944397
1518.78091 0.87577009201
1521.444708 0.876234054565
1524.208014 0.973244905472
1526.867958 0.883469820023
1529.523679 0.874598026276
1532.139378 0.864631891251
1534.812358 0.875137090683
1537.44101 0.861856937408
1540.364242 0.8900411129
1543.089803 0.958821058273
1545.705297 0.87136387825
1548.367311 0.908665895462
1551.038231 0.874773979187
1553.655495 0.877038002014
1556.36453 0.890007972717
1559.013241 0.883563041687
1561.655177 0.872100830078
1564.2978 0.886601209641
1566.979241 0.880530118942
1569.639502 0.89008307457
1572.583266 0.91422700882
1575.241498 0.875111103058
1577.872511 0.877961874008
1580.521581 0.869450092316
1583.195128 0.884771108627
1585.922068 0.953199863434
1588.587793 0.879356861115
1591.225028 0.876223087311
1593.897064 0.864784002304
1596.526472 0.889394044876
1599.204952 0.87073302269
1601.871655 0.872976064682
1604.773748 0.877755880356
1607.438962 0.87590098381
1610.137427 0.947537899017
1612.776549 0.869914054871
1615.437258 0.872816801071
1618.054238 0.867031097412
1620.755041 0.946146965027
1623.40906 0.882025957108
1626.055036 0.899366140366
1628.773085 0.97311091423
1631.433144 0.881755113602
1634.079469 0.896205186844
1637.031013 0.974072933197
1639.672905 0.880378007889
1642.320773 0.86146402359
1645.044425 0.946509122849
1647.721259 0.877388000488
1650.358247 0.865648984909
1653.005228 0.890309810638
1655.654457 0.873481035233
1658.328148 0.871143102646
1660.955202 0.874125003815
1663.559306 0.874722957611
1666.203681 0.886740922928
1669.102734 0.873983860016
1671.757624 0.898906946182
1674.447054 0.884912014008
1677.07003 0.880339860916
1679.704974 0.878530979156
1682.354849 0.884609937668
1685.007619 0.874181032181
1687.622882 0.876549959183
1690.288579 0.875564098358
1692.940699 0.891165971756
1695.580772 0.890235900879
1698.230187 0.911996841431
1701.220216 0.951339006424
1703.956464 0.972602844238
1706.571303 0.871673107147
1709.212348 0.887614965439
1711.878455 0.884844064713
1714.503181 0.87712597847
1717.179689 0.888743877411
1719.830443 0.890799999237
1722.50526 0.871391057968
1725.161921 0.872956991196
1727.76403 0.868137836456
1730.387077 0.862711191177
1733.237773 0.893034934998
1735.886948 0.87752699852
1738.561039 0.900038003922
1741.203294 0.86487698555
1743.845216 0.87960100174
1746.468856 0.873876094818
1749.11242 0.876200914383
1751.760123 0.886086940765
1754.403766 0.886430025101
1757.047342 0.881360054016
1759.69402 0.900002002716
1762.360651 0.913041114807
1765.286252 0.872821092606
1767.923826 0.889070987701
1770.589499 0.874789953232
1773.221038 0.867666006088
1775.889622 0.883244037628
1778.519891 0.872704029083
1781.149361 0.862435102463
1783.775035 0.887403964996
1786.410317 0.880367040634
1789.070858 0.875767946243
1791.71117 0.878136873245
1794.409548 0.912036895752
1797.293164 0.876171827316
1799.92029 0.867203950882
1802.603617 0.896909952164
1805.26208 0.880320072174
1807.876638 0.877303123474
1810.503891 0.878382921219
1813.154205 0.884799003601
1815.790926 0.872861146927
1818.436442 0.891335964203
1821.1691 0.970865011215
1823.835393 0.875678062439
1826.485718 0.869530916214
1829.373385 0.884367227554
1832.122922 0.981539011002
1834.753297 0.889262914658
1837.418125 0.876987934113
1840.070227 0.875440120697
1842.692661 0.869957923889
1845.352483 0.879759073257
1847.986869 0.880534887314
1850.645671 0.914281129837
1853.30426 0.88387799263
1855.958167 0.87956905365
1858.66984 0.960340976715
1861.596823 0.874210119247
1864.23284 0.880563020706
1866.861899 0.884387969971
1869.470816 0.861716985703
1872.11143 0.877913951874
1874.774774 0.876192092896
1877.421281 0.870554924011
1880.050626 0.884688854218
1882.703168 0.894191026688
1885.334826 0.863678216934
1888.01703 0.908968925476
1890.678341 0.880584001541
1893.568681 0.868495941162
1896.28704 0.968740940094
1898.918407 0.875797986984
1901.578243 0.885132074356
1904.340846 0.974071025848
1907.076315 0.955063819885
1909.734666 0.879320144653
1912.385896 0.867254018784
1915.037061 0.853542804718
1917.651195 0.865531921387
1920.323231 0.895085096359
1922.970584 0.892742156982
1925.855587 0.873236894608
1928.506942 0.882911205292
1931.209202 0.915138959885
1933.823286 0.872414112091
1936.525512 0.901082992554
1939.157918 0.879674911499
1941.867102 0.969480037689
1944.517743 0.859488010406
1947.20982 0.902704954147
1949.883195 0.878149986267
1952.510004 0.873255968094
1955.151479 0.884396076202
1958.104159 0.89063501358
1960.792353 0.892144918442
1963.437865 0.867740869522
1966.152527 0.948455095291
1968.793206 0.880493164062
1971.429633 0.882822990417
1974.072467 0.87455201149
1976.72036 0.87712097168
1979.392329 0.887120962143
1982.102461 0.963824987411
1984.740928 0.889132022858
1987.451124 0.974277019501
1990.36855 0.863301038742
1993.008006 0.872606039047
1995.650519 0.895709037781
1998.309884 0.878869056702
2000.999922 0.883991956711
2003.622136 0.88086605072
2006.285485 0.86869597435
2008.967302 0.895352840424
2011.727041 0.961892127991
2014.383158 0.863247156143
2017.03478 0.863770961761
2019.694028 0.883192062378
2022.568505 0.879334926605
2025.206504 0.887306928635
2027.884427 0.883244037628
2030.529346 0.905584096909
2033.201285 0.879396915436
2035.815101 0.867866039276
2038.454866 0.904067993164
2041.185193 0.966795921326
2043.92746 0.966445922852
2046.538534 0.872030973434
2049.170094 0.876120090485
2051.841128 0.89458489418
2054.758455 0.962664842606
2057.389496 0.876728057861
2060.04021 0.886851787567
2062.76789 0.968662977219
2065.432163 0.87867307663
2068.065633 0.895658969879
2070.700006 0.884846925735
2073.399089 0.950409889221
2076.072131 0.886499881744
2078.800009 0.959859848022
2081.482672 0.872883796692
2084.098338 0.864942789078
2086.959665 0.87619805336
2089.600825 0.870548009872
2092.285961 0.878583192825
2094.939025 0.899896144867
2097.615646 0.89630818367
2100.254567 0.874034881592
2102.927691 0.884910106659
2105.664604 0.971988916397
2108.332559 0.871620178223
2110.966193 0.871937036514
2113.599123 0.8649559021
2116.273099 0.898063182831
2119.200106 0.873561143875
2121.816179 0.865378856659
2124.504333 0.897166967392
2127.131307 0.858435869217
2129.771269 0.867824077606
2132.415177 0.877774000168
2135.091767 0.879502058029
2137.71526 0.872198104858
2140.401959 0.928618907928
2143.017626 0.871016979218
2145.671764 0.897102832794
2148.317777 0.879394054413
2151.232677 0.879843950272
2153.870176 0.885789871216
2156.55177 0.892955064774
2159.216571 0.89192700386
2161.873274 0.898160934448
2164.60022 0.952349901199
2167.274233 0.87432384491
2169.929806 0.879857063293
2172.592255 0.902548074722
2175.231554 0.87645816803
2177.906446 0.891721963882
2180.519237 0.86269402504
2183.483689 0.885152816772
2186.114164 0.863524913788
2188.753987 0.883987188339
2191.402512 0.882085084915
2194.046504 0.873651981354
2196.68821 0.881657123566
2199.346746 0.893918037415
2201.997949 0.880344152451
2204.663965 0.873338222504
2207.302375 0.872101068497
2209.965019 0.871304035187
2212.592464 0.882552862167
2215.514226 0.875551939011
2218.175737 0.886991024017
2220.830619 0.873507022858
2223.447266 0.882561922073
2226.080689 0.87007689476
2228.734742 0.880213022232
2231.39838 0.875212907791
2234.031095 0.874945163727
2236.787059 0.975703001022
2239.43038 0.863817930222
2242.082458 0.876024007797
2244.717607 0.872067928314
2247.641312 0.876456022263
2250.287601 0.898613929749
2252.97128 0.885668039322
2255.579705 0.861929178238
2258.248133 0.889156103134
2260.918677 0.883739948273
2263.621906 0.888522148132
2266.28313 0.892781972885
2268.938787 0.874961853027
2271.614193 0.899570941925
2274.304594 0.889158010483
2276.949865 0.872212171555
2279.846989 0.86442399025
2282.483127 0.895792007446
2285.133868 0.878608942032
2287.779701 0.873759031296
2290.397149 0.867154836655
2293.047303 0.876685142517
2295.721298 0.895757913589
2298.389496 0.892539024353
2301.064585 0.876164913177
2303.680787 0.87872505188
2306.373366 0.892205953598
2309.021608 0.883680105209
2311.905265 0.870898008347
2314.537156 0.887422084808
2317.234063 0.897469997406
2319.879592 0.882624864578
2322.556409 0.888429880142
2325.179637 0.871409893036
2327.846406 0.87614607811
2330.512786 0.891279935837
2333.269811 0.959203004837
2335.880653 0.871464014053
2338.540104 0.889097213745
2341.180178 0.868921041489
2344.130935 0.889767169952
2346.790496 0.888954877853
2349.471342 0.913709163666
2352.166864 0.940121889114
2354.836347 0.905211925507
2357.507267 0.895846843719
2360.217804 0.87805891037
2362.835118 0.870729207993
2365.535796 0.885702133179
2368.263906 0.949256181717
2370.912686 0.885645151138
2373.605914 0.882189035416
2376.529354 0.875777006149
2379.195231 0.899928808212
2381.846323 0.887887954712
2384.512397 0.881661176682
2387.162491 0.887259960175
2389.836595 0.885061979294
2392.479001 0.874047040939
2395.095879 0.866597175598
2397.737833 0.89093208313
2400.411417 0.950433015823
2403.064125 0.887562990189
2405.70271 0.88930606842
2408.664462 0.933329820633
2411.356532 0.915745973587
2414.019346 0.881166934967
2416.674609 0.898862123489
2419.313055 0.876897096634
2421.963339 0.890606880188
2424.611982 0.874404907227
2427.279829 0.900697946548
2429.945146 0.890542030334
2432.571157 0.878406047821
2435.195999 0.86766910553
2437.836525 0.886521100998
2440.798174 0.880995035172
2443.420365 0.879014968872
2446.09527 0.876425981522
2448.747952 0.87878203392
2451.410801 0.876225948334
2454.04732 0.875154972076
2456.699456 0.877043008804
2459.330586 0.870211839676
2462.01726 0.8986120224
2464.717315 0.962383985519
2467.478329 0.947195053101
2470.152617 0.884042024612
2473.010852 0.878233194351
2475.683997 0.899164915085
2478.39581 0.944826841354
2481.15454 0.986545085907
2483.795876 0.871044158936
2486.427386 0.87401509285
2489.09787 0.868782997131
2491.694845 0.86403298378
2494.38287 0.896157979965
2497.03915 0.888049125671
2499.684322 0.90755200386
2502.412542 0.963973045349
2505.360864 0.873766899109
2507.997474 0.880333185196
2510.671194 0.888748884201
2513.322174 0.879585981369
2516.03414 0.903745889664
2518.660953 0.877979040146
2521.330447 0.897235870361
2523.952672 0.857825040817
2526.614077 0.888541936874
2529.244236 0.865311145782
2531.893993 0.874979019165
2534.561606 0.903367996216
2537.445022 0.877611875534
2540.075608 0.860294103622
2542.718062 0.875803947449
2545.470333 0.970842838287
2548.127021 0.870100021362
2550.784672 0.903536081314
2553.443465 0.884647846222
2556.09514 0.884566068649
2558.76756 0.90585899353
2561.403438 0.874475002289
2564.099194 0.893618822098
2566.768898 0.889700889587
2569.765336 0.898161888123
2572.400578 0.886868000031
2575.060243 0.879711151123
2577.684721 0.887092828751
2580.411393 0.936589002609
2583.0604 0.87396812439
2585.727231 0.888721942902
2588.459255 0.955370903015
2591.14766 0.897282838821
2593.803029 0.875844955444
2596.472562 0.881573915482
2599.143351 0.870428085327
2601.947714 0.873181819916
2604.576818 0.860810995102
2607.300299 0.897318124771
2610.047361 0.959794044495
2612.688621 0.896060943604
2615.300705 0.869789123535
2617.960187 0.866332054138
2620.611322 0.87601685524
2623.276541 0.895748853683
2625.943533 0.892832994461
2628.572131 0.881473064423
2631.221129 0.889643192291
2634.180244 0.88747882843
2636.830616 0.884912014008
2639.509489 0.886420965195
2642.146206 0.876807928085
2644.803186 0.887128829956
2647.459917 0.893704891205
2650.111579 0.879079818726
2652.759251 0.879016876221
2655.479995 0.872466087341
2658.109089 0.875130176544
2660.759115 0.872667074203
2663.410043 0.876587152481
2666.341065 0.878560066223
2668.993481 0.890813827515
2671.641559 0.874158143997
2674.317383 0.884685993195
2676.998077 0.879450082779
2679.633988 0.883814096451
2682.292585 0.853153944016
2684.94145 0.900810956955
2687.584748 0.88169002533
2690.316994 0.974893808365
2693.016804 0.898317098618
2695.65936 0.87157201767
2698.575898 0.876832008362
2701.232354 0.882243156433
2703.950172 0.960600137711
2706.613616 0.907281160355
2709.291085 0.887922048569
2711.908603 0.874120950699
2714.559705 0.864595174789
2717.19976 0.889284133911
2719.845695 0.896263122559
2722.492334 0.891067028046
2725.332869 0.887053966522
2727.949327 0.872699022293
2730.840349 0.896106004715
2733.483792 0.879484176636
2736.158754 0.876545906067
2738.775732 0.875722885132
2741.425866 0.888658046722
2744.06722 0.87629699707
2746.717142 0.891264915466
2749.463753 0.973032951355
2752.129186 0.875952959061
2754.758309 0.863612890244
2757.433338 0.898162126541
2760.074703 0.875631093979
2762.935164 0.906899929047
2765.590989 0.873768091202
2768.280628 0.897742986679
2770.911594 0.867974042892
2773.546457 0.871808052063
2776.190621 0.888226032257
2778.925294 0.949046850204
2781.577839 0.876167058945
2784.208075 0.866227149963
2786.84807 0.871855020523
2789.517149 0.88356089592
2792.158061 0.883133888245
2795.04364 0.86224603653
2797.678951 0.881602048874
2800.357115 0.875874996185
2802.973744 0.862693071365
2805.650916 0.888814926147
2808.325979 0.875457048416
2810.992324 0.87828207016
2813.649995 0.901968955994
2816.307836 0.874251127243
2818.924575 0.887138843536
2821.558887 0.879775047302
2824.173639 0.870446920395
2827.07636 0.883657932281
2829.723142 0.889397144318
2832.423918 0.889153957367
2835.066431 0.881511926651
2837.691356 0.865205049515
2840.348797 0.893679141998
2842.992731 0.874080896378
2845.682189 0.889816999435
2848.406532 0.963073015213
2851.048835 0.883805990219
2853.697977 0.876951932907
2856.338981 0.875776052475
2859.31198 0.908970832825
2861.958654 0.878984928131
2864.627548 0.88757610321
2867.280314 0.893895864487
2869.976652 0.882647037506
2872.706768 0.960339069366
2875.381434 0.874888181686
2878.107249 0.962285995483
2880.723641 0.864982843399
2883.36125 0.874173879623
2886.041445 0.890644073486
2888.717082 0.890434026718
2891.578739 0.882770061493
2894.263494 0.919383049011
2896.923828 0.869108915329
2899.565777 0.879122972488
2902.212963 0.874609947205
2904.839699 0.861212015152
2907.424078 0.865090847015
2910.066098 0.876393079758
2912.715205 0.877671003342
2915.346623 0.878966093063
2917.981005 0.851324081421
2920.609474 0.887094020844
2923.8402 0.877994060516
2926.479909 0.873944997787
2929.191785 0.949041128159
2931.839564 0.870884180069
2934.479967 0.874693155289
2937.210699 0.963902950287
2939.86777 0.893333911896
2942.545895 0.887314081192
2945.179556 0.881742954254
2947.825672 0.870544910431
2950.485873 0.884386062622
2953.125414 0.873339176178
2955.995656 0.874332904816
2958.638669 0.86661696434
2961.289131 0.88112282753
2963.927137 0.873800992966
2966.573193 0.890693187714
2969.248509 0.913807868958
2971.891082 0.877982139587
2974.523068 0.871453046799
2977.176751 0.901076078415
2979.812197 0.881662130356
2982.407149 0.872637987137
2985.039277 0.879397153854
2987.913181 0.883600950241
2990.543604 0.872505903244
2993.198966 0.903588056564
2995.838197 0.877948045731
2998.520822 0.918288946152
3001.154762 0.858935832977
3003.882207 0.968638896942
3006.525135 0.870404958725
3009.172466 0.87296295166
3011.826094 0.882966995239
3014.438148 0.863413095474
3017.08171 0.888643026352
3019.923897 0.866938114166
3022.562554 0.877171039581
3025.187139 0.871944904327
3027.854678 0.886270999908
3030.529254 0.890809059143
3033.205628 0.886518955231
3035.820687 0.861559152603
3038.438094 0.865818977356
3041.114117 0.890171051025
3043.779323 0.893374919891
3046.427626 0.886062860489
3049.07036 0.879658937454
3051.887732 0.860309839249
3054.554922 0.900166034698
3057.210826 0.879818916321
3059.844275 0.873106956482
3062.487598 0.880120992661
3065.138198 0.899948120117
3067.845914 0.882791042328
3070.477426 0.878906011581
3073.138295 0.880006074905
3075.770855 0.875961065292
3078.386915 0.876878976822
3080.995045 0.868062973022
3083.853368 0.869773864746
3086.471524 0.887056827545
3089.10437 0.868644952774
3091.754631 0.888319015503
3094.423362 0.880841016769
3097.055527 0.869663953781
3099.710951 0.901223897934
3102.336308 0.883730888367
3104.986732 0.87331700325
3107.613181 0.88977098465
3110.272989 0.891335964203
3112.887247 0.877928972244
3115.69363 0.886491060257
3118.343226 0.872724056244
3120.988198 0.878072977066
3123.660593 0.899559020996
3126.287303 0.873195886612
3128.961304 0.893874168396
3131.593661 0.8868060112
3134.246303 0.887485980988
3136.962419 0.957053899765
3139.569025 0.861949920654
3142.203506 0.87713599205
3144.842212 0.877784013748
3147.710147 0.899698972702
3150.329602 0.878340005875
3152.939271 0.881526947021
3155.522389 0.863726854324
3158.138541 0.863481998444
3160.780822 0.866894006729
3163.446278 0.900771141052
3166.092244 0.876145124435
3168.735942 0.866818904877
3171.406968 0.888000965118
3174.035797 0.862478017807
3176.678711 0.878942012787
3179.536168 0.877255916595
3182.220309 0.900057077408
3184.870416 0.893915891647
3187.531543 0.883683919907
3190.173734 0.872129917145
3192.819517 0.873910903931
3195.461409 0.878531217575
3198.088149 0.878689050674
3200.752465 0.891695022583
3203.388304 0.875729084015
3206.018713 0.86137509346
3208.664467 0.881572008133
3211.525728 0.886806964874
3214.177488 0.878317832947
3216.80338 0.882010936737
3219.457681 0.899812221527
3222.104621 0.889451980591
3224.818758 0.955671072006
3227.508418 0.964128017426
3230.220118 0.961317062378
3232.852874 0.874367952347
3235.537798 0.961521148682
3238.176365 0.874413967133
3240.852013 0.872703075409
3243.675454 0.87694311142
3246.302679 0.876461982727
3248.938208 0.872132062912
3251.602514 0.878576040268
3254.302956 0.883905172348
3256.91777 0.86267209053
3259.551699 0.863153219223
3262.185168 0.881933927536
3264.843718 0.888907194138
3267.518092 0.889676094055
3270.175002 0.888904809952
3272.810443 0.876312971115
3275.722703 0.884103059769
3278.353617 0.878776788712
3280.969095 0.847501993179
3283.690102 0.967479944229
3286.419073 0.955660104752
3289.118693 0.960297822952
3291.734616 0.86439204216
3294.376224 0.890065193176
3296.987213 0.872253894806
3299.646468 0.909376859665
3302.292501 0.886109113693
3304.906475 0.873856067657
3307.768296 0.892325162888
3310.419108 0.888268947601
3313.067536 0.867603063583
3315.72162 0.876564025879
3318.384635 0.874246120453
3321.051014 0.902197122574
3323.723531 0.897845983505
3326.367424 0.877314090729
3329.057989 0.894919872284
3331.739062 0.896021127701
3334.38516 0.875843048096
3337.034506 0.871718883514
3339.922549 0.896018028259
3342.566818 0.864499092102
3345.293133 0.966281175613
3347.926753 0.890565872192
3350.569917 0.878170967102
3353.192008 0.869457960129
3355.828603 0.903321027756
3358.416841 0.85892701149
3361.153597 0.959498882294
3363.886486 0.942680835724
3366.521592 0.875775814056
3369.160912 0.887543916702
3371.967594 0.872633934021
3374.665661 0.948070049286
3377.31842 0.888494968414
3379.966937 0.881079912186
3382.58299 0.859596014023
3385.289458 0.949578046799
3387.933761 0.883425951004
3390.5521 0.870532989502
3393.183936 0.884124994278
3395.871166 0.935824871063
3398.50061 0.882614850998
3401.139334 0.888571977615
3404.018373 0.887145996094
3406.641867 0.868082046509
3409.290837 0.892493963242
3411.926179 0.884876012802
3414.60062 0.880296945572
3417.244701 0.88920712471
3419.868949 0.871587991714
3422.499832 0.869148015976
3425.116781 0.876067876816
3427.754003 0.886749982834
3430.383864 0.862789869308
3432.99907 0.866823196411
3435.842541 0.876154184341
3438.566968 0.974940061569
3441.245793 0.901793003082
3443.882845 0.888736009598
3446.499753 0.878341913223
3449.136666 0.879091024399
3451.766903 0.862843990326
3454.383545 0.865037202835
3457.067649 0.89088010788
3459.721745 0.871155977249
3462.445512 0.959156990051
3465.084837 0.873414039612
3467.903029 0.872341156006
3470.582738 0.866542100906
3473.282073 0.937397003174
3475.933419 0.887877225876
3478.496205 0.879765987396
3481.156092 0.890556097031
3483.816213 0.873917102814
3486.505558 0.896956920624
3489.151852 0.869839906693
3491.875362 0.959813117981
3494.555551 0.899255037308
3497.198502 0.858184814453
3500.096068 0.880400896072
3502.730804 0.867182970047
3505.48961 0.986773014069
3508.175166 0.897584915161
3510.83194 0.865084886551
3513.482645 0.883504867554
3516.131915 0.872843027115
3518.800291 0.867369890213
3521.469392 0.87112402916
3524.200477 0.967169046402
3526.857949 0.882086038589
3529.500012 0.875402927399
3532.402555 0.880789041519
3535.076989 0.907128810883
3537.741395 0.885066986084
3540.372975 0.872473955154
3543.016566 0.865404129028
3545.666859 0.876772880554
3548.304661 0.891833782196
3550.968596 0.883569002151
3553.597905 0.863639831543
3556.257984 0.878887891769
3558.914926 0.873794078827
3561.585514 0.894978046417
3564.430321 0.88365983963
3567.047214 0.863811969757
3569.688273 0.873167037964
3572.332677 0.887798070908
3575.002388 0.886645078659
3577.616644 0.882003068924
3580.248775 0.869356155396
3582.948752 0.945955038071
3585.643739 0.904846906662
3588.288441 0.875504970551
3590.91448 0.872706890106
3593.524852 0.878830194473
3596.435984 0.898588180542
3599.063585 0.859942913055
3601.704507 0.876056909561
