4.982456 9999
9.817942 9999
12.650181 9999
17.554052 9999
22.440217 9999
27.375459 9999
32.219265 9999.0
37.269134 9999
42.154091 9999
45.000542 9999
49.909787 9999
54.889817 9999
59.871882 9999
64.869214 9999.0
70.089499 9999
79.68849 2.25233999888
89.283642 2.25384004911
99.022749 2.31161737442
108.880573 2.27115551631
118.519431 2.2633415858
128.376385 2.31009674072
138.198553 2.30415630341
148.139707 2.30307094256
158.196848 2.37060968081
168.039493 2.29376872381
178.085267 2.33718935649
181.20833 9999
191.067253 2.32968894641
201.026114 2.32872827848
203.994991 9999
213.831979 2.31653730075
216.880779 9999
219.898065 9999
229.859516 2.32861439387
232.832216 9999
235.837294 9999
245.888015 2.3500597477
256.063083 2.32731135686
266.502114 2.48356970151
276.390513 2.34087467194
279.472235 9999
284.816196 9999
294.819899 2.34571464856
297.838715 9999
307.794231 2.34261504809
318.072899 2.38808441162
328.175208 2.35798041026
338.302481 2.37723302841
348.513423 2.34328333537
358.700956 2.39091412226
368.702087 2.3503575325
378.808423 2.33912380536
381.82212 9999
391.923113 2.39517498016
402.006683 2.36252641678
412.296426 2.36997294426
415.265378 9999
425.474837 2.38632265727
435.610168 2.40243021647
445.862668 2.37365063032
448.858433 9999
459.095713 2.3903380235
469.135143 2.35057838758
472.240115 9999
475.251434 9999
485.566007 2.41428168615
488.595865 9999
498.758074 2.36701337496
509.054604 2.42499470711
519.351526 2.36221464475
529.576113 2.40409636497
532.548852 9999
542.77687 2.38528990746
553.029336 2.34910368919
563.099801 2.35497291883
573.311955 2.38963103294
576.523443 9999
586.695811 2.3971499602
589.683417 9999
599.754231 2.33943899473
609.949906 2.40542594592
613.114145 9999
616.165711 9999
626.338279 2.38509440422
636.449207 2.39000638326
641.851706 9999.0
652.124645 2.3892463843
655.203134 9999
665.384244 2.41136360168
675.513253 2.36805287997
685.868695 2.38787706693
696.082783 2.39715425173
701.49309 9999
704.547465 9999
714.747699 2.41759006182
725.087818 2.39808122317
730.510836 9999
740.630733 2.37437995275
750.804843 2.38558133443
754.044423 9999
764.246593 2.37775834401
774.386834 2.39805571238
784.709858 2.42826271057
795.018332 2.39181900024
798.065467 9999
808.259108 2.37311736743
818.482385 2.40528432528
824.05653 9999
834.36116 2.44398800532
844.482624 2.37731663386
854.657128 2.38305274645
865.15159 2.41158270836
875.369715 2.38775761922
878.465857 9999
888.629355 2.38084332148
891.891546 9999
894.939094 9999
905.173466 2.4067000548
908.219421 9999
918.383024 2.39001067479
928.588166 2.39999397596
939.291759 2.47123575211
949.571882 2.4013923804
959.781709 2.41150164604
965.403782 9999
968.477982 9999
978.698296 2.3916323185
981.768506 9999
992.031165 2.40803225835
1002.394444 2.38976168633
1005.369426 9999
1015.563359 2.39926703771
1018.583227 9999
1028.890036 2.4109946092
1039.329548 2.38793857892
1042.364191 9999
1052.604344 2.40274739265
1063.104263 2.47171934446
1066.3295 9999
1076.569788 2.38585797946
1086.780376 2.40262468656
1097.049735 2.39493902524
1100.316162 9999
1110.543146 2.39266268412
1113.550723 9999
1116.63508 9999
1126.887926 2.41553235054
1137.193284 2.38848590851
1147.584265 2.38115525246
1150.672389 9999
1153.690728 9999
1156.765577 9999
1167.030222 2.38417180379
1170.102518 9999.0
1180.757709 2.4618713061
1183.855207 9999
1194.114582 2.40640862783
1204.338202 2.40224345525
1207.629688 9999
1217.863001 2.40547601382
1220.942479 9999
1231.188293 2.3869313399
1241.362087 2.41217303276
1244.656513 9999
1254.788168 2.36728795369
1265.044542 2.41213671366
1268.202777 9999
1278.553096 2.4078403314
1289.039845 2.40298827489
1299.432859 2.41097005208
1302.480266 9999
1312.676989 2.39944163958
1315.973216 9999
1319.074043 9999
1329.283483 2.41871436437
1339.611411 2.41287867228
1342.717838 9999.0
1353.036016 2.38615234693
1356.039792 9999
1366.228 2.39704195658
1376.518784 2.3893960317
1379.805291 9999
1389.960138 2.38080437978
1400.251154 2.41084162394
1410.397243 2.36837967237
1413.656488 9999
1423.866639 2.38637200991
1434.197301 2.43709572156
1444.329469 2.37399339676
1454.70034 2.40291508039
1464.945876 2.38120500247
1475.083531 2.38907694817
1485.50782 2.37590297063
1495.78013 2.41312940915
1498.791237 9999
1508.985973 2.39299003283
1519.41333 2.38022843997
1529.606672 2.39904729525
1535.010775 9999
1537.982104 9999
1548.167346 2.40143402418
1558.472826 2.36113961538
1568.714996 2.37453802427
1571.693677 9999
1581.939204 2.41190799077
1592.395052 2.40614231428
1602.651303 2.40647133191
1612.826126 2.3923933506
1623.16424 2.38587991397
1633.334994 2.38765358925
1643.590603 2.42409427961
1654.16827 2.4389046828
1664.4254 2.41508237521
1667.512559 9999
1670.484081 9999
1680.786191 2.41059803963
1691.310148 2.42407035828
1701.637704 2.39708836873
1711.9213 2.39333693186
1722.283683 2.3816066583
1732.504251 2.41945409775
1735.544749 9999
1745.836668 2.41581694285
1751.371728 9999
1761.557751 2.38709863027
1771.783331 2.40140024821
1781.952323 2.37976431847
1792.41596 2.39502859116
1802.638343 2.40079339345
1812.90231 2.39538502693
1823.282052 2.35468729337
1833.62154 2.43508140246
1843.928234 2.42106469472
1847.220421 9999
1857.552473 2.39613000552
1862.997937 9999
1873.180264 2.39499076207
1883.523802 2.43657930692
1894.177276 2.42070762316
1904.454615 2.40201290449
1914.591455 2.38333264987
1917.929987 9999
1928.211794 2.390721639
1931.323611 9999
1941.565598 2.39645703634
1944.604964 9999
1955.103764 2.43405095736
1960.590239 9999
1963.716221 9999
1973.863542 2.37725075086
1979.213877 9999.0
1982.446959 9999
1992.595106 2.39244627953
2002.732159 2.38484358788
2012.993829 2.39808241526
2023.363412 2.38740682602
2033.585696 2.39588276545
2043.792435 2.40650741259
2054.318855 2.38593006134
2064.625014 2.39933164914
2074.869725 2.38300005595
2085.372059 2.41744128863
2088.500248 9999
2093.896772 9999
2104.100048 2.38981723785
2114.407529 2.37976272901
2117.566639 9999
2127.915074 2.42706934611
2130.958671 9999
2136.390182 9999
2139.498601 9999
2149.780052 2.41060423851
2160.460631 2.4169216156
2165.977669 9999
2169.07374 9999
2179.283141 2.39244572322
2189.492228 2.38798562686
2192.864739 9999
2203.165124 2.40189798673
2206.265574 9999
2209.352375 9999
2219.83931 2.47977145513
2223.147937 9999
2233.434928 2.41472959518
2243.642192 2.39876699448
2246.690806 9999
2249.858189 9999.0
2260.386731 2.394932429
2263.46818 9999
2273.847671 2.45978967349
2284.168574 2.40270431836
2287.546866 9999
2297.768742 2.42583235105
2308.057545 2.41826343536
2313.434109 9999
2323.694568 2.4111700058
2327.103122 9999
2337.270787 2.39452799161
2347.632794 2.42103926341
2350.611962 9999
2360.91046 2.40321222941
2371.450689 2.39708328247
2374.561352 9999
2385.075297 2.47344732285
2388.077157 9999
2398.411588 2.43295272191
2409.064875 2.38504465421
2419.404986 2.40646235148
2429.694055 2.38037625949
2433.02739 9999
2436.126647 9999
2446.493961 2.40525094668
2456.74024 2.41414968173
2467.075697 2.44583495458
2477.551468 2.39794063568
2487.736873 2.37978434563
2497.959638 2.40192302068
2508.385624 2.38787476222
2518.659155 2.40505695343
2528.950296 2.41715828578
2539.549522 2.41160432498
2549.888244 2.40272204081
2560.118063 2.39394370715
2571.009736 2.48156849543
2574.079254 9999
2577.126343 9999
2587.454616 2.41529472669
2597.759533 2.38387640317
2608.265473 2.37891729673
2611.278704 9999
2621.427883 2.37829534213
2631.868577 2.43207677205
2635.303272 9999
2645.512424 2.41344499588
2648.668535 9999
2658.950211 2.38302866618
2669.276944 2.40757799149
2672.673632 9999
2683.038074 2.44834264119
2693.358679 2.40431507428
2703.615233 2.39615623156
2714.239502 2.43020160993
2724.535683 2.40191928546
2734.849406 2.41278338432
2738.224162 9999
2748.409244 2.38653969765
2751.469256 9999
2757.014411 9999
2767.271551 2.39831630389
2770.665985 9999
2780.975445 2.41275842985
2791.1514 2.37694636981
2801.325338 2.38685933749
2804.614311 9999
2814.892541 2.40622377396
2825.160437 2.42220274607
2830.617333 9999
2840.8255 2.41273975372
2844.247635 9999
2854.580853 2.43507901827
2864.85818 2.38960162799
2875.08751 2.38952763875
2878.413033 9999
2883.734166 9999
2894.028831 2.40507801374
2904.328826 2.40512943268
2914.687095 2.43616358439
2925.408054 2.43655204773
2928.501537 9999
2938.818598 2.42264334361
2949.119418 2.41611647606
2952.360449 9999
2955.303711 9999
2958.416089 9999
2968.829371 2.43335493406
2979.061964 2.39661773046
2989.474267 2.46766964595
3000.024679 2.39931329091
3010.232407 2.38841501872
3013.275411 9999
3023.423899 2.37925036748
3034.147738 2.43959434827
3044.371739 2.38261294365
3054.658677 2.3996676604
3065.384976 2.43197671572
3075.59225 2.3862396876
3078.664099 9999
3088.972315 2.39594896634
3099.458055 2.39054346085
3102.467203 9999
3112.788776 2.40138228734
3122.990007 2.38581426938
3133.521314 2.3858572642
3143.751243 2.3928917249
3154.038573 2.41334033012
3157.361349 9999
3167.686394 2.43523025513
3177.945076 2.41824928919
3188.254294 2.39479533831
3191.608433 9999
3202.095498 2.45714426041
3212.499559 2.444526275
3215.597338 9999
3225.940529 2.4241036574
3236.381642 2.35360534986
3239.639547 9999
3249.810802 2.3742890358
3252.902223 9999
3263.116244 2.38395102819
3273.605522 2.38933428129
3283.94715 2.41761692365
3294.170622 2.40195059776
3304.734823 2.39499402046
3307.843152 9999
3310.928903 9999
3321.353964 2.42044798533
3331.574962 2.40095233917
3342.169559 2.40174174309
3352.408607 2.39097793897
3362.698354 2.41971937815
3373.357929 2.39270591736
3376.477677 9999
3386.614054 2.37881803513
3396.889001 2.40183703105
3400.234866 9999
3410.581883 2.42194636663
3413.664359 9999
3423.93982 2.42082500458
3434.247943 2.42553098996
3444.769989 2.40997306506
3455.066786 2.4064933459
3465.636004 2.47720241547
3476.223309 2.40321397781
3486.502857 2.39268636703
3496.820082 2.41471195221
3507.336549 2.38509933154
3510.461247 9999
3520.692908 2.38720099131
3523.790232 9999
3526.84644 9999.0
3537.380437 2.39359672864
3547.503479 2.37734540304
3557.911629 2.4545879364
3568.584198 2.4383187294
3578.874848 2.39413062731
3589.117623 2.38273970286
3599.760937 2.41095590591
3610.062695 2.42042199771
3613.211047 9999
3623.424217 2.38818828265
3634.195269 2.44915231069
3637.250257 9999
3640.321134 9999
3650.495096 2.39544709524
3660.771282 2.39767670631
3666.520817 9999
3676.691936 2.38760439555
3687.096861 2.45428061485
3697.420479 2.4220298926
3707.944018 2.39468868574
3718.201391 2.41716233889
3728.423986 2.40395863851
3731.814505 9999
3742.323011 2.42175102234
3752.556378 2.42170802752
3755.612945 9999
3765.898993 2.40377004941
3769.267828 9999
3774.692499 9999
3784.928304 2.38993461927
3788.040027 9999
3798.236477 2.40128000577
3808.844314 2.39539670944
3819.151185 2.39902091026
3829.374519 2.41601506869
3839.931091 2.39015205701
3850.204943 2.39637668928
3860.466693 2.41247137388
3863.846129 9999
3869.308151 9999
3879.591264 2.40538700422
3889.91376 2.41094366709
3892.9271 9999.0
3896.364659 9999
3906.711037 2.43195136388
3917.064721 2.42314394315
3927.371412 2.41563932101
3937.931321 2.38471770287
3948.286382 2.38065369924
3958.863119 2.49983501434
3969.636283 2.46102333069
3975.057579 9999
3985.327355 2.39079467456
3995.733873 2.42393668493
4006.417053 2.41515278816
4016.712218 2.41914478938
4026.988755 2.38848209381
4037.612079 2.39047265053
4048.101914 2.47280303637
4058.409501 2.3937403361
4069.132792 2.4225379626
4079.384269 2.41016340256
4089.799343 2.42242797216
4093.238603 9999
4103.558721 2.41155560811
4113.806348 2.38655598958
4124.069343 2.42134936651
4127.512197 9999
4137.864429 2.42677005132
4148.134799 2.42062735558
4158.375702 2.40214705467
4169.081831 2.41919636726
4179.255454 2.3801249663
4189.595563 2.41040531794
4200.219708 2.39543732007
4210.558833 2.39584533374
4220.832262 2.40224202474
4231.422823 2.41730133692
4241.681124 2.40779566765
4251.939221 2.39193995794
4262.593807 2.40664728483
4272.902647 2.38901893298
4283.178771 2.42335534096
4293.797917 2.39403899511
4304.146211 2.42088270187
4314.41747 2.39190689723
4317.846235 9999
4320.97687 9999
4331.205636 2.40279428164
4341.496102 2.39622505506
4344.570809 9999.0
4355.101083 2.40318568548
4365.647806 2.45198233922
4375.952576 2.3936744531
4386.543046 2.36330596606
4396.783097 2.40054265658
4407.074845 2.39141241709
4417.718413 2.38183665276
4428.169914 2.45896029472
4438.460829 2.41351366043
4449.2854 2.47972504298
4459.441508 2.36349542936
4469.663936 2.40888865789
4480.321382 2.40161331495
4490.514956 2.39887301127
4500.800664 2.4305126667
4504.089635 9999
4509.57638 9999
4512.683068 9999
4522.981311 2.42908732096
4533.305638 2.41722639402
4543.870795 2.41360680262
4554.187564 2.40332905451
4557.235562 9999
4567.414659 2.41078503927
4577.968357 2.40323066711
4588.243326 2.39694492022
4598.449274 2.39235424995
4604.124575 9999
4614.345051 2.40838368734
4624.632907 2.41413211823
4627.716213 9999
4637.928053 2.40291206042
4648.598452 2.3945526282
4651.692087 9999
4654.729926 9999
4657.772701 9999
4668.044543 2.40588712692
4678.569749 2.38543693225
4681.556488 9999
4691.844353 2.42088762919
4702.118287 2.401927948
4705.559425 9999
4715.860942 2.40366458893
4718.923715 9999
4729.253662 2.40410161018
4732.214994 9999.0
4735.521055 9999
4738.616156 9999
4748.936797 2.41095558802
4752.035934 9999
4762.324834 2.42942333221
4773.002033 2.43090836207
4783.288462 2.39724262555
4793.630458 2.41302458445
4804.235039 2.39487679799
4814.491858 2.40400528908
4824.735587 2.40300567945
4835.372156 2.40376806259
4845.679785 2.42492500941
4848.722463 9999
4859.277273 2.48058430354
4862.699029 9999
4872.930724 2.39678764343
4883.171806 2.36413439115
4893.360836 2.38757363955
4903.975011 2.3822423617
4907.000555 9999
4910.060457 9999
4920.371277 2.41825731595
4930.602799 2.3821922938
4941.174273 2.38285009066
4951.463132 2.37683971723
4961.707132 2.40057841937
4972.679863 2.54003071785
4982.853531 2.39955687523
4988.233286 9999
4993.673358 9999.0
5004.42448 2.43912498156
5014.690868 2.4130979379
5024.898566 2.38749869665
5035.580165 2.41103903453
5045.911807 2.41264136632
5056.113529 2.40274691582
5066.693219 2.38847812017
5077.235664 2.47964636485
5087.525247 2.40739599864
5098.168476 2.41545629501
5108.541039 2.40760604541
5114.014744 9999
5124.231188 2.39948232969
5134.877786 2.42249997457
5145.294797 2.43555196126
5148.412614 9999
5151.533645 9999
5162.061267 2.46889805794
5165.569613 9999
5175.964006 2.41936604182
5186.358133 2.43113740285
5196.742221 2.4181933403
5202.481311 9999
5212.823683 2.4286096096
5223.20371 2.41427914302
5228.65171 9999.0
5239.289336 2.39744567871
5249.696216 2.43206588427
5259.943577 2.4093319575
5270.510512 2.41114330292
5280.817152 2.41074474653
5291.074684 2.40777405103
5301.698163 2.42742697398
5312.070392 2.41107169787
5322.314398 2.40033260981
5333.086412 2.43513035774
5338.48625 9999
5348.795811 2.42227300008
5359.186779 2.43375857671
5362.556659 9999
5365.607205 9999
5375.78029 2.39656535784
5378.824893 9999
5381.89179 9999
5392.37392 2.45087893804
5395.778463 9999
5406.034163 2.41078972816
5416.441344 2.45999868711
5426.761069 2.40491167704
5437.424622 2.40790470441
5440.608426 9999
5451.015835 2.41626493136
5461.36968 2.41834370295
5472.077437 2.42619673411
5482.385496 2.4140384992
5492.761653 2.4180068175
5503.347852 2.40820566813
5513.842085 2.46751594543
5516.954965 9999
5519.940169 9999
5530.290425 2.42219575246
5540.888676 2.39060735703
5551.145533 2.39824732145
5561.426193 2.39599204063
5572.109952 2.41653664907
5582.470594 2.42705670993
5592.730485 2.39491764704
5603.380463 2.40382448832
5606.456915 9999
5616.842564 2.45797499021
5627.223172 2.41383330027
5637.770928 2.3943429788
5647.978266 2.39641968409
5658.30494 2.40791034698
5668.927665 2.40463169416
5674.459566 9999
5684.707662 2.39049355189
5687.808589 9999
5690.90158 9999.0
5701.597234 2.42692001661
5707.018121 9999
5717.271765 2.39464100202
5720.338605 9999
5730.598213 2.3967610995
5741.258164 2.39015404383
5751.468879 2.37913870811
5761.802365 2.40963832537
5772.626577 2.44404443105
5782.983212 2.41331330935
5793.325904 2.42106199265
5803.996516 2.4027783076
5807.085825 9999
5817.423001 2.43629558881
5827.662972 2.41264232
5838.303234 2.38444805145
5841.361698 9999
5851.75069 2.44694431623
5861.952445 2.37368837992
5872.6526 2.40572532018
5883.138135 2.46372167269
5893.555249 2.42093110085
5904.201902 2.39925424258
5914.402975 2.387068669
5924.943281 2.48530300458
5928.577107 9999
5931.630644 9999
5941.971842 2.42371670405
5952.279541 2.39272967974
5955.280683 9999.0
5965.974814 2.41514603297
5976.31704 2.41382265091
5979.430538 9999
5989.720289 2.42240722974
5993.209933 9999
6003.503425 2.42299564679
6013.711863 2.40056935946
6016.805964 9999
6027.228036 2.44043127696
6037.784148 2.38093272845
6048.125115 2.4160109361
6058.358327 2.38566064835
6069.072894 2.41086832682
6079.273961 2.38487005234
6089.570343 2.41935340563
6100.294444 2.4080183506
6110.552372 2.39527169863
6120.856224 2.41512767474
6131.44685 2.38237142563
6141.9923 2.43364564578
6152.245577 2.41094700495
6162.951315 2.39967505137
6173.260223 2.41392366091
6183.531004 2.39982660611
6186.934376 9999
6192.324521 9999
6202.61091 2.42419274648
6212.923393 2.41460975011
6223.174328 2.36431606611
6233.892176 2.41687639554
6244.070976 2.39424475034
6254.377644 2.4072359403
6265.038581 2.3842719396
6268.068026 9999
6278.473727 2.44917098681
6288.683998 2.39612229665
6299.458191 2.43804097176
6302.541238 9999
6312.782371 2.41877937317
6323.176182 2.42427968979
6333.880492 2.4060142835
6344.152967 2.39294306437
6354.393514 2.3932557106
6365.068179 2.38121898969
6368.234118 9999
6378.39396 2.39571428299
6388.807654 2.43391863505
6399.565684 2.42552065849
6409.860348 2.40646600723
6420.137672 2.40297937393
6430.901968 2.41759626071
6441.251707 2.4160006841
6444.370319 9999
6454.718327 2.39161523183
6465.439389 2.42595338821
6475.871986 2.43846424421
6486.150464 2.40329941114
6496.923245 2.40217828751
6507.244611 2.42063538233
6517.584728 2.40693060557
6528.642817 2.44166882833
6531.747753 9999
6534.746597 9999
6545.086783 2.40138530731
6555.37549 2.39621893565
6566.016238 2.39729118347
6576.224906 2.39093502363
6586.528683 2.40240399043
6597.171115 2.37990744909
6607.428181 2.39385334651
6610.555154 9999
6620.931881 2.42987831434
6631.578225 2.39189267159
6641.967794 2.42480198542
6647.324884 9999
6657.529023 2.38404377302
6668.268358 2.39511378606
6678.491884 2.41565203667
6688.719902 2.40944568316
6699.439178 2.41835006078
6709.715487 2.41510931651
6719.956445 2.40826201439
6730.649193 2.42263237635
6740.999228 2.41290458043
6751.190064 2.37160738309
6756.982071 9999
6767.450921 2.46597806613
6777.84144 2.42832422256
6788.180098 2.43476430575
6798.922393 2.40769902865
6809.087453 2.39931694667
6819.587404 2.46203541756
6830.59347 2.44053753217
6840.866739 2.40100566546
6851.142821 2.38908990224
6861.778907 2.39594825109
6872.041464 2.39288036029
6882.310577 2.39777167638
6885.751358 9999
6888.847738 9999
6899.171093 2.42213638624
6902.202373 9999
6912.547225 2.42584236463
6923.236667 2.39393599828
6933.577534 2.42866428693
6943.866773 2.4024116993
6954.507318 2.38010239601
6964.798191 2.40423806508
6970.155079 9999
6980.391157 2.37689399719
6991.256641 2.3821879228
7001.472117 2.38363862038
7011.685693 2.37215367953
7022.286602 2.39002799988
7032.493047 2.38923001289
7042.750844 2.40041804314
7053.472717 2.36124865214
7058.853421 9999
7069.183189 2.40158979098
7079.505519 2.40150205294
7090.063983 2.37344797452
7100.369468 2.40792997678
7110.612826 2.3935426871
7121.118497 2.36430239677
7131.308586 2.39652824402
7141.84741 2.45983505249
7145.281054 9999
7155.59114 2.38505371412
7166.097065 2.46913464864
7176.380295 2.39994804064
7187.027409 2.39191031456
7197.23964 2.37955300013
7207.758512 2.4631430308
