4.610413 0.690142393112
9.212145 0.70694176356
13.598663 0.6828956604
18.100569 0.714311758677
22.507793 0.688869317373
26.890793 0.696101347605
30.079857 9999
33.447404 9999
37.900886 0.690231720606
42.333389 0.693578243256
45.508056 9999
50.005705 0.699768622716
54.508557 0.70022670428
59.028273 0.71417371432
63.447924 0.683001359304
68.183614 0.695009628932
72.687801 0.704220692317
77.156614 0.708484013875
80.379387 9999
84.863555 0.699856599172
89.33152 0.713911692301
93.834926 0.700943311056
98.454125 0.696228663127
102.924407 0.698324918747
107.444227 0.702735980352
111.963707 0.694060405095
116.486251 0.710873206457
120.970854 0.693607330322
125.492149 0.695142348607
128.84601 9999
133.446369 0.709468285243
137.947647 0.7004079024
142.38714 0.70050907135
146.887056 0.701999346415
151.306771 0.68660569191
155.794146 0.699973980586
160.461874 0.701558589935
164.915397 0.703364372253
168.153754 9999
172.637916 0.685002644857
177.124479 0.692366679509
181.659128 0.71843234698
186.1292 0.710687319438
190.766459 0.709972302119
195.271445 0.69904088974
199.738283 0.696674108505
204.241476 0.703329642614
208.744087 0.715890725454
211.950964 9999
216.433748 0.684192260106
221.035083 0.693660974503
225.555685 0.71120262146
228.779846 9999
233.259552 0.688264290492
237.814719 0.706279357274
242.199747 0.673047065735
246.686092 0.702401240667
251.355467 0.703152656555
255.875798 0.702196677526
260.378827 0.708770990372
264.864242 0.710381905238
269.317801 0.695784012477
273.803624 0.7000319163
278.28965 0.695345322291
282.959675 0.712174018224
287.412711 0.70152759552
291.902346 0.708402395248
296.386101 0.704554955165
300.78742 0.682893753052
305.275119 0.706461985906
309.746088 0.698440392812
314.414887 0.710549672445
318.920601 0.709778706233
323.403128 0.70855530103
327.905782 0.721137682597
332.409311 0.718415339788
336.811528 0.691341320674
341.299017 0.718292713165
346.018147 0.707768360774
350.523464 0.71676270167
354.941351 0.687242348989
358.151517 9999
362.614267 0.700380563736
367.099245 0.697732369105
371.501266 0.684254010518
376.155448 0.705722332001
380.591735 0.688046773275
385.09459 0.699448744456
389.614289 0.706698735555
394.050269 0.694384098053
398.520566 0.691943645477
402.956924 0.700291395187
407.594004 0.685141324997
412.099064 0.708500623703
416.565423 0.698442061742
421.084347 0.712323665619
425.621792 0.722011089325
430.091006 0.703088680903
434.563343 0.708803653717
439.23068 0.697109937668
443.718274 0.700020949046
448.168949 0.698704322179
452.555081 0.678686618805
456.958918 0.686282634735
461.444106 0.705195347468
465.930782 0.690507650375
470.634431 0.712524016698
475.069582 0.68737578392
479.573652 0.706324656804
484.010328 0.69681708018
488.512761 0.704943736394
492.96643 0.692522684733
497.402623 0.696135997772
500.758457 9999
503.958296 9999
508.409337 0.698972304662
512.878272 0.695151090622
517.437149 0.717066685359
521.868581 0.677575349808
526.337465 0.697220643361
530.874283 0.712290604909
535.477338 0.686933755875
540.013285 0.703849315643
544.482767 0.710518678029
548.885527 0.691336631775
552.074122 9999
556.524475 0.69436566035
560.994321 0.697921276093
564.42646 9999
568.931858 0.698851267497
573.435615 0.698333660762
577.929721 0.698059717814
582.408446 0.71139327685
586.84369 0.683825016022
591.347368 0.71413286527
596.084004 0.696036338806
600.62156 0.712138970693
605.056341 0.692148923874
609.495354 0.688702742259
613.945444 0.698732376099
618.36501 0.685352325439
622.867603 0.709268411001
627.589504 0.701297521591
632.094664 0.696736574173
636.594159 0.711357037226
641.096143 0.708347002665
645.568047 0.707166989644
650.08639 0.713174343109
654.623207 0.714495897293
659.258749 0.694422721863
663.678448 0.679842392604
668.098642 0.690206368764
671.291859 9999
675.769913 0.711141665777
680.223281 0.686645666758
684.662668 0.69341802597
689.378436 0.697792053223
693.88231 0.696705102921
698.37358 0.696998914083
702.85405 0.694848060608
706.02599 9999
710.510443 0.697463750839
713.664561 9999
718.181785 0.698565642039
722.883915 0.695717334747
727.421101 0.706411441167
731.824027 0.682936032613
736.276663 0.688307762146
740.779588 0.700186252594
745.21627 0.680660645167
749.719402 0.709169387817
754.405351 0.702045281728
758.827023 0.685065348943
763.294766 0.69305674235
766.50158 9999
771.0323 0.708992640177
775.469161 0.691895961761
779.98838 0.705489953359
784.693184 0.688725550969
789.115272 0.688615401586
793.631685 0.714339335759
798.1012 0.703594048818
802.537471 0.697114626567
806.940366 0.681019624074
811.426741 0.700182676315
814.816114 9999
819.382724 0.70339902242
823.968607 0.716624657313
828.521341 0.707054376602
833.090199 0.704327344894
836.280247 9999
840.762961 0.700773000717
845.266004 0.695698658625
849.985455 0.70100736618
854.504414 0.705149650574
859.040551 0.698314666748
863.578367 0.706341743469
868.063479 0.696579297384
872.566795 0.693023363749
877.036494 0.694577058156
881.79018 0.701429684957
886.243089 0.68998448054
890.696086 0.686334053675
893.917074 9999
898.55073 0.713381052017
903.087445 0.701802015305
907.590156 0.698350985845
912.376363 0.708107630412
916.829091 0.679942289988
921.281737 0.698386351267
925.785657 0.697849988937
930.288072 0.693116029104
934.723983 0.694331963857
937.966119 9999.0
942.746593 0.699530045191
947.249489 0.698455015818
951.755655 0.706073999405
954.924363 9999
958.160919 9999
961.412061 9999
965.979047 0.709059715271
970.564866 0.713195006053
975.335108 0.710409005483
979.855417 0.712517579397
983.094249 9999
987.626078 0.697412014008
992.128964 0.69805765152
996.699031 0.713075319926
1001.171758 0.685962756475
1005.872194 0.693955977758
1010.307369 0.684205929438
1013.548218 9999
1018.131382 0.720635970434
1022.632334 0.693699359894
1027.186283 0.697488307953
1031.638654 0.689505338669
1036.39173 0.691757361094
1040.978207 0.723106940587
1045.44814 0.701568365097
1049.884518 0.686252673467
1054.387345 0.697816689809
1058.873968 0.707113424937
1063.392931 0.702916065852
1068.162638 0.691895484924
1072.666854 0.700667619705
1077.168914 0.699052651723
1081.738124 0.71089776357
1086.293256 0.719676574071
1090.761002 0.695684989293
1095.231585 0.695993582408
1099.917981 0.709627310435
1103.124941 9999
1107.656238 0.698352972666
1112.12534 0.697021007538
1116.64486 0.698054393133
1121.166565 0.700671990712
1125.667976 0.69389907519
1130.337131 0.677634636561
1133.575849 9999
1138.127012 0.703558683395
1142.579482 0.689882914225
1147.081656 0.721191008886
1151.652135 0.720031340917
1156.154881 0.704941272736
1160.908124 0.698591709137
1165.410589 0.703737258911
1169.89703 0.705885569255
1174.369762 0.691930214564
1178.786676 0.689482053121
1183.322305 0.713508605957
1187.759187 0.689095576604
1192.479013 0.710618019104
1195.720287 9999
1200.184257 0.695147355398
1204.653772 0.697715441386
1209.106899 0.693717718124
1213.611368 0.718389034271
1218.096915 0.710875670115
1222.798385 0.693383137385
1227.318561 0.703689336777
1231.789974 0.694488604863
1236.224221 0.688007593155
1240.659975 0.688648700714
1245.113381 0.694025595983
1248.268679 9999.0
1253.068786 0.705384333928
1257.588176 0.707544962565
1262.024641 0.695935964584
1266.460595 0.696577310562
1270.931036 0.690040429433
1275.46746 0.711975018183
1279.970643 0.71409368515
1284.539716 0.674096743266
1289.025932 0.69792898496
1293.528457 0.710584243139
1298.01556 0.699204603831
1302.484823 0.698487043381
1306.970886 0.686985015869
1311.457232 0.710751930873
1316.177945 0.710162719091
1320.663069 0.697918653488
1323.88737 9999
1328.418479 0.698990980784
1332.890197 0.696788708369
1337.409359 0.716959635417
1341.843585 0.682765007019
1346.563613 0.70121272405
1350.983878 0.684787193934
1355.521221 0.710511366526
1360.006383 0.706435680389
1364.511796 0.697221676509
1369.029344 0.697986364365
1373.532651 0.710483630498
1378.2185 0.702794313431
1382.688804 0.689998070399
1387.190603 0.693039019903
1391.660374 0.70402765274
1396.1468 0.703406016032
1400.550545 0.686882893244
1405.069945 0.707070668538
1409.789014 0.693158070246
1414.291453 0.713027954102
1418.795133 0.714299996694
1423.264987 0.69847369194
1427.755453 0.702975034714
1430.975039 9999
1435.506604 0.704633394877
1438.944243 9999
1443.411592 0.695251623789
1447.84739 0.6938996315
1451.069973 9999
1455.536278 0.698252995809
1460.006911 0.702944437663
1464.558902 0.716643969218
1469.062309 0.70840438207
1473.7653 0.689199924469
1478.351694 0.697974999746
1482.887833 0.706087112427
1487.34118 0.696360031764
1491.793432 0.697069724401
1496.296429 0.702884276708
1500.749359 0.696649948756
1505.519039 0.708074649175
1510.072535 0.715889294942
1514.541896 0.692052364349
1519.045603 0.69123895963
1522.219802 9999
1526.649596 0.692224740982
1531.13646 0.703839143117
1534.591253 9999
1539.124594 0.708596229553
1543.710856 0.714288632075
1548.182845 0.702245314916
1552.650883 0.703758319219
1557.170419 0.703938563665
1561.623691 0.70295937856
1566.326687 0.692864020665
1570.845939 0.701369682948
1575.299443 0.693714618683
1579.768101 0.689386765162
1584.254679 0.709933996201
1588.70752 0.691842397054
1593.177471 0.705371379852
1597.964386 0.703689734141
1602.468362 0.709281285604
1607.003281 0.702174027761
1611.506542 0.704274018606
1615.942937 0.689910252889
1620.429467 0.712395032247
1624.951031 0.693618615468
1629.684521 0.702303886414
1634.189301 0.697715679804
1638.675093 0.71092693011
1643.127091 0.699633359909
1647.613923 0.706888278325
1652.083278 0.703226248423
1656.55275 0.704974015554
1661.239466 0.695853630702
1665.758505 0.715024630229
1670.194681 0.687313636144
1674.663783 0.688716967901
1679.117374 0.694076299667
1682.341906 9999
1686.85618 0.7148326238
1691.592637 0.690220355988
1696.012687 0.690699021022
1700.482191 0.698104302088
1705.0178 0.708698749542
1708.206862 9999
1712.740203 0.702828407288
1717.160003 0.683656692505
1721.929904 0.70531074206
1726.35137 0.687365690867
1730.885592 0.695983727773
1735.321635 0.689172029495
1739.774713 0.699937264125
1744.327672 0.719549020131
1748.782858 0.701195001602
1753.549634 0.709558963776
1758.037662 0.697282632192
1762.489607 0.695132017136
1766.992962 0.703480958939
1771.478266 0.697161038717
1775.935155 0.709602594376
1780.501239 0.717702945073
1785.271427 0.699357748032
1789.70714 0.689037402471
1792.897252 9999
1797.415877 0.704234282176
1801.933523 0.695055882136
1806.47052 0.695228656133
1810.937769 0.696674982707
1815.708206 0.703191598256
1818.896898 9999
1823.397073 0.700378656387
1827.816594 0.67697262764
1832.302751 0.706115325292
1836.806146 0.714701970418
1841.307619 0.703293641408
1844.83061 9999
1849.313556 0.69639134407
1853.833034 0.707567294439
1858.252193 0.691885312398
1862.723825 0.695644696554
1867.192779 0.70009303093
1871.71152 0.722623030345
1876.415443 0.692514022191
1880.884501 0.706587394079
1885.370553 0.695578416189
1888.677118 9999
1893.143191 0.706499656041
1897.579473 0.698522647222
1902.032539 0.687311649323
1906.801159 0.688722372055
1911.271647 0.690493186315
1915.840398 0.715729633967
1920.327686 0.700081904729
1924.796287 0.705643971761
1929.318092 0.700248479843
1933.786597 0.699797391891
1938.53926 0.699282964071
1942.941606 0.681913773219
1947.395009 0.687868674596
1951.865435 0.706281582514
1956.367976 0.700185457865
1959.556814 9999
1964.047252 0.690380652746
1968.843063 0.699431101481
1973.311756 0.695826053619
1977.847959 0.717319965363
1982.284363 0.688326676687
1985.474038 9999
1989.973752 0.698343992233
1994.47609 0.70348962148
1999.179449 0.690019289653
2003.650662 0.695003986359
2008.185694 0.709018707275
2012.738973 0.721372683843
2017.177736 0.690767049789
2021.662406 0.703290303548
2026.1475 0.714430888494
2030.850693 0.710979620616
2035.339865 0.708410978317
2039.840443 0.716166337331
2044.276489 0.694747686386
2048.728221 0.692694028219
2053.14864 0.689324696859
2057.601418 0.696552038193
2062.421901 0.713689009349
2066.941052 0.71471730868
2071.377671 0.6884876887
2075.863117 0.702464262644
2080.302402 0.696339686712
2084.788148 0.697815020879
2089.356079 0.718674262365
2094.075689 0.694765249888
2098.54519 0.709346691767
2103.031789 0.697839657466
2107.567472 0.720372279485
2112.070879 0.704488595327
2116.556974 0.695136944453
2121.043352 0.707584381104
2125.796132 0.689792315165
2130.266471 0.703544616699
2134.768963 0.706888993581
2139.188074 0.693474610647
2143.691582 0.699196974436
2148.061025 0.675403992335
2152.547273 0.697016716003
2157.367479 0.694813330968
2161.886978 0.700473944346
2166.409946 0.700973033905
2170.875905 0.686087290446
2175.34571 0.708856026332
2179.799073 0.696010986964
2184.301788 0.697426716487
2189.071875 0.704908370972
2193.509473 0.690237760544
2198.044149 0.687846581141
2202.565649 0.705104668935
2207.067066 0.698434750239
2211.603026 0.718519687653
2216.076563 0.706468582153
2220.746365 0.692652066549
2225.245468 0.708667993546
2229.765594 0.711072603861
2234.218766 0.703678369522
2237.42399 9999
2241.907493 0.694665988286
2246.342624 0.688232342402
2251.16279 0.707004706065
2255.665587 0.696291764577
2260.168934 0.69506072998
2264.655633 0.714650233587
2269.158148 0.696422656377
2273.611594 0.696985006332
2278.081068 0.700285593669
2282.867082 0.699342012405
2287.322082 0.688224713008
2290.475986 9999
2294.994894 0.702250560125
2299.544763 0.700079997381
2304.014504 0.690532048543
2308.487355 0.696119944255
2313.2201 0.695757945379
2316.426809 9999
2320.962716 0.716161727905
2325.447191 0.702279965083
2329.89876 0.687388022741
2334.351216 0.697657982508
2338.837556 0.698564291
2343.674548 0.71095196406
2348.210507 0.719160397847
2352.680486 0.708972930908
2357.166309 0.706709941228
2361.585957 0.694161256154
2366.00643 0.69873714447
2370.492964 0.700640678406
2375.265294 0.700443665187
2379.697498 0.688297748566
2384.154706 0.700906674067
2388.637757 0.702831665675
2393.089561 0.687220096588
2397.630161 0.719633976618
2402.063269 0.700292189916
2406.832121 0.707347551982
2411.368613 0.701136271159
2415.805685 0.693693955739
2418.981795 9999
2423.527083 0.705962260564
2428.046518 0.710417588552
2432.586585 0.707664569219
2437.336041 0.699667930603
2441.772032 0.682935714722
2446.295603 0.701088110606
2450.747851 0.693960666656
2455.214333 0.699112971624
2459.67135 0.710400978724
2464.221061 0.711503744125
2469.006903 0.703313032786
2473.46134 0.701104005178
2477.929434 0.700944979986
2482.383066 0.688672383626
2486.902028 0.704625368118
2491.373654 0.701380729675
2495.858472 0.676305214564
2500.610984 0.693171342214
2505.098141 0.687559922536
2509.634146 0.710961659749
2514.069739 0.696942090988
2518.55691 0.707557996114
2523.009849 0.697560628255
2527.479108 0.699248631795
2532.299793 0.710348367691
2536.718909 0.694130341212
2541.222562 0.706124305725
2545.691423 0.699477275213
2550.293911 0.721164464951
2553.50172 9999
2557.986371 0.696796655655
2562.756105 0.699298302333
2567.20654 0.70694510142
2571.725274 0.70064608256
2576.246609 0.702990690867
2580.714226 0.692581335704
2585.200504 0.703849713008
2589.723536 0.705358902613
2594.526215 0.707656939824
2597.68005 9999
2600.980905 9999
2605.430937 0.696731011073
2609.950659 0.710864941279
2614.35405 0.688631375631
2618.872506 0.707593282064
2623.409584 0.708078940709
2628.095151 0.698028405507
2632.615667 0.703965981801
2637.068806 0.691210110982
2641.62189 0.704531669617
2646.141924 0.704877694448
2650.676857 0.710654973984
2655.163743 0.698125998179
2659.983598 0.708397070567
2663.191051 9999
2667.70584 0.699477990468
2672.225364 0.707112789154
2676.778761 0.706831375758
2681.26657 0.694486776988
2685.684718 0.688893318176
2690.407461 0.680775006612
2694.890026 0.688755989075
2698.115797 9999
2702.648179 0.704713582993
2707.164756 0.71070488294
2711.651211 0.702747344971
2716.138281 0.699207305908
2720.941085 0.70961856842
2725.510445 0.726805686951
2729.996834 0.695883989334
2734.56652 0.711438655853
2739.069313 0.706063667933
2743.539164 0.700020313263
2747.977463 0.699460665385
2752.711099 0.696982304255
2757.214335 0.700377384822
2761.701364 0.703104337056
2766.186871 0.697750727336
2770.70694 0.70622531573
2775.160396 0.696551243464
2779.629704 0.691103696823
2784.465231 0.705492337545
2788.938935 0.699766397476
2793.456157 0.711991628011
2797.925355 0.703396002452
2802.411063 0.702394644419
2806.947788 0.702183643977
2811.367238 0.686382293701
2816.154133 0.714136679967
2820.623838 0.694646676381
2825.059396 0.692816972733
2828.300946 9999
2832.764148 0.698414882024
2837.284578 0.696684281031
2841.720301 0.697867075602
2846.474036 0.714449326197
2851.076692 0.726438919703
2855.563559 0.701296965281
2860.049668 0.705369710922
2864.535758 0.692543586095
2869.021246 0.69608259201
2873.524651 0.699611345927
2878.345379 0.698735078176
2882.764766 0.692898273468
2887.17106 0.684375047684
2891.687786 0.719947973887
2896.159665 0.706640958786
2900.642783 0.704694906871
2905.079495 0.69326933225
2909.898508 0.701621294022
2914.322464 0.694419940313
2918.790582 0.699878056844
2923.340906 0.70888654391
2927.747094 0.694670915604
2932.247658 0.692122936249
2936.749898 0.701934973399
2941.439614 0.676025231679
2945.923344 0.697017987569
2950.492513 0.707461357117
2954.944885 0.694964965185
2959.381934 0.691460291545
2963.884699 0.696885744731
2968.337092 0.702743927638
2973.123843 0.691443363825
2977.593969 0.700823307037
2982.063643 0.709204991659
2986.583503 0.710958719254
2991.069739 0.711216370265
2995.539147 0.704949061076
3000.008661 0.685977935791
3004.795265 0.691693067551
3009.264844 0.687101284663
3013.800481 0.698378245036
3018.253698 0.695576111476
3022.756506 0.699562311172
3025.966014 9999
3030.445704 0.700251340866
3035.297858 0.692232370377
3039.752032 0.706935326258
3044.238341 0.702712694804
3048.72397 0.715646028519
3053.261103 0.7200867335
3057.763232 0.714201688766
3062.199967 0.6956290404
3067.00274 0.687800327937
3070.24601 9999
3074.741901 0.702283064524
3079.247404 0.705845038096
3083.780618 0.709137042363
3086.973902 9999
3091.485697 0.702779610952
3095.974531 0.707930962245
3099.393769 9999
3103.894798 0.695024728775
3108.38287 0.708022117615
3112.883232 0.70344265302
3117.436419 0.716956218084
3121.939457 0.712842782338
3126.375654 0.690263748169
3131.198155 0.699059963226
3135.732326 0.70715769132
3140.169183 0.6900425752
3144.621891 0.686668316523
3149.040817 0.684797525406
3152.231609 9999
3156.778485 0.698261817296
3161.566306 0.701988379161
3166.102452 0.699985345205
3170.538015 0.692872047424
3175.040628 0.710817019145
3179.527256 0.6998407046
3183.979594 0.699865341187
3188.516562 0.709202051163
3193.403392 0.710067987442
3197.822899 0.683497190475
3202.359516 0.710296312968
3206.861987 0.712042888006
3211.333251 0.700103680293
3215.852308 0.70972665151
3220.288086 0.685194253922
3225.140566 0.71745467186
3229.627716 0.710950930913
3234.064021 0.691993077596
3238.500313 0.694513400396
3241.677612 9999
3246.121247 0.68826230367
3250.574694 0.68826063474
3255.394873 0.686283032099
3259.864167 0.684336980184
3264.350953 0.710744301478
3268.903472 0.726058959961
3273.43906 0.699025710424
3277.909507 0.693604787191
3281.097969 9999.0
3285.797571 0.692320982615
3290.31942 0.707369645437
3294.837524 0.699383894602
3299.323162 0.700645049413
3303.843265 0.709153016408
3308.279417 0.680920441945
3312.734852 0.691955327988
3316.356172 9999
3320.937574 0.709699392319
3325.391364 0.687992413839
3329.943589 0.698983987172
3334.380139 0.695936918259
3338.832385 0.694343566895
3343.302283 0.689793984095
3348.188608 0.702531973521
3351.42809 9999
3355.960855 0.700437704722
3359.082295 9999
3363.532375 0.692045052846
3368.068821 0.710062026978
3372.539826 0.693862358729
3377.007414 0.695731004079
3381.911927 0.717126607895
3386.38148 0.701751629512
3390.867795 0.699502944946
3395.370728 0.714207728704
3399.855958 0.697805960973
3404.259841 0.691158692042
3408.798724 0.705097357432
3413.632804 0.700045108795
3418.168591 0.713400602341
3422.655276 0.696908315023
3427.124446 0.698875983556
3431.595051 0.708752632141
3436.080239 0.698488632838
3439.32213 9999.0
3444.170053 0.701093753179
3447.391926 9999
3451.878188 0.702328999837
3456.377219 0.703837315241
3460.896829 0.704183022181
3465.403015 0.700533946355
3469.836183 0.692534367243
3474.67246 0.698515256246
3479.17864 0.711691300074
3483.678697 0.700759649277
3488.166007 0.695660034815
3492.685218 0.718195358912
3497.155066 0.711731990178
3501.690826 0.709032615026
3505.114412 9999
3509.646612 0.707829316457
3514.065166 0.688386360804
3518.518813 0.700691302617
3522.987554 0.695640722911
3527.474689 0.709030310313
3531.943962 0.701747258504
3536.614337 0.702605644862
3541.066913 0.693138043086
3545.535908 0.704903761546
3550.022675 0.705875317256
3554.509477 0.698305686315
3558.995259 0.698036909103
3563.431978 0.696754693985
3568.351517 0.714391628901
3572.837576 0.702862739563
3577.306972 0.701298634211
3581.813381 0.706889708837
3586.27939 0.704945643743
3590.766321 0.699479262034
3595.23603 0.700007597605
3599.956562 0.701386292775
3604.5625 0.713835000992
