12.479809 9999
24.952871 9999
37.362916 9999.0
49.86934 9999
62.243737 9999
74.75181 9999.0
87.24333 9999
99.787356 9999
112.226475 9999.0
124.669802 9999
137.043383 9999
149.451434 9999.0
161.947574 9999
174.468208 9999
186.909547 9999.0
199.301462 9999
211.944186 9999
224.402479 9999.0
237.043319 9999
249.233821 9999
261.809725 9999.0
274.249801 9999
286.510628 9999
299.050017 9999.0
311.57549 9999
323.783091 9999
335.958718 9999.0
348.38462 9999
360.774727 9999
372.949604 9999.0
385.425534 9999
397.749163 9999
410.309407 9999.0
422.718138 9999
435.590106 9999
448.082448 9999.0
460.558056 9999
473.000625 9999
485.50692 9999.0
498.09837 9999
510.491639 9999
522.784599 9999.0
535.323915 9999
547.682955 9999
559.73996 9999.0
572.115471 9999
584.189426 9999
596.54704 9999.0
608.755587 9999
620.997357 9999
633.305904 9999.0
645.780508 9999
658.022834 9999
670.447736 9999.0
682.774813 9999
695.2829 9999
707.73695 9999.0
719.979285 9999
732.421144 9999
744.329004 9999.0
756.620292 9999
768.828213 9999
781.11976 9999.0
793.561139 9999
806.005332 9999
818.125895 9999.0
830.384909 9999
842.910491 9999
854.950803 9999.0
867.446456 9999
879.717434 9999
892.176019 9999.0
904.535797 9999
916.525831 9999
928.704679 9999.0
941.341928 9999
953.865581 9999
965.95958 9999.0
978.399512 9999
990.574385 9999
1003.136165 9999.0
1015.19026 9999
1027.316042 9999
1039.82441 9999.0
1052.148629 9999
1064.423057 9999
1076.732249 9999.0
1089.324466 9999
1101.731463 9999
1114.323199 9999.0
1126.931465 9999
1139.823218 9999
1152.116175 9999.0
1164.672035 9999
1176.664592 9999
1189.041068 9999.0
1201.69768 9999
1213.824397 9999
1226.198021 9999.0
1238.673065 9999
1250.78023 9999
1263.055909 9999.0
1275.32983 9999
1287.473956 9999
1299.828888 9999.0
1312.505058 9999
1325.078919 9999
1337.155411 9999.0
1349.463121 9999
1361.770533 9999
1374.480625 9999.0
1386.702818 9999
1399.196559 9999
1411.305543 9999.0
1423.728645 9999
1435.935769 9999
1448.230159 9999.0
1460.920108 9999
1472.97753 9999
1485.289439 9999.0
1497.877197 9999
1509.902335 9999
1522.511956 9999.0
1534.73557 9999
1546.959453 9999
1559.170204 9999.0
1571.459408 9999
1584.002468 9999
1596.060489 9999.0
1608.733584 9999
1621.175014 9999
1633.233113 9999.0
1646.06043 9999
1658.216888 9999
1670.641293 9999.0
1683.099254 9999
1695.307832 9999
1707.801086 9999.0
1720.140161 9999
1732.483271 9999
1744.906453 9999.0
1757.131751 9999
1769.727282 9999
1782.085382 9999.0
1794.308911 9999
1806.447424 9999
1818.821946 9999.0
1831.165533 9999
1843.687978 9999
1855.714903 9999.0
1867.989668 9999
1880.163293 9999
1892.656009 9999.0
1905.262276 9999
1917.405548 9999
1929.662004 9999.0
1942.056513 9999
1954.164195 9999
1966.606442 9999.0
1979.31188 9999
1991.736723 9999
2004.061874 9999.0
2016.637525 9999
2028.793493 9999
2040.989721 9999.0
2053.280093 9999
2065.351922 9999
2077.682064 9999.0
2090.202572 9999
2102.493042 9999
2115.000939 9999.0
2127.694297 9999
2139.669385 9999
2152.143066 9999.0
2164.768129 9999
2177.093599 9999
2189.31739 9999.0
2201.961353 9999
2213.985635 9999
2226.39209 9999.0
2238.967147 9999
2251.461491 9999
2263.784455 9999.0
2276.408384 9999
2288.583176 9999
2300.92544 9999.0
2313.299273 9999
2325.775823 9999
2338.215205 9999.0
2350.474481 9999
2362.966089 9999
2375.507487 9999.0
2388.133319 9999
2400.109011 9999
2412.63271 9999.0
2425.260878 9999
2437.699865 9999
2449.927072 9999.0
2462.515411 9999
2474.539392 9999
2486.898543 9999.0
2499.308209 9999
2511.749538 9999
2523.806962 9999.0
2536.53013 9999
2549.038077 9999
2561.196962 9999.0
2573.689548 9999
2586.096672 9999
2598.573299 9999.0
2610.879505 9999
2622.988207 9999
2635.165775 9999.0
2647.669658 9999
2660.164525 9999
2672.504747 9999.0
2684.661842 9999
2697.054635 9999
2709.211986 9999.0
2721.721621 9999
2733.865278 9999
2746.087162 9999.0
2758.661444 9999
2771.085491 9999
2783.244448 9999.0
2795.852804 9999
2808.360979 9999
2820.753843 9999.0
2833.143662 9999
2845.585439 9999
2857.976755 9999.0
2870.334581 9999
2882.443981 9999
2894.699848 9999.0
2907.06015 9999
2919.384027 9999
2931.791375 9999.0
2944.488266 9999
2956.708878 9999
2969.200271 9999.0
2981.509308 9999
2993.800279 9999
3006.245591 9999.0
3018.917759 9999
3031.391367 9999
3043.535453 9999.0
3055.924445 9999
3068.466922 9999
3080.824002 9999.0
3093.233288 9999
3105.575782 9999
3118.10142 9999.0
3130.275253 9999
3142.682274 9999
3155.224202 9999.0
3167.964761 9999
3180.273561 9999
3192.515367 9999.0
3205.189956 9999
3217.631591 9999
3230.056116 9999.0
3242.580158 9999
3254.62374 9999
3266.781031 9999.0
3279.07211 9999
3291.533266 9999
3303.655148 9999.0
3316.368187 9999
3328.421023 9999
3340.512457 9999.0
3353.071034 9999
3365.162849 9999
3377.405257 9999.0
3390.078837 9999
3402.372221 9999
3414.662118 9999.0
3426.95327 9999
3439.295558 9999
3451.835876 9999.0
3464.445536 9999
3476.569176 9999
3488.626523 9999.0
3501.253371 9999
3513.677071 9999
3526.069755 9999.0
3538.694257 9999
3550.703545 9999
3563.161431 9999.0
3575.634417 9999
3587.726013 9999
3600.10075 9999.0
