5.333541 0.966016610463
8.672533 9999
13.872487 0.959190289179
19.043033 0.961043993632
24.213753 0.966432650884
27.586465 9999
32.704481 0.952265977859
36.195108 9999
41.360387 0.953187306722
44.717038 9999
49.867041 0.960354089737
53.240946 9999
56.67958 9999
61.845057 0.957523584366
67.128885 0.98334034284
72.400206 0.965831041336
75.810381 9999
80.959791 0.962502082189
86.094734 0.953557650248
91.347192 0.977181593577
96.537971 0.965313752492
101.789356 0.967592318853
105.295456 9999
110.494994 0.973002592723
113.884663 9999
119.07383 0.969412644704
124.222109 0.957903305689
129.392922 0.963010470072
134.580074 0.966870069504
139.900543 0.953813632329
143.275313 9999
146.644888 9999
151.809602 0.954655567805
156.96327 0.953467607498
162.26801 0.979594071706
167.457822 0.966416358948
172.809944 0.974546273549
176.184627 9999
181.401527 0.977474292119
186.56914 0.960733334223
191.739695 0.964419205983
196.91018 0.957002321879
202.064399 0.954479694366
207.385046 0.963657697042
212.63942 0.97051246961
217.791803 0.954611698786
222.980208 0.970753590266
228.232964 0.982145309448
233.403717 0.963725646337
238.741401 0.97070757548
242.132869 9999
247.317545 0.960823376973
252.46805 0.952290932337
257.639395 0.968150615692
262.859627 0.975328763326
267.996332 0.95344599088
273.353703 0.963629643122
278.554403 0.959829966227
283.741925 0.960298061371
288.879637 0.957114696503
294.048981 0.952873945236
299.219934 0.965743700663
302.747623 9999
307.929005 0.960470438004
311.315659 9999
316.465363 0.951618353526
321.653488 0.970756292343
326.906308 0.97731812795
332.097331 0.958922386169
337.480942 0.957184235255
342.638638 0.955022970835
346.04361 9999
351.225437 0.955277999242
356.42907 0.957824627558
359.819143 9999
365.001686 0.961241006851
370.355556 0.960991303126
375.542615 0.953810691833
380.783658 0.980289061864
385.933725 0.952701012293
389.330286 9999
394.577274 0.973038037618
399.760953 0.960541963577
403.351086 9999
408.567547 0.962522586187
411.939524 9999
417.15861 0.967142343521
422.364849 0.971801360448
427.583182 0.967036962509
432.76974 0.963476657867
436.392139 9999
441.610583 0.954841375351
446.795721 0.957988977432
451.986355 0.958784023921
455.359546 9999
460.522941 0.948997338613
463.963035 9999.0
469.328944 0.956633965174
474.534141 0.96343310674
479.736792 0.959732691447
484.95787 0.96794295311
488.379944 9999
493.564288 0.959460099538
498.800943 0.976214806239
502.407046 9999
507.60819 0.961213032405
510.963041 9999
514.384219 9999
519.5867 0.968023061752
524.787037 0.964379390081
530.008081 0.964519262314
535.498098 0.986628293991
540.702784 0.961659987768
545.936572 0.97083346049
549.363416 9999
552.731305 9999
557.979593 0.978959004084
561.36763 9999.0
566.755778 0.967489004135
571.972436 0.96609266599
577.230563 0.983669996262
582.463708 0.967752456665
587.720388 0.976618131002
592.941074 0.967818975449
598.342905 0.963593641917
603.512706 0.948823928833
608.665977 0.953158696493
613.870797 0.965139389038
619.077964 0.955702781677
624.311271 0.975962241491
629.698569 0.962376991908
634.886058 0.961793661118
640.090308 0.956103404363
645.326772 0.969776233037
650.581316 0.976422071457
655.804403 0.971098661423
661.188755 0.965357700984
666.409287 0.958176374435
671.613087 0.958250681559
676.837119 0.968535343806
682.055594 0.96496240298
687.224536 0.956363042196
692.612145 0.968139410019
697.799466 0.956922372182
703.036543 0.968699216843
708.260199 0.977930704753
713.446853 0.958678325017
718.632818 0.95991007487
722.224088 9999
727.404436 0.960198084513
732.561234 0.952101707458
737.815565 0.978241682053
742.983569 0.957733949025
748.20355 0.969629367193
753.440423 0.97066227595
758.84513 0.966742436091
764.015095 0.953545570374
769.269205 0.980591932933
772.65985 9999
777.859598 0.960566759109
783.098045 0.975427707036
788.28378 0.962831656138
793.70388 0.963025331497
798.942432 0.97335600853
804.162274 0.961877743403
809.365806 0.963018019994
814.569411 0.962588389715
819.7909 0.975070953369
825.227344 0.976240634918
830.482611 0.978365103404
835.669182 0.95797808965
840.840066 0.954063018163
846.059603 0.961549599965
851.2304 0.961008469264
856.684507 0.969472249349
861.871496 0.959673007329
867.076235 0.957935333252
872.329492 0.972524007161
875.752637 9999
881.036069 0.994074344635
886.209947 0.961207310359
891.610739 0.966280937195
896.814602 0.96350534757
902.001239 0.960814237595
907.171985 0.951643625895
912.376035 0.96132405599
917.546455 0.962337414424
922.951155 0.955105861028
928.171488 0.964118639628
933.391824 0.965961138407
938.579126 0.958475351334
941.973258 9999
947.119076 0.950393676758
952.371779 0.977242390315
955.996021 9999
961.179162 0.959588607152
966.349001 0.958605368932
971.55411 0.959369341532
976.739981 0.956485033035
981.96318 0.97185198466
987.214898 0.973473628362
992.652115 0.957660039266
997.842619 0.955375671387
1003.059828 0.96870191892
1008.317631 0.988019227982
1013.484787 0.954655329386
1018.672232 0.95706431071
1024.075596 0.959433317184
1029.249603 0.96094195048
1034.451439 0.951430002848
1039.670569 0.96878528595
1044.858379 0.96163892746
1050.065428 0.971351067225
1055.482306 0.961463689804
1060.669908 0.96040169398
1065.892146 0.966731707255
1071.077904 0.958430290222
1074.454886 9999
1079.634629 0.955942710241
1084.808285 0.95680697759
1088.427029 9999
1093.644416 0.96489961942
1098.848446 0.961743275325
1104.10242 0.974607308706
1109.255791 0.958301703135
1114.443481 0.964289347331
1119.663566 0.968524297078
1125.084086 0.958158334096
1130.274953 0.96027358373
1135.479339 0.960725307465
1140.62952 0.948949654897
1145.884546 0.974039634069
1151.103908 0.970881700516
1156.542075 0.964377641678
1161.744976 0.959585030874
1166.966164 0.972973028819
1172.135997 0.952250401179
1177.407131 0.977567354838
1182.643827 0.983139276505
1188.099787 0.962835629781
1193.322871 0.971604029338
1196.759716 9999
1201.941257 0.961639960607
1207.212792 0.987482627233
1212.433306 0.973542690277
1217.620189 0.961355368296
1223.044646 0.960608005524
1226.431828 9999
1231.646983 0.969160954158
1236.88397 0.968776623408
1242.056921 0.959836085637
1247.259234 0.953102747599
1252.496225 0.968483686447
1257.93292 0.964552323023
1263.154478 0.966616630554
1268.391876 0.967414617538
1273.596844 0.963496446609
1278.81913 0.967956622442
1283.986 0.957826375961
1289.390164 0.955450693766
1294.56099 0.955547889074
1299.798908 0.960600058238
1305.035575 0.963055610657
1308.443791 9999
1313.625831 0.95809729894
1318.862868 0.971210638682
1324.300229 0.953507979711
1329.523933 0.967024723689
1334.724486 0.95941901207
1339.911625 0.962474346161
1345.19856 0.972110033035
1350.385302 0.957256396612
1354.0092 9999
1359.212474 0.962596972783
1364.466298 0.976408640544
1369.686699 0.95732998848
1374.874569 0.958473443985
1378.295196 9999
1383.543529 0.979337374369
1388.982789 0.963193496068
1394.188725 0.960338274638
1399.406093 0.96987024943
1402.827722 9999
1408.06547 0.972117741903
1413.299946 0.967544555664
1418.503611 0.957627932231
1423.94382 0.975093603134
1429.177746 0.971659660339
1434.348325 0.958064715068
1439.555121 0.961524883906
1444.739715 0.96468091011
1449.959943 0.970219612122
1455.347333 0.967391093572
1460.534542 0.953012069066
1465.708416 0.957601626714
1471.011264 0.987566630046
1476.229908 0.967976331711
1481.483533 0.973631779353
1486.9221 0.955501000086
1492.111757 0.953839619954
1497.311548 0.965334971746
1502.515987 0.961109002431
1507.703186 0.958173672358
1513.007777 0.989099740982
1518.444316 0.965804576874
1523.64819 0.96115899086
1528.80219 0.955643018087
1532.226786 9999
1537.442595 0.96790822347
1540.847216 9999
1546.032204 0.958501259486
1551.435968 0.967286904653
1556.674246 0.968890269597
1561.893141 0.965502341588
1567.06446 0.951022386551
1572.334763 0.97859009107
1577.622851 0.975198109945
1583.111844 0.981590032578
1588.297166 0.955933650335
1593.467402 0.953951040904
1598.705009 0.96666542689
1603.925575 0.973263025284
1607.38268 9999
1612.581945 0.961942036947
1618.002297 0.970958868663
1623.273371 0.970834334691
1628.492772 0.968250115712
1633.713555 0.966757615407
1638.968243 0.971866289775
1644.172123 0.955894311269
1649.642922 0.963163296382
1654.879892 0.960592667262
1660.103849 0.961970329285
1665.357995 0.982529719671
1670.578187 0.963160355886
1675.796355 0.962430238724
1681.185758 0.960981369019
1686.439431 0.971914291382
1691.641087 0.961161136627
1696.847412 0.962930679321
1702.082677 0.972852945328
1707.285395 0.964079380035
1712.673081 0.959618091583
1717.94315 0.978636980057
1721.334856 9999
1726.60049 0.973459323247
1731.804048 0.962658961614
1737.02424 0.969782670339
1742.231415 0.95757929484
1747.717185 0.97265791893
1752.987267 0.974411010742
1758.19066 0.965701738993
1763.444201 0.972506999969
1766.833186 9999
1772.084126 0.969440062841
1777.287762 0.953947385152
1780.964245 9999
1786.177766 0.962186654409
1791.380852 0.957559585571
1796.675109 0.987376213074
1801.873537 0.959181229273
1807.060118 0.964462916056
1812.333709 0.976356347402
1817.751537 0.957705656687
1822.988371 0.96270831426
1828.245122 0.971242348353
1833.429535 0.956482648849
1838.684162 0.972188949585
1843.887722 0.963127374649
1849.358706 0.97456630071
1854.548957 0.956235011419
1859.78198 0.968037048976
1865.086246 0.964488267899
1870.309323 0.969024260839
1875.547998 0.966475963593
1881.048458 0.976881186167
1884.472809 9999
1889.671952 0.959713617961
1894.908921 0.96866496404
1900.115722 0.958895365397
1905.383569 0.987707058589
1910.621116 0.967239936193
1916.00831 0.950328350067
1921.281786 0.972532987595
1926.502241 0.966360330582
1931.685926 0.94856707255
1936.890105 0.957300424576
1942.094073 0.95499030749
1947.597888 0.959746996562
1952.835775 0.961355765661
1958.056004 0.962042967478
1963.310008 0.970578988393
1968.496755 0.959053357442
1971.932138 9999
1977.153513 0.961145242055
1982.691325 0.967117706935
1987.945224 0.958634535472
1993.16547 0.964844226837
1998.403135 0.970839103063
2003.609482 0.964127937953
2008.844451 0.968567053477
2014.348037 0.968278408051
2019.601703 0.973361333211
2024.773008 0.953095118205
2029.959258 0.954369306564
2035.163751 0.963370641073
2040.371082 0.960022370021
2045.872149 0.969965298971
2051.108248 0.955857674281
2056.396004 0.980113903681
2061.634603 0.96767560641
2066.820719 0.956412315369
2072.090979 0.97382068634
2077.594998 0.972108602524
2082.85234 0.965399344762
2088.036816 0.961223284403
2093.241872 0.96186542511
2098.528387 0.974132299423
2103.748553 0.964163223902
2109.236599 0.949731032054
2114.574738 0.987607717514
2119.760489 0.953861395518
2124.998183 0.972549041112
2130.201352 0.963971932729
2135.405339 0.956318616867
2140.876299 0.956298033396
2146.09634 0.958890040716
2151.30001 0.964437961578
2156.574625 0.975423336029
2161.792372 0.967382351557
2167.049955 0.973508278529
2172.582847 0.971144596736
2177.820265 0.969525973002
2183.06048 0.97140065829
2188.281754 0.962953329086
2193.482276 0.961185693741
2198.702288 0.967592954636
2204.19348 0.96252767245
2209.447093 0.972658713659
2214.64785 0.965589284897
2219.837898 0.954836686452
2225.05563 0.96275862058
2230.262276 0.955410957336
2235.799798 0.970472971598
2241.050657 0.972441673279
2246.288253 0.967885653178
2251.558522 0.972529649734
2256.74513 0.952350616455
2261.967065 0.962648630142
2267.503836 0.963170528412
2272.757776 0.963940699895
2277.979286 0.964901049932
2283.218561 0.963610569636
2288.405891 0.961241881053
2293.656424 0.962757746379
2299.194463 0.973693688711
2304.450639 0.96955927213
2309.65207 0.966581662496
2314.939739 0.981048266093
2320.143124 0.954743067424
2323.58371 9999
2328.783382 0.955216010412
2334.286566 0.961347659429
2339.507289 0.96072824796
2344.713879 0.96235704422
2349.899591 0.954319636027
2355.169487 0.974191347758
2360.406918 0.968509276708
2365.943565 0.978121360143
2369.367253 9999
2374.569671 0.962342977524
2379.755179 0.953126271566
2384.94081 0.948923269908
2390.144928 0.964556058248
2395.35267 0.962343374888
2400.752949 0.957638978958
2405.940745 0.955672979355
2411.147101 0.960875908534
2416.367005 0.96623301506
2421.519104 0.951024373372
2426.722306 0.96214667956
2432.192664 0.96110534668
2437.414016 0.958337704341
2442.601578 0.955529371897
2447.875203 0.984994014104
2453.092662 0.964105685552
2458.347289 0.973982334137
2463.886834 0.979588747025
2469.137473 0.977209250132
2474.341534 0.965222756068
2479.57897 0.962965329488
2484.73225 0.954122940699
2489.935804 0.965605974197
2495.359991 0.970975001653
2500.544298 0.956902662913
2505.74822 0.967001597087
2510.985039 0.962402025859
2516.223083 0.976291974386
2521.476763 0.963940382004
2527.035007 0.985649347305
2532.251107 0.962208668391
2537.521661 0.977225939433
2542.725259 0.960320631663
2547.946147 0.970619042714
2553.20324 0.967634042104
2558.687713 0.963119029999
2563.941527 0.971551259359
2569.162119 0.960212945938
2574.419515 0.976928710938
2579.604026 0.960084994634
2584.810684 0.959933360418
2590.311568 0.965542713801
2595.532244 0.959842681885
2600.702893 0.953119913737
2605.922818 0.961580435435
2611.127468 0.961451292038
2616.348144 0.963538964589
2621.821568 0.967607657115
2627.024825 0.956240256627
2632.209355 0.956670602163
2637.41413 0.95676167806
2642.6341 0.963562647502
2647.871255 0.974517742793
2653.392624 0.974674701691
2658.62997 0.967065016429
2663.850761 0.969393332799
2669.103035 0.958842992783
2674.377245 0.982211987178
2679.578466 0.963584025701
2685.049229 0.963578303655
2688.45666 9999
2693.688317 0.970892985662
2698.908871 0.969905376434
2704.133549 0.965937693914
2707.535703 9999
2710.920927 9999.0
2716.439003 0.961713552475
2721.676616 0.967571020126
2726.879782 0.960967858632
2732.117553 0.973128318787
2737.354454 0.966158628464
2742.608886 0.984434684118
2748.09587 0.960433006287
2753.299497 0.963258425395
2756.727055 9999
2761.922605 0.956918001175
2767.127701 0.959609349569
2772.380495 0.980314334234
2777.568192 0.957847277323
2783.071554 0.959552923838
2786.498958 9999
2789.896963 9999
2795.114807 0.968021233877
2800.31842 0.967455943425
2805.588676 0.969761530558
2810.843219 0.97367032369
2816.349764 0.962925672531
2821.534425 0.9559674263
2826.754564 0.961671113968
2831.909605 0.955044031143
2837.18173 0.973769346873
2842.402289 0.967725992203
2847.887309 0.952034711838
2853.108046 0.969489574432
2858.328035 0.965704282125
2861.752551 9999
2866.954185 0.962929010391
2872.188423 0.968841393789
2877.392439 0.961652994156
2882.846743 0.951486349106
2888.100647 0.967403014501
2893.370635 0.980129718781
2898.644659 0.97713637352
2903.878752 0.96378993988
2909.083735 0.9676536719
2912.738654 9999
2917.890834 0.953584035238
2923.092553 0.970392624537
2928.296509 0.969496965408
2933.504117 0.964812596639
2938.704843 0.958048979441
2943.859747 0.954963286718
2949.346739 0.961795727412
2954.56783 0.972422997157
2959.857662 0.987398306529
2965.057541 0.959256569544
2970.24514 0.960441350937
2975.468802 0.964418967565
2980.969307 0.958049694697
2986.206742 0.968973636627
2991.396965 0.954126040141
2996.598637 0.96643058459
3001.805786 0.964790264765
3007.022787 0.968188921611
3012.544111 0.958590666453
3016.000876 9999
3021.200162 0.962113062541
3026.437377 0.972728649775
3031.677215 0.968318065008
3036.895091 0.957081158956
3042.116061 0.972629626592
3047.619984 0.964983463287
3052.85658 0.971263011297
3058.030414 0.95223903656
3063.264466 0.966356277466
3068.485735 0.967781066895
3073.738614 0.974947373072
3079.280101 0.969226360321
3084.496856 0.967510064443
3089.721231 0.96240957578
3094.938252 0.964702924093
3100.192056 0.972023010254
3105.415691 0.964124997457
3111.033497 0.976914723714
3116.23724 0.95650879542
3121.424642 0.952702999115
3124.849879 9999
3130.081271 0.968744754791
3135.302719 0.959849357605
3140.523743 0.95960577329
3146.059873 0.959934314092
3151.279802 0.962591965993
3156.487832 0.956143299739
3161.723942 0.970185041428
3166.978032 0.979211966197
3172.163107 0.960855722427
3177.667663 0.958890040716
3182.871316 0.964701970418
3188.108078 0.964339017868
3193.377992 0.977991660436
3198.599276 0.959649244944
3203.82013 0.957862377167
3209.360051 0.968858559926
3214.578424 0.963664690653
3219.781203 0.963452974955
3225.001952 0.968100945155
3230.222776 0.96293870608
3235.410182 0.955564339956
3240.996875 0.969009637833
3246.251111 0.976190646489
3251.455691 0.955478668213
3256.676102 0.966643651326
3261.89597 0.962705373764
3267.083668 0.960833867391
3272.624023 0.957459608714
3277.891767 0.978206713994
3283.128909 0.965651750565
3288.334582 0.962079366048
3293.590179 0.965985616048
3298.824796 0.96975628535
3304.361029 0.959356228511
3309.584659 0.961173931758
3314.785244 0.959784348806
3319.988911 0.95730694135
3325.243253 0.963488658269
3330.397133 0.95105099678
3335.918766 0.969078699748
3341.155808 0.965092182159
3346.409199 0.976152976354
3351.596661 0.958463112513
3355.022876 9999
3360.269731 0.980915307999
3365.476957 0.957392056783
3371.027567 0.965287367503
3376.302524 0.970301628113
3381.519124 0.961843967438
3386.722783 0.960925658544
3391.893063 0.953122059504
3397.113143 0.967760324478
3400.802986 9999
3405.987221 0.953988393148
3411.191182 0.956769386927
3416.394926 0.963855028152
3421.615653 0.961619774501
3426.819049 0.963216304779
3432.057783 0.970662673314
3437.580996 0.961670955022
3442.780925 0.96329331398
3447.985277 0.956486622492
3451.409255 9999
3456.591638 0.956140359243
3461.795418 0.959854046504
3466.982824 0.953267256419
3472.520575 0.966995716095
3477.70688 0.95285709699
3482.910792 0.959430932999
3488.148431 0.97220826149
3493.354482 0.952252944311
3498.589223 0.964047670364
3502.345262 9999
3507.546819 0.959713220596
3510.955034 9999
3516.173145 0.961839358012
3521.376053 0.963005701701
3526.593894 0.963512341181
3531.881939 0.978269100189
3537.418498 0.96297899882
3542.640569 0.965779940287
3547.843384 0.961101373037
3553.046456 0.962731281916
3556.438407 9999
3561.686527 0.963450749715
3566.940654 0.974346001943
3572.461893 0.965655008952
3577.686095 0.962996641795
3581.128167 9999
3586.33929 0.953895727793
3591.575557 0.974711338679
3596.797037 0.96612628301
3601.983636 0.956359306971
