9.019747 2.34213463465
12.947112 9999
21.806545 2.34644333522
35.204179 3.83820962906
45.761214 2.84959936142
55.248606 2.55760105451
64.103555 2.34251968066
80.663498 4.92502864202
89.766654 2.34981997808
99.21127 2.54863635699
108.081241 2.3268049558
124.40188 4.81887936592
133.446889 2.32192873955
143.794536 2.85375833511
147.686037 9999
156.447443 2.32374485334
160.556537 9999
164.455994 9999
173.432012 2.34743038813
183.168237 2.64372793833
192.200995 2.38832497597
202.014318 2.58413799604
205.945211 9999
209.919844 9999
213.857709 9999
217.831706 9999
226.643556 2.32327802976
236.428101 2.55655868848
247.223021 2.9618546168
251.178048 9999
260.23754 2.39734395345
269.344634 2.33407497406
278.218332 2.31891004244
287.561747 2.50703795751
296.405647 2.32966502508
305.872688 2.46750100454
315.126788 2.46994574865
323.981148 2.33624394735
332.815756 2.31101202965
341.87532 2.32635060946
350.659916 2.31003101667
361.43618 2.97366110484
370.342812 2.32344468435
379.774161 2.47066569328
388.611799 2.31687235832
405.267899 4.92671028773
414.326841 2.32026926676
423.655814 2.47586305936
434.211045 2.9227112929
443.044414 2.32024892171
453.863165 2.93503165245
463.144588 2.46661265691
472.726345 2.59482677778
481.531605 2.3222079277
492.462551 2.96824097633
502.722342 2.8139992555
511.5584 2.31958031654
520.366778 2.31402190526
529.817453 2.46493705114
533.743254 9999
542.538655 2.31916594505
553.293406 2.96695375443
563.982147 2.88963596026
573.279694 2.48050737381
582.094801 2.30952620506
590.917293 2.33547862371
599.92061 2.31209230423
609.168667 2.46876804034
617.9552 2.30834658941
626.836288 2.33470614751
637.312579 2.82279427846
646.196009 2.33426507314
654.963729 2.31376004219
663.759225 2.32116921743
672.774753 2.32461969058
681.599608 2.31131966909
690.448947 2.32217439016
699.306993 2.31830255191
708.387884 2.31696931521
717.689688 2.4814213117
726.706948 2.36558397611
730.678533 9999.0
739.768567 2.32432365417
748.774447 2.36447405815
759.478092 2.94058998426
768.215575 2.30357289314
777.267285 2.32829999924
786.057277 2.31673002243
794.838717 2.31289609273
804.205514 2.52182658513
813.195631 2.31060504913
822.090604 2.3361064593
830.914443 2.31998340289
839.70614 2.31115309397
848.779945 2.31551734606
857.615714 2.32301362356
866.343135 2.30139867465
875.191543 2.32626827558
884.269186 2.32006796201
893.648116 2.51300533613
902.437871 2.30195275942
911.405609 2.38334838549
920.416777 2.31319332123
930.00352 2.57122524579
938.861003 2.32827337583
942.772154 9999.0
951.839085 2.32279682159
960.696381 2.32204604149
964.641944 9999
973.442329 2.30898698171
982.466272 2.30930074056
991.486377 2.40582696597
995.383256 9999
999.336322 9999
1009.796362 2.8568452994
1018.862831 2.31490635872
1027.712331 2.34425274531
1036.522353 2.31121699015
1045.291164 2.30908060074
1054.48525 2.38747406006
1063.234412 2.31033833822
1072.724136 2.55752801895
1076.663491 9999.0
1085.752875 2.32236059507
1094.531838 2.30912637711
1104.941045 2.85837674141
1113.978093 2.39219824473
1118.090676 9999
1126.911468 2.31911770503
1136.21927 2.47953399022
1145.79405 2.60259636243
1156.692339 2.93162274361
1165.499734 2.31482203801
1174.733835 2.47804069519
1178.716566 9999.0
1187.691415 2.30239033699
1196.501344 2.31382973989
1205.996282 2.56621599197
1209.907168 9999.0
1219.750923 2.60092568398
1228.580833 2.32260235151
1237.937126 2.51158205668
1246.777103 2.3152812322
1250.951794 9999
1254.941733 9999
1263.741083 2.31473771731
1273.086197 2.49386739731
1281.861168 2.30952397982
1290.864821 2.30954853694
1300.696219 2.66240469615
1310.010143 2.48158828417
1313.965449 9999.0
1323.507485 2.49736738205
1332.783609 2.48509661357
1343.174567 2.83301997185
1351.948054 2.3136827151
1360.973536 2.30805404981
1370.367081 2.52437265714
1379.75695 2.49072607358
1389.381285 2.6041422685
1398.46407 2.33309237162
1409.150144 2.93900871277
1417.93259 2.31035002073
1427.276878 2.47443803151
1436.897317 2.48366928101
1445.69281 2.30412101746
1454.972183 2.48101528486
1464.286266 2.47361207008
1468.381114 9999
1477.219915 2.32636006673
1486.821848 2.59631005923
1490.831825 9999
1499.782715 2.33411836624
1508.720593 2.31132229169
1518.025508 2.50923871994
1531.309113 3.8167377313
1541.094228 2.45683002472
1545.161689 9999
1554.454665 2.45595065753
1563.271288 2.3098739783
1572.614628 2.30511037509
1588.918207 4.80629928907
1598.481803 2.5923910141
1610.484313 2.92170000076
1619.839739 2.46834905942
1623.859603 9999
1632.606502 2.30848503113
1641.616935 2.32137306531
1645.513031 9999
1655.829404 2.84155035019
1659.768166 9999
1669.243851 2.50829172134
1678.976076 2.54598434766
1687.97695 2.31169843674
1697.40451 2.52833493551
1706.7987 2.47421209017
1716.128055 2.30583167076
1726.530247 2.85788671176
1735.346024 2.31503780683
1744.126521 2.3123292923
1748.270734 9999
1752.228318 9999
1761.280929 2.33802103996
1770.083971 2.32370901108
1774.008792 9999
1784.704609 2.96124132474
1793.817777 2.32056975365
1803.100634 2.47731725375
1812.139937 2.38572295507
1816.107241 9999.0
1820.280829 9999
1830.014856 2.64259998004
1838.842182 2.32547307014
1848.181089 2.50776259104
1852.382929 9999
1861.138774 2.30292026202
1865.08144 9999
1873.861005 2.30447324117
1883.444108 2.54348484675
1893.81659 2.59965976079
1897.974994 9999
1902.052131 9999
1911.087586 2.3029970328
1920.088001 2.3063706557
1924.479235 9999
1933.583915 2.30441864332
1943.166423 2.54423205058
1952.020492 2.30576809247
1963.930643 2.30570467313
1972.850342 2.30443461736
1976.925137 9999
1985.777116 2.30211106936
1995.144622 2.32205398877
2006.064004 2.9605966409
2010.171506 9999
2014.280197 9999
2025.219803 2.95887001355
2034.966682 2.30471499761
2044.395578 2.45747001966
2053.336076 2.33367133141
2063.952498 2.85376739502
2075.078097 2.91867295901
2081.764056 9999
2090.666054 2.33269937833
2099.79452 2.36757238706
2104.181346 9999
2115.184909 2.30269265175
2124.099948 2.30401563644
2134.081267 2.6527030468
2145.482233 2.59875289599
2155.373546 2.3077823321
2164.276149 2.30706524849
2173.20547 2.30610267321
2184.584362 2.60239195824
2196.293422 2.55340202649
2200.313296 9999
2210.094512 2.54364474614
2221.70677 2.30173969269
2225.747601 9999
2234.533017 2.30466779073
2244.286347 2.59979295731
2248.828759 9999
2257.731247 2.30382164319
2267.273932 2.3070491155
2276.735772 2.45933127403
2287.146274 2.30608471235
2295.978507 2.30357964834
2306.238961 2.30331166585
2315.263623 2.31875975927
2330.392598 2.85253858566
2339.211311 2.31046072642
2348.653593 2.48158439
2364.580604 2.84510294596
2373.41374 2.30879203478
2385.517574 2.57412703832
2398.594864 2.47621870041
2407.60344 2.31446830432
2417.981196 2.47965129217
2442.771077 5.96302111944
2451.54573 2.30610481898
2465.350252 2.30049093564
2474.617396 2.35563071569
2483.802692 2.3039050897
2494.683257 2.91495410601
2505.435544 2.34663796425
2514.435376 2.30572930972
2523.357223 2.30690129598
2532.305067 2.32207020124
2543.990843 2.84747600555
2553.036498 2.30420430501
2561.919839 2.32500934601
2571.310091 2.4761346976
2585.077531 2.31004603704
2594.046114 2.30561041832
2598.106212 9999
2609.262208 2.30454794566
2622.43822 2.30468535423
2631.36482 2.30495341619
2641.31781 2.30801296234
2650.492164 2.37475768725
2660.084948 2.30583198865
2664.211659 9999
2676.46054 2.30339034398
2681.656389 9999.0
2693.18949 2.93274195989
2702.07255 2.30298391978
2711.996017 2.30346862475
2721.31809 2.30197405815
2731.644881 2.59657231967
2740.839938 2.38360738754
2750.437893 2.30370569229
2760.347236 2.60126455625
2770.455942 2.60759631793
2781.728133 2.92185227076
2791.201203 2.47883931796
2800.550605 2.30551298459
2809.436704 2.30459968249
2818.744644 2.32169866562
2827.574548 2.30410997073
2832.777949 9999
2836.919193 9999
2849.180374 2.92394590378
2858.059036 2.31626931826
2866.925753 2.30011431376
2877.788642 2.45648439725
2886.747336 2.30582523346
2895.777628 2.30298431714
2908.432121 2.30377968152
2917.570251 2.3119623661
2927.062582 2.47020467122
2936.911464 2.30382696788
2947.529278 2.30881961187
2956.774686 2.30421336492
2965.782577 2.30181996028
2977.299325 2.30141337713
2981.907492 9999.0
2992.168677 2.62212657928
3001.118185 2.3044907252
3010.48126 2.32301306725
3019.277736 2.30710792542
3031.143279 2.92123866081
3041.968904 2.30203763644
3057.19542 2.91904592514
3066.71495 2.35721937815
3076.091097 2.48055434227
3086.300974 2.30819360415
3091.273313 9999.0
3101.050259 2.50425100327
3110.053736 2.30220866203
3114.84664 9999
3146.892059 9.28401962916
3156.332754 2.33814628919
3165.716674 2.48148004214
3175.299572 2.54701415698
3184.219642 2.30560167631
3193.625421 2.30573264758
3202.169965 9999
3211.166581 2.30426565806
3220.658237 2.45838459333
3232.731506 2.30286200841
3243.856261 2.30235433578
3253.305816 2.47561772664
3263.214351 2.47429267565
3273.624728 2.33847633998
3282.808727 2.3038983345
3299.186059 4.8014330864
3307.463514 9999
3317.251343 2.59846131007
3326.320887 2.3067026933
3336.799444 2.81769124667
3348.327408 2.30197501183
3358.770971 2.77885150909
3367.694839 2.30284229914
3374.232546 9999
3383.84397 2.38416727384
3393.082696 2.36028432846
3401.842648 2.30666168531
3406.256331 9999
3418.540851 2.30574067434
3422.736281 9999
3431.842369 2.30672430992
3440.697662 2.30280462901
3450.451097 2.50254829725
3454.488129 9999
3463.457647 2.30809807777
3474.649827 2.50391236941
3486.275885 2.9564520518
3499.414438 2.92035603523
3510.499234 2.31774759293
3520.191616 2.30232898394
3531.322788 2.95780865351
3542.050074 2.47711634636
3554.497525 2.55922309558
3565.218844 2.85444434484
3577.781974 2.57577435176
3590.318984 2.39502970378
3599.695962 2.31864134471
3608.514217 2.30962435404
3620.347365 2.45698308945
3632.11233 2.54286058744
3641.972713 2.53024458885
3651.067956 2.30552705129
3669.328579 4.80545067787
3680.090784 2.82019337018
3684.392324 9999
3693.235217 2.32541592916
3700.006763 9999.0
3710.550445 2.31096204122
3714.601893 9999
3724.352555 2.62236062686
3734.658645 2.30567876498
3748.392025 2.30909585953
3757.364061 2.30496430397
3766.301914 2.32412600517
3777.504872 2.30401905378
3786.304744 2.30385629336
3795.895784 2.54165371259
3806.491303 2.87540070216
3816.60638 2.6081849734
3827.05019 2.85072429975
3835.948223 2.30411934853
3844.776985 2.30994224548
3856.014763 2.95368695259
3873.900758 4.80513699849
3877.944472 9999.0
3882.843968 9999
3893.554418 2.8429505825
3904.516887 2.31051166852
3914.89628 2.308801651
3925.062521 2.45751333237
3934.21691 2.32022205989
3947.355992 2.45765169462
3961.259177 2.60074496269
3965.31139 9999
3969.519006 9999
3978.427723 2.32049767176
3998.465158 4.80389165878
4003.113934 9999
4012.274676 2.31734069188
4021.223207 2.3372007211
4025.697686 9999
4037.540254 2.48251589139
4049.811335 2.95878537496
4059.36633 2.51502768199
4064.919229 9999
4069.388273 9999.0
4084.711842 2.30151343346
4094.308123 2.54026595751
4105.239535 2.9619410038
4109.741681 9999
4113.924728 9999
4124.702856 2.84627191226
4136.121627 2.32145595551
4140.999527 9999
4150.606448 2.54381505648
4162.800965 2.48841087023
4168.371597 9999.0
4183.486008 2.81795636813
4194.221059 2.91173569361
4208.406805 2.95589033763
4216.839753 9999
4226.820442 2.65550867716
4235.985183 2.30665802956
4250.887735 3.79553373655
4260.180942 2.30252281825
4269.641355 2.48771333694
4278.47985 2.30212704341
4282.506931 9999.0
4291.737283 2.30960202217
4300.69568 2.30733601252
4309.672769 2.30366277695
4319.29066 2.48008179665
4328.616303 2.30681435267
4339.414868 2.95715999603
4349.751278 2.46817270915
4359.323822 2.38410329819
4368.181435 2.31064867973
4378.825488 2.92166566849
4388.693427 2.65306758881
4399.506334 2.48463265101
4408.554489 2.30535427729
4412.744905 9999
4416.917303 9999
4426.0552 2.32033173243
4430.658451 9999
4439.539362 2.30375663439
4449.342143 2.63916770617
4458.604369 2.30297708511
4468.051825 2.38195705414
4472.136164 9999
4481.331138 2.35722327232
4485.280779 9999
4494.595974 2.45680077871
4504.922525 2.54298933347
4514.221643 2.45627164841
4525.089731 2.95677860578
4534.006232 2.30384731293
4543.757086 2.47438240051
4552.905937 2.38662830989
4562.475142 2.50018064181
4566.587721 9999.0
4577.233139 2.47361763318
4587.689833 2.81745131811
4597.142421 2.48287391663
4606.854527 2.33436894417
4616.520179 2.32493726412
4627.12758 2.92499597867
4638.007476 2.92342972755
4649.905566 2.38750203451
4659.254417 2.45020039876
4668.21678 2.31660906474
4677.071123 2.30081065496
4686.723563 2.31532470385
4695.625175 2.30850203832
4705.015958 2.4604130586
4716.275203 2.30613907178
4726.277415 2.50560235977
4730.263093 9999
4739.146777 2.3051126798
4747.971018 2.30561772982
4759.180275 2.95333997409
4769.189162 2.64867003759
4773.266716 9999
4782.661565 2.47667694092
4794.146993 2.927267313
4803.007257 2.30684630076
4811.92104 2.30598560969
4822.661997 2.90951633453
4833.270681 2.30843607585
4844.504356 2.92028101285
4853.507605 2.32736794154
4862.418487 2.32202863693
4871.953527 2.47164932887
4875.984137 9999
4885.170707 2.30635031064
4896.354912 2.54487212499
4907.403102 2.92427571615
4916.236662 2.30480130514
4920.309736 9999
4929.470469 2.38763229052
4939.738975 2.54426797231
4956.62876 4.92428096135
4965.688924 2.33042661349
4975.814006 2.3063630263
4985.247805 2.3110730648
4994.645717 2.4858640035
4998.785927 9999.0
5008.029464 2.30741429329
5017.615708 2.48369733493
5021.915715 9999
5032.529787 2.85637466113
5041.591494 2.30539639791
5050.983366 2.4587097168
5061.156677 2.64882707596
5071.96843 2.92214838664
5082.925143 2.50238736471
5093.742629 2.9416949749
5102.627429 2.30712469419
5112.069366 2.47787173589
5122.442521 2.67205739021
5133.748299 2.30509479841
5142.981213 2.32231171926
5152.576307 2.33215634028
5161.634184 2.31673995654
5165.775545 9999
5176.810453 2.92107439041
5186.906943 2.5494102637
5196.264619 2.45290525754
5205.353663 2.34720937411
5209.582719 9999.0
5214.275584 9999
5218.92151 9999
5227.895488 2.32757957776
5231.876473 9999
5240.916579 2.32662526766
5250.241887 2.3037656943
5259.620459 2.32800451914
5263.703565 9999
5272.725842 2.31845442454
5282.518973 2.45811835925
5292.032593 2.47692465782
5301.478155 2.31618738174
5312.534317 2.9208928744
5322.667646 2.48548038801
5333.696765 2.46497337023
5342.603286 2.30481068293
5352.148653 2.57538906733
5363.94186 3.02493953705
5375.12799 2.85669660568
5385.92136 2.92212891579
5395.857437 2.48287208875
5404.837136 2.33472855886
5415.385133 2.31482966741
5426.129704 2.95780102412
5435.751525 2.3061457475
5439.809526 9999
5449.552167 2.60325193405
5460.940535 2.31401896477
5470.774036 2.45854759216
5481.694178 2.85103559494
5492.410226 2.84796158473
5503.425963 2.30477499962
5514.306161 2.95549201965
5523.111995 2.30500936508
5527.567234 9999
5536.882945 2.4549036026
5545.776923 2.32807715734
5549.811655 9999
5553.934335 9999.0
5564.147914 2.64399162928
5573.804975 2.59854030609
5582.749749 2.30242498716
5591.787904 2.31517672539
5602.17503 2.38616243998
5611.090494 2.30267564456
5615.03865 9999
5624.017364 2.30696463585
5634.978644 2.48487536112
5644.683958 2.5400036176
5654.060116 2.46998635928
5662.93579 2.3176223437
5672.27408 2.29874356588
5681.689817 2.47522028287
5690.774681 2.30621361732
5699.649855 2.32493201892
5709.538837 2.30683461825
5719.620032 2.30831464132
5728.515198 2.30350542068
5739.129657 2.91782601674
5749.052976 2.30498727163
5753.027288 9999
5762.273205 2.30733593305
5771.920698 2.52037930489
5782.521613 2.31124067307
5791.513823 2.30738504728
5795.576087 9999
5804.839464 2.45614298185
5815.144769 2.50842865308
5819.597204 9999
5828.460167 2.31548134486
5839.156657 2.92126433055
5855.948272 4.80399942398
5864.825485 2.30446998278
5873.602652 2.30027834574
5883.113527 2.30273564657
5892.099597 2.30707105001
5901.038394 2.31996289889
5909.903942 2.30372873942
5914.452471 9999
5923.878487 2.50374833743
5932.855734 2.32723808289
5941.7897 2.30411672592
5958.689675 4.80762338638
5962.722243 9999
5972.181771 2.45848202705
5981.139151 2.32303675016
5990.824031 2.45928263664
5999.837638 2.30569330851
6009.66881 2.61852645874
6018.63026 2.3065199852
6023.13954 9999
6032.097719 2.30803004901
6041.416555 2.45349232356
6052.540213 2.92511971792
6062.355128 2.45794232686
6066.463336 9999
6075.999564 2.48574988047
6080.041092 9999
6088.942433 2.3255657355
6099.338629 2.67085496585
6108.544897 2.45413096746
6117.505719 2.30626940727
6126.771923 2.46100378036
6136.862991 2.31304939588
6146.678541 2.60755999883
6156.451734 2.45445688566
6165.920164 2.47829977671
6175.173259 2.30629269282
6185.061166 2.59550571442
6189.025121 9999
6197.934299 2.30406498909
6208.019579 2.54588214556
6217.425078 2.45410966873
6226.299394 2.30773369471
6236.849793 2.87358323733
6246.640652 2.45555170377
6255.784835 2.32291571299
6265.672728 2.64414167404
6275.10973 2.47585527102
6285.449616 2.30544924736
6295.204252 2.61400469144
6305.965091 2.96172213554
6314.91675 2.30411974589
6325.830025 2.45613066355
6334.863467 2.30332374573
6344.313391 2.45423666636
6355.120081 2.94045527776
6364.422197 2.3066953818
6373.76837 2.38638607661
6384.277221 2.84961311022
6388.41053 9999.0
6397.591271 2.30361477534
6406.61729 2.32276272774
6415.526571 2.30410663287
6424.695259 2.38482896487
6437.117388 2.50759871801
6445.939564 2.31107362111
6455.644556 2.60158602397
6460.437441 9999
6469.750123 2.45921794573
6474.106744 9999
6482.966028 2.30518436432
6493.690053 2.92415825526
6505.218004 2.81514875094
6515.763477 2.85212397575
6525.783233 2.31797130903
6535.096904 2.30898102125
6544.114541 2.32258764903
6553.011757 2.30543065071
6562.36138 2.45323594411
6571.813545 2.30697067579
6582.468207 2.92082063357
6592.443933 2.61019102732
6601.410714 2.30614002546
6612.417352 2.30554572741
6616.464366 9999
6625.294718 2.30886634191
6629.292518 9999
6638.676222 2.45508027077
6656.654441 5.0285217762
6666.630113 2.60728724798
6676.478742 2.54604140917
6685.815732 2.30339725812
6689.843672 9999
6699.413549 2.30426359177
6708.353592 2.30852627754
6717.639814 2.30261731148
6727.127737 2.50623003642
6736.019889 2.30310964584
6745.10686 2.38759899139
6756.384621 2.92116427422
6766.935696 2.84918077787
6775.870454 2.30656973521
6780.967145 9999
6790.141779 2.38642040888
6799.000835 2.30441570282
6808.256032 2.45658063889
6817.888088 2.30709298452
6827.467317 2.45642828941
6831.625022 9999
6835.762616 9999
6846.294762 2.47992992401
6856.638288 2.45801528295
6867.289585 2.8592877388
6876.660706 2.45404895147
6887.598564 2.85266359647
6897.091386 2.30575275421
6905.992167 2.30859629313
6914.994634 2.30549931526
6919.054027 9999.0
6928.366628 2.30655956268
6937.166749 2.30914473534
6946.146918 2.30494864782
6955.481301 2.4627049764
6966.267554 2.61672576269
6975.236259 2.30651601156
6984.201452 2.31191658974
6993.067729 2.3023062547
7002.413872 2.30382911364
7013.227562 2.92621795336
7024.125671 2.92521969477
7035.455911 2.60576899846
7044.284641 2.31084537506
7053.210293 2.30572938919
7064.11118 2.92163809141
7073.70376 2.30612134933
7082.5566 2.30468567212
7093.306805 2.92254479726
7103.066644 2.54486862818
7112.324335 2.30629865328
7121.653315 2.46122439702
7130.975579 2.47605069478
7139.911642 2.300604105
7149.399169 2.38607501984
7158.409911 2.30588571231
7167.325882 2.32952340444
7176.437097 2.38604132334
7185.916327 2.38582762082
7196.426367 2.84711360931
7206.866995 2.85151600838
