42.488194 2.03225249052
83.992589 1.97242057323
125.419818 1.97694481611
166.823821 1.97518720627
208.213399 1.97618726492
249.627656 1.98219753504
290.948992 1.97138644457
332.237931 1.97580518723
336.1642 9999
339.726658 9999
380.771935 1.97712881565
422.32884 1.97537622452
463.828628 1.97504041195
505.159357 1.97141851187
546.533169 1.97433327436
587.764969 1.97351016998
629.056106 1.97168884277
670.579137 1.97643979788
711.956604 1.97153844833
753.334747 1.97584049702
794.770135 1.97461657524
836.136727 1.97448452711
877.472691 1.97664221525
918.918202 1.97413929701
960.380621 1.97655183077
1001.59721 1.97206552029
1042.892407 1.97433826923
1084.327451 1.97772552967
1125.801175 1.97478202581
1167.152456 1.97446218729
1208.496127 1.97607729435
1250.037213 1.97431921959
1291.333583 1.97500380278
1332.643502 1.97687267065
1374.142977 1.97582755089
1415.496581 1.97974047661
1456.823088 1.96788190603
1498.026391 1.97117270231
1502.006242 9999
1543.003866 1.97302925587
1584.419628 1.97316675186
1625.940424 1.97661976814
1667.395826 1.97695784569
1708.931931 1.97443941832
1750.323693 1.97522867918
1791.715362 1.97416530848
1833.093328 1.97107485533
1874.429947 1.9766140461
1915.765408 1.97851451635
1957.218416 1.97563502789
1998.624463 1.97477843761
2039.867088 1.9721442461
2081.261879 1.97659049034
2122.726734 1.97637789249
2126.718922 9999
2167.694823 1.97286677361
2209.03281 1.97188462019
2250.450942 1.97784290314
2254.258784 9999
2295.290975 1.97335125208
2299.224331 9999
2302.846449 9999
2344.014189 1.97505731583
2385.382627 1.97369337082
2389.400201 9999
2430.715106 1.97314792871
2472.149202 1.97331534624
2513.485224 1.97568792105
2554.884844 1.976626122
2596.157116 1.97381902933
2637.538922 1.97849459648
2678.915772 1.9764747858
2720.271287 1.97699254751
2761.72933 1.97895584106
2803.226245 1.97626994848
2844.483498 1.97338702679
2885.840194 1.97362015247
2927.095738 1.97298309803
2968.350859 1.97391752005
2972.273852 9999
3013.227972 1.97216242552
3017.155977 9999
3058.292824 1.97955673933
3099.764808 1.97919129133
3140.965774 1.97081787586
3182.269636 1.97411576509
3223.595838 1.97614411116
3264.895176 1.97311943769
3306.102509 1.97111282349
3347.502436 1.9762172699
3388.951638 1.97795050144
3430.242203 1.97162834406
3471.670665 1.97571095228
3513.202935 1.97571862936
3554.643261 1.97396339178
3596.082895 1.97137026787
3637.446469 1.97526311874
