0.170876979828
0.166787147522
0.163743972778
0.164673805237
0.163074016571
0.163124084473
0.164453029633
0.163254976273
0.164186954498
0.164127826691
0.16402220726
0.164155006409
0.163920164108
0.163306951523
0.16447520256
0.163894891739
0.163936138153
0.163218975067
0.163897037506
0.163308858871
0.165899038315
0.16130900383
0.171952962875
0.177503824234
0.171447038651
0.176974773407
0.179479122162
0.176903963089
0.182444095612
0.179654836655
0.180041074753
0.176568031311
0.169903993607
0.164679050446
0.170180082321
0.173575878143
0.173793077469
0.179347038269
0.171084880829
0.178194999695
