0.166794061661
0.164025068283
0.164635896683
0.163094043732
0.164245843887
0.165001869202
0.163207054138
0.163761138916
0.16467499733
0.163800954819
0.165126085281
0.164113044739
0.164373874664
0.163520097733
0.163988113403
0.163355112076
0.164490938187
0.164739847183
0.164451122284
0.163904905319
0.170898914337
0.176756858826
0.174316883087
0.174863100052
0.169447898865
0.179833173752
0.165810823441
0.161956787109
0.16094493866
0.170934915543
0.16868519783
0.177630901337
0.169507026672
0.176950931549
0.174504041672
0.174345970154
0.170663118362
0.177647829056
0.168273925781
0.163302898407
