18.340814 5.31334042549
36.638058 5.32867598534
54.085006 5.00245769819
118.982999 20.8188392321
136.862991 5.10893432299
202.162263 20.9550805887
219.908141 5.076435407
237.571417 5.07186277707
255.301323 5.07415302595
273.147554 5.12756601969
337.095548 20.4441626072
354.892708 5.09109242757
418.907223 20.5293836594
483.355841 20.6417349974
501.121315 5.07226832708
518.981321 5.13144723574
538.04609 5.5003276666
556.010955 5.15927402178
620.272969 20.5637787978
638.137664 5.10334738096
702.505412 20.6306433678
720.398547 5.11928192774
738.295608 5.14144174258
802.893615 20.6789036592
867.775161 20.7695937157
885.675259 5.09621834755
903.467831 5.10599795977
922.515247 5.49573930105
940.478872 5.15939799945
958.37719 5.10667673747
976.188901 5.12245297432
994.26973 5.16832939784
1012.282743 5.17362165451
1030.100046 5.08509405454
1047.892414 5.10462188721
1066.973345 5.50914669037
1084.736937 5.10621730487
1102.716489 5.11798357964
1120.416728 5.08244434992
1185.261271 20.7578453223
1203.2587 5.12217768033
1221.141841 5.13151796659
1285.586747 20.6185879707
1350.368347 20.7212450504
1368.284963 5.11618669828
1387.43298 5.55713240306
1405.327246 5.11973595619
1423.239173 5.09924801191
1442.219972 5.46852127711
1460.15103 5.15308173498
1478.063726 5.10589424769
1495.843675 5.10083301862
1513.774789 5.12309328715
1532.703978 5.49049329758
1551.835344 5.50497802099
1570.949161 5.54080406825
1589.012918 5.16065001488
1652.97737 20.5009439786
1670.874359 5.11244304975
1735.389564 20.6821843783
1753.30281 5.11361805598
1817.683475 20.64174366
1882.50216 20.7566781044
1901.679343 5.53329730034
1920.660405 5.5076666673
1985.159243 20.6429179509
2004.426182 5.56148958206
2023.387213 5.49525968234
2042.618711 5.55428036054
2061.736381 5.55541761716
2079.679422 5.11569968859
2097.41109 5.09040466944
2115.389344 5.13373931249
2179.403507 20.5109390418
2198.735602 5.58598804474
2216.599441 5.1364830335
2235.57975 5.46281035741
2253.392991 5.10964838664
2272.657092 5.55620241165
2290.470886 5.11857199669
2309.751722 5.56343833605
2375.484269 21.0906920433
2393.34708 5.09397300084
2411.210118 5.13400570552
2475.758243 20.6521889369
2493.675046 5.11673037211
2512.886855 5.58230574926
2578.884795 21.1354207198
2598.19981 5.57094534238
2662.681181 20.6764372985
2680.595544 5.10725434621
2699.676108 5.54384469986
2717.688674 5.14551726977
2735.468167 5.11077229182
2754.649645 5.52721071243
2772.446463 5.11319931348
2836.513987 20.4983569781
2855.76242 5.563895305
2920.05737 20.6119706631
2939.354634 5.56031163534
2957.284504 5.14887905121
2976.415677 5.50749762853
2994.249001 5.1146273613
3013.59294 5.56448030472
3031.522829 5.14476275444
3095.670777 20.5105070273
3114.951811 5.55607763926
3134.099674 5.55101974805
3152.013057 5.09343226751
3171.277437 5.59372798602
3235.458745 20.5226263205
3254.673162 5.53265563647
3319.221119 20.6942059994
3337.117119 5.10112468402
3354.865031 5.093217055
3372.977682 5.15568621953
3390.926033 5.16166265806
3410.174605 5.53937832514
3429.373388 5.57593663534
3447.367041 5.12671923637
3466.600838 5.58603700002
3484.494315 5.08985527356
3503.475364 5.49674836795
3521.355313 5.09034132957
3539.251706 5.14506498973
3557.215778 5.10973032316
3575.23195 5.1796789964
3594.346122 5.48900127411
3612.339705 5.17253136635
3631.504496 5.51591968536
3650.535324 5.50724903742
3668.698639 5.18232774734
3687.879396 5.57849136988
3751.860765 20.4475599925
3769.860465 5.12995743752
3834.188896 20.6141170661
3852.385417 5.18340134621
3870.265814 5.13649431864
3888.315117 5.1476559639
3907.610146 5.61190843582
3925.775182 5.16886806488
3944.988331 5.5717262427
4009.152945 20.5111426512
4027.08305 5.11316100756
4046.249894 5.57369637489
4064.26012 5.10843674342
4082.173738 5.14877033234
4100.170472 5.13884957631
4117.917017 5.09748427073
4137.348743 5.59398976962
4155.195194 5.129245917
4174.309654 5.48473620415
4192.072204 5.09296329816
4211.256637 5.52119342486
4230.601701 5.62048927943
4248.481908 5.08973232905
4267.728992 5.58540066083
4285.692648 5.1020283699
4351.241512 21.0177893639
4369.142336 5.09668668111
4433.452935 20.6153506438
4452.821151 5.56899372737
4471.784923 5.48045897484
4489.781017 5.10264555613
4507.591425 5.11447532972
4525.587678 5.11645793915
4543.468057 5.13517157237
4561.484898 5.13338597616
4625.512919 20.5196610292
4643.509428 5.10579911868
4661.273137 5.1024813652
4725.403912 20.5068306128
4744.651926 5.53269608816
4762.514394 5.12279097239
4780.561085 5.13837035497
4798.324575 5.09563668569
4816.421466 5.14534640312
4834.23576 5.12177332242
4852.117934 5.08714556694
4870.11195 5.16832494736
4889.246466 5.48044792811
4908.307289 5.52885707219
4926.103598 5.05798435211
4945.802747 5.7440969944
5009.799937 20.4495577812
5074.34747 20.6385149956
5092.26159 5.09624497096
5156.642622 20.6315003236
5176.023761 5.57158700625
5193.956779 5.15375494957
5211.851399 5.08191331228
5230.897297 5.52938659986
5250.028795 5.47971796989
5267.692284 5.06182607015
5333.256725 20.9770463308
5351.270973 5.12334728241
5370.28855 5.52400898933
5388.198983 5.10067137082
5405.994888 5.10881106059
5425.043114 5.45025134087
5444.006263 5.50916473071
5461.987242 5.11376341184
5480.951719 5.49192031225
5546.766467 21.0439317226
5611.565124 20.7172862689
5630.712485 5.50244537989
5648.46196 5.08296839396
5666.388989 5.09138695399
5730.421393 20.5256632964
5749.551524 5.48787466685
5768.715907 5.55956411362
5787.946824 5.52877267202
5805.726325 5.10597769419
5824.910789 5.50730156898
5844.005757 5.53716667493
5861.904859 5.07490897179
5880.966846 5.51978500684
5899.01287 5.13154594103
5918.044171 5.51475564639
5936.073346 5.1215189298
5954.041044 5.15524403254
5973.218324 5.50332975388
5992.298806 5.52406938871
6010.262297 5.09279417992
6075.645102 20.971227328
6093.645772 5.12667576472
6159.39141 21.0866225561
6177.253862 5.07342561086
6194.983722 5.09091901779
6212.997499 5.11483605703
6230.797222 5.10460702578
6249.924189 5.47376505534
6267.738056 5.1089433829
6286.971424 5.51619299253
6351.003649 20.5185180505
6415.53169 20.6204207738
6480.597436 20.8064916929
6545.34517 20.6931696733
6563.27626 5.0771086216
6581.188627 5.14385326703
6600.737369 5.6276816527
6618.600443 5.12825528781
6636.563698 5.10927041372
6654.446922 5.13501842817
6672.457885 5.11151623726
6690.303002 5.13187805812
6708.384097 5.13623841604
6726.431247 5.18383804957
6745.829396 5.56738670667
6809.559142 20.4204579989
6827.589128 5.10703531901
6846.624079 5.51896897952
6865.835226 5.51805233955
6883.596887 5.10274163882
6902.845576 5.52537242572
6966.843136 20.506300052
6984.906741 5.13905302684
7003.98783 5.53862770398
7021.920807 5.08650398254
7039.68023 5.09461696943
7057.727921 5.12478025754
7075.523867 5.10862938563
7094.77176 5.5166015625
7112.402533 5.05879124006
7131.582816 5.49612236023
7149.432358 5.12405943871
7168.610188 5.5097682476
7232.843052 20.5827681224
