10.053673 9999
24.577714 2.20778401693
34.553622 9999.0
49.14374 2.19430438677
59.239065 9999
73.758646 2.20309599241
81.868876 9999
96.424918 2.21921841304
104.350748 9999.0
119.173333 2.2327627341
133.515488 2.18817035357
147.826728 2.14118202527
162.368623 2.1773203214
170.370441 9999
178.183826 9999.0
192.707363 2.15091339747
200.600071 9999
215.119343 2.21303478877
225.429338 9999
233.46925 9999
241.466843 9999
256.064162 2.19644633929
270.706944 2.16898528735
278.618716 9999
288.691757 9999.0
296.935708 9999
311.46658 2.23307196299
325.909048 2.20059601466
333.998242 9999
341.932556 9999
352.046614 9999
366.62036 2.2120830218
381.296802 2.19167137146
395.872606 2.2160812219
403.854961 9999.0
418.540867 2.18326600393
433.099007 2.20878227552
441.088658 9999.0
455.880925 2.20410688718
463.795085 9999
471.716485 9999.0
486.351114 2.1735329628
494.261165 9999
508.772926 2.19509363174
516.813126 9999
531.230339 2.16815670331
545.738112 2.20282936096
553.849134 9999
568.43851 2.2187880675
576.375968 9999.0
586.721269 9999
601.258524 2.18627262115
611.201309 9999.0
625.992402 2.21594572067
640.468097 2.17425100009
650.578687 9999.0
665.28451 2.181533734
679.726727 2.19989601771
694.236883 2.18010934194
702.521277 9999
717.102365 2.18731959661
731.545168 2.20995235443
746.120925 2.19696537654
760.630375 2.20367336273
775.123589 2.20187830925
789.800032 2.16132028898
804.410181 2.20728389422
819.053644 2.21739006042
833.999686 2.24127833049
841.913743 9999
852.059997 9999.0
866.95206 2.24974838893
874.997116 9999
885.117075 9999.0
899.90605 2.22054131826
914.566767 2.21699301402
929.259515 2.24884057045
944.169378 2.21779402097
958.67849 2.17673397064
968.822982 9999.0
983.782655 2.21111432711
998.32184 2.21726465225
1006.336042 9999.0
1014.488329 9999
1029.075946 2.18535534541
1043.634945 2.18855834007
1058.377206 2.14312195778
1072.953777 2.20269139608
1081.063212 9999.0
1095.819306 2.19444108009
1110.345483 2.18971625964
1125.039024 2.21071076393
1139.748712 2.21923359235
1147.82256 9999
1155.766165 9999.0
1170.455089 2.17796699206
1184.961222 2.18173472087
1192.937578 9999.0
1201.046151 9999
1215.73205 2.21042863528
1230.308984 2.22139398257
1244.968038 2.20132335027
1259.494508 2.2091524601
1267.364508 9999.0
1282.16003 2.23448260625
1296.636021 2.20089364052
1311.128472 2.17481740316
1326.005196 2.23337141673
1340.397372 2.21756196022
1350.57627 9999.0
1365.183221 2.17840139071
1379.628284 2.17224574089
1387.62083 9999.0
1395.809448 9999
1410.277988 2.13778440158
1424.787534 2.1881907781
1439.430929 2.21040733655
1447.458929 9999
1455.594094 9999.0
1470.283967 2.21585996946
1484.843216 2.18437743187
1499.369628 2.21489040057
1514.096145 2.19386466344
1528.539104 2.17449299494
1542.96686 2.1565747261
1557.626394 2.18623367945
1571.901262 2.1679315567
1586.477535 2.21278095245
1601.40377 2.2280207475
1615.83013 2.1657547156
1623.832679 9999.0
1638.547129 2.1959036986
1646.397217 9999
1660.994163 2.17885661125
1669.085531 9999
1677.0649 9999
1691.730735 2.23791106542
1706.357512 2.1722574234
1720.91672 2.22640228271
1735.492699 2.21376490593
1750.136423 2.21708599726
1764.695874 2.19207660357
1779.072117 2.18725935618
1793.881311 2.22071099281
1808.274535 2.17417645454
1822.569676 2.13090999921
1837.197746 2.19124468168
1851.604435 2.16387939453
1866.179358 2.2155307134
1880.790289 2.17914700508
1895.264952 2.21171935399
1909.676095 2.18400470416
1924.36851 2.18272566795
1938.928648 2.19390932719
1953.320471 2.17060565948
1961.552179 9999
1976.087077 2.19562268257
1990.645651 2.19240967433
1998.820407 9999
2013.293349 2.1615819931
2021.23663 9999.0
2035.908942 2.20645825068
2050.350927 2.16225632032
2064.877265 2.19927636782
2079.38942 2.15985838572
2087.295949 9999
2101.868704 2.19810199738
2110.019846 9999
2124.684355 2.22301896413
2139.210566 2.19508632024
2153.758125 2.16933560371
2161.687506 9999
2169.7154 9999.0
2184.440386 2.20831362406
2194.599771 9999
2209.092519 2.21743671099
2223.852061 2.22164169947
2233.809585 9999
2248.365447 2.17937374115
2263.059023 2.18081068993
2277.518119 2.17144099871
2292.111378 2.18056607246
2306.821592 2.18120153745
2321.21585 2.17419838905
2335.673813 2.18808531761
2350.282793 2.1791899999
2360.39692 9999
2368.249442 9999.0
2382.806042 2.16797701518
2397.247402 2.18236335119
2411.808438 2.21587006251
2426.518711 2.1996413072
2441.027039 2.20196302732
2449.109784 9999.0
2463.84211 2.16739161809
2478.417817 2.22457035383
2486.303408 9999.0
2501.049096 2.16729593277
2515.525505 2.18633524577
2529.852677 2.16803065936
2544.612312 2.17659131686
2559.208216 2.20394436518
2573.684234 2.22142306964
2588.107156 2.15185864766
2602.534482 2.15374366442
2610.405149 9999.0
2625.116395 2.17597007751
2632.991537 9999
2647.596933 2.20724606514
2655.732298 9999
2670.496039 2.22521122297
2684.922811 2.17120409012
2699.683427 2.19819760323
2714.190982 2.20303901037
2722.1488 9999.0
2732.574737 9999
2740.52847 9999
2755.086786 2.21416433652
2769.781111 2.16988166173
2784.320668 2.20681333542
2792.320771 9999.0
2802.536274 9999
2810.658419 9999
2820.747946 9999
2835.337868 2.20709435145
2849.913999 2.17064770063
2864.357479 2.17605400085
2878.949944 2.22760256131
2887.102127 9999
2901.715461 2.2154250145
2916.191438 2.19715801875
2930.734688 2.11653900146
2945.110009 2.16774360339
2959.536466 2.1851023833
2967.640083 9999
2975.651591 9999
2983.539918 9999
2993.77862 9999.0
3008.685518 2.2380639712
3023.128707 2.2033349673
3031.170335 9999.0
3045.826845 2.16428438822
3053.724042 9999
3068.225197 2.17638134956
3076.406026 9999
3084.317327 9999
3092.335803 9999
3106.952501 2.22104803721
3121.67795 2.18969964981
3131.770671 9999
3139.808144 9999.0
3147.95956 9999
3155.968608 9999
3170.476379 2.1894856294
3178.674085 9999
3186.567926 9999
3201.129478 2.18569167455
3215.858632 2.20856237411
3226.037202 9999
3240.422932 2.1851050059
3248.685433 9999
3263.087573 2.1406993866
3277.597051 2.21011463801
3292.258389 2.17456698418
3300.207578 9999
3314.688811 2.18346301715
3329.283747 2.17783991496
3343.760781 2.19169680278
3358.283922 2.18590490023
3372.993271 2.14770340919
3380.977005 9999
3395.475213 2.18230136236
3403.763341 9999
3418.323411 2.20697275798
3432.720041 2.16765125593
3440.904074 9999
3455.481418 2.20059434573
3469.909843 2.18832230568
3484.802426 2.21542644501
3492.648208 9999
3500.626111 9999.0
3515.341823 2.20761966705
3525.438837 9999
3535.504471 9999.0
3550.211496 2.1989856561
3564.687063 2.19715841611
3572.545067 9999.0
3587.318968 2.15123168627
3601.728351 2.18558867772
