39.893375 1.87812385559
79.374085 1.88227248192
118.788601 1.87949434519
158.259663 1.88151614666
197.796143 1.88200848103
237.32691 1.88154611588
276.715574 1.87834668159
316.223245 1.88039687872
355.745658 1.88214008808
395.294171 1.88261785507
434.789766 1.88207410574
474.228312 1.88134305477
513.81982 1.8806981802
553.163797 1.87847267389
592.714521 1.88351179361
632.31198 1.88359469175
671.813875 1.88128618002
711.221275 1.88040528297
750.842282 1.88086795807
790.329974 1.88329939842
829.785205 1.88257302046
869.339961 1.88675954342
908.773589 1.88271981478
948.199159 1.88100179434
987.642673 1.88116178513
1027.119076 1.88171216249
1066.753651 1.88207192421
1106.226909 1.88315485716
1145.795964 1.88452769518
1185.356499 1.88071122169
1224.791495 1.88077605963
1264.33271 1.88146029711
1303.788087 1.8819206953
1343.260223 1.8806350112
1382.749007 1.88049479723
1422.189336 1.87873994112
1461.696169 1.88270543814
1501.165198 1.88367234468
1540.605444 1.88175871372
1580.086705 1.88248437643
1619.489923 1.87899355888
1658.938562 1.87929834127
1698.306059 1.87829917669
1737.843209 1.88321698904
1777.325008 1.88353910446
1816.768356 1.88244105577
1856.255804 1.88021034002
1895.790197 1.88104192019
1935.257495 1.8827496171
1974.713337 1.88343822956
2014.155264 1.87992209196
2053.693195 1.88353750706
2093.110223 1.87837414742
2132.623909 1.88276128769
2172.247901 1.88658896685
2211.739479 1.88236833811
2251.181417 1.88049451113
2290.746579 1.88206486702
2330.189234 1.88068214655
2369.709921 1.88511456251
2409.111162 1.88106398582
2448.544626 1.87770093679
2487.938482 1.87964519262
2527.444849 1.88332984447
2567.048466 1.88257662058
2606.564833 1.88625793457
2646.059593 1.88085918427
2685.528691 1.87932639122
2725.028745 1.88451764584
2764.369613 1.87665902376
2803.797338 1.88302972317
2843.270815 1.88434480429
2882.768939 1.88106415272
2922.244829 1.88367558718
2961.655145 1.88138389587
3001.087398 1.8807174325
3040.55929 1.88208804131
3080.100367 1.88108839989
3119.54325 1.87868527174
3159.096628 1.88274706602
3198.645333 1.88065510988
3238.090631 1.88249577284
3277.527363 1.87997566462
3317.05057 1.8823584795
3356.46149 1.87879887819
3396.047988 1.88549736738
3435.726852 1.8823138237
3475.118429 1.87751860619
3514.793413 1.88486969471
3554.217081 1.87990759611
3593.775612 1.88475809097
3633.418582 1.88254910707
