6.813689 1.41137393316
13.567259 1.42072494825
20.538091 1.45512239138
27.375406 1.45586705208
34.215019 1.42519831657
41.134663 1.42351698875
48.022747 1.43923735619
54.876855 1.42331329981
61.914945 1.46250796318
68.870381 1.44794130325
75.792784 1.4366680781
82.645694 1.42413504918
89.466924 1.42758933703
96.354875 1.43730807304
103.22602 1.44015526772
110.279844 1.4317993323
117.152283 1.4451722304
124.006884 1.44109670321
130.910467 1.42810797691
137.714627 1.42470868429
144.635841 1.42473467191
151.541108 1.43578100204
158.412782 1.43292570114
165.283752 1.43019636472
172.021774 1.40759809812
178.945558 1.42602642377
185.730487 1.41257007917
192.551525 1.43059770266
199.488928 1.44392601649
206.310108 1.44498840968
213.264838 1.42603206635
220.052978 1.414432923
226.807076 1.41143194834
233.644865 1.42918364207
240.485343 1.42473824819
247.387544 1.42963194847
254.192475 1.41678190231
261.029704 1.43387365341
267.850764 1.43337861697
274.638965 1.4230167071
281.69325 1.43247866631
288.549063 1.42124970754
295.452942 1.45846803983
302.307272 1.42107431094
309.077994 1.41981538137
316.086051 1.42777125041
322.904145 1.42318034172
329.794539 1.46002737681
336.563117 1.41825238864
343.500828 1.45868825912
350.475463 1.44100999832
357.376903 1.45712033908
364.166872 1.41554697355
371.102601 1.44267439842
377.940269 1.42843357722
384.944682 1.44698635737
391.799989 1.4310807387
398.653764 1.43635598818
405.492271 1.44244972865
412.346823 1.43533730507
419.201139 1.40573263168
426.072807 1.44511691729
432.86003 1.41163126628
439.614689 1.41364161174
446.436935 1.43726762136
453.42428 1.43880367279
460.244554 1.42563827833
467.066233 1.42797803879
473.887249 1.42911465963
480.708724 1.42580111821
487.612982 1.4191087087
494.518062 1.4575650692
501.355751 1.4382177194
508.276371 1.4475089709
515.098255 1.43542702993
522.019392 1.44213740031
528.873491 1.42712171872
535.678272 1.418582201
542.515252 1.43192458153
549.287128 1.42950797081
556.309225 1.44078063965
563.212398 1.44153300921
570.01775 1.43412065506
576.955153 1.43545571963
583.775944 1.42732262611
590.797921 1.44200801849
597.719126 1.44002795219
604.557434 1.44297337532
611.361279 1.4265832901
618.266303 1.44730528196
625.337323 1.42048199972
632.291794 1.45878569285
639.130448 1.42561562856
645.934527 1.42509396871
652.771752 1.43264524142
659.776823 1.43632435799
666.683755 1.45929042498
673.422045 1.4169836839
680.189853 1.42418289185
687.061094 1.42449267705
694.033323 1.45130976041
700.854166 1.41696095467
707.65807 1.41952244441
714.429163 1.42124668757
721.168216 1.40591835976
728.121623 1.43184065819
734.926544 1.42684984207
741.664332 1.41842269897
748.502465 1.43196972211
755.339876 1.43579729398
762.294318 1.42752369245
769.14868 1.4300403595
776.019875 1.44534897804
782.792134 1.43126575152
789.545294 1.42876299222
796.53453 1.44607202212
803.304464 1.41970062256
810.143832 1.43371272087
816.847955 1.41044767698
823.602292 1.42376271884
830.572512 1.44409330686
837.411551 1.43321561813
844.249536 1.42924833298
851.071079 1.44448463122
857.908249 1.42923204104
864.797663 1.4277536869
871.6168 1.42581677437
878.471126 1.44218929609
885.308518 1.4211529096
892.080247 1.41817967097
898.935078 1.41329868635
905.822378 1.4343316555
912.728339 1.45807703336
919.598826 1.45553541183
926.303612 1.41893601418
933.207499 1.42400495211
940.078542 1.43797564507
946.966476 1.44199903806
953.804055 1.43715159098
960.577936 1.42061360677
967.632177 1.4529209137
974.434773 1.43227267265
981.272354 1.43298530579
988.026794 1.40926829974
994.78225 1.41639232635
1001.721137 1.43119708697
1008.590825 1.43393031756
1015.462468 1.44796236356
1022.283601 1.42835172017
1029.071852 1.4262389342
1036.125899 1.43983960152
1043.047053 1.44317173958
1049.852694 1.43427379926
1056.642755 1.4205066363
1063.393762 1.41675957044
1070.333448 1.40530625979
1077.152763 1.43750969569
1084.007128 1.43030699094
1090.811772 1.4351653258
1097.632814 1.44290304184
1104.607277 1.44416133563
1111.441743 1.42422095935
1118.146802 1.40766398112
1125.001321 1.43669660886
1131.805795 1.43405572573
1138.643806 1.40743025144
1145.364269 1.40939092636
1152.219747 1.43624766668
1159.041035 1.44214773178
1165.812098 1.42315737406
1172.699387 1.41319696109
1179.503955 1.43176801999
1186.358167 1.42150259018
1193.166821 1.41155441602
1199.950527 1.43039234479
1206.858561 1.43173774083
1213.675853 1.42680660884
1220.447944 1.40960439046
1227.185328 1.41741863887
1233.973097 1.42677195867
1240.860597 1.41625364621
1247.648734 1.41765276591
1254.489841 1.43314035734
1261.274656 1.4395485719
1268.146812 1.43998996417
1275.066622 1.42953268687
1281.904788 1.41469430923
1288.726995 1.44352595011
1295.514621 1.42976967494
1302.301226 1.42321721713
1309.309531 1.43683401744
1316.110412 1.42287898064
1322.948492 1.4389313062
1329.753952 1.43344736099
1336.540463 1.42928798993
1343.429817 1.41566467285
1350.267327 1.43810049693
1357.054405 1.4344745477
1363.775992 1.40346288681
1370.579983 1.43597626686
1377.552295 1.44179828962
1384.340094 1.43000205358
1391.21078 1.43581525485
1398.034869 1.42695299784
1404.85393 1.41910831134
1411.757533 1.42998298009
1418.645005 1.45811136564
1425.468529 1.44827326139
1432.287829 1.43031334877
1438.991477 1.40970905622
1445.912967 1.43896094958
1452.700964 1.43198625247
1459.47344 1.41363239288
1466.260788 1.4336977005
1473.13386 1.44608839353
1480.05192 1.43093268077
1486.874362 1.43328205744
1493.597522 1.41431109111
1500.398952 1.42389265696
1507.203599 1.42774693171
1514.225499 1.44750928879
1521.03009 1.42739868164
1527.817476 1.41680471102
1534.541932 1.41025773684
1541.359126 1.43501329422
1548.280678 1.42071700096
1555.168974 1.43272431691
1561.990409 1.42759132385
1568.810988 1.44566766421
1575.615159 1.43728288015
1582.52335 1.41452995936
1589.341598 1.42264938354
1596.146157 1.43502370516
1602.884918 1.41554896037
1609.705409 1.43223730723
1616.643221 1.42859927813
1623.364004 1.41295560201
1630.11957 1.43187030156
1636.889955 1.43816502889
1643.627596 1.41436370214
1650.599363 1.43372035027
1657.386542 1.41808104515
1664.274353 1.44914889336
1671.012923 1.40598567327
1677.784243 1.41263993581
1684.671086 1.4318985939
1691.626638 1.45276268323
1698.413879 1.42411573728
1705.20238 1.41017341614
1712.006226 1.42788736025
1719.04406 1.44971100489
1725.814862 1.426110665
1732.570115 1.41934402784
1739.524425 1.45618589719
1746.344475 1.4414147536
1753.282482 1.4301870664
1759.954371 1.39784200986
1766.808941 1.42230637868
1773.630011 1.41857727369
1780.518047 1.4278626442
1787.539196 1.42575804392
1794.3603 1.43003368378
1801.233553 1.43697428703
1808.086778 1.43237924576
1815.00708 1.45696838697
1822.062568 1.44982330004
1828.866533 1.41790405909
1835.787104 1.44101428986
1842.643442 1.45254532496
1849.56358 1.45310974121
1856.634923 1.42523097992
1863.472872 1.44390368462
1870.230927 1.41687305768
1877.098175 1.43131097158
1883.936963 1.43982299169
1890.908582 1.43150099119
1897.829429 1.45251003901
1904.667044 1.44923822085
1911.537742 1.42845869064
1918.325786 1.43730433782
1925.363675 1.43428770701
1932.219628 1.43884094556
1938.972637 1.41438492139
1945.727217 1.41376535098
1952.547851 1.41869163513
1959.569684 1.42779962222
1966.375089 1.42966977755
1973.215057 1.43165977796
1980.001478 1.41643865903
1986.837173 1.42518965403
1993.95839 1.43567037582
2000.812989 1.43995173772
2007.701905 1.4354224205
2014.555356 1.42863289515
2021.393595 1.43348169327
2028.348262 1.41129199664
2035.169381 1.41946466764
2042.02398 1.43447232246
2048.845832 1.42165366809
2055.716548 1.45323204994
2062.808532 1.43107962608
2069.575491 1.41768066088
2076.313276 1.41165304184
2083.117391 1.41957966487
2090.03878 1.44083929062
2097.063211 1.43576431274
2103.981524 1.44521999359
2110.703083 1.42092005412
2117.540769 1.43777736028
2124.413661 1.44678997993
2131.499788 1.43975265821
2138.206643 1.41040341059
2144.99253 1.43116704623
2151.879972 1.43869662285
2158.667946 1.41514102618
2165.571854 1.42289765676
2172.360655 1.42433897654
2179.231526 1.43682535489
2186.052651 1.43443600337
2192.857665 1.43921224276
2199.878663 1.43488335609
2206.701052 1.41894841194
2213.488337 1.42512265841
2220.211946 1.42496371269
2226.978982 1.41600426038
2233.971067 1.42437895139
2240.875531 1.44115900993
2247.660607 1.43629535039
2254.415151 1.41616098086
2261.236147 1.43588225047
2268.223166 1.41792066892
2275.013285 1.43168854713
2281.816957 1.42877395948
2288.670443 1.43479998906
2295.509783 1.43061280251
2302.495897 1.42955636978
2309.250862 1.40335416794
2316.104797 1.43320234617
2322.876393 1.43504126867
2329.748322 1.436429739
2336.80305 1.44091773033
2343.590229 1.43238131205
2350.377532 1.41834727923
2357.132565 1.42605368296
2363.970206 1.41510891914
2371.041299 1.45297233264
2377.930103 1.42914454142
2384.850824 1.43955230713
2391.655191 1.44110631943
2398.476792 1.43166136742
2405.498386 1.43229707082
2412.268818 1.42466171583
2419.040528 1.42489441236
2425.795028 1.43325527509
2432.582498 1.42755993207
2439.653951 1.4551012516
2446.492162 1.44055493673
2453.27928 1.42819388707
2460.151265 1.43222101529
2467.055206 1.45168034236
2474.1768 1.44796268145
2480.998017 1.43779659271
2487.835653 1.43698008855
2494.640029 1.43437830607
2501.427751 1.42502903938
2508.48249 1.43252571424
2515.254801 1.42068839073
2522.04155 1.43000801404
2528.946037 1.44693168004
2535.700855 1.41493105888
2542.722572 1.43686056137
2549.526892 1.42382534345
2556.331241 1.43127528826
2563.135041 1.42324844996
2569.890059 1.42207829158
2576.911628 1.43973398209
2583.716248 1.4338666598
2590.504065 1.42745367686
2597.393 1.42712799708
2604.178853 1.42870195707
2611.200547 1.42807555199
2618.05481 1.43458104134
2624.875515 1.44913895925
2631.73116 1.44710111618
2638.570906 1.43078962962
2645.589282 1.43050901095
2652.411193 1.442309618
2659.215798 1.42513298988
2666.036096 1.43300271034
2672.841038 1.43525107702
2679.862538 1.42395464579
2686.650387 1.43167511622
2693.438445 1.41882268588
2700.242908 1.42942070961
2707.063654 1.43668826421
2713.969368 1.41933663686
2720.789575 1.43587096532
2727.529959 1.42329931259
2734.31521 1.43255360921
2741.153474 1.44579362869
2748.257558 1.44936037064
2755.062961 1.44446969032
2761.933649 1.44747257233
2768.787826 1.44003431002
2775.594433 1.44455798467
2782.646642 1.42522660891
2789.502087 1.44486697515
2796.323456 1.44792604446
2803.09369 1.42432959874
2809.864544 1.4166533947
2816.835896 1.4307539463
2823.690632 1.42452470462
2830.479292 1.43591332436
2837.283689 1.43912196159
2844.071107 1.42442520459
2851.025676 1.42991336187
2857.796932 1.41377909978
2864.65168 1.44124396642
2871.423084 1.4347644647
2878.277048 1.43676265081
2885.364511 1.4340309302
2892.169477 1.43131097158
2898.957344 1.42511796951
2905.745716 1.4399933815
2912.518639 1.41533994675
2919.571658 1.43195597331
2926.342528 1.42287063599
2933.180527 1.43140101433
2939.984799 1.41917204857
2946.942637 1.47674767176
2954.027342 1.43411604563
2960.91537 1.43592627843
2967.736283 1.44461743037
2974.524156 1.42383869489
2981.428296 1.4408036073
2988.416546 1.44954101245
2995.271977 1.43906561534
3002.046064 1.43034831683
3008.930582 1.43013262749
3015.738351 1.43277859688
3022.805609 1.44419733683
3029.577081 1.42934036255
3036.398426 1.42481931051
3043.186584 1.42371670405
3050.207784 1.43622867266
3057.245302 1.43349973361
3064.116341 1.43991835912
3070.904213 1.43962534269
3077.758955 1.43998424212
3084.546956 1.418014129
3091.569623 1.42213273048
3098.422799 1.4458176295
3105.243904 1.43586858114
3112.082125 1.43465868632
3118.902996 1.42757336299
3125.923901 1.43487501144
3132.695231 1.41198070844
3139.566474 1.45307302475
3146.506997 1.44108176231
3153.408733 1.48712603251
3160.430263 1.42055527369
3167.318494 1.44925173124
3174.122868 1.44176165263
3180.860422 1.41956567764
3187.664883 1.41060058276
3194.719099 1.43981599808
3201.47459 1.41556135813
3208.265794 1.43241127332
3215.066655 1.42164436976
3221.871644 1.42811004321
3228.891922 1.41333293915
3235.663651 1.43356331189
3242.521647 1.44288365046
3249.256911 1.42664734523
3256.110783 1.43444140752
3263.151037 1.43721636136
3269.952854 1.42683164279
3276.743211 1.4223306179
3283.661979 1.45476365089
3290.551272 1.43742458026
3297.620866 1.41675305367
3304.375668 1.40827759107
3311.314298 1.45113897324
3318.103151 1.42403841019
3324.872243 1.42062664032
3331.876622 1.41468167305
3338.615778 1.4261666139
3345.40326 1.42697405815
3352.307317 1.44644244512
3359.16202 1.43545365334
3366.282833 1.44919308027
3373.087986 1.43539857864
3379.942392 1.44272263845
3386.713048 1.41632040342
3393.483871 1.43180735906
3400.457077 1.42162736257
3407.276933 1.43987504641
3414.181354 1.4370777607
3420.969652 1.42781162262
3427.707099 1.42828861872
3434.898797 1.4452457428
3441.750249 1.42940274874
3448.587503 1.43338902791
3455.459147 1.43195724487
3462.364769 1.43904940287
3469.467837 1.45473162333
3476.322396 1.440716664
3483.110138 1.41315770149
3489.9984 1.43468101819
3496.836524 1.42890532811
3503.924427 1.43804502487
3510.782 1.4442144235
3517.650009 1.43687065442
3524.454806 1.43812799454
3531.291841 1.42839074135
3538.430382 1.45231175423
3545.25212 1.43033878009
3552.089407 1.44946964582
3558.945325 1.4253226916
3565.798551 1.43159906069
3572.786936 1.42080704371
3579.540945 1.42577870687
3586.382022 1.43414672216
3593.233307 1.43645334244
3599.937844 1.39546767871
3606.99299 1.4432322979
3613.796925 1.42217230797
3620.653604 1.43845939636
3627.557465 1.45272191366
3634.345467 1.4328139623
3641.38246 1.43893798192
3648.269203 1.44224294027
3655.157559 1.43732968966
3661.978777 1.44923027356
3668.816303 1.42711639404
3675.838167 1.43880867958
3682.692417 1.45496161779
3689.530227 1.45410768191
3696.351813 1.42882005374
3703.072044 1.41520436605
3710.178005 1.43375364939
3716.965291 1.42208941778
3723.685673 1.40311495463
3730.491761 1.43535931905
3737.298873 1.42902437846
3744.233243 1.4224515756
3751.037011 1.43236430486
3757.759552 1.41314458847
3764.613258 1.43965196609
3771.434869 1.42359463374
3778.555307 1.44713226954
3785.410192 1.43788464864
3792.314882 1.44548972448
3799.202227 1.44522070885
3806.04081 1.41528105736
3812.977908 1.41506393751
3819.833665 1.42042827606
3826.721585 1.46480067571
3833.559211 1.43054699898
3840.346899 1.43102502823
3847.318949 1.42453495661
3854.122328 1.42154828707
3860.995259 1.44356163343
3867.831886 1.43467696508
3874.686371 1.42028276126
3881.740748 1.4483423233
3888.578164 1.43369539579
3895.43353 1.44455297788
3902.286949 1.42973399162
3909.009545 1.42687265078
3916.047286 1.42722002665
3922.934671 1.45160230001
3929.68971 1.42253565788
3936.560215 1.44926023483
3943.398603 1.43095827103
3950.35624 1.42151506742
3957.291099 1.43444577853
3964.112216 1.42925596237
3970.916497 1.4405122598
3977.671052 1.42139705022
3984.725374 1.43267639478
3991.495909 1.42823306719
3998.334331 1.43827406565
4005.174385 1.4393676122
4012.013715 1.42759227753
4019.081701 1.43281300863
4025.905772 1.42746273677
4032.807213 1.4547970295
4039.727836 1.4526664416
4046.500359 1.41829013824
4053.537804 1.43531831106
4060.394219 1.44013524055
4067.213208 1.43126805623
4074.01798 1.42471202215
4080.805873 1.42543268204
4087.794008 1.43263705571
4094.698263 1.44756730398
4101.453215 1.41451740265
4108.24044 1.41878263156
4114.99516 1.39955957731
4122.050524 1.42741497358
4128.9042 1.43956891696
4135.742104 1.43422897657
4142.596469 1.44392609596
4149.385349 1.43329707781
4156.356117 1.41269731522
4163.178583 1.43810923894
4169.964503 1.42498993874
4176.78633 1.43940138817
4183.539863 1.41484236717
4190.612267 1.43412033717
4197.449273 1.43130135536
4204.320186 1.43393826485
4211.10809 1.43169633547
4217.963016 1.43671560287
4225.036254 1.43191806475
4231.922541 1.45127741496
4238.727385 1.43733962377
4245.598012 1.43502267202
4252.421614 1.42613037427
4259.490517 1.41081929207
4266.261876 1.42174696922
4273.099022 1.44070442518
4279.873712 1.43149201075
4286.6912 1.43482398987
4293.681331 1.42406463623
4300.567905 1.44346721967
4307.371814 1.43050813675
4314.259981 1.4445699056
4321.131302 1.45927158991
4328.302296 1.45564500491
4335.107722 1.4355700016
4341.894479 1.41749167442
4348.665629 1.42463294665
4355.420242 1.42135866483
4362.558843 1.44381403923
4369.329334 1.41366108259
4376.184162 1.42436472575
4382.989344 1.42532173793
4389.826767 1.44187529882
4396.98158 1.44820467631
4403.786073 1.43262298902
4410.607381 1.43514458338
4417.378319 1.42587693532
4424.183953 1.4233276844
4431.237832 1.43404769897
4438.2085 1.48945665359
4445.046872 1.44450465838
4451.884331 1.42621421814
4458.839324 1.45026898384
4465.977186 1.43468062083
4472.831761 1.4485976696
4479.702542 1.43714523315
4486.506906 1.43424701691
4493.361675 1.43710764249
4500.466992 1.4461924235
4507.274229 1.42865498861
4514.07601 1.44184660912
4520.97978 1.44745564461
4527.835173 1.43281372388
4534.955757 1.43851733208
4541.730833 1.4296096166
4548.515038 1.42614634832
4555.30245 1.42892924945
4562.177678 1.44507336617
4569.245721 1.43690999349
4576.066437 1.41568398476
4582.903904 1.42923172315
4589.692936 1.42668588956
4596.463581 1.42895666758
4603.568455 1.41385698318
4610.423061 1.42501274745
4617.210029 1.4226149718
4624.048035 1.44157799085
4630.93732 1.4341583252
4638.007392 1.42139609655
4644.831682 1.43187697728
4651.699217 1.42892495791
4658.504452 1.42044170698
4665.462619 1.45026628176
4672.51288 1.42297800382
4679.335038 1.43968367577
4686.107313 1.41436004639
4692.860665 1.40781013171
4699.665103 1.41781584422
4706.76944 1.4281659921
4713.723985 1.44444807371
4720.611936 1.44190565745
4727.351058 1.40896733602
4734.121555 1.41108202934
4741.276483 1.43854904175
4748.096807 1.43481294314
4754.884716 1.41893267632
4761.638911 1.41425339381
4768.427606 1.4336086909
4775.548254 1.43504436811
4782.354013 1.41774837176
4789.207652 1.43388064702
4796.111651 1.44238893191
4802.899677 1.42798193296
4810.088013 1.43370302518
4817.041801 1.44578591983
4823.863672 1.42984135946
4830.738652 1.43520124753
4837.657102 1.43894743919
4844.793907 1.42931000392
4851.59848 1.42925834656
4858.369695 1.42682631811
4865.307886 1.43168099721
4872.211953 1.44517095884
4879.41739 1.42866214116
4886.290065 1.41541139285
4893.109618 1.44978562991
4899.965582 1.43720261256
4906.884831 1.45691434542
4913.839198 1.40394393603
4920.678204 1.42974297206
4927.515309 1.4455335935
4934.387286 1.4390039444
4941.307477 1.43919698397
4948.495991 1.44166858991
4955.333992 1.43194293976
4962.12213 1.42329398791
4968.942778 1.43126328786
4975.89758 1.45755704244
4982.936203 1.41114338239
4989.8566 1.45668800672
4996.67792 1.43808992704
5003.499045 1.42386484146
5010.455363 1.44368131955
5017.561661 1.42388900121
5024.446668 1.42995317777
5031.283858 1.43470668793
5038.122085 1.42222936948
5044.942773 1.42986265818
5051.981436 1.432533741
5058.90302 1.45619797707
5065.794013 1.46143563588
5072.629008 1.43632300695
5079.499301 1.44881923993
5086.555072 1.43272638321
5093.442505 1.44493770599
5100.380615 1.45322171847
5107.184333 1.43562801679
5114.038629 1.44613138835
5121.110179 1.42452041308
5127.982833 1.43071961403
5134.768599 1.42033863068
5141.640286 1.44381936391
5148.495007 1.43832437197
5155.549306 1.42567022641
5162.370654 1.43181395531
5169.175882 1.43749968211
5176.047013 1.44429596265
5182.86844 1.41868162155
5189.955007 1.43619736036
5196.82743 1.44046560923
5203.614233 1.41678937276
5210.520025 1.43965800603
5217.306832 1.41847896576
5224.345315 1.42283638318
5231.166468 1.41066233317
5237.920264 1.41842254003
5244.776278 1.44451276461
5251.66384 1.43363364538
5258.683959 1.41064357758
5265.539125 1.44975399971
5272.427135 1.42680462201
5279.19829 1.41972096761
5286.00285 1.43813077609
5293.09053 1.42324097951
5299.945107 1.45266739527
5306.733534 1.41025710106
5313.45423 1.4073390166
5320.191348 1.41869695981
5327.129378 1.40486764908
5333.917753 1.41690802574
5340.739276 1.43039107323
5347.610051 1.43816637993
5354.497359 1.43957535426
5361.602413 1.41208171844
5368.393549 1.42143591245
5375.194946 1.44295072556
5381.949392 1.42216332753
5388.871267 1.43439793587
5395.975138 1.43466091156
5402.766907 1.43453796705
5409.650964 1.45183499654
5416.50542 1.44915175438
5423.277082 1.42376836141
5430.450385 1.44292100271
5437.252458 1.42059199015
5444.024061 1.43099967639
5450.878427 1.44005513191
5457.683029 1.41172703107
5464.737228 1.4216949145
5471.52477 1.432198445
5478.313681 1.4234503905
5485.183853 1.45527895292
5492.0053 1.43395439784
5499.177278 1.43687772751
5506.064684 1.43922964732
5512.952651 1.4425163269
5519.690533 1.42347693443
5526.512165 1.42109672228
5533.633735 1.43617852529
5540.503709 1.45243597031
5547.392005 1.43696872393
5554.263682 1.42638699214
5561.200636 1.45163075129
5568.355944 1.44157663981
5575.160112 1.43324740728
5581.998559 1.4429500103
5588.769334 1.4197233518
5595.590841 1.43247493108
5602.679047 1.44067533811
5609.501557 1.43139092127
5616.371521 1.4387456576
5623.142302 1.42325027784
5629.950354 1.43292355537
5637.185326 1.44527657827
5644.005879 1.44859059652
5650.827085 1.42262029648
5657.631061 1.42357301712
5664.420757 1.43293436368
5671.55905 1.44598396619
5678.398737 1.43052530289
5685.200282 1.41802334785
5692.038315 1.4399579366
5698.875348 1.42537784576
5705.996453 1.4362042745
5712.784936 1.42457461357
5719.573342 1.42947467168
5726.360302 1.41241296132
5733.198283 1.42635798454
5740.253576 1.4168852965
5747.107699 1.43920667966
5753.861803 1.41760571798
5760.632569 1.42171978951
5767.454359 1.43515777588
5774.542129 1.41732668877
5781.347156 1.41808565458
5788.334569 1.44811606407
5795.222462 1.4470132192
5802.060756 1.42230137189
5809.082453 1.42901396751
5816.022486 1.45409830411
5822.841666 1.41431069374
5829.679797 1.43142986298
5836.601849 1.43760967255
5843.722519 1.42867008845
5850.479372 1.4265370369
5857.363181 1.43812568982
5864.252015 1.44413836797
5871.156261 1.43188095093
5878.177644 1.41674129168
5885.118919 1.45401565234
5891.937053 1.41433660189
5898.775418 1.43660163879
5905.579881 1.43363865217
5912.668097 1.42379307747
5919.471465 1.4230556488
5926.192316 1.40746370951
5932.963866 1.42678538958
5939.768342 1.42064595222
5946.990112 1.44845835368
5953.760997 1.40904164314
5960.598333 1.43914794922
5967.437475 1.44057567914
5974.341518 1.42990700404
5981.429246 1.43360280991
5988.200572 1.43660457929
5995.121978 1.44049366315
6001.925852 1.42876036962
6008.649947 1.40765706698
6015.618396 1.41620437304
6022.506393 1.43723297119
6029.411258 1.44626967112
6036.249141 1.44099171956
6043.103343 1.43448893229
6050.224828 1.43692970276
6057.079605 1.4365003109
6063.884576 1.42558662097
6070.671749 1.41656263669
6077.543033 1.44722803434
6084.663774 1.43405159314
6091.602259 1.44684489568
6098.423067 1.4182536602
6105.2783 1.43559765816
6112.065393 1.42539930344
6119.204812 1.43143010139
6126.074862 1.46256868045
6132.946244 1.45319636663
6139.700627 1.41868019104
6146.522847 1.43507496516
6153.680587 1.43315196037
6160.497631 1.44201429685
6167.26912 1.42267839114
6174.123927 1.44075377782
6181.027313 1.4545220534
6188.182617 1.42546105385
6195.037516 1.42953594526
6201.961745 1.4349386692
6208.713133 1.42225639025
6215.633823 1.45489033063
6222.689244 1.43665663401
6229.510429 1.43938032786
6236.349989 1.42498397827
6243.185406 1.42305231094
6249.990241 1.43103877703
6257.127718 1.44895378749
6263.949886 1.44203837713
6270.703317 1.41871595383
6277.541922 1.44495860736
6284.396335 1.44593429565
6291.370564 1.43821295102
6298.17143 1.41538794835
6305.026014 1.44738674164
6311.830609 1.41869703929
6318.752256 1.45442326864
6325.925021 1.44169330597
6332.745003 1.4354569912
6339.532339 1.42122602463
6346.271358 1.41911077499
6353.14134 1.431924661
6360.21272 1.46097699801
6367.101057 1.44181203842
6373.805213 1.41749095917
6380.643715 1.44465168317
6387.497731 1.42826962471
6394.635142 1.42809232076
6401.490409 1.43038725853
6408.327794 1.43653933207
6415.082812 1.42309125264
6421.936576 1.44051122665
6428.975181 1.41944630941
6435.862754 1.44398490588
6442.667203 1.43801903725
6449.538442 1.44317468007
6456.410477 1.43548790614
6463.548527 1.44340745608
6470.437471 1.4410340786
6477.223886 1.41360139847
6484.113215 1.44673061371
6491.033223 1.43914397558
6498.004463 1.42028164864
6504.742541 1.42298499743
6511.546694 1.43984603882
6518.334573 1.42028363546
6525.138452 1.43021869659
6532.259663 1.43234904607
6539.04706 1.42435177167
6545.919721 1.42851789792
6552.724127 1.43877045314
6559.76309 1.49081969261
6566.784098 1.43096033732
6573.620966 1.43946202596
6580.45889 1.44566837947
6587.313294 1.43133362134
6594.117701 1.42761731148
6601.256002 1.4320286115
6608.026799 1.41804329554
6614.881989 1.4374786218
6621.737008 1.44219621023
6628.507558 1.42586994171
6635.563386 1.43754140536
6642.349448 1.41785534223
6649.153891 1.43230978648
6655.992406 1.44173312187
6662.81298 1.42261362076
6669.918189 1.4257513682
6676.772324 1.43544395765
6683.643014 1.44738658269
6690.432013 1.4308479627
6697.219661 1.43435494105
6704.306794 1.44493039449
6711.145034 1.43471630414
6717.966182 1.44038375219
6724.757859 1.42416469256
6731.575422 1.43004671733
6738.596419 1.41496133804
6745.384427 1.43621365229
6752.188555 1.42368300756
6759.009712 1.43402369817
6765.864909 1.43561466535
6773.035993 1.44275824229
6779.874043 1.44022766749
6786.711687 1.44328395526
6793.582865 1.43030428886
6800.337975 1.42365900675
6807.442023 1.43770647049
6814.297257 1.43266495069
6821.101241 1.43087204297
6827.972084 1.44959330559
6834.810808 1.42419759432
6841.915089 1.42543530464
6848.735909 1.42181007067
6855.524774 1.42637133598
6862.378349 1.43696665764
6869.316527 1.44706169764
6876.522483 1.45304862658
6883.377057 1.42913365364
6890.264814 1.44275474548
6897.052557 1.4253830115
6903.906437 1.43781820933
6911.059988 1.44680666924
6917.865733 1.41913175583
6924.753697 1.43666132291
6931.573959 1.44442033768
6938.445358 1.44012292226
6945.649911 1.43374037743
6952.488472 1.42740694682
6959.292687 1.44612558683
6966.064075 1.42293270429
6972.901137 1.44607297579
6980.005816 1.44337129593
6986.826882 1.41796207428
6993.581889 1.43315927188
7000.369961 1.4195210139
7007.15782 1.41847205162
7014.328717 1.44081425667
7021.183797 1.43668524424
7028.105022 1.45677828789
7034.925504 1.42967923482
7041.733622 1.43605264028
7048.851933 1.42791700363
7055.724105 1.46395333608
7062.56096 1.43226130803
7069.399756 1.42753529549
7076.203134 1.43163235982
7083.391571 1.43476223946
7090.262883 1.43090327581
7097.21791 1.4792192777
7104.037917 1.44521331787
7110.910192 1.44860267639
7118.049491 1.4378083547
7124.918075 1.42172074318
7131.673875 1.42636863391
7138.494944 1.4360853831
7145.381919 1.44468530019
7152.603664 1.41998807589
7159.424859 1.43764472008
7166.345777 1.44227774938
7173.134113 1.41793473562
7179.955447 1.43166001638
7187.143827 1.43055621783
7193.98134 1.43597133954
7200.819206 1.44944969813
