2.808621 0.923244953156
5.360631 0.824635982513
7.957093 0.804172992706
10.548623 0.850239038467
13.082253 0.803516149521
15.64786 0.821486949921
18.201148 0.83394408226
20.805312 0.862022161484
23.389288 0.81817317009
26.004528 0.876348972321
28.776185 0.862512111664
31.332119 0.805647134781
34.052714 0.801400899887
36.610667 0.802455186844
39.289439 0.912855148315
41.92507 0.897887945175
44.457326 0.797142982483
47.015712 0.814249992371
49.609699 0.829092025757
52.161447 0.810945034027
54.726644 0.821703910828
57.309969 0.825773954391
59.906092 0.854171991348
62.499146 0.818175077438
65.315629 0.816090106964
67.90874 0.827413082123
70.509135 0.82475399971
73.076845 0.825060129166
75.756912 0.905414104462
78.422028 0.90284204483
81.012742 0.841324090958
83.606076 0.852728128433
86.163531 0.809435129166
88.74088 0.840716838837
91.344443 0.839873075485
93.972031 0.858695030212
96.722936 0.807569026947
99.255702 0.791156053543
101.857528 0.862964868546
104.389603 0.803576946259
107.074441 0.902760982513
109.687975 0.873126029968
112.246567 0.808144807816
114.839401 0.842406988144
117.422101 0.839291810989
119.989899 0.815539121628
122.522151 0.818081140518
125.173626 0.894863843918
127.956766 0.83668088913
130.539136 0.841902971268
133.105672 0.853227138519
135.756734 0.922455072403
138.310547 0.814257860184
140.905534 0.86411690712
143.472472 0.804342031479
146.056176 0.818687915802
148.625719 0.810083866119
151.305541 0.915533065796
153.889675 0.82720208168
156.443897 0.827506065369
159.234325 0.817873954773
161.820508 0.851777791977
164.388903 0.830819129944
166.907786 0.801463127136
169.473135 0.823437929153
171.970688 0.777081012726
174.532244 0.807895898819
177.111282 0.8157081604
179.654855 0.818175077438
182.210504 0.817350149155
184.786315 0.848989009857
187.305994 0.801974058151
190.127158 0.864593029022
192.794127 0.931409835815
195.469059 0.887428998947
198.009915 0.798527002335
200.589223 0.813077926636
203.161947 0.827561855316
205.739462 0.829324960709
208.308469 0.825549125671
210.860712 0.81055521965
213.421236 0.829398155212
216.016844 0.831955909729
218.628236 0.875705003738
221.486887 0.892495155334
224.055645 0.815332889557
226.707021 0.877966880798
229.287346 0.855924129486
231.837095 0.800208806992
234.383293 0.813781023026
236.926127 0.825907945633
239.472206 0.802037000656
242.093923 0.846106052399
244.663463 0.809762954712
247.258742 0.849565982819
249.846922 0.843199968338
252.604671 0.804259777069
255.159434 0.815582990646
257.710311 0.813241004944
260.271907 0.830858945847
262.837209 0.805881977081
265.379996 0.813069820404
267.961059 0.840043783188
270.525306 0.822698116302
273.069269 0.802961826324
275.604317 0.806468963623
278.172061 0.827290058136
280.753447 0.840267896652
283.524994 0.816560029984
286.219988 0.887511968613
288.827962 0.813961982727
291.421262 0.81587600708
294.0007 0.813888072968
296.581052 0.829910039902
299.122666 0.80748295784
301.71948 0.849223136902
304.286181 0.827786922455
306.888209 0.850066900253
309.472632 0.810951948166
312.087788 0.862816810608
314.86596 0.799478054047
317.46665 0.811754226685
320.068616 0.817580938339
322.656429 0.82706284523
325.223647 0.800174951553
327.770397 0.814922094345
330.336168 0.828660011292
332.954054 0.88698220253
335.545766 0.855411052704
338.158529 0.838044166565
340.785401 0.861512899399
343.386098 0.824591875076
346.17288 0.857218980789
348.754587 0.846538066864
351.472422 0.893798828125
354.031554 0.835770845413
356.652926 0.816489934921
359.247392 0.849700927734
361.805632 0.808169126511
364.391414 0.823971986771
366.985833 0.815768957138
369.552763 0.827102184296
372.120447 0.816087007523
374.686783 0.833734989166
377.464594 0.81952881813
380.037456 0.834414958954
382.624761 0.807636022568
385.196295 0.820316076279
387.84983 0.788459777832
390.408257 0.82674407959
392.937154 0.800082921982
395.457707 0.799394130707
398.027376 0.80225610733
400.581988 0.811609983444
403.153561 0.817358016968
405.679085 0.809571027756
408.454479 0.821104049683
410.988716 0.803512096405
413.611036 0.866917133331
416.211106 0.853300094604
418.822477 0.826897144318
421.392127 0.826547861099
423.956809 0.810144901276
426.5176 0.816374063492
429.086654 0.830778121948
431.654565 0.836061000824
434.187741 0.807368040085
436.856017 0.925905942917
439.654868 0.803390979767
442.241028 0.833946943283
444.800885 0.837338924408
447.385836 0.83052110672
449.936843 0.807798862457
452.484749 0.815766096115
455.152598 0.900439977646
457.685879 0.795356988907
460.236833 0.828125953674
462.840749 0.856391906738
465.445361 0.830536842346
468.071531 0.862713098526
470.85335 0.849874973297
473.421214 0.823935985565
475.954051 0.802700996399
478.526645 0.829824209213
481.111694 0.822309017181
483.669107 0.800601959229
486.287772 0.886616945267
488.835253 0.815237998962
491.396542 0.827923059464
494.042709 0.891433954239
496.606358 0.827126026154
499.143833 0.806913852692
501.9016 0.830228090286
504.517706 0.852371931076
507.190188 0.872144937515
509.757533 0.825404882431
512.372271 0.834822893143
514.952262 0.81914806366
517.549885 0.817640781403
520.167364 0.854557037354
522.761565 0.811685800552
525.335022 0.822755813599
527.959434 0.850788116455
530.560187 0.868517160416
533.359305 0.821285963058
536.00085 0.897451877594
538.685046 0.896058082581
541.283625 0.839274168015
543.850307 0.826246976852
546.418023 0.80063700676
549.038191 0.833844900131
551.652122 0.852061033249
554.312804 0.901360034943
556.886634 0.818774938583
559.453293 0.802399158478
562.021159 0.803104162216
564.8306 0.814126968384
567.420659 0.829072952271
570.033733 0.862679958344
572.687153 0.884353876114
575.254687 0.827559947968
577.826209 0.818846940994
580.442379 0.830564022064
583.017521 0.825757026672
585.58583 0.812375068665
588.165542 0.85155916214
590.8541 0.912106990814
593.483911 0.863176107407
596.254124 0.82030081749
598.835079 0.849508047104
601.523732 0.916752099991
604.069817 0.825782060623
606.670271 0.813810110092
609.285992 0.867146968842
611.8573 0.82889509201
614.449593 0.852719068527
617.066937 0.865190029144
619.634817 0.81794500351
622.192311 0.819127082825
624.753049 0.824043035507
627.56606 0.817689180374
630.122692 0.820297002792
632.771078 0.914505958557
635.342159 0.819709062576
637.889031 0.808533906937
640.44048 0.816474914551
643.165883 0.94544506073
645.822905 0.909950017929
648.399085 0.820010185242
651.000445 0.8151679039
653.567961 0.816578865051
656.184142 0.852569103241
658.954058 0.827976226807
661.531912 0.846585988998
664.115066 0.850457906723
666.669172 0.797127008438
669.249544 0.802044868469
671.797718 0.829421043396
674.40142 0.839722156525
677.007145 0.832708835602
679.581812 0.810203075409
682.165447 0.815984010696
684.756004 0.82568693161
687.316846 0.819894075394
690.19146 0.885365962982
692.771471 0.815528869629
695.316237 0.803941965103
697.849596 0.804394960403
700.437338 0.827030181885
703.016985 0.822329998016
705.586185 0.827847003937
708.157199 0.812879085541
710.797137 0.875874996185
713.367165 0.806761026382
715.932485 0.816526889801
718.468698 0.795382022858
721.283554 0.816596031189
723.914134 0.854610204697
726.46613 0.804548978806
729.050674 0.80238199234
731.648487 0.825047969818
734.223683 0.831034898758
736.757295 0.808270215988
739.320103 0.83180809021
741.973084 0.888144016266
744.533745 0.804592132568
747.14845 0.821316003799
749.714321 0.818207979202
752.64913 0.920182943344
755.217822 0.826076984406
757.784684 0.813382863998
760.413456 0.848936080933
763.102027 0.909373998642
765.720798 0.887298107147
768.301015 0.798272848129
770.866664 0.796280145645
773.499274 0.826848983765
776.050503 0.800332069397
778.6251 0.816797971725
781.213801 0.815429210663
783.984897 0.829293012619
786.616038 0.8678150177
789.230948 0.813821077347
791.864193 0.872107982635
794.419552 0.798573970795
797.091268 0.892838001251
799.694979 0.83064699173
802.284176 0.813045978546
804.853721 0.832277774811
807.446392 0.837063074112
810.03378 0.80992102623
812.59009 0.812132120132
815.384358 0.800132036209
817.946896 0.830411911011
820.563918 0.843333005905
823.13 0.819671154022
825.721534 0.820042848587
828.300157 0.827706098557
830.865929 0.822129964828
833.41703 0.807094097137
836.020283 0.804188013077
838.593312 0.808642148972
841.165923 0.808220863342
843.747262 0.826122045517
846.529431 0.818918943405
849.101844 0.842706918716
851.67896 0.842458963394
854.264237 0.801399946213
856.881323 0.823621034622
859.401157 0.812732934952
861.996253 0.81560921669
864.596932 0.849244832993
867.172954 0.81673002243
869.747649 0.814543008804
872.330832 0.841142177582
874.923873 0.804935932159
877.735788 0.812154054642
880.319616 0.824949979782
882.879133 0.817775011063
885.432872 0.827883005142
888.045421 0.822108983994
890.602728 0.814818143845
893.328784 0.81786608696
895.886296 0.813113927841
898.491352 0.832159042358
901.04644 0.818293094635
903.636725 0.816463947296
906.198176 0.809060096741
909.041331 0.80980014801
911.600593 0.813857078552
914.168525 0.812431812286
916.750433 0.821801900864
919.329078 0.825112819672
921.863891 0.798722028732
924.416927 0.814306020737
926.964734 0.813585996628
929.531099 0.827733039856
932.217104 0.932671070099
934.777984 0.818427085876
937.353341 0.819993019104
940.127507 0.815551996231
942.715235 0.822317838669
945.284959 0.806035995483
947.879053 0.823348045349
950.48455 0.839066982269
953.053445 0.82814002037
955.697491 0.862948894501
958.23798 0.817997932434
960.795198 0.818072795868
963.361389 0.816465139389
965.977805 0.822417020798
968.563981 0.834624052048
971.459 0.887351036072
974.077502 0.819633960724
976.757568 0.911114931107
979.414736 0.91113615036
982.03206 0.851443052292
984.647398 0.853571891785
987.201394 0.812381029129
989.831798 0.874556064606
992.437037 0.827111959457
994.997349 0.809517145157
997.636542 0.868492841721
1000.316217 0.934186935425
1003.070763 0.818737983704
1005.661592 0.830930948257
1008.227279 0.814599990845
1010.793733 0.813527107239
1013.445312 0.860731124878
1016.034628 0.832394838333
1018.596505 0.80295920372
1021.169691 0.808501005173
1023.748205 0.806813001633
1026.345437 0.861468076706
1028.914083 0.809956073761
1031.503849 0.846862077713
1034.295634 0.806862831116
1036.862085 0.828985929489
1039.477241 0.851645946503
1042.066861 0.8260409832
1044.710012 0.853456020355
1047.276165 0.815953969955
1049.853201 0.823229074478
1052.534326 0.929986000061
1055.162095 0.852164030075
1057.801177 0.901103973389
1060.391231 0.808444023132
1062.945623 0.808315992355
1065.85089 0.893585920334
1068.45941 0.855581998825
1071.144429 0.9252140522
1073.713216 0.828905105591
1076.326898 0.821884155273
1078.880994 0.836551904678
1081.496936 0.799612998962
1084.056709 0.819281101227
1086.598066 0.826164007187
1089.143471 0.809147834778
1091.699304 0.802840948105
1094.277488 0.816180944443
1097.077262 0.852303028107
1099.729198 0.901032924652
1102.369443 0.840226173401
1104.910991 0.790009975433
1107.547659 0.870665073395
1110.129776 0.825872898102
1112.701367 0.83008313179
1115.264841 0.801654100418
1117.814673 0.817561864853
1120.368519 0.815215826035
1122.940429 0.831284999847
1125.513362 0.804913043976
1128.383211 0.837902784348
1130.979391 0.816554784775
1133.536708 0.809190034866
1136.077371 0.803746938705
1138.645002 0.829260110855
1141.226901 0.819048881531
1143.812478 0.811934947968
1146.405126 0.81787610054
1148.998186 0.828605890274
1151.579867 0.838562965393
1154.165647 0.82178902626
1156.72429 0.810786008835
1159.581766 0.827051877975
1162.226955 0.882035970688
1164.849623 0.854863166809
1167.409732 0.810931921005
1170.009098 0.824208974838
1172.626305 0.826023101807
1175.192001 0.817650794983
1177.777284 0.80495595932
1180.365462 0.812570095062
1182.979978 0.859721899033
1185.562227 0.814579963684
1188.142116 0.826471805573
1191.052565 0.904623985291
1193.617168 0.805670022964
1196.195788 0.814316987991
1198.744344 0.808265924454
1201.303556 0.814895868301
1203.8974 0.861652135849
1206.493841 0.84046792984
1209.06088 0.813536882401
1211.661813 0.8184030056
1214.235326 0.820199012756
1216.800255 0.802015066147
1219.389032 0.874556064606
1222.260871 0.895014047623
1224.865572 0.864912033081
1227.457537 0.817337989807
1230.01146 0.814733028412
1232.669669 0.906976938248
1235.258796 0.853697061539
1237.845108 0.824238061905
1240.413012 0.811570882797
1243.058389 0.889811038971
1245.625274 0.820050954819
1248.276096 0.853459119797
1250.843417 0.803353071213
1253.665043 0.842067956924
1256.278713 0.837384939194
1258.910479 0.881194829941
1261.50308 0.832043886185
1264.093718 0.806735038757
1266.683542 0.817286968231
1269.315565 0.854012012482
1271.892901 0.84089589119
1274.484483 0.816393136978
1277.042482 0.804447889328
1279.609087 0.803935050964
1282.163408 0.811986923218
1285.034664 0.866074085236
1287.60773 0.825705051422
1290.225105 0.848218202591
1292.784454 0.81711602211
1295.392948 0.819630861282
1298.000636 0.8478910923
1300.574054 0.80549120903
1303.192049 0.866907119751
1305.798847 0.833183050156
1308.398965 0.854341983795
1310.990126 0.855407953262
1313.599054 0.859097003937
1316.426265 0.806755065918
1319.090749 0.903010129929
1321.707125 0.818300962448
1324.249726 0.817210912704
1326.830434 0.816856861115
1329.411173 0.8189868927
1332.016676 0.808094978333
1334.691126 0.923122167587
1337.256616 0.802814006805
1339.858576 0.848480939865
1342.466372 0.816638946533
1345.126472 0.897005081177
1347.975287 0.806675195694
1350.528293 0.809504985809
1353.074655 0.814780950546
1355.674764 0.835709095001
1358.391141 0.945122003555
1361.000066 0.820811033249
1363.57588 0.827631950378
1366.141905 0.806082010269
1368.750845 0.833019971848
1371.444778 0.929498910904
1374.009987 0.801229953766
1376.590418 0.848410129547
1379.541556 0.886209964752
1382.126457 0.829669952393
1384.732409 0.81887793541
1387.349508 0.857442140579
1389.911965 0.817780017853
1392.589801 0.926327943802
1395.183104 0.83016204834
1397.743457 0.822449922562
1400.423298 0.8975918293
1403.083036 0.882524013519
1405.656552 0.805143117905
1408.219654 0.82320690155
1411.042795 0.893582820892
1413.61639 0.830950975418
1416.250032 0.849232912064
1418.841751 0.818952083588
1421.472731 0.852512836456
1424.074349 0.812800884247
1426.70084 0.844558954239
1429.276812 0.819441080093
1431.947407 0.911634922028
1434.532983 0.831043958664
1437.142329 0.812878847122
1439.729808 0.820330858231
1442.661932 0.923461914062
1445.304116 0.890522003174
1447.895887 0.837938070297
1450.47196 0.798829078674
1453.054884 0.813639879227
1455.58706 0.79095697403
1458.164594 0.835937976837
1460.891356 0.948716163635
1463.493632 0.846426963806
1466.112002 0.863928079605
1468.68558 0.822479009628
1471.236688 0.80753993988
1474.042393 0.813111066818
1476.672493 0.866058111191
1479.273468 0.812278985977
1481.820823 0.803317070007
1484.391128 0.818057060242
1486.983297 0.865555047989
1489.581265 0.835758924484
1492.137744 0.800005912781
1494.721939 0.816163063049
1497.273404 0.806256055832
1499.889976 0.863461017609
1502.523492 0.892883062363
1505.35406 0.81866312027
1508.005621 0.908493995667
1510.623133 0.856967926025
1513.222033 0.831660032272
1515.827189 0.830904006958
1518.395051 0.805035114288
1520.977621 0.821702957153
1523.508053 0.805417060852
1526.113895 0.809067964554
1528.690373 0.812987089157
1531.289931 0.820330858231
1533.853377 0.815994977951
1536.744873 0.817228078842
1539.325129 0.815420866013
1542.011257 0.904847860336
1544.561814 0.820104837418
1547.171335 0.816287994385
1549.741547 0.815548181534
1552.322694 0.809636831284
1554.939486 0.875665903091
1557.561378 0.854549884796
1560.156164 0.824467897415
1562.771002 0.825587034225
1565.380452 0.831236124039
1568.272096 0.80709195137
1570.856848 0.822887897491
1573.508621 0.911247968674
1576.090007 0.827361106873
1578.72151 0.815327882767
1581.363554 0.901346921921
1583.940651 0.83490896225
1586.506898 0.825901985168
1589.110243 0.821861982346
1591.731772 0.818247079849
1594.321789 0.840458154678
1596.907976 0.79998087883
1599.884881 0.843318939209
1602.453084 0.812771081924
1605.022395 0.826163053513
1607.580384 0.820797920227
1610.250216 0.89258980751
1612.839106 0.813301801682
1615.485774 0.886757850647
1618.069647 0.857733011246
1620.656251 0.820608139038
1623.252819 0.841690063477
1625.806706 0.812138080597
1628.374103 0.849108934402
1631.22195 0.8067278862
1633.810125 0.824305057526
1636.380926 0.827706098557
1638.936816 0.816914081573
1641.530042 0.820708990097
1644.153845 0.871012926102
1646.841893 0.899688005447
1649.411581 0.835338115692
1651.96947 0.821836948395
1654.585786 0.843351125717
1657.177921 0.804389953613
1659.770562 0.817471981049
1662.636059 0.816568851471
1665.191328 0.801898002625
1667.785957 0.826951980591
1670.373019 0.825706958771
1672.989903 0.800982952118
1675.588429 0.832936048508
1678.219907 0.833647966385
1680.836413 0.882854938507
1683.452151 0.833146810532
1686.023853 0.802631139755
1688.624859 0.827619075775
1691.172274 0.805186033249
1694.039602 0.863962173462
1696.653427 0.851726055145
1699.226095 0.826946973801
1701.90378 0.902834892273
1704.505242 0.81588602066
1707.074485 0.829101085663
1709.6533 0.804708003998
1712.288996 0.875544071198
1714.858544 0.839916944504
1717.437937 0.81352186203
1720.123734 0.913619041443
1722.70812 0.814336061478
1725.517782 0.806010961533
1728.142147 0.846999883652
1730.722208 0.808459043503
1733.325604 0.819971084595
1735.954638 0.895554065704
1738.635349 0.922991037369
1741.308022 0.884738922119
1744.008407 0.944884061813
1746.623639 0.828613042831
1749.201973 0.813596010208
1751.735708 0.80367398262
1754.324816 0.821266889572
1757.210417 0.829875946045
1759.779715 0.807843923569
1762.367759 0.839061021805
1764.986949 0.889139890671
1767.57544 0.814588069916
1770.15821 0.830661058426
1772.777301 0.865481853485
1775.321092 0.806144952774
1777.921496 0.818293094635
1780.473097 0.801028966904
1783.020294 0.828780889511
1785.661209 0.877928972244
1788.518962 0.84247303009
1791.125616 0.845680952072
1793.758318 0.886827945709
1796.393937 0.901319980621
1798.943155 0.815215826035
1801.556249 0.856688976288
1804.258603 0.951142787933
1806.830109 0.813993930817
1809.435156 0.82957482338
1812.067575 0.885415077209
1814.621375 0.805528879166
1817.186425 0.827530860901
1820.136537 0.816848993301
1822.717187 0.817594051361
1825.273025 0.804244041443
1827.874375 0.826026916504
1830.474284 0.833369970322
1833.024046 0.814573049545
1835.601391 0.827892065048
1838.139197 0.804272890091
1840.724302 0.822511911392
1843.38858 0.919512033463
1845.951492 0.832321166992
1848.495149 0.815567970276
1851.357237 0.817596912384
1853.914701 0.801588058472
1856.485942 0.814389944077
1859.019526 0.805682897568
1861.619369 0.828384876251
1864.304201 0.928287029266
1866.870001 0.830356121063
1869.455002 0.825722932816
1872.049919 0.828809022903
1874.638915 0.851478099823
1877.207806 0.814374923706
1879.825474 0.866306781769
1882.667929 0.828014850616
1885.25085 0.852515935898
1887.818035 0.817716121674
1890.413593 0.832873821259
1893.033204 0.810338973999
1895.59096 0.824020862579
1898.258256 0.89878821373
1900.86039 0.814561843872
1903.441104 0.826444149017
1906.019244 0.813885211945
1908.653996 0.852427005768
1911.259923 0.836215019226
1914.192011 0.894020080566
1916.774333 0.83833694458
1919.366685 0.829833030701
1921.933656 0.829321146011
1924.502691 0.818639993668
1927.083751 0.817885160446
1929.795319 0.95484495163
1932.416884 0.834026098251
1935.028917 0.82023692131
1937.617381 0.834120035172
1940.205831 0.807557821274
1942.884733 0.91904091835
1945.658038 0.818301916122
1948.228253 0.82902598381
1950.793334 0.817234992981
1953.406353 0.872326850891
1955.965556 0.801294803619
1958.556453 0.815190792084
1961.149751 0.816017150879
1963.741367 0.821686983109
1966.334381 0.830764055252
1968.898609 0.813503980637
1971.567393 0.886403083801
1974.154073 0.837887048721
1977.009086 0.847506046295
1979.607077 0.828029870987
1982.206854 0.838287115097
1984.806376 0.842742204666
1987.401479 0.829573154449
1989.986071 0.816436052322
1992.554186 0.806025028229
1995.133115 0.830364942551
1997.740632 0.820595979691
2000.315292 0.81800699234
2002.884655 0.816940069199
2005.465223 0.834866046906
2008.293392 0.825089931488
2010.89402 0.825788021088
2013.500472 0.84800696373
2016.082924 0.836920976639
2018.665792 0.815754890442
2021.22423 0.828210115433
2023.882834 0.890976905823
2026.465809 0.819198846817
2029.027973 0.799322843552
2031.644105 0.847213029861
2034.252621 0.840126037598
2036.819306 0.814929008484
2039.721482 0.814926147461
2042.331123 0.854521036148
2044.849574 0.829288959503
2047.450288 0.820231199265
2050.033398 0.809173822403
2052.689021 0.903713941574
2055.389799 0.924072980881
2057.966494 0.819208860397
2060.55595 0.837896108627
2063.122866 0.82705783844
2065.766952 0.870537042618
2068.353145 0.810575008392
2071.107879 0.818957805634
2073.69995 0.832633018494
2076.316643 0.83113193512
2078.985614 0.912436962128
2081.55452 0.8108689785
2084.197766 0.891252994537
2086.803717 0.840029001236
2089.370093 0.815742969513
2091.913769 0.803982973099
2094.490339 0.825166940689
2097.099695 0.817095041275
2099.704923 0.820135831833
2102.558568 0.81743311882
2105.114243 0.820746898651
2107.804302 0.9371509552
2110.354489 0.815531015396
2112.970642 0.838472127914
2115.590933 0.865779876709
2118.169945 0.816338062286
2120.738964 0.827260971069
2123.336717 0.83966588974
2125.916785 0.82248210907
2128.516435 0.841516017914
2131.068903 0.803823947906
2133.947661 0.855134963989
2136.587404 0.863196849823
2139.253848 0.871600151062
2141.832174 0.826555013657
2144.433439 0.843522071838
2147.091357 0.922862052917
2149.68164 0.828384160995
2152.234552 0.822856903076
2154.802233 0.836012840271
2157.383669 0.815397977829
2160.069524 0.908362865448
2162.633326 0.807553768158
2165.48339 0.814950942993
2168.071889 0.823369026184
2170.656465 0.813620090485
2173.246443 0.825044870377
2175.814978 0.814592123032
2178.399068 0.817846059799
2180.987455 0.838880062103
2183.582372 0.829492807388
2186.265441 0.910669088364
2188.814967 0.815424919128
2191.430817 0.854192972183
2193.981687 0.832703828812
2196.78076 0.820616960526
2199.420268 0.908774852753
2201.99849 0.825095891953
2204.568307 0.817622900009
2207.256206 0.90790605545
2209.814715 0.805315971375
2212.399741 0.822428941727
2215.020462 0.863445997238
2217.664659 0.897479772568
2220.228745 0.809173107147
2222.768816 0.81129193306
2225.330502 0.828902959824
2228.170723 0.814378976822
2230.730421 0.805984020233
2233.301278 0.831305980682
2235.897504 0.848595142365
2238.467126 0.814769983292
2241.097409 0.852392911911
2243.696813 0.836121797562
2246.400007 0.946875095367
2248.966809 0.801614999771
2251.546706 0.815563201904
2254.149291 0.824067831039
2256.718426 0.826174020767
2259.529282 0.819076061249
2262.117503 0.840888977051
2264.686081 0.813541889191
2267.246386 0.818635940552
2269.946101 0.924946069717
2272.582814 0.862127780914
2275.148563 0.806383132935
2277.732397 0.813202857971
2280.332939 0.833747148514
2282.913372 0.822420835495
2285.521732 0.84133887291
2288.082127 0.814267873764
2290.969381 0.829936027527
2293.561324 0.828035831451
2296.180039 0.893195867538
2298.770512 0.828068971634
2301.421339 0.861647844315
2303.97738 0.804329872131
2306.570171 0.839514017105
2309.137235 0.828835010529
2311.693094 0.803634881973
2314.381055 0.912391901016
2316.962512 0.816296100616
2319.529328 0.82766699791
2322.35578 0.807904005051
2324.912518 0.810832023621
2327.476014 0.820540189743
2330.047314 0.820086956024
2332.597729 0.80596113205
2335.152892 0.834362983704
2337.718595 0.824384212494
2340.297357 0.808913946152
2342.864878 0.810225963593
2345.413095 0.811860084534
2347.999786 0.824063062668
2350.596604 0.85715508461
2353.530531 0.896307945251
2356.103912 0.826201200485
2358.74444 0.864062070847
2361.316667 0.830796957016
2363.89613 0.831681013107
2366.568707 0.918617010117
2369.137952 0.817765951157
2371.729364 0.823985099792
2374.381949 0.902742862701
2376.935131 0.812226057053
2379.574439 0.885428905487
2382.146034 0.816538095474
2385.111433 0.898082017899
2387.714383 0.842976808548
2390.348402 0.871557950974
2392.929708 0.865039110184
2395.483385 0.810983896255
2398.046072 0.823997020721
2400.635042 0.851088047028
2403.215382 0.815047025681
2405.810818 0.842034101486
2408.382274 0.799597978592
2410.962701 0.815936088562
2413.537203 0.815751075745
2416.328209 0.823321819305
2418.926458 0.841840028763
2421.513634 0.821960926056
2424.10413 0.831800937653
2426.661817 0.801576137543
2429.229671 0.80192399025
2431.830346 0.853414058685
2434.417763 0.854980945587
2437.079765 0.906762838364
2439.654571 0.811249017715
2442.345901 0.929138183594
2444.918233 0.829653024673
2447.761782 0.811937093735
2450.32736 0.815598964691
2452.917751 0.800200939178
2455.511364 0.850385189056
2458.185075 0.915745019913
2460.767501 0.851432085037
2463.393742 0.861107110977
2465.961752 0.812412023544
2468.564962 0.845490932465
2471.183371 0.85869717598
2473.78005 0.829329013824
2476.411729 0.861090898514
2479.211071 0.8233730793
2481.793515 0.837745189667
2484.386894 0.841526985168
2486.963065 0.814208030701
2489.535591 0.831323862076
2492.101899 0.815973043442
2494.679838 0.826514005661
2497.246081 0.811664819717
2499.862455 0.823370933533
2502.429397 0.823334932327
2505.023027 0.839460849762
2507.612891 0.823032855988
2510.483785 0.829646110535
2513.096664 0.824093103409
2515.78047 0.912188053131
2518.335504 0.8192050457
2520.910604 0.824502944946
2523.458867 0.805444955826
2526.04843 0.820894002914
2528.594078 0.813015937805
2531.195068 0.837646961212
2533.767119 0.827082872391
2536.364559 0.836145877838
2538.911886 0.815008163452
2541.756913 0.804571866989
2544.382967 0.873758077621
2547.061365 0.909028053284
2549.624693 0.823990106583
2552.210461 0.814320087433
2554.800267 0.811405181885
2557.365509 0.802476167679
2559.947613 0.828321218491
2562.543883 0.824513912201
2565.108831 0.813413143158
2567.710295 0.824556827545
2570.293419 0.833258867264
2573.12578 0.829556941986
2575.692135 0.815770149231
2578.295052 0.837435007095
2580.910739 0.873358011246
2583.568484 0.8998670578
2586.130528 0.801759004593
2588.750876 0.840041160583
2591.31313 0.817439079285
2593.978644 0.903419971466
2596.55497 0.81168794632
2599.127434 0.815062999725
2601.786734 0.912364959717
2604.677922 0.81498503685
2607.265994 0.82857298851
2609.943379 0.922240018845
2612.52934 0.827365875244
2615.101711 0.814160108566
2617.760571 0.890271902084
2620.367194 0.823694944382
2622.992742 0.846081972122
2625.598317 0.82047700882
2628.153795 0.830744028091
2630.76021 0.82817196846
2633.341676 0.817683935165
2636.160301 0.80487203598
2638.833759 0.905554056168
2641.413841 0.812831163406
2643.973783 0.804134130478
2646.592169 0.852761030197
2649.19166 0.826350927353
2651.831432 0.863114118576
2654.41349 0.826997995377
2657.025939 0.825047016144
2659.62816 0.860663890839
2662.357254 0.936824083328
2664.967835 0.810381889343
2667.786582 0.821634054184
2670.375166 0.82817697525
2672.992135 0.873687028885
2675.582213 0.829883098602
2678.25115 0.902963161469
2680.814427 0.829319000244
2683.392847 0.804475069046
2686.016602 0.853740930557
2688.593274 0.820106983185
2691.178023 0.82493686676
2693.857787 0.901765108109
2696.54263 0.920655012131
2699.361525 0.815186977386
2701.933929 0.820177078247
2704.510038 0.825027942657
2707.172946 0.891829013824
2709.778222 0.822065114975
2712.346212 0.797577857971
2715.012223 0.905321836472
2717.592807 0.815342187881
2720.159295 0.814325094223
2722.715552 0.800348997116
2725.297383 0.81849193573
2727.875424 0.851448059082
2730.756771 0.81635594368
2733.409693 0.897662878036
2736.060055 0.864964962006
2738.631113 0.83712720871
2741.230477 0.836595773697
2743.846319 0.846572875977
2746.441702 0.828600883484
2749.036028 0.818557024002
2751.645806 0.836838006973
2754.205081 0.800314903259
2756.77352 0.828336000443
2759.360882 0.823625087738
2762.17515 0.829838991165
2764.808608 0.873583078384
2767.356171 0.804497003555
2770.029536 0.909630060196
2772.616544 0.83269405365
2775.177068 0.823615074158
2777.758019 0.839694976807
2780.306454 0.793416023254
2782.874081 0.815671920776
2785.4296 0.815786838531
2787.97494 0.819632053375
2790.503558 0.802726984024
2793.413776 0.863265991211
2796.0466 0.838907003403
2798.628245 0.815150022507
2801.192438 0.811424970627
2803.812032 0.839222192764
2806.391326 0.813598155975
2808.994936 0.839114904404
2811.590823 0.820235967636
2814.184237 0.816196203232
2816.84729 0.89154291153
2819.446458 0.836322069168
2822.004559 0.809444904327
2824.872212 0.81790304184
2827.427596 0.812433958054
2830.056597 0.837619066238
2832.647606 0.840719938278
2835.215441 0.814337968826
2837.899458 0.927294015884
2840.51211 0.831704139709
2843.064145 0.815814971924
2845.625281 0.80647611618
2848.238576 0.842211961746
2850.805898 0.828320980072
2853.358329 0.815035104752
2856.207403 0.829808950424
2858.773671 0.805140018463
2861.440007 0.902913093567
2864.038862 0.850475788116
2866.60226 0.834761857986
2869.221187 0.858371973038
2871.82968 0.828731060028
2874.40794 0.840612888336
2877.038395 0.851142883301
2879.634204 0.80984711647
2882.242631 0.822155952454
2884.793191 0.805892944336
2887.745625 0.856117963791
2890.295509 0.818433046341
2892.854665 0.805026054382
2895.498447 0.883605003357
2898.023258 0.803752183914
2900.577779 0.822714090347
2903.257983 0.899943113327
2905.855806 0.835042953491
2908.439138 0.826448917389
2911.022886 0.817551136017
2913.638432 0.853707075119
2916.189375 0.813654899597
2919.062239 0.828873872757
2921.709592 0.874144077301
2924.329063 0.850713014603
2927.024399 0.916958093643
2929.601435 0.82051897049
2932.189087 0.824413776398
2934.722393 0.806048870087
2937.360302 0.864373922348
2940.059765 0.901194095612
2942.676902 0.815268039703
2945.240425 0.804130792618
2947.792589 0.821197986603
2950.642856 0.861260890961
2953.256791 0.857260942459
2955.846827 0.813540935516
2958.443618 0.826395988464
2961.038327 0.829622030258
2963.625716 0.822312831879
2966.255859 0.862931013107
2968.808649 0.811392068863
2971.478718 0.916512012482
2974.12908 0.891478061676
2976.671617 0.800745010376
2979.254546 0.818430900574
2982.370017 0.942576169968
2984.939705 0.814450025558
2987.526955 0.820110082626
2990.137642 0.853026866913
2992.724436 0.82524394989
2995.297037 0.827692985535
2997.880131 0.81854391098
3000.456898 0.814635038376
3003.03034 0.820982933044
3005.708178 0.910211086273
3008.353111 0.886080026627
3010.911679 0.806431055069
3013.821919 0.829056024551
3016.393269 0.82795882225
3019.009212 0.837829113007
3021.657329 0.885648965836
3024.230428 0.805392980576
3026.794073 0.811444997787
3029.39684 0.839817047119
3031.979526 0.813805103302
3034.551083 0.793183088303
3037.153926 0.816327095032
3039.854298 0.909698963165
3042.46333 0.833517074585
3045.238225 0.813876152039
3047.841919 0.835093975067
3050.459221 0.849874973297
3053.121764 0.872481107712
3055.737376 0.860879898071
3058.351037 0.822196960449
3061.020636 0.884100914001
3063.659244 0.886497974396
3066.226588 0.81304192543
3068.787289 0.818271160126
3071.457078 0.885468006134
3074.026878 0.813155889511
3076.904245 0.811656951904
3079.45572 0.820412158966
3082.102688 0.850596189499
3084.671883 0.811460971832
3087.285009 0.825682163239
3089.857104 0.819149971008
3092.505286 0.872123003006
3095.069043 0.806835889816
3097.66985 0.829694986343
3100.272151 0.805809020996
3102.856287 0.820344924927
3105.540928 0.909499883652
3108.372222 0.867084026337
3111.003553 0.842097043991
3113.591535 0.803259134293
3116.185338 0.842111110687
3118.876391 0.881464004517
3121.474685 0.829103946686
3124.087457 0.807111978531
3126.726846 0.882529020309
3129.306527 0.810122013092
3131.943028 0.866110801697
3134.617535 0.865118980408
3137.210734 0.841933965683
3140.088644 0.811859846115
3142.735406 0.870615005493
3145.345315 0.838330030441
3147.937102 0.803220033646
3150.576009 0.839318037033
3153.143823 0.814392805099
3155.757806 0.833846092224
3158.345217 0.821281909943
3160.935463 0.808135032654
3163.493392 0.833391189575
3166.117455 0.852202892303
3168.707643 0.83847784996
3171.554685 0.807378053665
3174.140553 0.810884952545
3176.738171 0.811499834061
3179.289759 0.801624059677
3181.859118 0.814382076263
3184.522269 0.898442983627
3187.176593 0.851230144501
3189.768394 0.861932039261
3192.421583 0.816015005112
3195.035902 0.826877117157
3197.638062 0.812718868256
3200.206542 0.803771972656
3203.092588 0.868170022964
3205.654738 0.814455032349
3208.252668 0.831701040268
3210.944045 0.927557945251
3213.542667 0.828580141068
3216.132099 0.815257787704
3218.702625 0.816144943237
3221.301728 0.825489044189
3223.923437 0.83694601059
3226.608306 0.916780948639
3229.201824 0.819879055023
3231.743137 0.819669008255
3234.586018 0.818492174149
3237.189532 0.835108995438
3239.771229 0.801347970963
3242.368906 0.81930398941
3244.970281 0.804645061493
3247.569336 0.823580980301
3250.13684 0.817200183868
3252.854532 0.942981004715
3255.434318 0.81672501564
3258.025158 0.839648008347
3260.617925 0.817263126373
3263.186938 0.817137002945
3266.090856 0.924288034439
3268.653041 0.810604810715
3271.234304 0.810444831848
3273.836766 0.824406147003
3276.444763 0.814867019653
3279.106652 0.8849568367
3281.720314 0.835383892059
3284.33918 0.876322984695
3286.907395 0.800998210907
3289.490657 0.828027009964
3292.100714 0.823468923569
3294.707567 0.825381040573
3297.733624 0.827819108963
3300.298667 0.815030097961
3302.853611 0.79936003685
3305.424626 0.804996967316
3308.052075 0.826476812363
3310.674461 0.832283973694
3313.285449 0.804214000702
3315.888802 0.824204921722
3318.488163 0.826908826828
3321.11763 0.849665164948
3323.728787 0.83341383934
3326.420691 0.94468998909
3329.258778 0.817750930786
3331.824114 0.838631868362
3334.424159 0.819962024689
3337.020404 0.815524816513
3339.62045 0.822355031967
3342.324486 0.936179876328
3344.9668 0.86448597908
3347.518931 0.816921949387
3350.144375 0.83572602272
3352.736145 0.837500095367
3355.487806 0.967834949493
3358.203519 0.959081888199
3361.056375 0.829354047775
3363.619073 0.831529140472
3366.242692 0.829517126083
3368.807856 0.81404209137
3371.388106 0.8019759655
3373.954623 0.801538944244
3376.553455 0.831795930862
3379.165713 0.840658903122
3381.874509 0.901103973389
3384.542434 0.901256084442
3387.119746 0.826562166214
3389.721561 0.849916934967
3392.567606 0.796998023987
3395.141784 0.809322834015
3397.74508 0.831253051758
3400.312631 0.822804927826
3402.867072 0.80784201622
3405.536768 0.904714107513
3408.134314 0.816563844681
3410.709524 0.809878826141
3413.449477 0.936285018921
3416.017223 0.814780950546
3418.631651 0.833236932755
3421.242794 0.835577964783
3424.068012 0.814702033997
3426.652998 0.814893960953
3429.252895 0.834007978439
3431.939065 0.901419878006
3434.558913 0.830624103546
3437.148528 0.864278078079
3439.73863 0.812633991241
3442.352925 0.811432123184
3444.879735 0.795624017715
3447.450862 0.818824052811
3450.032164 0.799857139587
3452.604617 0.810058832169
3455.532964 0.817454099655
3458.149311 0.877449035645
3460.750565 0.834296941757
3463.35367 0.840090990067
3465.915141 0.816268920898
3468.557522 0.850146055222
3471.206494 0.862741947174
3473.782188 0.82518196106
3476.436587 0.879028081894
3479.064359 0.856084823608
3481.619471 0.803276062012
3484.232621 0.839341878891
3487.066941 0.812813997269
3489.599429 0.806287050247
3492.283804 0.834644079208
3494.855239 0.827016830444
3497.441363 0.844187021255
3500.016808 0.796874046326
3502.682641 0.901260137558
3505.248562 0.815623998642
3507.898738 0.910742998123
3510.505886 0.835108995438
3513.105532 0.804231882095
3515.780471 0.90695309639
3518.637781 0.851233005524
3521.220565 0.840703964233
3523.791996 0.802268981934
3526.366028 0.804224967957
3528.947015 0.820545911789
3531.502717 0.812579154968
3534.254806 0.95812702179
3536.848699 0.855593919754
3539.48296 0.86351108551
3542.115687 0.855726957321
3544.765087 0.828373908997
3547.33109 0.802314043045
3550.197013 0.848410129547
3552.756916 0.816830873489
3555.338701 0.831098079681
3557.931558 0.818352937698
3560.530182 0.81413602829
3563.138474 0.831013202667
3565.750931 0.849910974503
3568.346939 0.848577976227
3570.913146 0.817670106888
3573.520716 0.80867600441
3576.097703 0.813652038574
3578.685602 0.82111287117
3581.618429 0.806472063065
3584.235939 0.829316854477
3586.810646 0.815382003784
3589.51357 0.944981098175
3592.10259 0.821522951126
3594.69702 0.82904291153
3597.278432 0.819191932678
3599.901155 0.858387947083
3602.588106 0.849519968033
