11.149644 2.88156763713
15.764869 9999
26.732761 2.89123725891
28.945993 9999
31.006513 9999.0
33.261044 9999
43.640908 2.88189498583
45.874001 9999
50.512777 9999
61.444104 2.92835068703
72.360309 2.93155940374
82.821282 2.8970199426
93.352577 2.94158736865
104.181999 2.89044102033
105.978978 9999
116.471566 2.89204700788
126.844739 2.88860996564
137.527792 2.87793596586
142.088827 9999
144.15301 9999
154.563124 2.87940303485
165.184427 2.89973870913
176.101965 2.88450543086
186.600431 2.88457369804
197.127468 2.89144500097
200.088942 9999
210.614505 2.87807305654
212.590783 9999
223.000026 2.88465102514
225.022663 9999
226.883301 9999
231.427478 9999.0
233.935876 9999
244.466552 2.91859968503
249.146244 9999
259.722367 2.88774609566
261.79337 9999
272.321857 2.92321538925
283.619761 2.89172005653
285.694059 9999
296.341395 2.91699337959
298.125978 9999
308.580703 2.88350669543
310.984043 9999
321.775588 2.88288839658
332.697864 2.91787068049
334.729353 9999
345.138504 2.87890497843
355.976056 2.89034175873
357.733205 9999
368.105173 2.88483993212
369.827811 9999
380.404645 2.91800332069
391.196024 2.88363432884
401.835542 2.88557640711
403.661137 9999
405.461746 9999
415.831528 2.87725464503
426.838744 2.87990665436
437.367243 2.88478469849
447.793781 2.88417188327
458.700433 2.87819202741
469.211567 2.88941105207
479.657822 2.88222495715
491.122549 2.87598959605
501.913038 2.89675402641
512.384802 2.88736963272
514.809165 9999
525.62153 2.89763498306
536.227526 2.9245206515
546.657058 2.87930003802
557.821975 2.87864367167
568.401293 2.88240098953
578.980802 2.91834108035
590.211992 2.88461367289
600.632075 2.89416058858
605.347512 9999
615.93575 2.90551527341
627.542947 3.1838397185
638.236409 2.88787372907
648.613883 2.88109962145
659.358728 2.88540840149
669.899211 2.88334703445
680.290172 2.88337635994
691.421472 2.89045937856
696.045202 9999
706.77236 2.88245733579
717.354421 2.91537491481
728.017266 2.88973196348
729.850422 9999
734.784925 9999
745.196573 2.88856538137
755.686593 2.88597774506
757.750989 9999
768.254165 2.89471165339
778.807568 2.87709061305
789.580551 2.88490804036
791.739259 9999
802.499142 2.88015095393
804.497632 9999
806.42142 9999
811.437092 9999
821.918208 2.88692339261
824.809108 9999
826.564279 9999
828.362753 9999
839.055548 2.8792125384
849.603744 2.91537499428
851.49824 9999
853.632739 9999.0
858.806301 9999
869.179615 2.88209493955
871.322748 9999
873.067968 9999
877.936577 9999
888.404439 2.89072330793
890.796383 9999
901.233477 2.90068364143
911.633353 2.89152741432
913.442146 9999
923.851143 2.88144540787
934.800141 2.88323394457
945.479558 2.895053943
955.8308 2.87959861755
966.679494 2.8802523613
977.211464 2.88679424922
981.823929 9999
992.288014 2.88988828659
994.394715 9999
1005.010659 2.94313764572
1015.564588 2.87636995316
1026.057874 2.88504036268
1028.625795 9999
1039.191219 2.88365618388
1049.977113 2.88261071841
1051.909581 9999
1062.418656 2.88053671519
1064.532775 9999
1075.054855 2.8813393116
1079.739917 9999
1081.647577 9999
1092.223577 2.89233096441
1094.099449 9999.0
1104.962277 2.88759875298
1115.582098 2.88333233198
1126.574278 2.90860009193
1137.436254 2.89190030098
1148.174697 2.91089630127
1158.681803 2.8898973465
1160.83807 9999
1165.636736 9999
1176.07822 2.88504528999
1186.878119 2.88774140676
1188.903146 9999.0
1199.750371 2.89093526204
1201.629907 9999
1212.02262 2.88625431061
1213.90652 9999
1224.326394 2.88295531273
1235.166452 2.88068834941
1237.219392 9999
1248.012573 2.88257074356
1258.461766 2.88504131635
1269.517136 2.89333264033
1280.064534 2.88335935275
1281.933382 9999
1283.831096 9999
1285.76316 9999
1290.521861 9999.0
1302.109147 2.88159163793
1303.994578 9999
1308.666277 9999
1319.043518 2.88694866498
1323.621395 9999.0
1328.551197 9999
1338.918161 2.88585066795
1343.563163 9999
1345.302998 9999
1355.879446 2.92062973976
1366.891301 2.88684471448
1377.510227 2.88658499718
1387.998425 2.88554668427
1390.162443 9999
1400.60877 2.88564236959
1402.504546 9999
1412.945801 2.88244342804
1423.369863 2.89390063286
1434.325585 2.88681530952
1436.165314 9999
1438.110313 9999
1440.411792 9999
1451.302158 2.8898619016
1461.995411 2.88677390416
1464.433178 9999
1475.263933 2.88610998789
1485.881829 2.89343833923
1496.279165 2.88395229975
1507.1538 2.88658475876
1517.798791 2.92118899028
1522.660741 9999
1533.027707 2.87865964572
1544.040649 2.89007767042
1546.02211 9999
1547.875996 9999
1558.518562 2.88082400958
1568.890414 2.89066505432
1579.79764 2.88285724322
1590.293747 2.88653333982
1600.689684 2.88067571322
1602.836968 9999
1613.296084 2.89020403226
1623.885912 2.88735898336
1634.338048 2.88668839137
1645.066384 2.88657625516
1646.90563 9999
1657.617934 2.89106671015
1659.609574 9999
1661.402061 9999
1666.196647 9999.0
1668.626649 9999
1670.536608 9999
1672.352444 9999
1682.764787 2.89124679565
1693.507062 2.88247259458
1695.55115 9999
1706.241359 2.88794000944
1708.173979 9999
1718.777235 2.88520296415
1729.305702 2.88349429766
1740.515086 2.87974270185
1751.293122 2.87959973017
1753.184949 9999
1763.815444 2.88277721405
1774.346384 2.8813440005
1776.505801 9999
1787.251297 2.88822754224
1792.071098 9999
1794.687253 9999
1805.150796 2.88678129514
1810.154133 9999
1812.150841 9999
1816.927037 9999
1821.798119 9999
1832.201878 2.87905327479
1834.716531 9999
1845.125145 2.88288466136
1856.189276 2.8826406002
1858.160709 9999
1868.869814 2.87868237495
1879.693361 2.88383793831
1882.144502 9999
1893.097524 2.88409813245
1903.649702 2.88064487775
1914.172683 2.87904230754
1916.446823 9999
1918.398542 9999
1920.134799 9999
1930.584722 2.9154736201
1941.08047 2.88623976707
1951.557501 2.89636969566
1962.191252 2.89439932505
1964.090413 9999
1968.704778 9999
1979.083071 2.88902958234
1989.501148 2.8873462677
2000.115928 2.88073507945
2010.675399 2.88358871142
2021.454709 2.89111232758
2032.237668 2.88210725784
2042.662683 2.88275337219
2047.434886 9999
2057.945016 2.88290206591
2068.689988 2.88091142972
2070.476109 9999
2080.886147 2.8803601265
2091.511922 2.89974133174
2103.02624 2.88674036662
2113.908719 2.88450789452
2115.81178 9999
2117.658885 9999
2128.14126 2.88616696994
2130.385435 9999
2135.060827 9999
2145.80487 2.88943004608
2147.546899 9999
2149.566683 9999
2151.252435 9999
2161.972966 2.88467359543
2164.232566 9999
2174.691967 2.8817349275
2176.870612 9999
2178.687481 9999
2180.776979 9999
2191.454642 2.92838366826
2201.865917 2.88410290082
2204.215651 9999
2214.982673 2.92729139328
2225.606803 2.91082398097
2227.510941 9999
2238.37663 2.88225531578
2240.319207 9999
2250.883223 2.88909173012
2261.616534 2.8917140166
2272.159955 2.91497166951
2274.383035 9999
2278.997288 9999
2289.337516 2.88692100843
2300.296239 2.88710840543
2310.745011 2.88648366928
2312.930939 9999
2314.676798 9999
2325.434254 2.88706763585
2336.2931 2.88238096237
2338.079166 9999
2348.789245 2.91655993462
2354.022573 9999
2364.822787 2.8894007206
2375.170081 2.87929964066
2385.745069 2.88470665614
2391.369114 9999
2401.943721 2.89111002286
2412.359366 2.89800667763
2422.804033 2.89022835096
2433.610082 2.88312737147
2438.408333 9999
2448.838405 2.88754399618
2453.502583 9999.0
2464.161266 2.88397097588
2475.06688 2.89218465487
2485.560244 2.8841679891
2496.839085 2.89415431023
2507.338722 2.88577238719
2517.988749 2.91243457794
2528.579541 2.88271260262
2538.964825 2.88061364492
2540.811917 9999
2551.570415 2.88196293513
2562.2498 2.87755767504
2572.938576 2.89420684179
2583.689421 2.89365792274
2594.487353 2.88530770938
2604.92374 2.89031600952
2606.70775 9999
2617.165632 2.88089529673
2628.330456 2.88928492864
2630.292919 9999
2634.989972 9999
2645.73784 2.88778797785
2647.57927 9999
2658.078858 2.88557362556
2669.040324 2.92134022713
2671.875558 9999
2673.680453 9999
2684.1228 2.88765303294
2694.584167 2.89069223404
2697.054925 9999
2707.474168 2.8864300251
2709.338026 9999
2711.079254 9999
2712.953417 9999
2715.363389 9999
2717.131477 9999
2727.765613 2.87991635005
2730.147245 9999
2740.851211 2.88214699427
2742.849098 9999
2745.061712 9999
2755.59102 2.88794469833
2760.298469 9999.0
2765.593942 9999
2776.000946 2.89169152578
2786.393698 2.88198502858
2796.966889 2.88514606158
2799.50059 9999
2801.379209 9999
2803.142584 9999
2813.702703 2.93094301224
2824.170041 2.8867336909
2835.346153 2.88168629011
2837.956294 9999
2848.612096 2.87687913577
2859.013527 2.89121762911
2861.137759 9999
2871.615099 2.88578764598
2882.756458 2.89745299021
2893.267636 2.88088703156
2903.694059 2.88573598862
2914.611321 2.88929907481
2925.226741 2.89401110013
2935.883637 2.88269130389
2940.821697 9999
2951.256755 2.88263169924
2961.836219 2.8949889342
2972.382647 2.88851706187
2977.252792 9999
2988.224337 2.90989367167
2998.62182 2.88161937396
3009.092803 2.89293996493
3019.979114 2.88169399897
3022.160724 9999
3032.687812 2.90083956718
3043.343237 2.91848127047
3054.061064 2.87998859088
3055.877536 9999
3066.549266 2.88642175992
3077.140463 2.88428203265
3079.333852 9999
3090.126078 2.87919664383
3092.353435 9999
3103.06353 2.87810873985
3105.337877 9999
3116.123399 2.88462138176
3127.334231 2.91884636879
3137.790331 2.88544575373
3148.711923 2.89009896914
3159.264838 2.88585766157
3169.62985 2.88788668315
3180.25538 2.88514669736
3191.110948 2.89216160774
3192.93269 9999
3203.457163 2.88012591998
3214.286062 2.87743401527
3225.212702 2.88977599144
3235.588887 2.87910262744
3237.559442 9999
3239.648017 9999
3241.501134 9999
3252.202463 2.91022427877
3263.398809 2.88859113057
3273.916676 2.88991268476
3284.350069 2.8788022995
3295.162091 2.88549359639
3299.709121 9999
3304.387407 9999
3314.711936 2.88053544362
3316.768184 9999
3319.176355 9999
3321.241301 9999
3331.619598 2.88710157077
3342.130371 2.88505927722
3344.475567 9999
3354.83657 2.88200887044
3357.022972 9999
3359.255997 9999
3369.838342 2.88187559446
3380.355062 2.89046470324
3391.053787 2.91239134471
3401.69093 2.88341093063
3406.604506 9999
3417.023836 2.88414764404
3427.711785 2.89793896675
3438.763741 2.88634403547
3449.394464 2.92014694214
3460.001762 2.89796495438
3470.98063 2.91549611092
3481.673762 2.88533703486
3492.208687 2.88195236524
3494.37275 9999
3504.761404 2.88634618123
3515.332922 2.91310636202
3517.745634 9999
3519.683903 9999
3530.073927 2.87706041336
3541.090873 2.92193333308
3551.605665 2.88212839762
3561.997842 2.88411267598
3564.33237 9999
3574.938422 2.88672701518
3579.552753 9999
3589.98382 2.88994391759
3600.88725 2.88680799802
