2.253101 9999
4.359354 9999
6.511499 9999
8.635651 9999
10.770159 9999
12.914759 9999
15.05006 9999
17.150657 9999
19.279695 9999
21.392882 9999
23.513659 9999
25.62814 9999
27.727598 9999
29.825352 9999
31.938884 9999.0
34.233471 9999
36.359311 9999
38.435308 9999
40.566906 9999
42.689634 9999
44.81312 9999
46.925622 9999
49.043417 9999
51.161663 9999
53.272859 9999
55.384392 9999
57.50877 9999
59.63553 9999
61.780931 9999
63.883417 9999.0
66.229867 9999
68.347501 9999
70.483834 9999
72.621013 9999
74.759466 9999
76.889448 9999
79.013323 9999
81.140867 9999
83.260776 9999
85.367151 9999
87.527116 9999
89.636839 9999
91.761048 9999
93.87136 9999
95.994308 9999.0
98.275616 9999
100.390807 9999
102.535403 9999
104.663671 9999
106.758403 9999
108.881473 9999
110.993516 9999
113.095217 9999
115.197803 9999
117.319618 9999
119.427433 9999
121.545112 9999
123.635216 9999
125.728749 9999
127.843451 9999.0
130.1402 9999
132.272282 9999
134.396352 9999
136.511622 9999
138.617369 9999
140.765563 9999
142.90412 9999
145.039747 9999
147.152353 9999
149.300784 9999
151.435678 9999
153.559134 9999
155.681247 9999
157.810555 9999
159.945371 9999.0
162.259885 9999
164.368755 9999
166.483082 9999
168.593224 9999
170.698306 9999
172.818038 9999
174.959777 9999
177.055707 9999
179.165142 9999
181.264219 9999
183.387938 9999
185.513845 9999
187.627483 9999
189.742373 9999
191.825563 9999.0
194.082872 9999
196.158945 9999
198.287807 9999
200.39609 9999
202.509012 9999
204.63224 9999
206.740766 9999
208.862367 9999
210.991487 9999
213.127908 9999
215.266069 9999
217.36947 9999
219.49063 9999
221.613952 9999
223.711234 9999.0
226.064474 9999
228.187534 9999
230.297893 9999
232.428067 9999
234.522713 9999
236.682265 9999
238.820347 9999
240.953117 9999
243.077236 9999
245.200431 9999
247.372782 9999
249.491147 9999
251.620729 9999
253.7594 9999
255.871689 9999.0
258.188582 9999
260.297595 9999
262.425729 9999
264.551074 9999
266.693788 9999
268.831797 9999
270.968521 9999
273.093313 9999
275.217844 9999
277.342957 9999
279.46227 9999
281.588365 9999
283.700911 9999
285.815329 9999
287.958029 9999.0
290.284191 9999
292.408066 9999
294.520162 9999
296.63546 9999
298.763196 9999
300.871877 9999
303.007861 9999
305.1295 9999
307.252907 9999
309.367383 9999
311.513221 9999
313.624155 9999
315.750151 9999
317.87852 9999
319.976195 9999.0
322.279278 9999
324.407367 9999
326.515598 9999
328.638424 9999
330.754141 9999
332.874232 9999
334.978669 9999
337.078637 9999
339.199092 9999
341.302814 9999
343.46945 9999
345.598191 9999
347.708767 9999
349.844362 9999
351.992195 9999.0
354.281116 9999
356.392815 9999
358.528699 9999
360.628351 9999
362.777116 9999
364.928145 9999
367.064644 9999
369.19996 9999
371.315656 9999
373.459128 9999
375.587563 9999
377.697853 9999
379.802892 9999
381.927214 9999
384.079442 9999.0
386.396708 9999
388.508349 9999
390.599464 9999
392.707729 9999
394.843722 9999
396.964775 9999
399.116044 9999
401.22749 9999
403.372781 9999
405.534882 9999
407.655779 9999
409.77024 9999
411.887744 9999
413.980527 9999
416.096005 9999.0
418.355079 9999
420.461265 9999
422.567505 9999
424.711708 9999
426.848036 9999
428.963294 9999
431.083809 9999
433.207369 9999
435.359735 9999
437.480649 9999
439.617904 9999
441.727568 9999
443.864125 9999
445.997182 9999
448.135314 9999.0
450.463135 9999
452.6115 9999
454.757445 9999
456.847875 9999
458.984021 9999
461.117821 9999
463.244115 9999
465.364871 9999
467.491382 9999
469.651599 9999
471.778206 9999
473.910195 9999
476.032321 9999
478.136763 9999
480.246383 9999.0
482.598524 9999
484.709853 9999
486.847898 9999
488.972594 9999
491.087788 9999
493.21504 9999
495.344179 9999
497.457621 9999
499.540692 9999
501.646768 9999
503.746154 9999
505.866517 9999
507.970562 9999
510.099029 9999
512.241837 9999.0
514.555844 9999
516.68986 9999
518.825383 9999
520.960914 9999
523.109073 9999
525.239322 9999
527.396577 9999
529.498807 9999
531.607784 9999
533.750567 9999
535.868746 9999
538.002167 9999
540.136995 9999
542.260826 9999
544.376469 9999.0
546.714494 9999
548.863301 9999
550.988095 9999
553.098026 9999
555.215502 9999
557.355623 9999
559.471732 9999
561.584199 9999
563.692767 9999
565.818159 9999
567.95177 9999
570.067746 9999
572.212371 9999
574.355411 9999
576.475064 9999.0
578.779682 9999
580.889666 9999
583.019021 9999
585.138375 9999
587.251289 9999
589.372946 9999
591.48894 9999
593.648151 9999
595.759121 9999
597.874403 9999
599.971618 9999
602.106773 9999
604.240514 9999
606.356176 9999
608.471458 9999.0
610.78379 9999
612.92716 9999
615.079679 9999
617.224975 9999
619.375469 9999
621.509461 9999
623.612209 9999
625.708916 9999
627.822151 9999
629.923951 9999
632.027188 9999
634.133142 9999
636.247734 9999
638.336803 9999
640.455789 9999.0
642.796998 9999
644.899431 9999
647.035166 9999
649.149225 9999
651.294534 9999
653.432791 9999
655.568434 9999
657.714073 9999
659.831391 9999
661.964414 9999
664.085911 9999
666.247293 9999
668.386625 9999
670.508216 9999
672.625479 9999.0
674.946569 9999
677.096089 9999
679.216147 9999
681.340817 9999
683.464461 9999
685.606983 9999
687.737653 9999
689.85431 9999
691.985859 9999
694.108465 9999
696.238188 9999
698.370498 9999
700.472505 9999
702.569768 9999
704.669166 9999.0
707.068707 9999
709.195952 9999
711.30676 9999
713.417544 9999
715.541015 9999
717.683975 9999
719.780838 9999
721.906905 9999
724.025211 9999
726.16195 9999
728.297408 9999
730.399309 9999
732.523699 9999
734.670059 9999
736.807606 9999.0
739.171531 9999
741.329173 9999
743.442886 9999
745.547643 9999
747.654103 9999
749.756028 9999
751.842072 9999
753.977426 9999
756.101578 9999
758.215315 9999
760.338965 9999
762.440181 9999
764.551092 9999
766.650354 9999
768.801727 9999.0
771.094405 9999
773.206665 9999
775.32534 9999
777.450977 9999
779.573252 9999
781.699912 9999
783.831473 9999
785.935516 9999
788.082018 9999
790.205473 9999
792.317213 9999
794.403945 9999
796.52213 9999
798.667729 9999
800.793759 9999.0
803.168954 9999
805.314869 9999
807.475257 9999
809.588974 9999
811.722188 9999
813.849675 9999
815.959943 9999
818.051606 9999
820.163107 9999
822.292797 9999
824.419722 9999
826.544537 9999
828.692133 9999
830.814987 9999
832.936764 9999.0
835.255618 9999
837.386166 9999
839.528454 9999
841.654732 9999
843.757507 9999
845.888104 9999
847.999381 9999
850.10006 9999
852.236191 9999
854.380901 9999
856.516034 9999
858.646936 9999
860.78001 9999
862.901239 9999
865.040157 9999.0
867.472583 9999
869.584597 9999
871.722696 9999
873.836387 9999
875.983575 9999
878.10619 9999
880.252042 9999
882.368051 9999
884.494191 9999
886.613958 9999
888.773503 9999
890.890649 9999
893.02178 9999
895.139592 9999
897.244927 9999.0
899.620317 9999
901.753977 9999
903.880465 9999
906.022243 9999
908.155445 9999
910.289947 9999
912.428433 9999
914.543288 9999
916.679165 9999
918.800585 9999
920.956078 9999
923.081016 9999
925.1866 9999
927.302748 9999
929.456422 9999.0
931.827393 9999
933.966058 9999
936.094208 9999
938.239459 9999
940.359088 9999
942.500421 9999
944.634933 9999
946.760215 9999
948.908551 9999
951.019484 9999
953.135101 9999
955.228887 9999
957.328958 9999
959.440774 9999
961.569397 9999.0
963.942455 9999
966.08234 9999
968.203373 9999
970.337157 9999
972.476263 9999
974.589026 9999
976.711963 9999
978.84508 9999
980.96031 9999
983.096007 9999
985.216651 9999
987.329923 9999
989.468602 9999
991.60262 9999
993.723571 9999.0
996.090391 9999
998.206756 9999
1000.328282 9999
1002.497316 9999
1004.682031 9999
1006.841857 9999
1008.992758 9999
1011.115177 9999
1013.262224 9999
1015.410018 9999
1017.536125 9999
1019.684216 9999
1021.828878 9999
1023.955745 9999.0
1026.330065 9999
1028.45646 9999
1030.566848 9999
1032.692252 9999
1034.821571 9999
1036.945815 9999
1039.089518 9999
1041.199242 9999
1043.332826 9999
1045.469434 9999
1047.605934 9999
1049.745088 9999
1051.869384 9999
1054.003801 9999
1056.161682 9999.0
1058.524947 9999
1060.665199 9999
1062.784994 9999
1064.936761 9999
1067.039732 9999
1069.148113 9999
1071.316709 9999
1073.440366 9999
1075.583642 9999
1077.737566 9999
1079.852523 9999
1081.974101 9999
1084.100942 9999
1086.22038 9999
1088.371567 9999.0
1090.720453 9999
1092.849754 9999
1094.972578 9999
1097.119054 9999
1099.243542 9999
1101.369018 9999
1103.507298 9999
1105.64101 9999
1107.779788 9999
1109.910164 9999
1112.034232 9999
1114.148039 9999
1116.273013 9999
1118.418697 9999
1120.519911 9999.0
1122.903012 9999
1125.03119 9999
1127.155842 9999
1129.265345 9999
1131.367707 9999
1133.492475 9999
1135.638932 9999
1137.755807 9999
1139.876554 9999
1142.031671 9999
1144.139421 9999
1146.295531 9999
1148.45598 9999
1150.5711 9999
1152.693186 9999.0
1155.077426 9999
1157.203974 9999
1159.352477 9999
1161.484869 9999
1163.600981 9999
1165.721858 9999
1167.862746 9999
1169.972038 9999
1172.083084 9999
1174.218048 9999
1176.317594 9999
1178.464757 9999
1180.601639 9999
1182.715762 9999
1184.826942 9999.0
1187.142905 9999
1189.268967 9999
1191.388841 9999
1193.536234 9999
1195.673799 9999
1197.802695 9999
1199.94782 9999
1202.06 9999
1204.208469 9999
1206.343943 9999
1208.495371 9999
1210.639964 9999
1212.78664 9999
1214.920785 9999
1217.032144 9999.0
1219.384061 9999
1221.507107 9999
1223.610091 9999
1225.772146 9999
1227.880715 9999
1230.019674 9999
1232.156639 9999
1234.312434 9999
1236.424795 9999
1238.551214 9999
1240.682894 9999
1242.821024 9999
1244.958815 9999
1247.078067 9999
1249.207067 9999.0
1251.80645 9999
1253.949394 9999
1256.078696 9999
1258.21572 9999
1260.355544 9999
1262.503311 9999
1264.615683 9999
1266.737096 9999
1268.888437 9999
1271.023243 9999
1273.122888 9999
1275.283889 9999
1277.418702 9999
1279.539859 9999
1281.67789 9999.0
1284.015345 9999
1286.1553 9999
1288.246685 9999
1290.358245 9999
1292.479618 9999
1294.5921 9999
1296.688524 9999
1298.802646 9999
1300.917102 9999
1303.025409 9999
1305.140265 9999
1307.270622 9999
1309.360962 9999
1311.478216 9999
1313.601009 9999.0
1315.999191 9999
1318.087065 9999
1320.213274 9999
1322.336751 9999
1324.448743 9999
1326.549354 9999
1328.69437 9999
1330.818855 9999
1332.939746 9999
1335.077224 9999
1337.190963 9999
1339.349644 9999
1341.414753 9999
1343.516562 9999
1345.639176 9999.0
1347.952834 9999
1350.083279 9999
1352.179698 9999
1354.291858 9999
1356.411047 9999
1358.528345 9999
1360.629345 9999
1362.748399 9999
1364.885315 9999
1367.012322 9999
1369.135726 9999
1371.263389 9999
1373.394162 9999
1375.520399 9999
1377.631701 9999.0
1379.968899 9999
1382.108066 9999
1384.244183 9999
1386.380541 9999
1388.514417 9999
1390.625751 9999
1392.765797 9999
1394.887447 9999
1397.000231 9999
1399.111247 9999
1401.248306 9999
1403.403782 9999
1405.510207 9999
1407.606524 9999
1409.71615 9999.0
1412.073801 9999
1414.21037 9999
1416.33546 9999
1418.459337 9999
1420.559984 9999
1422.6672 9999
1424.812994 9999
1426.924976 9999
1429.0606 9999
1431.15128 9999
1433.273751 9999
1435.423504 9999
1437.548549 9999
1439.670153 9999
1441.770468 9999.0
1444.192335 9999
1446.311164 9999
1448.430403 9999
1450.567984 9999
1452.707477 9999
1454.806183 9999
1456.911969 9999
1459.03662 9999
1461.184753 9999
1463.296525 9999
1465.411928 9999
1467.533025 9999
1469.635662 9999
1471.748535 9999
1473.871663 9999.0
1476.231483 9999
1478.350751 9999
1480.49775 9999
1482.606272 9999
1484.754544 9999
1486.888015 9999
1489.00457 9999
1491.142426 9999
1493.270978 9999
1495.427025 9999
1497.567244 9999
1499.708047 9999
1501.830397 9999
1503.94644 9999
1506.088222 9999.0
1508.468796 9999
1510.612477 9999
1512.736997 9999
1514.909907 9999
1517.039335 9999
1519.157478 9999
1521.284024 9999
1523.408744 9999
1525.555548 9999
1527.713347 9999
1529.839141 9999
1531.975537 9999
1534.101358 9999
1536.24477 9999
1538.35851 9999.0
1540.749077 9999
1542.859566 9999
1544.982185 9999
1547.132446 9999
1549.244769 9999
1551.364304 9999
1553.5064 9999
1555.640466 9999
1557.784561 9999
1559.945367 9999
1562.059947 9999
1564.198218 9999
1566.319047 9999
1568.456972 9999
1570.574651 9999.0
1572.945013 9999
1575.081907 9999
1577.20358 9999
1579.280625 9999
1581.401911 9999
1583.515968 9999
1585.643949 9999
1587.761228 9999
1589.897334 9999
1592.0395 9999
1594.17109 9999
1596.293175 9999
1598.406806 9999
1600.512048 9999
1602.621073 9999.0
1605.019649 9999
1607.156754 9999
1609.295549 9999
1611.394486 9999
1613.525288 9999
1615.699551 9999
1617.836901 9999
1619.974105 9999
1622.085724 9999
1624.216639 9999
1626.344892 9999
1628.452321 9999
1630.579779 9999
1632.689469 9999
1634.817153 9999.0
1637.23585 9999
1639.366579 9999
1641.483964 9999
1643.608345 9999
1645.711415 9999
1647.821838 9999
1649.99926 9999
1652.130543 9999
1654.268049 9999
1656.402694 9999
1658.527097 9999
1660.67145 9999
1662.81174 9999
1664.975534 9999
1667.12659 9999.0
1669.508015 9999
1671.643428 9999
1673.752893 9999
1675.901514 9999
1678.019382 9999
1680.167115 9999
1682.263726 9999
1684.386629 9999
1686.489308 9999
1688.610748 9999
1690.723321 9999
1692.857045 9999
1694.996873 9999
1697.107557 9999
1699.231306 9999.0
1701.573563 9999
1703.716797 9999
1705.841594 9999
1707.965429 9999
1710.107588 9999
1712.243156 9999
1714.387891 9999
1716.511954 9999
1718.658224 9999
1720.81147 9999
1722.952768 9999
1725.102293 9999
1727.237224 9999
1729.365815 9999
1731.464174 9999.0
1733.82353 9999
1735.952262 9999
1738.055909 9999
1740.188211 9999
1742.298676 9999
1744.412765 9999
1746.568445 9999
1748.657392 9999
1750.769741 9999
1752.919085 9999
1755.030505 9999
1757.16695 9999
1759.277452 9999
1761.403867 9999
1763.514499 9999.0
1765.845182 9999
1767.953529 9999
1770.077982 9999
1772.214168 9999
1774.328876 9999
1776.449492 9999
1778.601007 9999
1780.745361 9999
1782.896462 9999
1785.056811 9999
1787.1717 9999
1789.267121 9999
1791.390042 9999
1793.471604 9999
1795.581293 9999.0
1797.931038 9999
1800.080902 9999
1802.251736 9999
1804.411844 9999
1806.548634 9999
1808.671631 9999
1810.82333 9999
1812.963572 9999
1815.081034 9999
1817.195779 9999
1819.314862 9999
1821.418836 9999
1823.549821 9999
1825.674679 9999
1827.775365 9999.0
1830.176214 9999
1832.300041 9999
1834.432581 9999
1836.547551 9999
1838.705564 9999
1840.809869 9999
1842.970466 9999
1845.092143 9999
1847.224299 9999
1849.361632 9999
1851.500432 9999
1853.660921 9999
1855.817187 9999
1857.968371 9999
1860.091875 9999.0
1862.430181 9999
1864.590638 9999
1866.718003 9999
1868.847041 9999
1870.973696 9999
1873.10344 9999
1875.227432 9999
1877.323848 9999
1879.445072 9999
1881.556236 9999
1883.722119 9999
1885.843954 9999
1887.967879 9999
1890.089099 9999
1892.21271 9999.0
1894.613391 9999
1896.74978 9999
1898.895916 9999
1901.011083 9999
1903.134719 9999
1905.282077 9999
1907.393469 9999
1909.54399 9999
1911.658966 9999
1913.76627 9999
1915.869724 9999
1917.980775 9999
1920.130256 9999
1922.238283 9999
1924.376027 9999.0
1926.766759 9999
1928.923193 9999
1931.048786 9999
1933.185167 9999
1935.31714 9999
1937.459456 9999
1939.614085 9999
1941.715756 9999
1943.861205 9999
1946.007262 9999
1948.125124 9999
1950.251375 9999
1952.35805 9999
1954.458276 9999
1956.574737 9999.0
1958.9249 9999
1961.048845 9999
1963.168267 9999
1965.296599 9999
1967.408767 9999
1969.527352 9999
1971.678647 9999
1973.817202 9999
1975.938203 9999
1978.052418 9999
1980.174021 9999
1982.345139 9999
1984.456766 9999
1986.583669 9999
1988.694282 9999.0
1991.079598 9999
1993.218493 9999
1995.367125 9999
1997.500742 9999
1999.622957 9999
2001.763885 9999
2003.886312 9999
2006.00248 9999
2008.132406 9999
2010.271563 9999
2012.410008 9999
2014.55833 9999
2016.667855 9999
2018.805773 9999
2020.924081 9999.0
2023.274804 9999
2025.414873 9999
2027.541928 9999
2029.696626 9999
2031.823995 9999
2033.93486 9999
2036.071931 9999
2038.209138 9999
2040.355808 9999
2042.515977 9999
2044.641973 9999
2046.763481 9999
2048.924588 9999
2051.071769 9999
2053.210655 9999.0
2055.549863 9999
2057.669369 9999
2059.792522 9999
2061.908504 9999
2064.064436 9999
2066.180159 9999
2068.318354 9999
2070.46274 9999
2072.587869 9999
2074.697252 9999
2076.799638 9999
2078.939585 9999
2081.066901 9999
2083.18075 9999
2085.293556 9999.0
2087.684127 9999
2089.804418 9999
2091.878334 9999
2094.019729 9999
2096.143353 9999
2098.276777 9999
2100.393996 9999
2102.504526 9999
2104.6056 9999
2106.728602 9999
2108.875959 9999
2111.026395 9999
2113.121063 9999
2115.258366 9999
2117.381165 9999.0
2119.732556 9999
2121.870379 9999
2123.998299 9999
2126.140358 9999
2128.290697 9999
2130.414677 9999
2132.573531 9999
2134.711846 9999
2136.834955 9999
2138.956544 9999
2141.070182 9999
2143.196183 9999
2145.375899 9999
2147.489097 9999
2149.661246 9999.0
2152.015932 9999
2154.149252 9999
2156.260988 9999
2158.399678 9999
2160.523854 9999
2162.634721 9999
2164.784446 9999
2166.921208 9999
2169.07794 9999
2171.230535 9999
2173.37564 9999
2175.533161 9999
2177.695655 9999
2179.821239 9999
2181.970878 9999.0
2184.29095 9999
2186.447056 9999
2188.577897 9999
2190.700949 9999
2192.825988 9999
2194.95422 9999
2197.088992 9999
2199.22071 9999
2201.369397 9999
2203.492771 9999
2205.644352 9999
2207.781069 9999
2209.943807 9999
2212.063804 9999
2214.200836 9999.0
2216.585738 9999
2218.700105 9999
2220.838163 9999
2222.98465 9999
2225.084643 9999
2227.207914 9999
2229.340483 9999
2231.477589 9999
2233.565596 9999
2235.703503 9999
2237.825435 9999
2239.937648 9999
2242.088493 9999
2244.208832 9999
2246.344354 9999.0
2248.678324 9999
2250.823346 9999
2252.970501 9999
2255.109666 9999
2257.241575 9999
2259.378627 9999
2261.516864 9999
2263.624859 9999
2265.772747 9999
2267.884256 9999
2270.010124 9999
2272.14412 9999
2274.271349 9999
2276.38637 9999
2278.505276 9999.0
2280.880727 9999
2283.008402 9999
2285.127344 9999
2287.279934 9999
2289.412554 9999
2291.537907 9999
2293.672932 9999
2295.808732 9999
2297.938368 9999
2300.057845 9999
2302.19406 9999
2304.334729 9999
2306.454498 9999
2308.588633 9999
2310.746789 9999.0
2313.119861 9999
2315.273334 9999
2317.420082 9999
2319.546108 9999
2321.678696 9999
2323.81143 9999
2325.932761 9999
2328.04163 9999
2330.189763 9999
2332.313582 9999
2334.439352 9999
2336.562353 9999
2338.687689 9999
2340.809969 9999
2342.960019 9999.0
2345.27844 9999
2347.410388 9999
2349.547735 9999
2351.634737 9999
2353.780913 9999
2355.920732 9999
2358.046469 9999
2360.195474 9999
2362.313533 9999
2364.430237 9999
2366.543445 9999
2368.685331 9999
2370.823222 9999
2372.923291 9999
2375.036578 9999.0
2377.387167 9999
2379.522223 9999
2381.672768 9999
2383.791935 9999
2385.915793 9999
2388.057962 9999
2390.20553 9999
2392.33802 9999
2394.472925 9999
2396.600482 9999
2398.702482 9999
2400.825251 9999
2402.935183 9999
2405.07173 9999
2407.195617 9999.0
2409.548342 9999
2411.694037 9999
2413.787065 9999
2415.919478 9999
2418.03052 9999
2420.123153 9999
2422.277803 9999
2424.424646 9999
2426.55167 9999
2428.651389 9999
2430.785831 9999
2432.931022 9999
2435.047965 9999
2437.169569 9999
2439.315499 9999.0
2441.731211 9999
2443.879901 9999
2446.024255 9999
2448.150587 9999
2450.263716 9999
2452.384427 9999
2454.509825 9999
2456.657019 9999
2458.775148 9999
2460.919379 9999
2463.030157 9999
2465.147169 9999
2467.281547 9999
2469.391074 9999
2471.536642 9999.0
2473.915122 9999
2476.034991 9999
2478.153089 9999
2480.28827 9999
2482.419561 9999
2484.533024 9999
2486.646307 9999
2488.798585 9999
2490.894176 9999
2493.055038 9999
2495.187738 9999
2497.312521 9999
2499.447656 9999
2501.57442 9999
2503.709331 9999.0
2506.074916 9999
2508.232992 9999
2510.362978 9999
2512.480298 9999
2514.602717 9999
2516.715675 9999
2518.876757 9999
2521.002757 9999
2523.124801 9999
2525.238482 9999
2527.36352 9999
2529.475924 9999
2531.606255 9999
2533.771759 9999
2535.903143 9999.0
2538.269148 9999
2540.394244 9999
2542.495618 9999
2544.619911 9999
2546.731456 9999
2548.877547 9999
2550.992523 9999
2553.107262 9999
2555.216995 9999
2557.340514 9999
2559.477636 9999
2561.626495 9999
2563.792874 9999
2565.919894 9999
2568.080026 9999.0
2570.454164 9999
2572.589197 9999
2574.724341 9999
2576.837082 9999
2578.975359 9999
2581.12176 9999
2583.26049 9999
2585.437778 9999
2587.594023 9999
2589.75049 9999
2591.897837 9999
2594.033471 9999
2596.159142 9999
2598.3042 9999
2600.681303 9999
2602.796073 9999
2604.932635 9999
2607.063274 9999
2609.191218 9999
2611.315081 9999
2613.485061 9999
2615.622364 9999
2617.754958 9999
2619.92983 9999
2622.066716 9999
2624.215912 9999
2626.348838 9999
2628.461986 9999
2630.625216 9999.0
2633.012815 9999
2635.156875 9999
2637.294085 9999
2639.432297 9999
2641.600797 9999
2643.720076 9999
2645.864073 9999
2647.990047 9999
2650.136088 9999
2652.269529 9999
2654.419719 9999
2656.556578 9999
2658.703989 9999
2660.841396 9999
2662.988434 9999.0
2665.328472 9999
2667.464335 9999
2669.611826 9999
2671.736239 9999
2673.871069 9999
2675.9826 9999
2678.085344 9999
2680.198086 9999
2682.344067 9999
2684.478593 9999
2686.604541 9999
2688.71893 9999
2690.816335 9999
2692.951781 9999
2695.084045 9999.0
2697.427755 9999
2699.566357 9999
2701.707661 9999
2703.860484 9999
2706.006031 9999
2708.138237 9999
2710.271913 9999
2712.425393 9999
2714.560033 9999
2716.695051 9999
2718.819106 9999
2720.931005 9999
2723.072138 9999
2725.205419 9999
2727.350923 9999.0
2729.79006 9999
2731.915002 9999
2734.061801 9999
2736.211605 9999
2738.338085 9999
2740.457669 9999
2742.617018 9999
2744.746922 9999
2746.901611 9999
2749.043484 9999
2751.188141 9999
2753.333084 9999
2755.47242 9999
2757.595932 9999
2759.967368 9999
2762.097558 9999
2764.254584 9999
2766.398114 9999
2768.560596 9999
2770.710621 9999
2772.859327 9999
2774.999502 9999
2777.131583 9999
2779.234983 9999
2781.318066 9999
2783.434958 9999
2785.551764 9999
2787.702118 9999
2789.860852 9999.0
2792.227746 9999
2794.372753 9999
2796.50747 9999
2798.642425 9999
2800.793155 9999
2802.940615 9999
2805.08887 9999
2807.202088 9999
2809.343284 9999
2811.47336 9999
2813.602436 9999
2815.751908 9999
2817.860412 9999
2820.00549 9999
2822.140995 9999.0
2824.519914 9999
2826.646755 9999
2828.802096 9999
2830.929899 9999
2833.073666 9999
2835.209172 9999
2837.325286 9999
2839.474204 9999
2841.607499 9999
2843.74431 9999
2845.853918 9999
2847.970061 9999
2850.079762 9999
2852.211391 9999
2854.343178 9999.0
2856.73991 9999
2858.888449 9999
2861.030929 9999
2863.175297 9999
2865.31948 9999
2867.45276 9999
2869.590892 9999
2871.71355 9999
2873.862206 9999
2875.996369 9999
2878.123696 9999
2880.259271 9999
2882.372951 9999
2884.543319 9999
2886.652357 9999.0
2889.035196 9999
2891.166161 9999
2893.283182 9999
2895.437964 9999
2897.599523 9999
2899.730758 9999
2901.893486 9999
2904.010695 9999
2906.166989 9999
2908.295042 9999
2910.404762 9999
2912.528476 9999
2914.673762 9999
2916.820995 9999
2918.946867 9999.0
2921.273074 9999
2923.411377 9999
2925.536318 9999
2927.682975 9999
2929.820747 9999
2931.976201 9999
2934.091033 9999
2936.214733 9999
2938.319447 9999
2940.427167 9999
2942.514555 9999
2944.6377 9999
2946.76679 9999
2948.890189 9999
2951.00199 9999.0
2953.374133 9999
2955.484952 9999
2957.615153 9999
2959.713488 9999
2961.835973 9999
2963.958271 9999
2966.104149 9999
2968.232176 9999
2970.36477 9999
2972.503358 9999
2974.639819 9999
2976.774632 9999
2978.911532 9999
2981.071614 9999
2983.209983 9999.0
2985.570752 9999
2987.735287 9999
2989.881638 9999
2992.006887 9999
2994.152613 9999
2996.28715 9999
2998.445159 9999
3000.606934 9999
3002.740558 9999
3004.898957 9999
3007.028308 9999
3009.18587 9999
3011.333636 9999
3013.484856 9999.0
3015.881627 9999
3018.04344 9999
3020.174604 9999
3022.324119 9999
3024.487132 9999
3026.609845 9999
3028.758659 9999
3030.894702 9999
3033.05425 9999
3035.191381 9999
3037.310227 9999
3039.45032 9999
3041.618217 9999
3043.749085 9999.0
3046.155939 9999
3048.307789 9999
3050.46308 9999
3052.610832 9999
3054.740778 9999
3056.89788 9999
3059.038161 9999
3061.181373 9999
3063.318174 9999
3065.456743 9999
3067.583544 9999
3069.70144 9999
3071.814923 9999
3073.919582 9999
3076.042365 9999.0
3078.438641 9999
3080.560321 9999
3082.676539 9999
3084.811435 9999
3086.948731 9999
3089.09304 9999
3091.196789 9999
3093.330186 9999
3095.439794 9999
3097.558251 9999
3099.716005 9999
3101.842827 9999
3104.027851 9999
3106.173121 9999
3108.322201 9999.0
3110.696778 9999
3112.846673 9999
3114.953478 9999
3117.078759 9999
3119.230413 9999
3121.347213 9999
3123.463891 9999
3125.551626 9999
3127.676545 9999
3129.775206 9999
3131.888064 9999
3133.987786 9999
3136.147914 9999
3138.284906 9999
3140.410992 9999.0
3142.807456 9999
3144.944137 9999
3147.076647 9999
3149.225499 9999
3151.352175 9999
3153.501344 9999
3155.648799 9999
3157.808118 9999
3159.954213 9999
3162.093897 9999
3164.21593 9999
3166.358492 9999
3168.478039 9999
3170.603898 9999
3172.734304 9999.0
3175.098233 9999
3177.237435 9999
3179.393116 9999
3181.553281 9999
3183.701231 9999
3185.849134 9999
3187.999796 9999
3190.139169 9999
3192.262371 9999
3194.395838 9999
3196.53285 9999
3198.679879 9999
3200.777977 9999
3202.914134 9999
3205.030055 9999.0
3207.388894 9999
3209.519926 9999
3211.667903 9999
3213.785554 9999
3215.886188 9999
3218.022994 9999
3220.205736 9999
3222.344522 9999
3224.502282 9999
3226.700766 9999
3228.846405 9999
3230.961111 9999
3233.110514 9999
3235.245371 9999
3237.725549 9999
3239.86087 9999
3242.003126 9999
3244.136413 9999
3246.282893 9999
3248.417129 9999
3250.555984 9999
3252.679865 9999
3254.818513 9999
3256.939674 9999
3259.086092 9999
3261.222637 9999
3263.339616 9999
3265.473858 9999
3267.632198 9999.0
3269.981325 9999
3272.098291 9999
3274.219478 9999
3276.322901 9999
3278.434428 9999
3280.556156 9999
3282.713845 9999
3284.875891 9999
3287.032862 9999
3289.17468 9999
3291.321279 9999
3293.468647 9999
3295.594546 9999
3297.700033 9999
3299.816104 9999.0
3302.202476 9999
3304.364448 9999
3306.501469 9999
3308.635402 9999
3310.751211 9999
3312.908198 9999
3315.065398 9999
3317.227962 9999
3319.374764 9999
3321.501183 9999
3323.628582 9999
3325.786108 9999
3327.92052 9999
3330.068825 9999
3332.454049 9999
3334.58758 9999
3336.727839 9999
3338.848313 9999
3340.980247 9999
3343.089484 9999
3345.188312 9999
3347.325363 9999
3349.449149 9999
3351.572547 9999
3353.735466 9999
3355.833091 9999
3357.965168 9999
3360.103912 9999
3362.213167 9999.0
3364.556854 9999
3366.660025 9999
3368.799539 9999
3370.951726 9999
3373.064965 9999
3375.188482 9999
3377.345029 9999
3379.499608 9999
3381.643622 9999
3383.768606 9999
3385.889851 9999
3388.028744 9999
3390.172786 9999
3392.276883 9999
3394.374807 9999.0
3396.835569 9999
3398.948779 9999
3401.087643 9999
3403.171451 9999
3405.318604 9999
3407.47615 9999
3409.614182 9999
3411.773913 9999
3413.90935 9999
3416.044048 9999
3418.173819 9999
3420.30479 9999
3422.443842 9999
3424.560223 9999
3426.713683 9999.0
3429.06371 9999
3431.237178 9999
3433.372646 9999
3435.526617 9999
3437.645117 9999
3439.804348 9999
3441.95283 9999
3444.105721 9999
3446.227733 9999
3448.360334 9999
3450.521301 9999
3452.659955 9999
3454.796461 9999
3456.947272 9999.0
3459.309127 9999
3461.468488 9999
3463.605626 9999
3465.744032 9999
3467.848046 9999
3469.951463 9999
3472.085273 9999
3474.190392 9999
3476.344541 9999
3478.474182 9999
3480.623634 9999
3482.791652 9999
3484.940734 9999
3487.111852 9999
3489.23685 9999.0
3491.657147 9999
3493.831972 9999
3496.006933 9999
3498.167413 9999
3500.304056 9999
3502.434442 9999
3504.561219 9999
3506.697346 9999
3508.833054 9999
3510.956921 9999
3513.092066 9999
3515.224725 9999
3517.373395 9999
3519.523725 9999.0
3521.94513 9999
3524.086867 9999
3526.193023 9999
3528.32311 9999
3530.44355 9999
3532.59582 9999
3534.727685 9999
3536.876929 9999
3539.012107 9999
3541.146163 9999
3543.285027 9999
3545.404112 9999
3547.532557 9999
3549.656844 9999
3551.801554 9999.0
3554.189461 9999
3556.363567 9999
3558.496895 9999
3560.63218 9999
3562.794675 9999
3564.946635 9999
3567.103321 9999
3569.250395 9999
3571.400805 9999
3573.568842 9999
3575.728833 9999
3577.871956 9999
3579.990605 9999
3582.137162 9999.0
3584.585285 9999
3586.720536 9999
3588.858926 9999
3590.982109 9999
3593.106213 9999
3595.242112 9999
3597.344755 9999
3599.469819 9999
3601.593423 9999
