9.674077 2.08092665672
19.438895 2.07191069921
28.830354 2.07916736603
38.084817 2.07347766558
47.790122 2.08411105474
57.108326 2.07436172167
66.575941 2.08036835988
75.914259 2.075319767
85.547427 2.08553298314
95.399627 2.08288534482
104.792538 2.07862027486
114.290546 2.08019224803
123.926035 2.07651964823
133.318855 2.07938996951
142.670526 2.08404437701
151.978456 2.07509271304
161.837244 2.0826997757
171.128309 2.07989168167
181.04218 2.08461769422
190.390939 2.08870331446
199.94321 2.07138403257
209.322104 2.07060432434
218.652345 2.07836906115
228.103917 2.07304739952
237.884956 2.08116436005
247.318687 2.08391499519
256.707621 2.07599067688
266.073525 2.08124160767
276.002485 2.08140977224
285.430831 2.08853467306
294.910868 2.07736857732
304.312913 2.07927711805
314.010356 2.08423431714
323.988832 2.07825899124
333.283891 2.09143058459
342.678587 2.08346430461
352.205035 2.07762098312
361.536519 2.08022761345
371.14617 2.08490697543
380.556534 2.08889261882
390.114076 2.07671467463
399.689694 2.07841396332
409.20494 2.0830476284
418.66778 2.07913374901
428.226661 2.08115530014
437.56436 2.0736366113
446.940511 2.07997004191
456.266344 2.08299573263
465.927495 2.08714397748
475.238376 2.07225330671
484.707163 2.07422272364
494.038695 2.07427358627
503.679362 2.08470233281
513.661523 2.07611560822
522.970015 2.07518935204
532.226018 2.08212471008
542.156256 2.07941563924
551.641687 2.07868933678
561.394133 2.07854771614
570.82613 2.07823228836
580.417484 2.08242758115
589.679081 2.07341043154
598.992414 2.07912333806
608.439179 2.09938732783
618.141208 2.08064397176
628.028892 2.074000597
637.251119 2.07613301277
646.673326 2.07179697355
656.185137 2.08505797386
665.547967 2.08205159505
675.297355 2.08252358437
684.658105 2.08758338292
695.014828 2.08735132217
704.473639 2.07971008619
713.949338 2.0851808389
723.381978 2.09342535337
733.110967 2.07728362083
742.472723 2.07319458326
751.820908 2.08038568497
761.220356 2.08078765869
770.834037 2.08119352659
780.207438 2.08776195844
789.581832 2.08376288414
798.999335 2.07814804713
808.879966 2.07674336433
818.282544 2.08388002714
827.604284 2.07677229246
837.440369 2.07286930084
847.116868 2.08068736394
856.757875 2.09472338359
866.132726 2.07949439685
875.494507 2.08138012886
885.109351 2.08248496056
894.433191 2.08282574018
903.97471 2.07399066289
913.212871 2.0767083168
922.849191 2.07297825813
932.304831 2.07692011197
941.820623 2.07496404648
951.315352 2.08561809858
961.105827 2.08432896932
970.95327 2.24421707789
980.303924 2.08338459333
989.665709 2.07377839088
999.275991 2.07624848684
1008.622037 2.08995397886
1018.039894 2.07501212756
1027.576388 2.08332896233
1037.249806 2.08006334305
1046.62887 2.07611020406
1056.13816 2.08089224497
1066.319604 2.07497135798
1076.064946 2.07457431157
1085.433133 2.07325537999
1094.826882 2.09050766627
1104.372064 2.08229732513
1114.087804 2.0748167038
1123.443558 2.08301830292
1132.887889 2.07804568609
1142.237235 2.08602658908
1151.79656 2.07438238462
1161.46245 2.09059174856
1170.866112 2.08020099004
1180.19539 2.07669440905
1189.820844 2.0803047816
1199.195123 2.07984670003
1209.242848 2.07636594772
1218.575572 2.08710138003
1228.18808 2.07808661461
1237.611053 2.08427357674
1246.959787 2.07573994001
1256.32797 2.07387463252
1266.009642 2.08276430766
1275.417019 2.07779367765
1284.892599 2.08186936378
1294.402341 2.0818974177
1304.367263 2.07499599457
1313.710043 2.0824833711
1323.037481 2.07511337598
1332.451385 2.08617329597
1342.010003 2.07998967171
1351.383298 2.07580399513
1360.93054 2.08683427175
1370.164469 2.07639463743
1379.705168 2.08236638705
1389.115468 2.07990463575
1398.722065 2.07776697477
1408.057133 2.08925533295
1417.878151 2.08313473066
1427.27837 2.0913986365
1436.667643 2.08893203735
1446.069245 2.08106366793
1455.630296 2.0767587026
1465.034587 2.08736403783
1474.475957 2.0721522967
1483.986204 2.08242734273
1493.649124 2.08295575778
1503.034884 2.08316198985
1512.373863 2.07181843122
1521.825201 2.07681798935
1531.356086 2.07688458761
1540.763339 2.08195503553
1550.123953 2.08383528392
1560.189777 2.08518632253
1569.722525 2.07710401217
1579.143325 2.07549103101
1588.609879 2.07536196709
1598.032804 2.07744638125
1607.997279 2.08206168811
1617.373611 2.07207298279
1626.71974 2.07569599152
1636.331108 2.07727432251
1646.063268 2.08391706149
1655.477494 2.08914899826
1664.817907 2.07724865278
1674.524361 2.08556214968
1684.177982 2.09603293737
1693.586671 2.07930978139
1703.323522 2.08581733704
1712.792605 2.0774576664
1722.49425 2.07789564133
1731.935391 2.07442696889
1741.285857 2.07782530785
1750.70039 2.0748128891
1760.31549 2.072732687
1770.126768 2.07632700602
1779.593984 2.07907366753
1789.095479 2.08681662877
1798.828357 2.08865857124
1808.209924 2.07425737381
1817.977128 2.0773759683
1827.478163 2.08529734612
1837.240747 2.08543205261
1846.78944 2.08333897591
1856.191684 2.08148678144
1865.566798 2.07805212339
1875.215238 2.08138664563
1885.446678 2.08493304253
1894.90051 2.07955098152
1904.370161 2.08626071612
1914.073413 2.07859094938
1923.447691 2.07842930158
1933.116419 2.087921381
1942.594635 2.08546733856
1952.25588 2.07365870476
1961.631194 2.0909260114
1971.008249 2.08009068171
1980.280921 2.07699036598
1989.901377 2.07405432065
1999.699264 2.07676569621
2009.138737 2.07861932119
2018.675304 2.08500432968
2028.336635 2.07760365804
2037.678763 2.082685709
2047.748451 2.08626596133
2057.120871 2.08616375923
2066.714295 2.07781624794
2076.058853 2.08149266243
2085.441318 2.08109561602
2094.958602 2.08212200801
2104.57977 2.08314140638
2113.91769 2.0881550312
2123.318322 2.08177932103
2132.719213 2.07953365644
2142.714698 2.08134500186
2152.081529 2.07633765539
2161.315829 2.07279896736
2170.800379 2.07553370794
2180.54989 2.0840160052
2189.942015 2.08105492592
2199.310978 2.0886443456
2209.174113 2.08113058408
2218.863111 2.07265734673
2228.213264 2.08941976229
2237.797038 2.08169929187
2247.2469 2.08481407166
2257.37175 2.0891242822
2266.873026 2.08639963468
2276.186202 2.08232831955
2285.666544 2.08512536685
2295.254635 2.08138195674
2304.672302 2.08242170016
2314.163779 2.08469692866
2323.584741 2.07329034805
2333.213992 2.07757862409
2342.588328 2.08149973551
2351.980599 2.07177130381
2361.304845 2.07955495516
2370.852756 2.0743303299
2380.194729 2.0863216718
2389.528434 2.07735768954
2399.305665 2.0752286911
2408.907256 2.08545295397
2418.308314 2.08106160164
2428.02053 2.08452335993
2437.392675 2.07490293185
2447.670722 2.07717267672
2456.980438 2.07966462771
2466.39494 2.07634735107
2475.864717 2.07854541143
2485.514237 2.08100668589
2494.785404 2.07435464859
2504.242695 2.0810286204
2514.024376 2.08063666026
2523.635864 2.08254170418
2533.108304 2.07686901093
2542.477003 2.07878335317
2551.897967 2.07724642754
2561.744907 2.08552694321
2571.294114 2.08792924881
2581.140115 2.08199532827
2590.478222 2.07414595286
2600.113087 2.08261736234
2609.502975 2.07219672203
2619.042875 2.07996503512
2628.940736 2.08485070864
2638.452055 2.08222929637
2648.307394 2.08267196019
2657.672288 2.07341003418
2667.080904 2.07750542959
2676.764976 2.08230924606
2686.263224 2.08968734741
2695.776326 2.08634408315
2705.15944 2.07617712021
2714.881062 2.08292134603
2724.370835 2.09235493342
2733.751456 2.08157674472
2743.382013 2.08299064636
2753.015087 2.07411400477
2762.694849 2.08314259847
2772.065542 2.07923658689
2781.425922 2.07756527265
2791.78544 2.08368500074
2801.169283 2.07576608658
2810.49345 2.07613698641
2819.956192 2.07414937019
2829.572956 2.08525300026
2838.978059 2.07857600848
2848.334469 2.06787268321
2857.754414 2.08507021268
2867.50262 2.08183693886
2876.969945 2.07464734713
2886.278072 2.08640003204
2895.661499 2.07111899058
2906.030384 2.08562938372
2915.414276 2.07724467913
2924.917944 2.07562740644
2934.336091 2.0799733003
2943.95417 2.07992625237
2953.325742 2.07507395744
2962.714767 2.07890502612
2972.459845 2.08305795987
2982.059813 2.08281008403
2991.45614 2.07196458181
3000.781244 2.07969729106
3010.191719 2.0745279789
3019.898558 2.0856877168
3029.339984 2.08411471049
3039.039642 2.08446868261
3048.504817 2.08275135358
3058.040711 2.07996829351
3067.574566 2.07949074109
3076.955083 2.07897901535
3086.311622 2.07793561618
3095.872103 2.08210698764
3105.424666 2.08309531212
3115.14164 2.08093603452
3124.503223 2.07784310977
3134.262914 2.07697923978
3143.655599 2.08118565877
3153.006968 2.08729163806
3162.975896 2.08090631167
3172.482093 2.08034769694
3181.817192 2.07424767812
3191.229552 2.08450802167
3200.770497 2.07919677099
3210.949719 2.07559307416
3220.332998 2.07903337479
3229.688126 2.07850893339
3239.070677 2.0732096831
3248.652485 2.07944305738
3258.054706 2.0768169562
3267.430693 2.08242893219
3276.889056 2.08386627833
3286.563348 2.07098031044
3295.880688 2.09107502302
3305.676091 2.08238339424
3315.097068 2.07872907321
3324.643711 2.07308506966
3334.021568 2.08012390137
3343.547105 2.08724300067
3352.935456 2.08661929766
3362.591201 2.07414301236
3372.480458 2.07804091771
3381.799689 2.07872637113
3391.213991 2.08768669764
3400.789038 2.07937431335
3410.345491 2.09851495425
3419.681121 2.09390568733
3429.092478 2.07661008835
3438.750017 2.07981443405
3448.319993 2.07916712761
3457.686693 2.07813556989
3467.160005 2.07907970746
3477.021455 2.08730665843
3486.34443 2.07417098681
3496.339816 2.09829727809
3505.813596 2.0880232652
3515.392295 2.08238840103
3524.703512 2.08793067932
3534.095477 2.07818897565
3543.928252 2.07334534327
3553.585157 2.07740362485
3562.856608 2.07553100586
3572.258963 2.08116364479
3581.627932 2.08517710368
3591.586021 2.0818640391
3600.985235 2.07885591189
3610.658689 2.07830834389
3620.095887 2.08668764432
3629.704965 2.07978399595
3639.187985 2.08735831579
3648.46662 2.07417066892
3657.91067 2.07840005557
3667.718749 2.08309459686
3677.112771 2.07503008842
3686.680855 2.085774978
3696.090007 2.08139888446
3706.526803 2.08622201284
3715.848281 2.0805033048
3725.215512 2.08300161362
3734.714898 2.07512903214
3744.312485 2.08444960912
3753.81492 2.0773824056
3763.126649 2.08588790894
3772.46759 2.07650295893
3782.060508 2.07632732391
3791.481329 2.08741267522
3800.904883 2.07988357544
3810.339697 2.07490698497
3819.899358 2.08067464828
3829.280161 2.08457334836
3838.629716 2.082650582
3848.007864 2.07577959696
3857.639901 2.07769195239
3867.028581 2.07682863871
3876.287323 2.07471172015
3885.677683 2.08053326607
3895.641457 2.08094493548
3904.911689 2.07654333115
3914.434915 2.07631937663
3923.735391 2.07985870043
3933.302157 2.07051134109
3942.671932 2.07773971558
3952.093822 2.08130637805
3961.504291 2.07670068741
3971.049584 2.08135167758
3980.44993 2.07929174105
3990.16422 2.07207759221
3999.588498 2.08034769694
4009.738643 2.08112804095
4019.196951 2.07600243886
4028.591249 2.07635998726
4037.997799 2.07732860247
4047.763703 2.08477663994
4057.431387 2.08954930305
4066.813139 2.08309364319
4076.165592 2.0811940829
4086.544678 2.08050076167
4095.955773 2.08332737287
4105.518305 2.07455738386
4114.949866 2.08914057414
4124.68907 2.07817792892
4134.019149 2.07769966125
4143.459096 2.08307003975
4152.999232 2.07968862851
4162.620088 2.078657945
4172.122803 2.08163698514
4181.471515 2.07791662216
4190.818832 2.07847197851
4200.375527 2.07512172063
4209.815989 2.07824667295
4219.457864 2.07598495483
4228.913131 2.08133069674
4238.512728 2.08102337519
4247.905135 2.07721034686
4257.694491 2.09588464101
4267.219844 2.08153231939
4276.745974 2.0859401226
4286.263631 2.08718760808
4295.769098 2.0777463913
4305.266319 2.07489434878
4314.835743 2.06991171837
4324.283181 2.0770983696
4333.723469 2.08356134097
4343.052237 2.07486796379
4352.664755 2.08000199
4362.189158 2.07653840383
4371.544431 2.07650669416
4380.846445 2.08301742872
4390.459873 2.08704098066
4399.865925 2.079479297
4409.637928 2.08473833402
4419.161028 2.08417193095
4429.432562 2.07994159063
4438.774117 2.0763425827
4448.18471 2.07504471143
4457.761208 2.08818149567
4467.428269 2.09083040555
4476.824579 2.08369334539
4486.217016 2.08099977175
4495.704962 2.08195567131
4506.023861 2.07406234741
4515.421742 2.08797438939
4524.83805 2.07787656784
4534.229001 2.08474969864
4543.909886 2.08057530721
4553.861865 2.08033068975
4563.139063 2.07364869118
4572.540872 2.07403635979
4582.404253 2.07399932543
4591.764039 2.08138028781
4601.390303 2.07400393486
4610.868663 2.0864259402
4620.766916 2.07031067212
4630.102048 2.08348671595
4639.489961 2.08313926061
4649.025207 2.07939306895
4658.523944 2.07899371783
4667.982297 2.08027076721
4677.47498 2.07724539439
4686.969271 2.07705831528
4696.552889 2.08456325531
4706.019573 2.08215928078
4715.448887 2.07334168752
4725.001229 2.07362302144
4734.684967 2.07987968127
4744.144009 2.08196210861
4753.547663 2.07479492823
4762.91283 2.0739206473
4772.49932 2.08204865456
4781.951512 2.08397936821
4791.31827 2.07836993535
4800.673496 2.07541569074
4810.968853 2.08668367068
4820.389176 2.08047803243
4829.755245 2.0737888813
4839.159389 2.07929333051
4848.859041 2.08424870173
4858.574377 2.07683467865
4867.934234 2.07500537237
4877.281179 2.0753540198
4886.846565 2.08151340485
4896.115822 2.07827067375
4905.515294 2.07769799232
4914.894571 2.07555103302
4924.524709 2.07623902957
4933.743959 2.07129534086
4943.117359 2.08511638641
4952.573812 2.07645026843
4962.228526 2.08730904261
4971.661463 2.07476735115
4981.032163 2.08039840062
4990.491974 2.11155756315
5000.722043 2.07713627815
5010.106829 2.08608277639
5019.647551 2.07495800654
5029.117175 2.07281605403
5039.172509 2.07694959641
5048.573593 2.07719000181
5057.929493 2.0815920035
5067.322621 2.07402563095
5076.938372 2.07624801
5086.280377 2.08374182383
5095.730106 2.08714834849
5105.049099 2.09030206998
5114.862006 2.07540766398
5124.288504 2.08463827769
5134.473561 2.08633899689
5144.043498 2.07657337189
5153.667872 2.08573476473
5163.060327 2.07792798678
5172.408232 2.07803146044
5181.654403 2.07395664851
5191.381217 2.08770561218
5200.739961 2.07766302427
5210.061306 2.08583394686
5219.487564 2.07807095846
5229.373054 2.08634972572
5238.774016 2.08633724848
5248.205019 2.08186109861
5257.596583 2.07401053111
5267.347187 2.0796426932
5276.711975 2.0744887193
5286.079663 2.08542831739
5295.373347 2.07563066483
5305.814412 2.07558465004
5315.21002 2.07947802544
5324.542169 2.0828303496
5333.948945 2.07910029093
5343.610946 2.08220696449
5352.987902 2.08017794291
5362.319624 2.07343673706
5371.876799 2.07384824753
5381.582257 2.07973599434
5390.985653 2.07379102707
5400.384002 2.08168594042
5409.640596 2.07574462891
5419.563369 2.08638596535
5428.972413 2.09670909246
5438.322026 2.07954128583
5447.760734 2.0812933445
5457.361285 2.08127069473
5467.152381 2.07512442271
5476.566875 2.07723434766
5485.901309 2.08010697365
5495.629785 2.07892457644
5505.06362 2.08840727806
5514.406825 2.07387606303
5523.794635 2.08138799667
5533.44249 2.07807596525
5542.766924 2.07429806391
5552.136594 2.07525992393
5561.629687 2.07850583394
5571.652812 2.07480231921
5581.056169 2.07895731926
5590.42182 2.08009163539
5599.786295 2.07318496704
5609.645735 2.07714263598
5619.263325 2.07520405451
5628.687058 2.07885169983
5637.940151 2.07346272469
5647.537057 2.07619094849
5657.133994 2.08099627495
5666.398886 2.07699600856
5675.79575 2.08439699809
5685.421838 2.08143059413
5694.799963 2.08622201284
5704.549601 2.088565588
5713.884144 2.07666738828
5723.479128 2.07404430707
5732.862849 2.07599099477
5742.24396 2.07264200846
5752.012831 2.08635195096
5761.548318 2.0792593956
5770.90926 2.08500258128
5780.205496 2.07658370336
5789.528549 2.07935635249
5799.038292 2.07740275065
5808.469292 2.09375905991
5817.805243 2.07361332575
5827.211607 2.08388741811
5836.775697 2.07818174362
5846.064089 2.07766366005
5855.581688 2.083700339
5865.022316 2.08479833603
5874.747293 2.07995128632
5884.07825 2.08312726021
5893.548191 2.07924938202
5902.981078 2.07517401377
5912.693913 2.07280643781
5922.08581 2.07319339116
5931.541415 2.08055257797
5941.052725 2.0747461319
5950.715465 2.07703431447
5959.984771 2.07383068403
5969.431374 2.08154567083
5978.759626 2.07296601931
5988.588284 2.08283098539
5997.970342 2.08870999018
6007.804255 2.08204070727
6017.196645 2.07755796115
6026.763583 2.08094469706
6036.611572 2.07777992884
6045.996612 2.09226520856
6055.390858 2.07715797424
6065.044203 2.09080203374
6074.554902 2.07962965965
6084.013109 2.07753308614
6093.705235 2.08536402384
6103.295216 2.07948072751
6112.750164 2.07486804326
6122.088234 2.07546194394
6131.884569 2.08490268389
6141.580343 2.08566260338
6150.960702 2.07795198758
6160.224083 2.07781155904
6169.650728 2.07784867287
6179.425569 2.07855637868
6188.815856 2.07292906443
6198.673499 2.0803539753
6208.202593 2.08888928095
6217.860618 2.08279244105
6227.172621 2.08345270157
6236.636751 2.08476527532
6246.145683 2.07953794797
6255.708355 2.07946626345
6265.148822 2.08429741859
6274.680573 2.07255776723
6284.010596 2.07336362203
6293.784911 2.08207631111
6303.134835 2.08606322606
6312.582771 2.08367435137
6321.98601 2.0741250515
6331.653807 2.07810703913
6341.358141 2.07627471288
6350.711063 2.08066558838
6360.299669 2.07795993487
6369.805715 2.07521732648
6379.093363 2.07670998573
6388.473461 2.07829491297
6397.987919 2.08258740107
6407.674211 2.08399804433
6417.109658 2.08209832509
6426.470957 2.08485023181
6436.016717 2.08763877551
6445.667429 2.07692988714
6455.09869 2.07602540652
6464.521079 2.08620707194
6473.898131 2.0827190876
6483.527222 2.08184393247
6492.93405 2.07976269722
6502.222743 2.07903472582
6511.627792 2.08089105288
6521.42658 2.08003671964
6530.911796 2.07897734642
6540.242066 2.07350262006
6549.551425 2.07289799054
6559.585266 2.08162180583
6569.327944 2.07537206014
6578.733255 2.07480390867
6588.184046 2.0754746596
6598.066256 2.0813293457
6607.448464 2.07713659604
6616.834888 2.07495101293
6626.266139 2.07604559263
6636.387581 2.08134071032
6645.799715 2.07952308655
6655.117806 2.07865627607
6665.01929 2.07536331813
6674.825177 2.08135763804
6684.496777 2.078221639
6694.086607 2.07892608643
6703.402398 2.07824532191
6713.07639 2.08568008741
6722.579288 2.08265932401
6731.890022 2.07648706436
6741.222493 2.08057967822
6750.867988 2.07277194659
6760.213146 2.08624331156
6769.676392 2.07865269979
6779.949004 2.0742336909
6789.653545 2.07234605153
6799.077043 2.08131901423
6808.422023 2.08184369405
6817.979108 2.07292199135
6827.835681 2.14613962173
6837.233125 2.08371535937
6846.657622 2.08165200551
6856.268673 2.0819794337
6865.957774 2.07415660222
6875.271261 2.08393001556
6884.684948 2.08207432429
6894.576606 2.08082795143
6904.216608 2.0761663119
6914.226145 2.0793920358
6923.670262 2.07876197497
6932.957551 2.08379562696
6943.110123 2.08461968104
6952.381468 2.0839463075
6961.873071 2.0830274423
6971.183633 2.07259464264
6980.763546 2.09035722415
6990.895961 2.07362492879
7000.239747 2.07952268918
7009.50907 2.08604637782
7019.170955 2.07421835264
7028.450434 2.07686742147
7037.805526 2.08833940824
7047.441915 2.07919764519
7057.684215 2.08570631345
7067.101417 2.08496832848
7076.415232 2.07485866547
7085.843069 2.07923237483
7095.672779 2.08039800326
7105.066677 2.07564441363
7114.458106 2.07529902458
7123.84103 2.07901501656
7133.504231 2.07764442762
7142.914403 2.08143337568
7152.44292 2.07699195544
7161.831701 2.08731929461
7171.602662 2.08495942752
7181.092015 2.07855232557
7190.482303 2.0874153773
7199.82211 2.074173371
