45.583047 2.21295868158
91.431733 2.22719899416
137.313917 2.22680895329
182.945815 2.21685841084
228.753261 2.2241601944
232.284174 9999
235.677399 9999
281.407359 2.22822296619
327.0241 2.21351802349
372.692973 2.21553992033
418.510152 2.22540211678
464.081712 2.21172765493
467.686634 9999
513.430837 2.22988961935
559.095094 2.21519287825
604.623913 2.20939837694
650.071542 2.20526173115
695.553266 2.20758076906
741.112384 2.20964279175
744.657512 9999
790.177505 2.21878888607
836.081571 2.22817363739
881.624004 2.21129107475
885.203207 9999
888.587209 9999
934.052562 2.21721435785
937.66102 9999
983.107511 2.21708118916
1028.626933 2.21341000795
1074.326201 2.2178109169
1119.946827 2.21444206238
1165.462229 2.20904775858
1169.042921 9999
1214.781986 2.23017551899
1260.440838 2.2122168541
1306.432887 2.23047263622
1352.542771 2.23849278688
1398.207493 2.21457852125
1443.697332 2.2065438509
1447.270709 9999
1492.823582 2.22062869072
1538.531686 2.21997919083
1584.141054 2.21291960478
1630.078058 2.2300911665
1675.822277 2.21848753691
1721.506482 2.21422358751
1767.207206 2.21722763777
1770.750363 9999
1774.155174 9999
1819.760483 2.22379817963
1865.36558 2.21321731806
1911.738346 2.25109095573
1957.458204 2.21615847349
2003.406011 2.22896291018
2049.005546 2.21099770069
2094.652177 2.21508456469
2140.256548 2.21391005516
2186.584031 2.24906234741
2232.138175 2.20991598368
2277.921959 2.22246283293
2323.520429 2.21169530153
2369.261723 2.21943626404
2414.8741 2.21168837547
2460.351931 2.20699820518
2505.987129 2.21282558441
2509.552608 9999
2554.888507 2.21039961576
2600.466152 2.21347253323
2646.336764 2.22616981268
2691.955035 2.21287099123
2737.700405 2.21952873468
2783.675257 2.23193718195
2829.260898 2.21148458719
2874.862518 2.21145105362
2920.480947 2.21481074095
2966.002397 2.21195366383
3011.635808 2.2132327199
3057.401144 2.22027035952
3103.011621 2.21124032736
3148.69248 2.21391246319
3194.345869 2.21550074816
3239.937758 2.21457406282
3243.516168 9999
3288.793392 2.20620142221
3334.463069 2.21723986864
3380.033905 2.21162821054
3425.708983 2.21418126822
3471.272723 2.21001948118
3474.901652 9999
3520.317347 2.21453282833
3565.840878 2.20982911587
3611.66885 2.2239734292
