2.121818 0.00173703432083
3.876153 0.00223803520203
5.617553 0.00395746231079
7.552129 0.00179138183594
9.350963 0.00263103246689
11.303089 0.00336109399796
12.994203 0.00205056667328
14.697505 0.00196263790131
16.538858 0.00191768407822
18.189727 0.0029284954071
19.912408 0.00198274850845
21.618037 0.00192987918854
23.30264 0.00209286212921
24.97388 0.00191389322281
26.86568 0.00212651491165
28.546975 0.0020348072052
30.426844 0.00221985578537
32.464971 0.0019135594368
34.202006 0.00189270973206
35.886472 0.00244159698486
37.607744 0.00223181247711
39.269304 0.00188649892807
40.958536 0.00225884914398
42.621845 0.00193306207657
44.333533 0.00191266536713
46.015468 0.00202807188034
47.712337 0.00271596908569
49.520936 0.00253101587296
51.225516 0.00211157798767
53.121139 0.0019362449646
54.805982 0.00192822217941
56.712865 0.00200455188751
58.40512 0.00198531150818
60.191179 0.00207982063293
61.87716 0.00213069915771
64.019066 0.0019403219223
65.687602 0.00191555023193
67.624392 0.00321261882782
69.340244 0.00186581611633
71.044906 0.00216836929321
72.712021 0.00198422670364
74.488948 0.00233730077744
76.220249 0.00192745923996
77.964556 0.00195527076721
79.933261 0.001959836483
81.691514 0.00451935529709
83.455803 0.00372257232666
85.164098 0.00194643735886
86.985452 0.00199506282806
88.673829 0.00200484991074
90.40201 0.00191192626953
92.138039 0.0020409822464
93.870362 0.00449018478394
95.971232 0.00279247760773
97.701396 0.00252372026443
99.35229 0.00255297422409
101.196609 0.00194427967072
102.844229 0.0019727230072
104.683083 0.00218068361282
106.50636 0.0019336104393
108.228179 0.00199868679047
109.993465 0.00349118709564
111.748506 0.0021767616272
113.492477 0.00191346406937
115.282714 0.0019170165062
117.038968 0.0019002199173
118.829795 0.00191297531128
120.531188 0.00195670127869
122.275649 0.00335994958878
124.109886 0.00298494100571
126.217329 0.00197485685349
127.929436 0.00190941095352
129.671965 0.00192650556564
131.43834 0.00218752622604
133.251658 0.0019943356514
135.020952 0.00200229883194
136.799586 0.00200350284576
138.499169 0.00199463367462
140.213952 0.00196231603622
141.993009 0.00215429067612
143.674537 0.0020535826683
145.379221 0.00197776556015
147.276541 0.00408720970154
148.99381 0.00198842287064
150.703704 0.00195224285126
152.394253 0.00189135074615
154.091002 0.00190155506134
155.829109 0.00190092325211
157.99469 0.00196708440781
159.717908 0.00475680828094
161.517158 0.00192445516586
163.229389 0.00193054676056
164.963121 0.00199368000031
166.768133 0.00220626592636
168.466955 0.00194953680038
170.242612 0.00274535417557
171.89696 0.0019762635231
173.60672 0.00192444324493
175.363754 0.00200257301331
177.187918 0.00193815231323
178.921174 0.00295555591583
180.622128 0.00198758840561
182.282082 0.00190885066986
183.973535 0.00190352201462
185.669819 0.0019451379776
187.452564 0.00191075801849
189.460407 0.00195248126984
191.153713 0.00194212198257
192.87722 0.00251035690308
194.567613 0.00198029279709
196.246319 0.00208529233932
197.945737 0.00218932628632
199.749583 0.00192046165466
201.476661 0.00343346595764
203.253028 0.00451903343201
204.950318 0.00200129747391
206.745059 0.00210416316986
208.45267 0.00198014974594
210.181697 0.00284893512726
212.02573 0.00205090045929
213.778255 0.00198141336441
215.53963 0.00207244157791
217.300325 0.00240838527679
219.021878 0.00195969343185
220.993315 0.00355758666992
222.738343 0.00193177461624
224.496064 0.00197447538376
226.339476 0.00194956064224
228.061023 0.00191359519958
229.824364 0.00215196609497
231.557452 0.00352296829224
233.350356 0.00223869085312
235.220698 0.00197418928146
236.997165 0.0019606590271
238.787966 0.00205628871918
240.451256 0.00196282863617
242.182813 0.00208233594894
243.97021 0.00346837043762
245.650038 0.00197598934174
247.379732 0.00192432403564
249.038351 0.00197592973709
250.802604 0.00222347974777
252.800428 0.00192224979401
254.472883 0.00196096897125
256.139644 0.00196886062622
258.043131 0.00276989936829
259.732346 0.00196402072906
261.377435 0.0020499587059
263.111029 0.00193139314651
264.782888 0.00208464860916
266.539112 0.00193997621536
268.45272 0.00193876028061
270.149808 0.00196809768677
271.921395 0.00336821079254
273.611976 0.00222589969635
275.275869 0.0019148349762
276.990869 0.00197740793228
278.697454 0.00190759897232
280.466451 0.00228661298752
282.173832 0.0019825220108
284.362402 0.00427879095078
286.051004 0.00211789608002
287.780731 0.0020445227623
289.667588 0.00205982923508
291.360104 0.00208022594452
293.220841 0.00244747400284
294.964435 0.004136967659
296.853997 0.00211683511734
298.637369 0.00194946527481
300.372186 0.00264775753021
302.064024 0.00193018913269
303.847288 0.00195256471634
305.617928 0.0022381901741
307.596733 0.00226912498474
309.346221 0.00253038406372
311.086014 0.00193440914154
312.786373 0.00196146965027
314.960138 0.00191669464111
316.640493 0.00199928283691
318.496926 0.00196009874344
320.196662 0.00193108320236
321.86457 0.00197916030884
323.619689 0.00204931497574
325.344351 0.00374149084091
327.167747 0.00199463367462
328.895192 0.00195173025131
330.665777 0.00195664167404
332.36418 0.00206804275513
334.059914 0.00220236778259
335.790497 0.00237574577332
337.518614 0.00356276035309
339.235933 0.00198657512665
340.960976 0.0019588470459
342.654714 0.00197304487228
344.336585 0.00217627286911
346.255953 0.0020982503891
347.949748 0.00193486213684
349.670335 0.00291442871094
351.49405 0.00199390649796
353.224219 0.00218970775604
355.021448 0.00190482139587
356.776321 0.00279116630554
358.456783 0.00195811986923
360.193736 0.00242290496826
361.873888 0.00196443796158
363.638883 0.0019327878952
365.360072 0.00210094451904
367.082678 0.00215697288513
368.83535 0.00191887617111
370.7146 0.00207331180573
372.488661 0.00206164121628
374.241262 0.00209325551987
376.030916 0.00316900014877
378.063084 0.00202189683914
379.738657 0.00196372270584
381.6696 0.00202094316483
383.376951 0.00224094390869
385.090676 0.00329366922379
386.807427 0.00194230079651
388.480382 0.00208973884583
390.228606 0.00273418426514
392.040613 0.00193830728531
393.752332 0.00197052955627
395.530635 0.00196994543076
397.248544 0.00189179182053
399.087469 0.00237753391266
400.85385 0.00190300941467
402.572725 0.00199149847031
404.235136 0.00194489955902
405.933549 0.00198055505753
407.625153 0.00239373445511
409.632846 0.00199016332626
411.522614 0.00197155475616
413.282433 0.00196455717087
415.021332 0.00283056497574
416.768879 0.00250732898712
418.446053 0.00188448429108
420.140184 0.00198049545288
421.875486 0.00247581005096
423.618587 0.00196913480759
425.271189 0.00196154117584
426.978633 0.00205938816071
428.692456 0.00190622806549
430.459396 0.00204738378525
432.135505 0.00210299491882
433.906396 0.00199102163315
435.569737 0.00197788476944
437.286729 0.00241856575012
439.017899 0.00203056335449
441.049872 0.00226879119873
442.791492 0.00232893228531
444.63868 0.00198134183884
446.443684 0.0021301984787
448.23626 0.00198383331299
449.959271 0.00199171304703
451.673932 0.00282300710678
453.390047 0.00200279951096
455.14876 0.00199511051178
456.942463 0.00203415155411
458.804718 0.00360163450241
460.613394 0.00197459459305
462.319715 0.00247774124146
464.026539 0.00197197198868
465.733289 0.00205111503601
467.499004 0.00196002721786
469.471799 0.00206018686295
471.601808 0.00198899507523
473.332129 0.00198655128479
475.033155 0.00211989879608
476.886374 0.00206671953201
478.626443 0.00203990936279
480.382172 0.00197734832764
482.066035 0.00195776224136
483.818113 0.00202323198318
485.512059 0.00193929672241
487.30398 0.0020674943924
489.040286 0.00209943056107
490.847291 0.00204088687897
492.59469 0.00204334259033
494.369955 0.00302900075912
496.039337 0.0020192027092
497.749561 0.00203338861465
499.459914 0.00196596384048
501.16638 0.00192458629608
503.132639 0.00195351839066
504.89901 0.00198178291321
506.647747 0.00210310220718
508.332788 0.00200194120407
510.135451 0.00198324918747
511.805659 0.00194492340088
513.557357 0.00194753408432
515.441606 0.0022257566452
517.138144 0.00209485292435
519.043925 0.00246735811234
520.872505 0.00198081731796
522.604152 0.00225384235382
524.333854 0.00206099748611
526.037452 0.00201427936554
527.771199 0.00193254947662
529.491665 0.00201327800751
531.242286 0.00211293697357
532.987141 0.0021882891655
535.408565 0.00195924043655
537.162044 0.00202041864395
538.870503 0.0018948674202
540.550753 0.0019758105278
542.2528 0.00239899158478
543.978797 0.00196889638901
545.70951 0.00202804803848
547.434339 0.00239171981812
549.15295 0.00291476249695
550.852956 0.00217573642731
552.559462 0.00226436853409
554.334178 0.00204720497131
556.106361 0.00198378562927
557.852593 0.00203177928925
559.661551 0.00196299552917
561.55674 0.00286232233047
563.271094 0.00258015394211
564.994753 0.00199568271637
566.972042 0.00197269916534
568.699713 0.00197489261627
570.369952 0.00197932720184
572.207697 0.00210886001587
573.944861 0.00196322202682
575.677776 0.00422900915146
577.409744 0.00199867486954
579.11032 0.00196485519409
580.789735 0.00197277069092
582.545015 0.0023054599762
584.302907 0.00196968317032
586.040481 0.00193653106689
587.761265 0.00201885700226
589.511456 0.00199625492096
591.235947 0.0020546913147
592.949136 0.00211861133575
594.638613 0.00200670957565
596.397723 0.00200842618942
598.581746 0.00197032690048
600.24708 0.00200506448746
601.962435 0.00197557210922
603.639306 0.0020289182663
605.33434 0.00216057300568
607.115465 0.00252726078033
608.870508 0.00195237398148
610.658001 0.00191915035248
612.479501 0.00220726728439
614.266571 0.00244753360748
616.033892 0.00196769237518
617.787178 0.00196323394775
619.445688 0.00203491449356
621.202479 0.00214632749557
622.986118 0.00301766395569
624.699156 0.00208542346954
626.442886 0.00223232507706
628.188553 0.00209866762161
630.090922 0.00197477340698
631.842619 0.00219926834106
633.629729 0.00197019577026
635.534645 0.00351802110672
637.341115 0.00198427438736
639.055818 0.00190176963806
640.778425 0.00194808244705
642.599367 0.00213739871979
644.422721 0.00197303295135
646.126302 0.002024102211
647.928784 0.0030676484108
649.847512 0.00197403430939
651.639705 0.00264251232147
653.378222 0.00228736400604
655.109614 0.00189918279648
656.93015 0.00191333293915
658.734784 0.00195680856705
661.147291 0.00198976993561
662.877958 0.00230898857117
664.614696 0.00201910734177
666.354825 0.00233149528503
668.10576 0.00196849107742
669.859725 0.00200265645981
671.59864 0.00193588733673
673.325859 0.00192869901657
675.254998 0.00190535783768
677.009407 0.00345066785812
678.694217 0.0021053314209
680.558388 0.0036595582962
682.353678 0.00365715026855
684.042976 0.00363894701004
685.760124 0.00209908485413
687.448359 0.00249485969543
689.416881 0.00236400365829
691.545368 0.00199506282806
693.224839 0.00306968688965
695.033858 0.00267108678818
696.780755 0.0024834394455
698.558364 0.00219693183899
700.242352 0.00190584659576
701.930899 0.0019505739212
703.761015 0.0018941283226
705.511524 0.00198841094971
707.176475 0.00199319124222
708.887077 0.00205492973328
710.610741 0.00245901346207
712.520441 0.00252672433853
714.27001 0.00208606719971
715.969182 0.00267931222916
717.655864 0.00195957422256
719.457365 0.00226490497589
721.226161 0.0019348859787
723.389966 0.00197318792343
725.186973 0.00310133695602
726.883434 0.00199465751648
728.565876 0.00196926593781
730.309401 0.00196543931961
732.121567 0.00196722745895
733.819341 0.00197789669037
735.523333 0.0019381403923
737.230398 0.0019104719162
738.94478 0.00196416378021
740.668299 0.00325353145599
742.601945 0.00218306779861
744.343987 0.00293241739273
746.077987 0.00197632312775
747.789359 0.00192790031433
749.484046 0.00195496082306
751.361228 0.00303770303726
753.226373 0.001968729496
755.165526 0.00202839374542
756.953337 0.00194680690765
758.741525 0.00197541713715
760.459017 0.00285136699677
762.243627 0.00268832445145
763.922196 0.00196392536163
765.789101 0.00387971401215
767.516441 0.00233122110367
769.240495 0.00193053483963
770.962593 0.00201709270477
772.676511 0.00192354917526
774.380424 0.00213027000427
776.063388 0.00197155475616
777.843393 0.00192116498947
779.684578 0.00218173265457
781.40951 0.00249087810516
783.155727 0.00266153812408
784.903093 0.00206369161606
786.736696 0.00197430849075
788.520243 0.00195205211639
790.303776 0.00344752073288
792.063584 0.00328757762909
793.784187 0.00195611715317
795.480495 0.00192739963531
797.384232 0.00306496620178
799.110206 0.00196688175201
800.862485 0.00306248664856
802.523813 0.00191237926483
804.232639 0.00189518928528
805.951355 0.0018922328949
807.748098 0.0019122838974
809.390234 0.00194027423859
811.117949 0.00240343809128
812.856616 0.003400349617
814.565884 0.00190526247025
816.283603 0.00192557573318
818.342308 0.00194627046585
820.110591 0.00192968845367
821.890559 0.00265674591064
823.85861 0.00440555810928
825.548518 0.00194689035416
827.316794 0.00193157196045
829.158652 0.00211149454117
830.976557 0.00243583917618
832.665224 0.00194119215012
834.364874 0.00190634727478
836.27394 0.00204907655716
838.027371 0.00197092294693
840.010668 0.00368787050247
841.711358 0.00196748971939
843.441882 0.00212504863739
845.378568 0.00195958614349
847.092398 0.00199158191681
849.335766 0.0020259141922
851.030243 0.00196356773376
852.772212 0.00195424556732
854.49306 0.00206278562546
856.205568 0.00197305679321
858.006599 0.00202193260193
859.772729 0.00202276706696
861.515929 0.00212537050247
863.290471 0.00326251983643
865.071428 0.00252885818481
866.859478 0.00213630199432
868.611931 0.00385432243347
870.332166 0.00196840763092
872.142808 0.00280566215515
874.01824 0.00210585594177
875.761602 0.0019223690033
877.459155 0.00196425914764
879.177086 0.00204025506973
881.264219 0.00195721387863
883.321807 0.00218226909637
885.053085 0.00192991495132
886.811321 0.00218172073364
888.576328 0.00195819139481
890.362965 0.00210741758347
892.056776 0.00216761827469
893.939443 0.00232361555099
895.650452 0.00191036462784
897.399339 0.00201923847198
899.113842 0.00194894075394
900.825924 0.00227425098419
902.573851 0.00198293924332
904.430085 0.0037774682045
906.195509 0.00210371017456
907.927502 0.00370203256607
909.621955 0.00197826623917
911.796915 0.00197405815125
913.593009 0.00266271829605
915.302615 0.00195931196213
917.03345 0.00196214914322
918.727733 0.00195404291153
920.483775 0.00244010686874
922.239822 0.0019429564476
923.992361 0.00232632160187
925.700005 0.00223660469055
927.451794 0.00200109481812
929.105698 0.00194493532181
930.872475 0.00251228809357
932.589127 0.00194404125214
934.27406 0.00197789669037
936.039015 0.00229040384293
937.776947 0.00196905136108
939.566191 0.00212862491608
941.291513 0.00195900201797
943.5651 0.00196567773819
945.292154 0.0019119143486
946.997072 0.00194048881531
948.696771 0.00403972864151
950.490556 0.00212746858597
952.270852 0.00198432207108
953.999714 0.00193448066711
955.68383 0.00219280719757
957.483482 0.00193758010864
959.197061 0.00195933580399
960.951461 0.00194334983826
962.652431 0.0019265294075
964.670524 0.00198378562927
966.404328 0.00205904245377
968.146666 0.00193711519241
969.866917 0.00278898477554
971.567344 0.00244603157043
973.250161 0.00193656682968
975.418585 0.00198633670807
977.145914 0.00196133852005
978.932598 0.00245405435562
980.715227 0.00343316793442
982.571051 0.00298676490784
984.288695 0.00274531841278
986.004497 0.00200537443161
987.709531 0.00300769805908
989.448996 0.00201225280762
991.099648 0.00197010040283
992.917972 0.00197039842606
994.595752 0.00194969177246
996.311096 0.00200257301331
998.117909 0.00260416269302
999.83988 0.00193072557449
1001.559581 0.00202753543854
1003.268897 0.00199007987976
1005.113388 0.00189943313599
1007.16816 0.00202459096909
1008.964763 0.00203518867493
1010.672055 0.00205537080765
1012.585596 0.00265890359879
1014.360671 0.00196568965912
1016.126877 0.00198037624359
1017.829255 0.00199948549271
1019.527001 0.00198020935059
1021.212506 0.00207493305206
1023.018903 0.00229513645172
1024.776746 0.00204120874405
1026.602253 0.00192499160767
1028.410634 0.00217553377151
1030.108082 0.00206259489059
1031.799646 0.00262793302536
1033.50356 0.00195336341858
1035.2036 0.00193777084351
1037.027067 0.00191888809204
1039.10779 0.0020698428154
1040.947716 0.00196928977966
1042.671681 0.00196280479431
1044.388913 0.00196416378021
1046.189028 0.00194597244263
1047.906591 0.00198414325714
1049.666469 0.00204861164093
1051.357967 0.00196524858475
1053.084769 0.0020884513855
1054.776941 0.00192620754242
1056.489651 0.0019811630249
1058.237097 0.00340818166733
1059.946005 0.00207451581955
1061.663915 0.00361729860306
1063.340054 0.00212510824203
1065.12668 0.00191670656204
1066.798963 0.0019254565239
1068.549729 0.0019522190094
1070.768095 0.00200268030167
1072.459436 0.00192021131516
1074.377161 0.00194333791733
1076.048332 0.00200045108795
1077.771009 0.0019557595253
1079.567586 0.00199460983276
1081.36827 0.00189690589905
1083.075841 0.00202689170837
1084.767033 0.00204776525497
1086.610699 0.00262757539749
1088.330947 0.00213829278946
1090.160122 0.00191153287888
1091.807045 0.00190888643265
1093.521261 0.00358924865723
1095.277878 0.00219210386276
1096.986417 0.00423276424408
1098.704755 0.00261379480362
1100.440494 0.00222823619843
1102.470966 0.00200915336609
1104.278251 0.00449587106705
1106.062608 0.00312880277634
1107.737391 0.00190612077713
1109.488485 0.00411248207092
1111.193503 0.00191893577576
1112.959125 0.00195679664612
1114.685443 0.0019492149353
1116.470199 0.00193165540695
1118.247452 0.00197246074677
1119.929952 0.00202394723892
1121.596213 0.00196394920349
1123.265659 0.00195242166519
1125.008974 0.00203510522842
1126.72364 0.00190495252609
1128.423174 0.00238579511642
1130.183713 0.00199854373932
1131.984418 0.00197020769119
1133.996556 0.00197514295578
1135.679893 0.00205435752869
1137.404705 0.00193545818329
1139.124361 0.00192501544952
1140.807963 0.00187743902206
1142.596547 0.0019110918045
1144.305271 0.00203560590744
1146.020591 0.00201482772827
1147.770857 0.00191330909729
1149.489848 0.00195412635803
1151.209481 0.00194536447525
1152.926335 0.00196588039398
1154.678839 0.00294190645218
1156.416228 0.0020444393158
1158.105419 0.00188002586365
1159.869592 0.0019766330719
1161.600995 0.0019748210907
1163.481587 0.00200570821762
1165.536963 0.00197483301163
1167.326544 0.00211495161057
1169.12926 0.00237616300583
1170.845071 0.00197341442108
1172.805637 0.00197869539261
1174.483945 0.00202078819275
1176.171544 0.00198574066162
1177.981009 0.00245814323425
1179.776922 0.00225758552551
1181.460062 0.00199102163315
1183.215815 0.00202460289001
1184.902259 0.00195243358612
1186.672202 0.00215653181076
1188.335618 0.00197032690048
1190.079822 0.00202198028564
1191.75442 0.00196434259415
1193.422615 0.00202236175537
1195.231827 0.00238624811172
1197.503706 0.00199279785156
1199.205525 0.00196043252945
1200.965803 0.00220291614532
1202.743301 0.00220164060593
1204.479096 0.00194178819656
1206.214117 0.00263658761978
1208.035281 0.0021123290062
1209.782231 0.0031369805336
1211.459657 0.00197058916092
1213.211825 0.00194685459137
1214.963817 0.0019534945488
1216.655121 0.00196387767792
1218.452477 0.00191292762756
1220.162206 0.00213516950607
1222.18644 0.00197006464005
1223.939371 0.00246925354004
1225.773608 0.00211398601532
1227.800025 0.00194437503815
1229.691859 0.00193070173264
1231.471617 0.00285815000534
1233.185641 0.00194662809372
1234.924396 0.00200955867767
1236.595332 0.00196408033371
1238.255608 0.00193638801575
1240.164481 0.00248757600784
1241.864433 0.00199574232101
1243.564043 0.00195940732956
1245.461985 0.00204074382782
1247.209364 0.00193793773651
1248.994444 0.00195734500885
1250.707266 0.00192164182663
1252.411922 0.00196520090103
1254.107606 0.00194163322449
1255.860088 0.00373187065125
1257.749518 0.00191942453384
1259.794588 0.00202640295029
1261.521132 0.00292607545853
1263.200563 0.00201050043106
1265.046023 0.00193167924881
1266.781818 0.00334713459015
1268.56008 0.00220321416855
1270.468409 0.00198895931244
1272.197913 0.0019505739212
1273.892133 0.00203249454498
1275.79765 0.00198305845261
1277.477775 0.00197676420212
1279.165852 0.00201969146729
1280.914834 0.00202338695526
1282.615743 0.00197694301605
1284.339098 0.00276203155518
1286.038487 0.0020092010498
1287.758237 0.00290641784668
1289.446011 0.00216339826584
1291.614351 0.00199030637741
1293.405719 0.00217598676682
1295.181412 0.00198218822479
1296.922719 0.00197769403458
1298.629692 0.00195435285568
1300.351388 0.00206807851791
1302.053156 0.00195416212082
1303.767873 0.00241066217422
1305.532884 0.00219811201096
1307.399903 0.00195330381393
1309.083026 0.00215513706207
1310.86498 0.00206700563431
1312.599063 0.00195578336716
1314.450621 0.0022943854332
1316.106796 0.0020602107048
1317.939995 0.00198487043381
1319.631414 0.00195651054382
1321.531831 0.00206180810928
1323.475587 0.00195251703262
1325.203472 0.00348280668259
1326.9212 0.00192465782166
1328.660211 0.00215270519257
1330.473827 0.00392699241638
1332.232178 0.00192923545837
1333.945857 0.00200853347778
1335.727849 0.00201003551483
1337.474953 0.0019028544426
1339.162892 0.00223380327225
1340.989421 0.00259214639664
1342.71547 0.00274004936218
1344.541067 0.00230613946915
1346.239802 0.00195571184158
1348.001921 0.00195202827454
1349.694691 0.00193767547607
1351.440469 0.00199924707413
1353.239371 0.00204586982727
1355.319647 0.00196900367737
1357.032036 0.0047048330307
1358.706676 0.0019828915596
1360.42588 0.00201115608215
1362.172021 0.00390673875809
1363.820261 0.00199921131134
1365.689583 0.00197131633759
1367.437992 0.00261918306351
1369.113227 0.00193808078766
1370.785775 0.00195808410645
1372.498271 0.00192464590073
1374.228814 0.00268884897232
1376.08406 0.00196298360825
1377.826611 0.00213775634766
1379.563075 0.00199793577194
1381.282204 0.00191978216171
1383.035457 0.00341745615005
1384.762884 0.00199154615402
1386.804057 0.00216554403305
1388.547365 0.00198949575424
1390.252789 0.00251455307007
1392.076639 0.00255327224731
1393.760237 0.00203523635864
1395.440403 0.00228936672211
1397.132518 0.00265156030655
1398.843351 0.00196279287338
1400.586833 0.00254873037338
1402.399328 0.00321249961853
1404.193457 0.00201491117477
1405.868186 0.00298230648041
1407.696966 0.0045282959938
1409.369769 0.00236290693283
1411.075404 0.00202388763428
1412.816493 0.00302673578262
1414.53288 0.00305411815643
1416.223436 0.0019956111908
1418.233682 0.00201853513718
1419.916986 0.00205289125443
1421.706469 0.00196923017502
1423.435579 0.00199242830276
1425.198113 0.00199196338654
1426.918 0.00199971199036
1428.667829 0.00201414823532
1430.384985 0.00200848579407
1432.23701 0.00240224599838
1434.041493 0.00192368030548
1435.856033 0.00365413427353
1437.678224 0.00196565389633
1439.478177 0.00424976348877
1441.244055 0.00199936628342
1443.055648 0.00359774827957
1444.765355 0.00192617177963
1446.566404 0.00189384222031
1448.532122 0.00210821628571
1450.270909 0.00413966178894
1452.002533 0.00200300216675
1453.841467 0.00206509828568
1455.545729 0.00270817279816
1457.319216 0.00228346586227
1459.075949 0.00253303050995
1460.820749 0.00230784416199
1462.544398 0.00222518444061
1464.249868 0.00193686485291
1465.995833 0.00301139354706
1467.737882 0.00198119878769
1469.5548 0.00325276851654
1471.361733 0.00455807447433
1473.081604 0.00195550918579
1474.818054 0.00439451932907
1476.503771 0.00198030471802
1478.185824 0.00197141170502
1480.369043 0.00207587480545
1482.086658 0.00199736356735
1483.831299 0.0019478559494
1485.702348 0.00202320814133
1487.463792 0.00203828811646
1489.197319 0.00201369524002
1490.848725 0.00196590423584
1492.629584 0.00204654932022
1494.325692 0.00195082426071
1496.050496 0.00188156366348
1497.827517 0.00191015005112
1499.649515 0.00197976827621
1501.458166 0.00202736854553
1503.205753 0.00194820165634
1504.89487 0.00196659564972
1506.608924 0.0020081281662
1508.297819 0.00345247983932
1510.268201 0.00196406841278
1512.243649 0.00217900276184
1513.927877 0.00193958282471
1515.667245 0.00218688249588
1517.426328 0.00228641033173
1519.135533 0.00197080373764
1520.978843 0.00232414007187
1522.851575 0.00238548517227
1524.611324 0.00196495056152
1526.363385 0.00195478200912
1528.095901 0.0020367026329
1529.847455 0.0019078373909
1531.773324 0.0019317150116
1533.497626 0.00199633836746
1535.169332 0.00199984312057
1536.852545 0.00195931196213
1538.569069 0.00234487056732
1540.282455 0.00198364257812
1542.003769 0.00229861736298
1544.0276 0.00195469856262
1545.83366 0.00205670595169
1547.623488 0.00217256546021
1549.342522 0.00269986391068
1551.091998 0.00197322368622
1552.738941 0.00196552276611
1554.425046 0.00289268493652
1556.125821 0.00195673704147
1557.893671 0.00197651386261
1559.740685 0.00203654766083
1561.527396 0.002032995224
1563.243272 0.00194286108017
1565.002889 0.00272355079651
1566.694807 0.00210628509521
1568.420986 0.00296142101288
1570.225186 0.00239423513412
1571.958523 0.00200077295303
1573.691166 0.0020619392395
1575.79256 0.00229464769363
1577.465489 0.00196869373322
1579.351388 0.00197592973709
1581.229896 0.00194706916809
1583.03039 0.00191680192947
1584.76964 0.00192031860352
1586.523384 0.00281332731247
1588.264215 0.00194960832596
1589.923675 0.00201921463013
1591.651375 0.00244510173798
1593.344167 0.0020805478096
1595.038025 0.00197046995163
1596.870178 0.00202345848083
1598.618284 0.00198150873184
1600.350452 0.00195053815842
1602.043377 0.00256832838058
1604.100449 0.00197373628616
1606.153553 0.00199589729309
1607.905163 0.00220822095871
1609.767585 0.0049129486084
1611.483229 0.00197567939758
1613.283442 0.00258194208145
1615.048512 0.00228930711746
1616.838734 0.00217485427856
1618.565426 0.00214163064957
1620.280897 0.0020941734314
1622.060293 0.00196050405502
1623.975499 0.00195668935776
1625.655355 0.00208170413971
1627.357484 0.00209230184555
1629.078091 0.00195838212967
1630.784733 0.00197534561157
1632.508613 0.002064037323
1634.47599 0.00215544700623
1636.753879 0.0019766330719
1638.469935 0.00201584100723
1640.230491 0.00249251127243
1641.933551 0.00192093849182
1643.675484 0.00191380977631
1645.344538 0.00192941427231
1647.106175 0.00200488567352
1648.887812 0.00197982788086
1650.650107 0.00195332765579
1652.434477 0.00268739461899
1654.173775 0.00257978439331
1655.864695 0.00348817110062
1657.589195 0.00192183256149
1659.314118 0.00315274000168
1661.002313 0.00192594528198
1662.70044 0.00193892717361
1664.699772 0.00215227603912
1666.405142 0.00196877717972
1668.26987 0.00195735692978
1670.184193 0.00243035554886
1671.983363 0.0019313454628
1673.850283 0.00355045795441
1675.62417 0.00328756570816
1677.344592 0.00192039012909
1679.138079 0.00243633985519
1680.992291 0.00287120342255
1682.746631 0.00192316770554
1684.640087 0.00200470685959
1686.335554 0.00194464921951
1688.08337 0.00220111608505
1689.788074 0.00195313692093
1691.506113 0.00196657180786
1693.21035 0.00208140611649
1694.937925 0.00200510025024
1696.642428 0.00198999643326
1698.932071 0.0020871758461
1700.629953 0.00193530321121
1702.309221 0.00218652486801
1704.252445 0.00197039842606
1705.977395 0.00196716785431
1707.681815 0.00201888084412
1709.383548 0.002066385746
1711.052414 0.0021400809288
1712.752074 0.00197057723999
1714.411464 0.00241403579712
1716.149896 0.00202220678329
1717.870043 0.00193272829056
1719.684978 0.00253356695175
1721.761976 0.00197049379349
1723.746879 0.00434472560883
1725.434876 0.00198630094528
1727.166324 0.00199061632156
1729.314018 0.00483103990555
1731.021605 0.00197548866272
1732.761176 0.00315494537354
1734.489984 0.00194765329361
1736.244075 0.00196182727814
1737.952007 0.00195397138596
1739.667965 0.00196062326431
1741.35231 0.00204914808273
1743.062777 0.00255169868469
1744.788297 0.0019708275795
1746.532249 0.00200936794281
1748.308684 0.00195908546448
1749.96699 0.00197471380234
1751.959863 0.00197739601135
1753.691721 0.00301847457886
1755.38798 0.00191179513931
1757.20558 0.00192229747772
1758.921892 0.00260263681412
1761.056983 0.00255317687988
1762.829743 0.00194776058197
1764.798706 0.00266408920288
1766.477427 0.00196715593338
1768.213444 0.00190812349319
1769.895225 0.00199847221375
1771.641303 0.00219027996063
1773.365419 0.00195084810257
1775.326452 0.00185654163361
1777.119857 0.00237118005753
1778.970134 0.00193629264832
1780.790695 0.00192626714706
1782.512223 0.00195795297623
1784.201208 0.00194990634918
1785.979299 0.00195624828339
1787.684554 0.00215805768967
1789.385235 0.00191065073013
1791.537621 0.0019965171814
1793.304939 0.0020103096962
1795.045163 0.00194804668427
1796.80573 0.00198318958282
1798.477473 0.00199202299118
1800.223544 0.00196228027344
1802.04954 0.00320125818253
1803.858624 0.00289568901062
1805.565696 0.00195165872574
1807.257212 0.00201464891434
1808.992068 0.00199098587036
1810.694717 0.00202043056488
1812.526564 0.00197044610977
1814.298739 0.00341382026672
1816.145573 0.00198076963425
1817.867568 0.00198191404343
1819.637813 0.00194736719131
1821.506282 0.00311986207962
1823.570386 0.00211143493652
1825.308191 0.00201748609543
1827.101681 0.00198549032211
1828.909971 0.00197334289551
1830.677993 0.0019315123558
1832.355565 0.00199619531631
1834.135494 0.00195375680923
1835.838106 0.00188558101654
1837.753776 0.00261182785034
1839.432367 0.00189428329468
1841.11664 0.00195940732956
1842.801299 0.00192589759827
1844.600802 0.00190260410309
1846.31756 0.00193128585815
1848.058758 0.00208123922348
1849.779622 0.00230187177658
1851.739266 0.00304818153381
1853.491585 0.00194064378738
1855.508146 0.00253477096558
1857.312618 0.00359102487564
1859.210613 0.00203769207001
1860.997686 0.00214858055115
1862.659328 0.00195784568787
1864.331992 0.0019523859024
1866.24613 0.00209755897522
1867.987688 0.00192435979843
1869.793639 0.00312516689301
1871.570623 0.00194942951202
1873.284605 0.00198854207993
1874.944333 0.00191048383713
1876.679585 0.00282162427902
1878.466694 0.00193617343903
1880.135408 0.0019503235817
1881.896678 0.00204347372055
1883.675163 0.00208976268768
1885.391829 0.0019966006279
1887.418798 0.00210024118423
1889.132241 0.0019824385643
1890.946365 0.00196131467819
1892.776264 0.00208410024643
1894.475534 0.00195614099503
1896.316859 0.00475647449493
1898.026647 0.0019535779953
1899.830255 0.00191832780838
1901.83863 0.00234159231186
1903.683903 0.00254530906677
1905.406064 0.00194835662842
1907.064878 0.00190720558167
1908.769605 0.00210402011871
1910.564064 0.00196386575699
1912.399046 0.00212244987488
1914.238619 0.00260932445526
1916.072168 0.00274465084076
1917.995721 0.00213034152985
1919.657997 0.00197423696518
1921.482866 0.00216940641403
1923.380595 0.0020184636116
1925.11227 0.00252404212952
1926.876723 0.00400470495224
1928.658942 0.00256052017212
1930.515514 0.00436427593231
1932.24151 0.00196999311447
1933.895788 0.00206503868103
1935.738896 0.0022721529007
1937.448606 0.00297652482986
1939.13462 0.00198129415512
1940.868695 0.00207411050797
1942.648307 0.00207002162933
1944.282167 0.0019348859787
1946.090573 0.00264577865601
1947.78676 0.00194666385651
1949.884085 0.00203348398209
1951.673693 0.00194848775864
1953.470565 0.00247883796692
1955.160737 0.00236299037933
1956.933017 0.00193163156509
1958.649763 0.002425801754
1960.368746 0.00193787813187
1962.116901 0.00454021692276
1963.811858 0.00193493366241
1965.574924 0.00291644334793
1967.428573 0.00194368362427
1969.177885 0.00230920314789
1970.888102 0.00202366113663
1972.69589 0.00193506479263
1974.465399 0.00232435464859
1976.181661 0.00195113420486
1977.870037 0.00273864269257
1979.551954 0.00269025564194
1981.454493 0.00198734998703
1983.138653 0.00206732749939
1984.826011 0.00206178426743
1986.63211 0.00201119184494
1988.397282 0.00191578865051
1990.170336 0.00208910703659
1991.893576 0.00199255943298
1993.799919 0.00192606449127
1995.770841 0.00252635478973
1997.505172 0.00193688869476
1999.35309 0.00218063592911
2001.069543 0.00207313299179
2002.900939 0.00197088718414
2004.857002 0.00197205543518
2006.555023 0.00202088356018
2008.30621 0.00199412107468
2009.970308 0.00201840400696
2012.164972 0.0022922039032
2014.14217 0.00246640443802
2016.009104 0.00200009346008
2017.738732 0.00198613405228
2019.431276 0.00241067409515
2021.135064 0.00198582410812
2022.83019 0.00232716798782
2024.660716 0.00198926925659
2026.478746 0.0019294500351
2028.27629 0.00191879272461
2030.089963 0.00212316513062
2031.924118 0.00210220813751
2033.608555 0.00193730592728
2035.399854 0.00245159864426
2037.172239 0.00200438499451
2038.863414 0.00195795297623
2040.580919 0.00237381458282
2043.273925 0.00214040279388
2044.971748 0.0020446896553
2046.702793 0.00197243690491
2048.478135 0.0022567152977
2050.242715 0.0019847869873
2052.007006 0.00311223268509
2053.78237 0.00194450616837
2055.549935 0.00202769041061
2057.246579 0.00209860801697
2059.111789 0.00233803987503
2060.971401 0.00195306539536
2062.820328 0.00193372964859
2064.550899 0.00354197025299
2066.296614 0.00195617675781
2068.032054 0.00202946662903
2069.900428 0.00352072715759
2071.651256 0.00201176404953
2074.011716 0.00203932523727
2075.758077 0.0019775390625
2077.55454 0.00205012559891
2079.264251 0.00194228887558
2081.041422 0.00198842287064
2082.698436 0.00196603536606
2084.420343 0.00202763080597
2086.290041 0.0027024269104
2088.093456 0.00201458930969
2089.838859 0.0037996172905
2091.568694 0.00263780355453
2093.328543 0.00233521461487
2095.084557 0.00195353031158
2096.835264 0.00289165973663
2098.489375 0.00191768407822
2100.207016 0.00192036628723
2101.927003 0.00196192264557
2103.678222 0.00211309194565
2106.043865 0.00196846723557
2107.763815 0.00207164287567
2109.479513 0.00318387746811
2111.193069 0.00208158493042
2112.954293 0.00212463140488
2114.630835 0.00211635828018
2116.304779 0.00194762945175
2118.045384 0.00189465284348
2119.774298 0.00190955400467
2121.487829 0.00285096168518
2123.201255 0.00194771289825
2124.879767 0.00209590196609
2126.555731 0.00198140144348
2128.258851 0.00190559625626
2129.911638 0.00193246603012
2131.659675 0.00287519693375
2133.333069 0.00192744731903
2135.054794 0.00199035406113
2137.026221 0.00204086303711
2138.839542 0.00204179286957
2140.66471 0.0024619102478
2142.375964 0.0019760966301
2144.100342 0.00206414461136
2145.84553 0.00225186347961
2147.598164 0.00195652246475
2149.377867 0.00283164978027
2151.216195 0.00204344987869
2152.953956 0.00208847522736
2154.653 0.00204597711563
2156.534318 0.00193676948547
2158.201105 0.00212376117706
2160.012099 0.00192321538925
2161.724347 0.00217320919037
2163.422488 0.00203514099121
2165.176495 0.00200743675232
2166.864498 0.00197305679321
2169.050061 0.00197731256485
2170.821265 0.00197067260742
2172.579001 0.00213170051575
2174.313375 0.00236592292786
2176.04405 0.00194170475006
2177.813988 0.00217900276184
2179.70198 0.00190551280975
2181.458051 0.00286191701889
2183.147507 0.0022803068161
2184.996654 0.00202268362045
2186.719649 0.00200084447861
2188.439353 0.00194207429886
2190.24492 0.00199290513992
2191.998228 0.00358550548553
2193.681096 0.00190724134445
2195.403113 0.0034986615181
2197.241643 0.00303755998611
2199.465823 0.00199769735336
2201.182262 0.0020361661911
2203.00192 0.00210182666779
2204.729706 0.00197162628174
2206.533494 0.00213507413864
2208.251514 0.00202449560165
2209.953583 0.00200619697571
2211.749036 0.00267330408096
2213.455401 0.00220105648041
2215.238835 0.00211157798767
2217.016734 0.0033194899559
2218.707689 0.00201327800751
2220.407703 0.00219118595123
2222.133754 0.0020446062088
2223.861951 0.00200703144073
2225.562991 0.00228434801102
2227.477605 0.00200711488724
2229.291995 0.00220975875854
2231.438764 0.00196571350098
2233.179443 0.00200480222702
2234.994993 0.00199853181839
2236.656185 0.00199794769287
2238.362356 0.00196442604065
2240.164637 0.00196535587311
2241.867928 0.00192350149155
2243.574241 0.00191744565964
2245.275904 0.00198575258255
2247.047776 0.00306318998337
2248.761904 0.00192365646362
2250.466623 0.00211426019669
2252.197776 0.00225884914398
2253.935839 0.00194911956787
2255.630025 0.00197532176971
2257.324691 0.00217529535294
2259.065115 0.00277174711227
2260.937007 0.00194928646088
2263.080651 0.00192695856094
2264.728789 0.00191099643707
2266.496441 0.00197153091431
2268.198011 0.00199824571609
2269.923806 0.00197509527206
2271.597385 0.00195845365524
2273.369621 0.002006316185
2275.101752 0.00298444032669
2276.83736 0.00193831920624
2278.604449 0.00330498218536
2280.455457 0.00229344367981
2282.137855 0.00200754404068
2283.806877 0.00193281173706
2285.586131 0.00191888809204
2287.275488 0.00218330621719
2288.999623 0.00360388755798
2290.796643 0.00206429958344
2292.554205 0.00203629732132
2294.831076 0.00202190876007
2296.531996 0.00199897289276
2298.256108 0.00190569162369
2300.079898 0.00315564870834
2301.929997 0.00244106054306
2303.62276 0.00190802812576
2305.471654 0.00191518068314
2307.113743 0.00194817781448
2308.781588 0.00194756984711
2310.574114 0.00243556499481
2312.371854 0.00198767185211
2314.113325 0.00200375318527
2315.806848 0.00198612213135
2317.561032 0.0029156088829
2319.35382 0.0023140668869
2321.189305 0.00220717191696
2322.885336 0.00231425762177
2324.680402 0.002028632164
2326.790813 0.00261229276657
2328.471579 0.00201202630997
2330.283116 0.00195562839508
2332.032423 0.00322127342224
2333.715427 0.0019522190094
2335.381794 0.00198755264282
2337.111841 0.00193787813187
2338.84664 0.00198563337326
2340.595665 0.00197672843933
2342.292214 0.0020287156105
2344.127539 0.00215150117874
2345.948473 0.00462982654572
2347.665055 0.00195187330246
2349.390473 0.00200476646423
2351.195326 0.00368555784225
2352.894975 0.00198670625687
2354.562647 0.0020099401474
2356.263719 0.00208096504211
2358.250366 0.0022115945816
2359.979105 0.00231739282608
2361.661462 0.00199469327927
2363.367453 0.00216246843338
2365.08586 0.00201259851456
2366.795349 0.00198481082916
2368.554716 0.00258749723434
2370.215331 0.00212323665619
2371.992657 0.00190005302429
2373.713884 0.00387406349182
2375.655278 0.00194915533066
2377.515034 0.00193775892258
2379.214217 0.00195780992508
2380.95724 0.00208163261414
2382.836956 0.00194580554962
2384.56881 0.00198358297348
2386.277206 0.00193115472794
2388.02383 0.00237587690353
2390.138542 0.00197967290878
2391.855555 0.00206238031387
2393.576172 0.00197813510895
2395.427858 0.00205420255661
2397.164815 0.00207201242447
2398.885755 0.00227217674255
2400.567682 0.00208256244659
2402.24723 0.00202831029892
2403.920473 0.00202214717865
2405.586858 0.00199023485184
2407.278588 0.00302877426147
2408.994115 0.00198708772659
2410.655785 0.00197334289551
2412.460523 0.00191254615784
2414.368472 0.00195417404175
2416.074135 0.00196543931961
2417.835212 0.00293779373169
2419.582153 0.00215747356415
2422.205678 0.00199630260468
2424.070974 0.00199238061905
2425.814213 0.00198050737381
2427.487856 0.00333336591721
2429.274045 0.00313122272491
2430.957972 0.00200719833374
2432.647616 0.0019478559494
2434.464537 0.00204817056656
2436.138239 0.00197011232376
2437.927757 0.00199769735336
2439.647523 0.00240730047226
2441.378863 0.00197956562042
2443.063838 0.00197308063507
2444.789814 0.00306489467621
2446.528474 0.00193653106689
2448.400587 0.00326894521713
2450.289602 0.00195177793503
2452.043381 0.0018826842308
2454.138788 0.00202417373657
2455.908342 0.00216509103775
2457.651257 0.00202133655548
2459.56512 0.00315959453583
2461.334441 0.00197274684906
2463.204442 0.00438388586044
2464.959073 0.0019691824913
2466.727333 0.00198522806168
2468.477125 0.00200949907303
2470.223086 0.00234390497208
2472.059871 0.00374965667725
2474.03755 0.00198218822479
2475.858715 0.00200493335724
2477.644443 0.00201281309128
2479.384215 0.00205971002579
2481.068394 0.00199240446091
2482.791924 0.00262452363968
2484.742678 0.00202147960663
2486.576146 0.00203987360001
2488.360526 0.00198800563812
2490.071057 0.00275602340698
2491.838002 0.00323481559753
2493.653595 0.00340542793274
2495.394487 0.00200506448746
2497.111545 0.00194393396378
2498.786132 0.00191520452499
2500.516706 0.00190924406052
2502.263586 0.00339463949203
2503.979364 0.00195214748383
2505.667361 0.00199024677277
2507.397403 0.00210398435593
2509.082289 0.00206091403961
2510.798908 0.00195556879044
2512.529442 0.00200347900391
2514.241933 0.00208172798157
2516.410915 0.00203396081924
2518.274776 0.00304007530212
2520.015747 0.0043797492981
2521.774241 0.00199534893036
2523.477736 0.00200340747833
2525.194321 0.00195046663284
2526.984415 0.00270438194275
2528.703662 0.00191794633865
2530.450848 0.00208215713501
2532.201241 0.00201201438904
2533.960296 0.00200697183609
2535.750421 0.00194855928421
2537.596375 0.00262637138367
2539.390795 0.00270141363144
2541.159282 0.00201680660248
2542.957412 0.00293601751328
2544.711193 0.00198721885681
2546.80481 0.00196694135666
2548.517693 0.00330530405045
2550.237903 0.00200711488724
2551.947057 0.00199397802353
2553.711404 0.00200297832489
2555.639253 0.00195270776749
2557.379842 0.00200883150101
2559.247502 0.00294899940491
2561.06671 0.00202848911285
2562.757987 0.00196365118027
2564.556968 0.00193617343903
2566.281372 0.00194466114044
2567.952398 0.00193648338318
2569.656705 0.00199714899063
2571.409868 0.00211080312729
2573.137412 0.00310250520706
2575.018548 0.00193470716476
2576.768763 0.00202893018723
2578.754161 0.00300763845444
2580.457219 0.00207141637802
2582.247729 0.00197073221207
2584.000506 0.00248650312424
2585.838111 0.0024435043335
2587.605974 0.00199046134949
2589.47611 0.00278720855713
2591.307846 0.0019557595253
2593.069425 0.00193046331406
2594.900923 0.00202623605728
2596.735392 0.0019163608551
2598.420388 0.00196371078491
2600.132665 0.00196276903152
2601.945268 0.00196460485458
2603.746655 0.00208760499954
2605.627579 0.0018942117691
2607.343634 0.00188813209534
2609.402159 0.00210198163986
2611.082609 0.00192936658859
2612.915204 0.00193355083466
2614.648242 0.00202870368958
2616.403035 0.0019210934639
2618.134601 0.00221512317657
2619.898518 0.00195471048355
2621.710045 0.00200171470642
2623.434261 0.00361161231995
2625.179725 0.00215473175049
2626.957752 0.00200688838959
2628.748615 0.00195747613907
2630.628555 0.00196394920349
2632.364554 0.00326293706894
2634.166299 0.00222177505493
2635.874233 0.00220986604691
2637.56077 0.00293226242065
2639.828982 0.00209839344025
2641.506567 0.00194008350372
2643.212706 0.0019348025322
2644.877485 0.00192409753799
2646.629679 0.00191391706467
2648.337551 0.00268269777298
2650.12319 0.00201956033707
2651.834118 0.00247364044189
2653.583961 0.00191477537155
2655.299013 0.00204770565033
2656.994236 0.00194591283798
2658.693476 0.00196208953857
2660.591873 0.0019847035408
2662.336409 0.00207127332687
2664.180401 0.00329610109329
2665.946511 0.00192025899887
2667.642251 0.00191320180893
2669.400485 0.00376613140106
2671.420429 0.00193321704865
2673.193299 0.00433924198151
2674.990389 0.00194101333618
2676.695978 0.00196344852448
2678.434453 0.00266915559769
2680.200373 0.00194574594498
2681.959429 0.00272059440613
2683.674887 0.0019002199173
2685.404676 0.00190111398697
2687.137314 0.00201410055161
2688.899065 0.00198912620544
2690.599343 0.0019623875618
2692.25767 0.00195529460907
2693.917151 0.0019526720047
2695.688106 0.00205689668655
2697.46399 0.0019748210907
2699.209133 0.00197011232376
2701.04285 0.00200330018997
2703.399872 0.00197883844376
2705.234021 0.00196840763092
2706.986831 0.00200743675232
2708.683878 0.00190802812576
2710.531121 0.00193839073181
2712.287998 0.00192985534668
2714.078466 0.00252299308777
2715.763234 0.0019615650177
2717.629898 0.00202162265778
2719.321416 0.00196206569672
2720.993679 0.00195890665054
2722.679442 0.00199823379517
2724.446749 0.00293564796448
2726.110711 0.00196480751038
2727.966986 0.00215530395508
2729.731068 0.00210076570511
2731.428794 0.0019479393959
2733.142748 0.00206820964813
2735.07596 0.00240496397018
2736.808516 0.00231840610504
2738.491799 0.00200566053391
2740.253554 0.00482430458069
2742.039524 0.00248366594315
2743.73263 0.00199341773987
2745.411511 0.00192567110062
2747.097625 0.00196397304535
2748.760324 0.00211552381516
2750.45087 0.0019326210022
2752.204074 0.00224244594574
2753.905929 0.00190665721893
2755.632086 0.00219159126282
2757.319074 0.00192620754242
2759.221647 0.00191024541855
2760.982286 0.00189434289932
2762.753386 0.00196299552917
2764.558668 0.00208897590637
2767.090163 0.00200923681259
2768.784122 0.00233911275864
2770.532406 0.00199669599533
2772.323608 0.00201696157455
2774.034918 0.00391634702682
2775.790714 0.00325793027878
2777.489802 0.00202885866165
2779.155547 0.00196380615234
2780.958857 0.00190560817719
2782.634279 0.0020557641983
2784.420804 0.00217887163162
2786.151227 0.00195859670639
2787.954035 0.00257724523544
2789.774629 0.00233581066132
2791.612259 0.00200635194778
2793.360666 0.00256201028824
2795.180804 0.0023299574852
2797.473022 0.00201029777527
2799.258927 0.00263905525208
2801.063792 0.00203013420105
2802.785688 0.00200673341751
2804.50232 0.00190430879593
2806.307928 0.00234056711197
2808.069311 0.00314663648605
2809.830017 0.00199608802795
2811.61626 0.00200324058533
2813.365663 0.00192577838898
2815.12205 0.00350080728531
2816.806072 0.00206828117371
2818.473705 0.00204737186432
2820.393706 0.00210152864456
2822.128031 0.00203268527985
2824.021465 0.00200793743134
2825.684773 0.00198978185654
2827.898057 0.00198596715927
2829.651801 0.00199464559555
2831.371878 0.00200308561325
2833.10804 0.00193722248077
2834.88961 0.00220966339111
2836.705701 0.00207707881927
2838.418413 0.00191880464554
2840.280549 0.00202902555466
2842.016677 0.00195432901382
2843.674843 0.00194944143295
2845.398428 0.00253254175186
2847.235896 0.00204644203186
2848.979694 0.00336563587189
2850.654144 0.00217722654343
2852.482023 0.00245682001114
2854.269865 0.00195746421814
2855.994574 0.00253698825836
2857.877906 0.00195896625519
2859.930464 0.00276130437851
2861.635635 0.00215256214142
2863.359091 0.00191630125046
2865.17361 0.00196741819382
2866.920833 0.00235065221786
2868.615274 0.00199854373932
2870.299525 0.00195814371109
2872.06127 0.00195059776306
2873.813496 0.00191276073456
2875.508252 0.00197554826736
2877.238241 0.00196497440338
2879.014823 0.00197123289108
2880.681747 0.00196472406387
2882.399857 0.00193960666656
2884.131462 0.00206383466721
2885.838582 0.00204647779465
2887.577566 0.00199447870255
2889.376055 0.00222837924957
2891.354107 0.00201501846313
2893.097846 0.00198173522949
2894.799155 0.0019553899765
2896.464302 0.00198403596878
2898.153905 0.00196474790573
2899.865841 0.00191205739975
2901.520175 0.00194146633148
2903.228784 0.00191797018051
2904.925497 0.00193302631378
2906.598297 0.00209295749664
2908.334761 0.00335991382599
2910.046848 0.00211620330811
2911.696051 0.00198450088501
2913.455818 0.0021758556366
2915.202625 0.00358153581619
2916.905437 0.00276952981949
2918.625582 0.00191396474838
2920.373502 0.00195555686951
2922.670908 0.00246589183807
2924.490142 0.00218998193741
2926.265454 0.00261753797531
2928.032678 0.00195579528809
2929.937004 0.00222613811493
2931.617091 0.00195535421371
2933.363238 0.0026784658432
2935.113237 0.00192363262177
2936.828867 0.00188790559769
2938.504105 0.00197931528091
2940.391085 0.00196095705032
2942.094603 0.00193822383881
2943.871851 0.00195716619492
2945.636199 0.00199412107468
2947.447136 0.00218911170959
2949.193212 0.00446510314941
2950.91404 0.00203591585159
2953.011318 0.00196416378021
2954.762176 0.00248254537582
2956.615015 0.00194348096848
2958.41807 0.00255043506622
2960.102406 0.00214358568192
2961.870098 0.00309067964554
2963.741237 0.00193880796432
2965.495411 0.00191247463226
2967.22628 0.00206747055054
2969.052805 0.0029976606369
2970.766013 0.00274686813354
2972.707786 0.00195164680481
2974.414494 0.00193755626678
2976.110284 0.00195593833923
2977.889363 0.00309548377991
2979.690622 0.00233016014099
2981.414073 0.00221456289291
2983.588571 0.00201340913773
2985.267664 0.00194836854935
2987.000946 0.00219668149948
2988.751567 0.0019880771637
2990.447472 0.00197808742523
2992.193136 0.00212336778641
2993.918441 0.0020250916481
2995.671158 0.00284060239792
2997.36059 0.00202434062958
2999.253381 0.00191239118576
3001.170085 0.00193243026733
3002.948148 0.00195152759552
3004.660313 0.00197955369949
3006.377277 0.00194512605667
3008.211197 0.00194478034973
3009.931271 0.00192139148712
3011.847117 0.00193477869034
3013.511762 0.00200226306915
3015.671017 0.00254743099213
3017.420456 0.00335965156555
3019.149932 0.00194932222366
3020.800891 0.00195643901825
3022.688142 0.00340158939362
3024.663588 0.00329134464264
3026.389673 0.00199439525604
3028.194844 0.00217945575714
3029.894735 0.00266573429108
3031.603484 0.00197185277939
3033.31696 0.00196841955185
3035.01629 0.00238564014435
3036.706453 0.00197089910507
3038.49662 0.00209020376205
3040.221538 0.00216573476791
3041.933537 0.00306614637375
3043.702178 0.00200808048248
3045.427501 0.0020614027977
3047.522282 0.00195367336273
3049.280562 0.00191719532013
3050.982148 0.00188974142075
3052.699316 0.00191365480423
3054.355333 0.00194433927536
3056.035904 0.00199702978134
3057.723339 0.00193316936493
3059.602767 0.00280246734619
3061.277057 0.00349683761597
3062.937768 0.00198622941971
3064.711895 0.00197782516479
3066.471676 0.00453441143036
3068.333302 0.00199251174927
3070.074907 0.00201135873795
3071.781703 0.00302087068558
3073.516389 0.00198405981064
3075.293801 0.00197842121124
3077.038435 0.00412601232529
3079.222708 0.00198729038239
3081.05191 0.00208619832993
3082.835788 0.00221192836761
3084.552092 0.0021032333374
3086.299381 0.00212053060532
3088.210172 0.00192326307297
3089.990972 0.00191844701767
3091.671373 0.00199468135834
3093.410961 0.00221884250641
3095.303409 0.0020388007164
3097.025619 0.00195300579071
3098.730698 0.00201843976974
3100.493859 0.00194811820984
3102.202707 0.0019805431366
3103.909588 0.00203185081482
3105.651161 0.00243343114853
3107.415664 0.00211061239243
3109.193994 0.00197633504868
3111.478181 0.00216672420502
3113.314243 0.00219107866287
3115.100719 0.00195908546448
3116.827705 0.00202124118805
3118.544599 0.00196025371552
3120.291854 0.00238116979599
3122.069447 0.00346575975418
3123.883865 0.0019832611084
3125.736154 0.00198857784271
3127.44747 0.00206634998322
3129.19035 0.00197477340698
3130.891754 0.00194392204285
3132.629736 0.0031865477562
3134.559643 0.00194449424744
3136.269693 0.00194810628891
3138.049568 0.00213859081268
3139.753534 0.00201185941696
3141.827466 0.00198194980621
3143.469772 0.00188887119293
3145.188139 0.00193862915039
3147.001681 0.00192456245422
3148.771015 0.00251687765121
3150.488235 0.00191361904144
3152.283235 0.00192390680313
3153.979208 0.00198568105698
3155.743004 0.00194127559662
3157.542572 0.00323152542114
3159.238541 0.00276345014572
3160.946319 0.00195894241333
3162.640667 0.00211936235428
3164.466527 0.00193085670471
3166.250503 0.00228117704391
3168.004908 0.001941883564
3169.655021 0.00197894573212
3171.388443 0.00197296142578
3173.427054 0.00201184749603
3175.136263 0.00282845497131
3176.933669 0.00261268615723
3178.752206 0.0019922375679
3180.513085 0.00360184907913
3182.211458 0.00195870399475
3184.044666 0.00303274393082
3185.792405 0.00207624435425
3187.498743 0.00199142694473
3189.315622 0.00208321809769
3191.113249 0.00202627182007
3192.868515 0.00194718837738
3194.643281 0.00233825445175
3196.42523 0.00197503566742
3198.188369 0.00199643373489
3199.892621 0.00197504758835
3201.665876 0.00198322534561
3203.620806 0.00200176239014
3205.593659 0.00265715122223
3207.292839 0.00216521024704
3209.032054 0.00199671983719
3210.766075 0.00342757701874
3212.579696 0.0019987821579
3214.292495 0.00217332839966
3215.982105 0.00208343267441
3217.725106 0.00253984928131
3219.471288 0.00265160799026
3221.235106 0.00196892023087
3223.005553 0.00301055908203
3224.834324 0.0021399140358
3226.553291 0.00198067426682
3228.321243 0.00192509889603
3229.983741 0.00195565223694
3231.805442 0.00207874774933
3233.603437 0.00216104984283
3235.74096 0.00221483707428
3237.503407 0.00196506977081
3239.267904 0.00230654478073
3240.979585 0.00254150629044
3242.733758 0.00191733837128
3244.447538 0.00198180675507
3246.426141 0.00251913070679
3248.144327 0.00347617864609
3249.882272 0.00275340080261
3251.612804 0.00196772813797
3253.324006 0.00203150510788
3255.022473 0.00198051929474
3256.893604 0.00199029445648
3258.601422 0.00193791389465
3260.329052 0.00208734273911
3262.025362 0.00340061187744
3263.715658 0.0020067691803
3265.418694 0.00197253227234
3267.564033 0.00195797681808
3269.36881 0.00348170995712
3271.083962 0.00202870368958
3272.880109 0.00259703397751
3274.591939 0.00208398103714
3276.310969 0.00338706970215
3278.045268 0.00196939706802
3279.803563 0.00202658176422
3281.547836 0.00323951244354
3283.224717 0.00203938484192
3284.935725 0.002072930336
3286.742442 0.00260269641876
3288.546487 0.00197795629501
3290.274423 0.00198069810867
3292.028922 0.00361896753311
3293.848133 0.00202958583832
3295.756517 0.00204944610596
3297.422633 0.00192410945892
3299.485108 0.00375999212265
3301.172011 0.00202140808105
3302.877459 0.00193910598755
3304.593482 0.00226216316223
3306.387614 0.0019553899765
3308.243755 0.00287722349167
3309.926618 0.00197758674622
3311.622664 0.00203278064728
3313.364655 0.00233110189438
3315.125696 0.00366665124893
3316.880446 0.00255998373032
3318.824517 0.00197336673737
3320.549408 0.00239015817642
3322.275087 0.00199075937271
3324.016943 0.0020450592041
3325.775617 0.00222697257996
3327.440887 0.00195072889328
3329.300739 0.00198242664337
3331.425687 0.00205931663513
3333.244183 0.00212626457214
3335.156247 0.00193153619766
3336.888236 0.0019407749176
3338.68372 0.00198792219162
3340.633485 0.00235757827759
3342.424975 0.00323213338852
3344.174791 0.00367524623871
3345.919964 0.00224256515503
3347.619735 0.0020273566246
3349.444765 0.00204185247421
3351.136777 0.0019803404808
3352.91053 0.00203059911728
3354.760088 0.00361350774765
3356.476745 0.00250225067139
3358.133919 0.00196604728699
3359.939016 0.00192843675613
3361.95795 0.00204712152481
3363.697246 0.00201771259308
3365.446763 0.00198261737823
3367.200321 0.00205398797989
3369.019134 0.00257518291473
3370.779231 0.00196862220764
3372.501366 0.00202662944794
3374.235925 0.00200215578079
3376.017414 0.00194008350372
3377.701681 0.00193849802017
3379.492445 0.00211288928986
3381.198272 0.00200465917587
3382.928283 0.00280178785324
3384.702514 0.003471326828
3386.585559 0.00195398330688
3388.321302 0.00243393182755
3390.033825 0.00202196836472
3391.833154 0.00307043790817
3393.9954 0.00205476284027
3395.856022 0.00199191570282
3397.6093 0.00401511192322
3399.374367 0.00227280855179
3401.116968 0.00198264122009
3402.852643 0.00198904275894
3404.577954 0.00202256441116
3406.296049 0.00200569629669
3407.984588 0.00200159549713
3409.701449 0.00401121377945
3411.484879 0.0023162484169
3413.254653 0.00196063518524
3414.990119 0.00208193063736
3416.945978 0.00194637775421
3418.659596 0.00212992429733
3420.441544 0.00196574926376
3422.262203 0.00267208814621
3424.000272 0.00201107263565
3426.038475 0.00197732448578
3427.776944 0.00310333967209
3429.497117 0.0021612405777
3431.249659 0.00229021310806
3433.079093 0.00269646644592
3434.825594 0.00422564744949
3436.537127 0.00338821411133
3438.245848 0.00199772119522
3440.003937 0.0022109746933
3441.797654 0.00194354057312
3443.618264 0.00192680358887
3445.406659 0.00201538801193
3447.146152 0.0020139336586
3448.858577 0.00195484161377
3450.555779 0.00212984085083
3452.343277 0.00225557088852
3454.071303 0.002001953125
3455.75914 0.00206135511398
3457.916815 0.0022096991539
3459.584046 0.00196311473846
3461.28529 0.0023233294487
3463.119964 0.00336264371872
3464.841658 0.00189656019211
3466.582788 0.00285296440125
3468.330906 0.00318769216537
3470.322006 0.00262839794159
3472.024134 0.00311893224716
3473.833449 0.00191789865494
3475.582399 0.00198929309845
3477.276108 0.00196760892868
3479.005748 0.00194430351257
3480.723912 0.00344505310059
3482.444119 0.00200803279877
3484.091802 0.00199673175812
3485.822731 0.00195736885071
3487.559015 0.00197829008102
3489.718136 0.00197857618332
3491.407887 0.00212520360947
3493.256957 0.00198221206665
3495.006246 0.00194487571716
3496.792031 0.00291165113449
3498.494953 0.00193693637848
3500.350506 0.0022394657135
3502.063815 0.0018869638443
3503.900682 0.00213876962662
3505.726636 0.0030699133873
3507.434973 0.001959836483
3509.174843 0.0019583940506
3510.857316 0.00239443778992
3512.581298 0.00197126865387
3514.307165 0.00191346406937
3516.108329 0.00195927619934
3517.92596 0.00194640159607
3519.996811 0.00195692777634
3521.706306 0.00195888280869
3523.66023 0.00199512243271
3525.403317 0.00213353633881
3527.108071 0.00195683240891
3528.864803 0.00250951051712
3530.535456 0.00285158157349
3532.351612 0.00194863080978
3534.090148 0.00193212032318
3535.792589 0.0019935131073
3537.57299 0.00199476480484
3539.550278 0.00191378593445
3541.247887 0.00210729837418
3543.012524 0.00192866325378
3544.757639 0.00357162952423
3546.513478 0.00319947004318
3548.225567 0.00196561813354
3550.473799 0.00205764770508
3552.202127 0.00196787118912
3554.010489 0.00201042890549
3555.745582 0.0021296620369
3557.473208 0.00193581581116
3559.394893 0.00202487707138
3561.160414 0.00192427635193
3562.887526 0.00194802284241
3564.56617 0.00198750495911
3566.267461 0.00197250843048
3568.084042 0.00271573066711
3569.906476 0.00194928646088
3571.748132 0.00239112377167
3573.451253 0.00203996896744
3575.152877 0.00196709632874
3576.861031 0.00211166143417
3578.592554 0.00192830562592
3580.317714 0.00192773342133
3582.304213 0.00198528766632
3583.962837 0.00190945863724
3585.740286 0.00233451128006
3587.459791 0.00196194648743
3589.266501 0.0019455909729
3591.096487 0.00199896097183
3592.863503 0.00194901227951
3594.573024 0.00192338228226
3596.310656 0.00225075483322
3598.040579 0.0020413517952
3599.70734 0.00193198919296
3601.426032 0.00220168828964
