3.087251 1.20968294144
6.05267 1.22289705276
9.009021 1.21716690063
11.868745 1.07218313217
14.833906 1.20967006683
17.802121 1.22817087173
20.751285 1.23617291451
23.703471 1.17615294456
26.519525 1.07713294029
29.319043 1.06723308563
32.311365 1.23943805695
35.285587 1.08105587959
38.128857 1.08191895485
40.972071 1.08021402359
43.787621 1.07600522041
46.619729 1.07633686066
49.626045 1.23841905594
52.442815 1.07863497734
55.273168 1.08032083511
58.202977 1.19841718674
61.153279 1.22246694565
64.127785 1.22127103806
67.158248 1.15630316734
70.058732 1.06794214249
72.887578 1.07726812363
75.802314 1.14640784264
78.754755 1.21932816505
81.557674 1.07169103622
84.508557 1.21462392807
87.310182 1.08568692207
90.299881 1.23244786263
93.098991 1.06786513329
95.906501 1.07472991943
98.964964 1.10241603851
101.941538 1.23353695869
104.775078 1.0927028656
107.602657 1.08830118179
110.417561 1.07612991333
113.199379 1.06987810135
116.01643 1.07644200325
118.982963 1.23657298088
121.816319 1.0804669857
124.642444 1.08723402023
127.474281 1.09650015831
130.600132 1.2382440567
133.387458 1.07246804237
136.199349 1.0634829998
139.167 1.22265410423
141.988535 1.07358407974
144.821653 1.09459495544
147.645692 1.07435703278
150.616788 1.22716593742
153.449389 1.07018089294
156.48292 1.29045796394
159.288003 1.07577896118
162.299487 1.13797283173
165.123229 1.07297492027
167.948925 1.0731780529
170.773668 1.07743501663
173.607109 1.09031510353
176.415917 1.06955385208
179.393318 1.2528629303
182.209053 1.09101700783
185.185376 1.22612094879
188.030599 1.07883191109
190.888561 1.09328603745
193.936418 1.12752103806
196.765583 1.09195399284
199.600696 1.07509183884
202.438711 1.09821081161
205.284434 1.10070991516
208.076113 1.07257580757
210.909879 1.08396601677
213.731054 1.06598186493
216.590193 1.08077788353
219.43811 1.11296892166
222.349359 1.14860892296
225.352351 1.07915592194
228.17233 1.06602692604
231.003899 1.08180403709
233.9307 1.17043709755
236.909225 1.24791502953
239.90842 1.24534702301
242.749369 1.09024190903
245.582873 1.07800102234
248.450079 1.09381198883
251.319202 1.11689710617
254.157923 1.0841319561
257.189066 1.09232783318
260.044158 1.10634207726
263.000968 1.21955800056
265.897805 1.170773983
268.719579 1.0739428997
271.562146 1.10074687004
274.549201 1.24311184883
277.381724 1.07645487785
280.290448 1.1662530899
283.248086 1.22053599358
286.067799 1.07539987564
289.131837 1.1590321064
292.215016 1.31169986725
295.217086 1.23699593544
298.166048 1.23170399666
300.988564 1.07935500145
303.832277 1.06759905815
306.637655 1.07409715652
309.447596 1.06629014015
312.271375 1.0780081749
315.237949 1.23192596436
318.050084 1.07995891571
321.097096 1.08013391495
324.064986 1.23213982582
326.89863 1.07150197029
329.735932 1.08723092079
332.739668 1.24490308762
335.574555 1.09947085381
338.558096 1.24690198898
341.556595 1.27085494995
344.363759 1.07649493217
347.352616 1.25650191307
350.264159 1.16742300987
353.247844 1.07960391045
356.235802 1.24564218521
359.300423 1.28718304634
362.149559 1.07662701607
364.997543 1.09135293961
367.848508 1.08829712868
370.680977 1.06473493576
373.51297 1.07863378525
376.354499 1.08658885956
379.458446 1.33539009094
382.298201 1.07831406593
385.4549 1.24695301056
388.297414 1.09095287323
391.129451 1.09205198288
394.11655 1.22957205772
396.950598 1.0803129673
399.880733 1.17954683304
402.699635 1.06795811653
405.631843 1.21556401253
408.480208 1.0762090683
411.280819 1.06288504601
414.132225 1.10051679611
417.10709 1.08899712563
420.064268 1.1991250515
422.897193 1.07011985779
425.752625 1.093708992
428.595447 1.07068800926
431.436717 1.07675886154
434.494784 1.31535196304
437.321474 1.07585096359
440.168013 1.08457899094
442.996624 1.06768679619
445.970708 1.23418593407
449.079932 1.21408414841
452.051663 1.21413397789
455.019499 1.22496294975
457.996893 1.21879696846
460.830782 1.07600998878
463.681241 1.08717298508
466.537789 1.07737898827
469.513547 1.22129797935
472.504739 1.23593592644
475.347408 1.07308411598
478.286024 1.21862888336
481.297549 1.08106589317
484.305583 1.25076913834
487.264645 1.21336483955
490.228973 1.20080494881
493.264329 1.27217721939
496.229548 1.21305298805
499.22907 1.21709299088
502.082447 1.0741891861
505.012864 1.19782304764
507.964014 1.20511412621
510.78208 1.06994700432
513.785917 1.09051895142
516.651589 1.08119416237
519.663936 1.24783015251
522.649953 1.23036885262
525.48491 1.07016301155
528.314529 1.07512283325
531.280842 1.22526693344
534.289856 1.23700785637
537.25237 1.23737215996
540.27192 1.27746796608
543.098266 1.07261610031
546.300167 1.29210019112
549.145133 1.07709598541
552.055537 1.15586400032
555.014954 1.22408008575
557.812386 1.0620610714
560.628159 1.06373596191
563.405091 1.07929801941
566.235066 1.07371282578
569.104345 1.08048892021
572.079443 1.22952389717
575.045141 1.22617912292
578.029254 1.05362892151
580.828617 1.07024002075
583.680012 1.07638287544
586.479992 1.06751298904
589.34342 1.08735489845
592.129045 1.06669712067
594.962663 1.07827711105
598.002423 1.31117320061
600.86791 1.16442489624
603.686513 1.07786393166
606.522653 1.08048391342
609.530736 1.0917031765
612.371311 1.08606886864
615.186154 1.07090592384
618.028772 1.07998299599
621.027724 1.2279009819
624.00028 1.23426294327
626.968117 1.21051597595
629.953878 1.24393105507
632.943277 1.23618793488
635.760283 1.07576799393
638.560984 1.06855797768
641.560296 1.09238696098
644.400953 1.11251020432
647.368307 1.22569298744
650.199126 1.06709814072
653.161825 1.2312400341
656.093632 1.21530389786
658.995581 1.16781401634
661.852888 1.12826108932
664.680144 1.07308483124
667.696892 1.2701561451
670.501734 1.08107089996
673.477452 1.07740998268
676.302488 1.08367705345
679.1157 1.08241581917
681.933727 1.07733082771
684.838437 1.17133688927
687.711934 1.13735294342
690.492538 1.06696391106
693.294084 1.07200503349
696.078833 1.05578708649
698.928586 1.08573198318
701.726043 1.06702494621
704.715269 1.07515120506
707.509753 1.0678498745
710.331036 1.07417917252
713.334674 1.25875091553
716.26651 1.19585490227
719.078607 1.07846999168
721.912917 1.09296917915
724.727589 1.07850694656
727.700571 1.24697208405
730.493156 1.06938409805
733.310078 1.0791079998
736.51683 1.29378199577
739.358328 1.09205389023
742.181951 1.08216094971
745.054807 1.09814119339
747.887921 1.09910297394
750.892118 1.24820303917
753.710239 1.07879400253
756.51251 1.05993103981
759.351583 1.08231210709
762.335207 1.20872712135
765.182157 1.07592821121
768.159994 1.06913781166
771.059359 1.17199802399
773.883638 1.08086800575
776.720054 1.07152414322
779.543478 1.07329106331
782.37922 1.07611584663
785.211455 1.07927513123
788.064813 1.06557106972
791.048294 1.22064805031
793.882426 1.07499718666
796.692119 1.0765209198
799.766265 1.15003395081
802.595956 1.07605099678
805.479025 1.12681317329
808.384447 1.14018988609
811.378644 1.22850298882
814.380082 1.23338198662
817.367131 1.23581290245
820.191072 1.0678229332
823.027322 1.06943702698
825.869834 1.08194708824
828.707919 1.07495188713
831.910385 1.25227808952
834.858878 1.2145819664
837.678358 1.08105683327
840.487114 1.08004403114
843.325123 1.07441401482
846.166014 1.06103801727
849.143107 1.2212729454
851.966856 1.07997107506
854.807118 1.07981491089
857.616122 1.0833261013
860.598547 1.2398750782
863.594401 1.07763504982
866.599892 1.24101281166
869.424679 1.06465697289
872.283774 1.09162211418
875.125289 1.07723593712
877.948034 1.07798218727
880.796143 1.09639811516
883.708069 1.14974808693
886.541788 1.07573699951
889.358102 1.0654938221
892.269212 1.17161488533
895.358083 1.08968400955
898.184763 1.07227516174
901.046709 1.08673906326
903.897769 1.09815788269
906.743497 1.0886220932
909.551877 1.07420802116
912.363506 1.07862305641
915.157237 1.06712698936
918.025258 1.08910489082
920.90874 1.15413808823
923.929864 1.27175784111
926.929408 1.07721304893
929.813813 1.0931789875
932.607874 1.06712198257
935.466746 1.08224797249
938.273257 1.074832201
941.090593 1.06674909592
943.973356 1.0711979866
946.790072 1.06645607948
949.575835 1.05494880676
952.540449 1.21264004707
955.366439 1.07595300674
958.359103 1.07947206497
961.201115 1.08591294289
964.043555 1.08860015869
967.04867 1.24899601936
969.890594 1.08561015129
972.959399 1.25434708595
975.818818 1.08717489243
978.808898 1.23443603516
981.639438 1.07832884789
984.46647 1.08613300323
987.283506 1.08227181435
990.307127 1.07825613022
993.088498 1.07051515579
995.901706 1.08298802376
998.740138 1.07642889023
1001.677363 1.1624879837
1004.522476 1.07431793213
1007.397569 1.08467388153
1010.246371 1.08925795555
1013.213904 1.22612309456
1016.040406 1.06459903717
1018.863887 1.08467197418
1021.957714 1.07819604874
1024.872549 1.17334794998
1027.705617 1.07370591164
1030.573186 1.11290812492
1033.392058 1.07282805443
1036.239039 1.09009718895
1039.093275 1.08650183678
1042.043062 1.21678709984
1044.881813 1.08383488655
1047.719726 1.07588291168
1050.556527 1.07416892052
1053.58344 1.07722401619
1056.416598 1.07225990295
1059.256125 1.0685749054
1062.098738 1.07828402519
1064.942001 1.07740402222
1067.789578 1.06952905655
1070.640715 1.06387519836
1073.461818 1.07878112793
1076.389001 1.1503200531
1079.255427 1.07396888733
1082.256906 1.24279212952
1085.35789 1.08234095573
1088.223576 1.06750416756
1091.17206 1.17693185806
1094.005581 1.07722711563
1096.923498 1.15841603279
1099.912187 1.22217702866
1102.755615 1.07855701447
1105.607118 1.08291888237
1108.405659 1.06663203239
1111.236077 1.09025502205
1114.156151 1.13963603973
1117.322287 1.22168803215
1120.187403 1.06418991089
1122.987027 1.07952094078
1126.049156 1.31157708168
1128.888467 1.09046506882
1131.757528 1.08997106552
1134.593176 1.08242487907
1137.461999 1.09551811218
1140.33538 1.10067391396
1143.170669 1.07643294334
1146.137288 1.22225689888
1149.338976 1.17073488235
1152.222993 1.1198720932
1155.0471 1.05983901024
1157.88497 1.08669495583
1160.829922 1.16561889648
1163.652769 1.09093022346
1166.543116 1.15965390205
1169.37289 1.07119894028
1172.264774 1.15606188774
1175.103833 1.08691716194
1178.022746 1.07061195374
1181.089793 1.07176208496
1183.971497 1.13688516617
1186.956794 1.22134184837
1189.756899 1.06835985184
1192.72109 1.21356606483
1195.589438 1.08426594734
1198.419948 1.06857991219
1201.489839 1.30943083763
1204.287662 1.06905603409
1207.118906 1.09243702888
1210.021317 1.13725805283
1213.311578 1.10326099396
1216.202236 1.13624882698
1219.223915 1.23153591156
1222.077235 1.08597421646
1225.020961 1.20583987236
1227.854753 1.06714081764
1230.67007 1.08490991592
1233.495567 1.09198498726
1236.427587 1.18542098999
1239.261899 1.09979391098
1242.121365 1.08841204643
1245.175772 1.10499191284
1248.036651 1.11413288116
1250.907316 1.09132599831
1253.771148 1.08923602104
1256.620049 1.0905919075
1259.477901 1.0817220211
1262.28809 1.06913995743
1265.152523 1.09499406815
1267.980047 1.07471489906
1270.826953 1.08001089096
1273.835343 1.22057008743
1276.888802 1.09505796432
1279.87779 1.23788905144
1282.671958 1.06443786621
1285.491394 1.0664191246
1288.380043 1.08903288841
1291.203865 1.06968188286
1294.036611 1.09377098083
1296.869407 1.07250714302
1299.688982 1.08174395561
1302.654001 1.22555804253
1305.494131 1.09085988998
1308.59535 1.07941794395
1311.43479 1.07946491241
1314.289458 1.07411599159
1317.268241 1.23824310303
1320.095411 1.09324502945
1322.938953 1.08474707603
1325.919905 1.22154712677
1328.89524 1.23520088196
1331.772886 1.06113791466
1334.619673 1.06664705276
1337.60598 1.22252297401
1340.686912 1.08039903641
1343.630101 1.17359900475
1346.528452 1.15794420242
1349.339007 1.08597397804
1352.138535 1.08722400665
1354.968038 1.06301403046
1357.827396 1.08148121834
1360.754043 1.15921187401
1363.704531 1.16256308556
1366.534934 1.10884404182
1369.336564 1.06859898567
1372.4093 1.09379792213
1375.236154 1.07677197456
1378.07054 1.06654500961
1380.941423 1.10465812683
1383.768397 1.06611609459
1386.609826 1.07342720032
1389.444563 1.07756209373
1392.594669 1.38421297073
1395.419814 1.07534503937
1398.218217 1.06425189972
1401.101566 1.16521501541
1404.18658 1.10661315918
1407.161904 1.22575998306
1409.994184 1.09322190285
1412.817844 1.07441115379
1415.661487 1.08494710922
1418.619028 1.22638392448
1421.459119 1.07933092117
1424.441435 1.23876595497
1427.270913 1.06855893135
1430.188153 1.14915895462
1433.173574 1.23582196236
1436.239586 1.08341002464
1439.088352 1.07624697685
1442.070594 1.2442741394
1445.059514 1.25142884254
1447.884219 1.07975101471
1450.802599 1.16513299942
1453.658905 1.12877392769
1456.455695 1.05665397644
1459.322798 1.12643194199
1462.1772 1.08735203743
1465.202259 1.24816894531
1468.374119 1.16635799408
1471.35754 1.23382806778
1474.236936 1.15299510956
1477.200923 1.22659897804
1479.999286 1.09077787399
1482.888823 1.16092181206
1485.959594 1.29039597511
1488.752014 1.07102584839
1491.725902 1.24992084503
1494.609824 1.15850615501
1497.42219 1.08057308197
1500.483061 1.10365390778
1503.300847 1.06679415703
1506.134253 1.07816100121
1508.958841 1.07076597214
1511.787224 1.0690600872
1514.642741 1.09011292458
1517.667246 1.2504029274
1520.645557 1.24711108208
1523.49941 1.07970380783
1526.353268 1.07756304741
1529.219264 1.08710694313
1532.285695 1.07106590271
1535.149365 1.10102701187
1537.967849 1.06461596489
1540.801613 1.0692088604
1543.844957 1.23729300499
1546.689789 1.09984302521
1549.516007 1.06836104393
1552.343941 1.07788515091
1555.163058 1.07451105118
1558.004943 1.08414697647
1560.858156 1.08081483841
1563.905686 1.09288787842
1566.857186 1.17246007919
1569.686137 1.06767106056
1572.518289 1.06658315659
1575.43396 1.15852403641
1578.317173 1.11672902107
1581.174169 1.0825688839
1583.977089 1.07979798317
1586.832859 1.06994605064
1589.850124 1.23695921898
1592.687126 1.07354187965
1595.701498 1.07696604729
1598.691298 1.23509597778
1601.504912 1.08465981483
1604.501477 1.22526311874
1607.517477 1.23948001862
1610.403906 1.15698504448
1613.248194 1.08521699905
1616.24886 1.23641109467
1619.150777 1.12670898438
1622.009798 1.10537004471
1624.886083 1.08865118027
1627.934715 1.07889890671
1630.794152 1.08047795296
1633.633279 1.06932711601
1636.473548 1.07244205475
1639.300106 1.07030677795
1642.130324 1.07679605484
1645.008078 1.10005092621
1647.876501 1.08785390854
1650.749885 1.11205601692
1653.623742 1.10661411285
1656.466698 1.08598899841
1659.615533 1.10292696953
1662.467888 1.06401991844
1665.404969 1.20669293404
1668.237177 1.08521413803
1671.048783 1.06695914268
1673.893047 1.07665801048
1676.991347 1.32903194427
1679.831547 1.08819389343
1682.664894 1.07365393639
1685.632566 1.21962785721
1688.60661 1.22408795357
1691.764682 1.16449379921
1694.584259 1.07090711594
1697.415223 1.07901883125
1700.231382 1.07448410988
1703.235224 1.22197890282
1706.102239 1.07440495491
1709.107346 1.22755408287
1711.975279 1.09488177299
1714.820819 1.07431411743
1717.78227 1.21368908882
1720.63553 1.08574104309
1723.76609 1.1280272007
1726.599861 1.06454801559
1729.499622 1.07689404488
1732.333089 1.07877588272
1735.202233 1.08715295792
1738.265763 1.29748296738
1741.16484 1.1500248909
1743.984827 1.06877803802
1746.878954 1.09235501289
1749.722037 1.11590313911
1752.698542 1.23126983643
1755.963073 1.30773282051
1758.938182 1.21265602112
1761.789562 1.09511804581
1764.6383 1.08254003525
1767.638242 1.24072313309
1770.504911 1.10945701599
1773.405946 1.07761597633
1776.230382 1.08926606178
1779.0641 1.06711483002
1781.932733 1.06648898125
1784.897802 1.21378207207
1787.930961 1.06636595726
1790.750719 1.06798601151
1793.651269 1.15916395187
1796.463585 1.05304813385
1799.329438 1.09055995941
1802.173187 1.07633209229
1805.030836 1.09439897537
1807.855254 1.0942261219
1810.680974 1.08975887299
1813.507874 1.08929991722
1816.346021 1.06818604469
1819.380278 1.07447004318
1822.180017 1.05507779121
1825.166372 1.22249794006
1827.984816 1.0786011219
1830.828869 1.09244418144
1833.746652 1.16544890404
1836.564097 1.06504893303
1839.396776 1.07586598396
1842.217512 1.09079813957
1845.061954 1.08693289757
1847.899965 1.10093998909
1851.062864 1.22301506996
1853.882722 1.08025193214
1856.796627 1.15008997917
1859.615452 1.06330513954
1862.428392 1.06985211372
1865.298683 1.09122109413
1868.129119 1.08970999718
1870.94768 1.06755781174
1873.81194 1.06589698792
1876.654988 1.08642601967
1879.474107 1.0864379406
1882.52261 1.10493588448
1885.382519 1.07893109322
1888.295654 1.16756987572
1891.129518 1.06445193291
1894.085336 1.18452095985
1896.911898 1.08696985245
1899.913787 1.2435939312
1902.770834 1.07477807999
1905.613728 1.09625101089
1908.436384 1.07709598541
1911.285686 1.09511399269
1914.433497 1.17443299294
1917.243001 1.06681513786
1920.06274 1.07967591286
1922.898879 1.07987904549
1925.870137 1.23510503769
1928.698731 1.07003688812
1931.512126 1.06378102303
1934.485519 1.24245905876
1937.296245 1.07261610031
1940.269202 1.22348403931
1943.102276 1.07844591141
1946.185994 1.21068811417
1949.029124 1.07662582397
1951.96419 1.16603684425
1954.827566 1.09268808365
1957.745309 1.15284585953
1960.645462 1.08055591583
1963.480185 1.07038187981
1966.312322 1.09177994728
1969.214502 1.13817310333
1972.20075 1.22075605392
1975.203421 1.24862718582
1978.387017 1.23556494713
1981.230081 1.08965301514
1984.089276 1.08625006676
1987.144585 1.29754686356
1990.000759 1.09383106232
1992.828237 1.08052515984
1995.732953 1.14816999435
1998.576464 1.08883213997
2001.44309 1.11747813225
2004.284112 1.08317112923
2007.135478 1.09206199646
2010.287203 1.23721694946
2013.110435 1.07539391518
2015.98651 1.13481807709
2018.836668 1.09051394463
2021.860926 1.24772906303
2024.702291 1.0884950161
2027.541732 1.08566808701
2030.51292 1.22485089302
2033.523458 1.23490405083
2036.373019 1.08291196823
2039.344948 1.22574305534
2042.512176 1.2208750248
2045.342798 1.08977198601
2048.161544 1.09111213684
2051.002563 1.07628202438
2053.833491 1.07307600975
2056.658466 1.07927083969
2059.550887 1.16427111626
2062.428541 1.15331602097
2065.24904 1.07902503014
2068.061927 1.0741019249
2070.842814 1.06771492958
2074.001972 1.22701907158
2076.828265 1.07516503334
2079.792528 1.17684316635
2082.58911 1.06498599052
2085.409795 1.0814871788
2088.245535 1.07070398331
2091.049517 1.0779299736
2093.993148 1.20328783989
2097.010327 1.24699306488
2099.839768 1.06652402878
2102.660291 1.07183003426
2105.77699 1.21426105499
2108.650714 1.08641600609
2111.627758 1.2205657959
2114.543973 1.15131306648
2117.503379 1.22682404518
2120.431589 1.20259904861
2123.253947 1.07351207733
2126.092335 1.06844997406
2128.944989 1.07814502716
2131.785173 1.07314991951
2134.632844 1.0830540657
2137.633706 1.07512593269
2140.608802 1.23348212242
2143.432143 1.07938098907
2146.277094 1.07620978355
2149.092572 1.0645840168
2151.955514 1.10547494888
2154.793141 1.07858109474
2157.651372 1.08037185669
2160.497461 1.07721400261
2163.327577 1.067081213
2166.293643 1.21238613129
2169.458232 1.24698901176
2172.273862 1.07077503204
2175.254894 1.22217106819
2178.075839 1.06945681572
2181.073753 1.25163507462
2184.067061 1.22717118263
2187.019386 1.23661088943
2189.808688 1.0646109581
2192.643086 1.07147598267
2195.500998 1.0926630497
2198.292983 1.05906105042
2201.310064 1.07272696495
2204.15103 1.08326601982
2207.138447 1.22979211807
2209.959444 1.0667219162
2212.77746 1.07091712952
2215.611455 1.0745639801
2218.443778 1.07915997505
2221.276267 1.08072185516
2224.083277 1.08001303673
2226.891973 1.06782078743
2229.747991 1.09324598312
2232.809871 1.06995487213
2235.642571 1.0677690506
2238.448039 1.07710981369
2241.407608 1.23379397392
2244.342291 1.21186804771
2247.343224 1.24224090576
2250.182916 1.10220789909
2253.024316 1.08083510399
2255.882189 1.07397413254
2258.715653 1.08280992508
2261.553584 1.0851790905
2264.582636 1.08126878738
2267.52468 1.224132061
2270.389499 1.09143090248
2273.219426 1.08772993088
2276.007053 1.06482100487
2278.995005 1.22277593613
2281.966273 1.22823882103
2284.824881 1.07817006111
2287.60953 1.05469202995
2290.62495 1.27340912819
2293.408934 1.06874299049
2296.452192 1.08964800835
2299.273176 1.10266304016
2302.156487 1.1412730217
2304.964314 1.08016109467
2307.881408 1.1663339138
2310.707943 1.08083701134
2313.698556 1.24500513077
2316.507728 1.06731104851
2319.527514 1.25550889969
2322.508401 1.23560380936
2325.311055 1.08720397949
2328.325923 1.07052302361
2331.148269 1.08806395531
2333.957543 1.07863211632
2336.770887 1.07458305359
2339.679811 1.16520905495
2342.475114 1.06430912018
2345.273213 1.07021212578
2348.141377 1.13084197044
2351.042 1.16213297844
2353.840299 1.07482385635
2356.611985 1.06986784935
2359.742296 1.24880504608
2362.674498 1.20279598236
2365.489939 1.07787895203
2368.319445 1.09137296677
2371.32319 1.26740503311
2374.278469 1.20445299149
2377.322439 1.30838108063
2380.356992 1.3123857975
2383.157314 1.0581240654
2386.133674 1.23022484779
2389.075217 1.21446800232
2392.262566 1.22204709053
2395.061169 1.06888103485
2397.856732 1.06566286087
2400.80901 1.22591304779
2403.629595 1.08156204224
2406.443616 1.08535194397
2409.389697 1.20665383339
2412.196282 1.0769739151
2415.172014 1.24606800079
2417.955679 1.06543183327
2420.774065 1.07536792755
2423.940301 1.15581798553
2426.779319 1.08288311958
2429.790175 1.22608208656
2432.714702 1.16931796074
2435.616506 1.12140893936
2438.47485 1.07977890968
2441.462116 1.22033286095
2444.350703 1.10796880722
2447.300252 1.1587228775
2450.140997 1.06895184517
2452.992239 1.08663201332
2455.971889 1.06717991829
2458.789354 1.0630941391
2461.630933 1.07444405556
2464.588808 1.22408604622
2467.447798 1.08424901962
2470.416788 1.20970606804
2473.291736 1.08240795135
2476.141805 1.10220479965
2478.957434 1.07704591751
2481.772997 1.06994795799
2484.59694 1.071144104
2487.591399 1.07769608498
2490.408547 1.08810710907
2493.331048 1.17059183121
2496.190714 1.08683896065
2499.159718 1.22443199158
2502.025534 1.08888316154
2504.872843 1.07830095291
2507.70656 1.07269096375
2510.556101 1.08806204796
2513.524785 1.22508811951
2516.381252 1.09215784073
2519.355908 1.06866192818
2522.341378 1.26704597473
2525.354335 1.24516701698
2528.341754 1.24534201622
2531.160405 1.06833410263
2533.957098 1.07104301453
2536.797353 1.08458900452
2539.750163 1.17768597603
2542.607718 1.07491397858
2545.741061 1.36530399323
2548.56285 1.07892298698
2551.588203 1.08170390129
2554.445274 1.09151697159
2557.277859 1.0799241066
2560.119884 1.08013606071
2562.940321 1.07009220123
2565.891286 1.22201800346
2568.720294 1.07135510445
2571.753308 1.2660741806
2574.575732 1.07642102242
2577.388899 1.05719304085
2580.220763 1.08173894882
2583.389312 1.2127199173
2586.25174 1.1015651226
2589.088074 1.06773805618
2592.08835 1.22240996361
2594.943232 1.06484007835
2597.808044 1.07764911652
2600.647342 1.0820980072
2603.4715 1.07611584663
2606.40588 1.17302894592
2609.2293 1.07457113266
2612.056424 1.07713484764
2615.137255 1.13440704346
2617.938525 1.07179093361
2620.937345 1.23826694489
2623.770092 1.08037400246
2626.618979 1.06386399269
2629.513197 1.11275100708
2632.498138 1.23942995071
2635.321529 1.06618380547
2638.196511 1.08167600632
2641.039025 1.07657289505
2643.891721 1.07598018646
2646.918562 1.08182120323
2649.754955 1.08921504021
2652.587886 1.07139706612
2655.413167 1.08230185509
2658.246032 1.08701395988
2661.089091 1.09437608719
2663.920885 1.06851792336
2666.786482 1.10209703445
2669.626543 1.0915389061
2672.436819 1.07592391968
2675.403803 1.23561406136
2678.39404 1.07704591751
2681.219723 1.06439590454
2684.021263 1.06876802444
2686.835676 1.07622504234
2689.769443 1.15609908104
2692.670866 1.12717604637
2695.502784 1.08100295067
2698.32122 1.0618391037
2701.190018 1.10691308975
2704.014208 1.08332300186
2706.862842 1.08660292625
2709.983947 1.15968108177
2712.806713 1.07755589485
2715.63597 1.08531498909
2718.455587 1.07554888725
2721.491958 1.31565999985
2724.339655 1.0886759758
2727.193776 1.09070801735
2730.004732 1.06913995743
2733.01286 1.24151110649
2735.834834 1.08094596863
2738.652929 1.07792186737
2741.771636 1.23092603683
2744.813562 1.27195310593
2747.795748 1.23131394386
2750.624675 1.07300186157
2753.436059 1.06622815132
2756.344089 1.17892813683
2759.172654 1.0643389225
2762.153804 1.22597908974
2765.091495 1.15516614914
2767.892356 1.07221102715
2770.745722 1.08329510689
2773.874814 1.17707204819
2776.718896 1.09201598167
2779.545797 1.08668112755
2782.362115 1.09111189842
2785.187447 1.08606600761
2788.003066 1.07416009903
2790.827624 1.09419512749
2793.889039 1.30432701111
2796.692187 1.07231593132
2799.735295 1.30727791786
2802.568756 1.07348394394
2805.637291 1.08040308952
2808.552498 1.20650196075
2811.435061 1.12759017944
2814.261581 1.10330581665
2817.088503 1.06678891182
2819.919931 1.07874393463
2822.884821 1.22412109375
2825.836691 1.20897102356
2828.652057 1.0676510334
2831.654691 1.26117682457
2834.499183 1.09131789207
2837.508664 1.0774948597
2840.359368 1.08514499664
2843.22596 1.09373807907
2846.057843 1.09340691566
2848.870325 1.07665395737
2851.829838 1.23572993279
2854.802922 1.22345995903
2857.773928 1.24336504936
2860.584582 1.07340502739
2863.537758 1.2240819931
2866.501881 1.22145199776
2869.501588 1.07780003548
2872.518541 1.26936101913
2875.33407 1.07824993134
2878.150891 1.07512617111
2881.14192 1.24422597885
2883.974912 1.07614898682
2886.816248 1.09007906914
2889.69214 1.09580492973
2892.518616 1.07937502861
2895.355602 1.08346796036
2898.318172 1.22286891937
2901.538956 1.1646630764
2904.534207 1.24875807762
2907.457169 1.16595387459
2910.437068 1.22222590446
2913.349115 1.15631985664
2916.218757 1.09047698975
2919.044758 1.08746504784
2921.885758 1.08776497841
2924.692108 1.05588507652
2927.552278 1.07261991501
2930.389027 1.07807517052
2933.585471 1.20124006271
2936.416033 1.06860399246
2939.417904 1.23775696754
2942.393551 1.2031519413
2945.36017 1.15490889549
2948.273011 1.16102385521
2951.139771 1.08019995689
2954.007861 1.08079981804
2956.849329 1.07908391953
2959.718044 1.08101701736
2962.753374 1.26796412468
2965.732357 1.08177304268
2968.649497 1.09164094925
2971.465837 1.07730007172
2974.300928 1.06846499443
2977.134025 1.08411598206
2980.088421 1.23019194603
2982.903353 1.06753396988
2985.780573 1.11396288872
2988.624864 1.10103201866
2991.432689 1.06461000443
2994.258463 1.07910585403
2997.315851 1.07410287857
3000.133846 1.08176589012
3002.988492 1.07579898834
3005.823805 1.08089208603
3008.658323 1.08350086212
3011.488666 1.07760000229
3014.308844 1.0919110775
3017.116376 1.05710411072
3019.975119 1.09567093849
3022.803513 1.09375786781
3025.633043 1.08488607407
3028.650033 1.07902193069
3031.492379 1.07975411415
3034.405504 1.14665293694
3037.286428 1.07812595367
3040.215709 1.15866708755
3043.073057 1.10494399071
3045.907735 1.06862807274
3048.726651 1.08264303207
3051.517933 1.05086517334
3054.36652 1.09528803825
3057.300706 1.16058588028
3060.498395 1.23848009109
3063.565249 1.3076710701
3066.641912 1.3217549324
3069.655991 1.27270698547
3072.501786 1.08542704582
3075.342442 1.08158421516
3078.180664 1.06838297844
3081.017435 1.07119679451
3084.016854 1.21230792999
3086.832082 1.06390094757
3089.663992 1.0662920475
3092.710544 1.08578205109
3095.53537 1.06451702118
3098.465611 1.16144299507
3101.329511 1.08171415329
3104.207691 1.09103798866
3107.064134 1.06743717194
3109.923844 1.07972502708
3112.779783 1.08224797249
3115.589041 1.06935095787
3118.424501 1.08536195755
3121.263462 1.07683587074
3124.359247 1.11662793159
3127.197415 1.07470917702
3130.035957 1.07956790924
3132.863996 1.06520986557
3135.858397 1.2397711277
3138.713401 1.08125710487
3141.712481 1.23635601997
3144.566865 1.07754683495
3147.537595 1.21879601479
3150.348396 1.05222797394
3153.24033 1.10162091255
3156.251837 1.073595047
3159.06474 1.07819199562
3161.915374 1.08741283417
3164.798098 1.15150094032
3167.699635 1.16233301163
3170.530132 1.08714795113
3173.353471 1.08961892128
3176.206248 1.0781519413
3179.013485 1.06715393066
3181.85094 1.07844090462
3184.680707 1.0519721508
3187.681938 1.06513905525
3190.532166 1.09625697136
3193.513917 1.22501587868
3196.335265 1.06861615181
3199.252768 1.15951800346
3202.133638 1.10499501228
3204.965151 1.06898093224
3207.821963 1.08067202568
3210.737232 1.15319395065
3213.57913 1.07367897034
3216.448866 1.11281204224
3219.539033 1.14357089996
3222.374647 1.07836914062
3225.280193 1.15307998657
3228.098804 1.07882785797
3230.967098 1.13174009323
3233.933425 1.22484493256
3236.752883 1.08276414871
3239.555171 1.07334804535
3242.53342 1.22082805634
3245.381414 1.07191991806
3248.213096 1.08096408844
3251.21413 1.06604194641
3254.069889 1.07493805885
3256.898673 1.07589912415
3259.897383 1.22399187088
3262.866109 1.21565508842
3265.716682 1.08461499214
3268.565341 1.09470200539
3271.396193 1.06857180595
3274.261409 1.08431005478
3277.188212 1.13218188286
3280.038356 1.09610295296
3283.099433 1.07187604904
3285.947668 1.09173989296
3288.864181 1.17258310318
3291.879707 1.23739814758
3294.829815 1.19894099236
3297.649585 1.06642389297
3300.522381 1.09337687492
3303.412657 1.09433293343
3306.24521 1.06862616539
3309.08461 1.07643890381
3311.920509 1.08002209663
3314.9786 1.07717895508
3317.796549 1.07509994507
3320.730188 1.20319890976
3323.600217 1.11885905266
3326.511717 1.13053894043
3329.368631 1.08223605156
3332.384055 1.25091099739
3335.212793 1.06853795052
3338.070371 1.0821928978
3340.935385 1.10046505928
3343.771128 1.08314990997
3346.778007 1.07708001137
3349.73258 1.18891596794
3352.744171 1.24506402016
3355.621756 1.11349797249
3358.445738 1.06981611252
3361.297001 1.07896900177
3364.270207 1.21742892265
3367.128044 1.07555794716
3369.96859 1.08330798149
3372.802836 1.07736992836
3375.711455 1.15073895454
3378.734283 1.06664705276
3381.601013 1.07638311386
3384.419386 1.07756090164
3387.266699 1.0908100605
3390.11224 1.06812405586
3392.94378 1.07721495628
3395.917295 1.23430109024
3398.759976 1.07818889618
3401.593514 1.06338906288
3404.561686 1.21489787102
3407.378866 1.07246613503
3410.427506 1.06978106499
3413.247009 1.07040905952
3416.073074 1.06677794456
3418.918871 1.08820080757
3421.729362 1.06594085693
3424.547929 1.07650303841
3427.385067 1.07373595238
3430.344578 1.21899008751
3433.187689 1.08830189705
3436.036754 1.0802590847
3439.012068 1.22245001793
3442.119046 1.16807389259
3444.927542 1.0606200695
3447.842665 1.16478800774
3450.660363 1.06735396385
3453.649129 1.24571299553
3456.480742 1.07712388039
3459.431491 1.22132110596
3462.402821 1.2370698452
3465.22859 1.08077216148
3468.187376 1.21954703331
3471.12083 1.18775010109
3474.14275 1.06328415871
3476.943628 1.06627488136
3479.91428 1.23015284538
3482.754458 1.09514498711
3485.610045 1.070925951
3488.451641 1.07171607018
3491.460986 1.23513293266
3494.301263 1.08567285538
3497.1145 1.06875896454
3499.947353 1.08093714714
3502.809672 1.07029604912
3505.8128 1.07666897774
3508.643045 1.07292509079
3511.477891 1.08875989914
3514.295203 1.07587790489
3517.101626 1.08442401886
3520.059347 1.21334505081
3522.878366 1.06721782684
3525.698583 1.07819414139
3528.542129 1.08672904968
3531.460577 1.15816187859
3534.324627 1.10006594658
3537.40329 1.13498902321
3540.229474 1.07716298103
3543.051058 1.08096981049
3545.902252 1.08823800087
3548.72902 1.06898903847
3551.579329 1.07495689392
3554.420547 1.08980107307
3557.245177 1.07708406448
3560.065193 1.07930016518
3562.876054 1.06490111351
3565.740546 1.06489682198
3568.910041 1.22280192375
3571.898764 1.22904491425
3574.728661 1.06918811798
3577.564947 1.06394195557
3580.393007 1.06172680855
3583.232831 1.07238197327
3586.166711 1.17559814453
3589.008525 1.08885717392
3592.061569 1.2736787796
3594.994914 1.16593384743
3597.836802 1.07432103157
3600.876858 1.07726383209
