7.372813 1.88361970584
14.4791 1.87606493632
14.497447 9999
21.617573 1.87294642131
28.721209 1.8817969958
28.747907 9999
35.837447 1.87710793813
43.184217 1.88224562009
50.25898 1.87799270948
57.333527 1.88024497032
57.350115 9999
64.407211 1.88037395477
64.433974 9999
71.491702 1.87538369497
78.721302 1.87606072426
85.784485 1.87409170469
92.914632 1.88252003988
99.999825 1.88310877482
105.203728 1.23920035362
112.579766 1.87298266093
119.71397 1.87926165263
126.818033 1.87916660309
133.927004 1.8780198892
141.002605 1.88099463781
148.263716 1.88280971845
155.417315 1.89440401395
155.434011 9999
162.497449 1.88013823827
169.658012 1.89048290253
176.76294 1.88499061267
184.049203 1.87443995476
191.165102 1.8850877285
198.266746 1.88293369611
205.410091 1.88162636757
212.522686 1.88231865565
219.813653 1.87762308121
226.91993 1.87966100375
234.031523 1.88135170937
241.138503 1.88244636854
248.228338 1.87382435799
255.506247 1.88032809893
262.599146 1.87622960409
269.655697 1.87541770935
276.743327 1.881396691
276.768723 9999
283.875418 1.8797873656
291.138556 1.88161635399
298.21496 1.87782319387
305.367218 1.90052135785
312.448928 1.8815249602
312.466874 9999
319.580063 1.87985332807
319.757813 9999
326.887504 1.88190897306
326.905067 9999
334.04776 1.87223935127
341.149035 1.8755273819
348.266608 1.88465674718
355.387266 1.88099797567
362.625977 1.87793032328
369.723859 1.876450936
376.839796 1.8912015756
383.973696 1.88367700577
391.131426 1.88784543673
398.3932 1.88396867116
405.552999 1.88782803218
412.678836 1.87952136993
419.81333 1.88822968801
426.961003 1.88641238213
434.229491 1.87588167191
441.334177 1.88292169571
448.456532 1.88050643603
455.604377 1.87439727783
462.722117 1.88185365995
462.876211 9999
470.003538 1.8816447258
477.140883 1.87851031621
484.242951 1.87776494026
491.394884 1.89240900675
498.546719 1.88954734802
505.853631 1.88341275851
512.936246 1.87885197004
520.06424 1.88522060712
527.180315 1.88047003746
534.257632 1.87820331256
541.567064 1.88951404889
548.704873 1.8807750543
548.725282 9999
555.832558 1.87778329849
562.91053 1.8800043265
570.015327 1.87616062164
570.18948 9999
577.279731 1.87416593234
584.419699 1.88547794024
591.487304 1.88025911649
598.626729 1.88383730253
605.808878 1.91526134809
613.089441 1.88118696213
620.196119 1.87540443738
627.296616 1.87810707092
634.376216 1.87845563889
641.520619 1.88679973284
648.791644 1.88011511167
655.864426 1.88309224447
663.047732 1.8874297142
670.178464 1.88867855072
677.304971 1.88717508316
684.518834 1.88090825081
684.543843 9999
691.682974 1.88622069359
698.790438 1.87783098221
705.949656 1.89314039548
713.082233 1.88428060214
720.290292 1.87601963679
727.411014 1.87582437197
734.506222 1.88329299291
741.628341 1.88368328412
748.754401 1.88418658574
748.967889 9999
756.07515 1.8781970342
756.122307 9999
763.260038 1.88105901082
770.368582 1.8793249925
777.536736 1.88981064161
784.648642 1.87549670537
784.845285 9999
791.923914 1.87966537476
799.023465 1.88140034676
806.180502 1.89083639781
813.305811 1.88174565633
820.514697 1.89332032204
820.711735 9999
827.837165 1.88410433133
827.876967 9999
834.996165 1.87986095746
842.106044 1.88085738818
849.242503 1.88291692734
856.359056 1.8798019886
863.602402 1.87913688024
870.73306 1.89545170466
877.840527 1.87605055173
884.949346 1.88226278623
892.034313 1.87368599574
899.314222 1.87981168429
906.391951 1.87884497643
913.531195 1.88831003507
920.61148 1.88513437907
927.778915 1.89651799202
935.083545 1.88536135356
935.105362 9999
942.164626 1.87619344393
949.291681 1.88196897507
956.390294 1.87455940247
963.48465 1.87717835108
970.768395 1.87858692805
977.877414 1.87695964177
985.203531 1.89707573255
992.343974 1.8835682869
999.416785 1.8773047924
1006.958138 1.88033366203
1014.076864 1.88675761223
1021.214941 1.88806335131
1028.285261 1.87778830528
1035.423688 1.88795725505
1042.702827 1.87951827049
1049.837287 1.88992627462
1056.921688 1.87776732445
1064.045094 1.88891728719
1071.174267 1.88321201007
1078.599322 1.88908473651
1085.717958 1.88173262278
1092.800852 1.87386067708
1099.946986 1.88229727745
1103.255528 0.620836655299
1103.47014 9999
1110.596456 1.88218164444
1117.696164 1.87895464897
1117.718142 9999
1124.813254 1.88087638219
1131.984209 1.88584431012
1139.080162 1.87571573257
1146.300727 1.87771336238
1153.474364 1.89834062258
1160.630744 1.8893772761
1167.687847 1.8785905838
1174.824262 1.87549169858
1182.090523 1.87460064888
1182.118745 9999
1189.226111 1.88347729047
1196.390963 1.88886896769
1203.472525 1.88013132413
1210.632904 1.90735165278
1217.859618 1.88154530525
1217.882056 9999
1224.970824 1.8746984005
1232.039638 1.87580331167
1239.143557 1.88753509521
1246.254294 1.88249135017
1253.513032 1.87336031596
1260.614244 1.87736765544
1267.724255 1.87961395582
1274.883396 1.89195839564
1281.954141 1.87855466207
1289.165399 1.87843871117
1296.31046 1.88660136859
1303.433397 1.88679099083
1310.631564 1.87618962924
1310.656744 9999
1317.740169 1.87430500984
1317.967108 9999
1325.095321 1.88289197286
1332.17767 1.87936464945
1339.237016 1.87430127462
1346.334592 1.88226103783
1353.437438 1.88203732173
1360.747457 1.8775203228
1367.830781 1.8828467528
1367.868132 9999
1375.01293 1.88921562831
1382.121793 1.88216805458
1389.219138 1.88044508298
1396.471024 1.87470730146
1403.538165 1.87850030263
1403.564933 9999
1410.654223 1.87572662036
1417.747168 1.8770236969
1424.823577 1.877171278
1432.118967 1.87671971321
1439.263946 1.89031831423
1439.289723 9999
1446.413064 1.88941438993
1453.514596 1.8758799235
1460.689362 1.88823827108
1467.928874 1.87749663989
1475.034567 1.88017336528
1482.14664 1.88464832306
1482.180524 9999
1489.283069 1.88381195068
1496.401868 1.88449231784
1503.666019 1.8766049544
1510.766065 1.87611436844
1517.934788 1.89264893532
1525.042744 1.87914029757
1532.156019 1.88173635801
1539.469228 1.88198566437
1546.600208 1.88880260785
1553.698499 1.87589605649
1553.728965 9999
1560.805315 1.88466699918
1567.921489 1.88403272629
1575.210432 1.87796696027
1582.311396 1.88467240334
1589.406739 1.8897459507
1596.564716 1.88805866241
1603.692671 1.89246503512
1603.883449 9999
1610.998878 1.88332033157
1618.106667 1.8785926501
1625.193625 1.87899494171
1632.301109 1.88466533025
1639.356381 1.87525073687
1646.654711 1.87954370181
1653.786916 1.89021929105
1660.884581 1.8784263134
1667.999002 1.87948234876
1675.141715 1.8797779878
1682.456593 1.88534331322
1689.519447 1.87558698654
1696.639926 1.88325969378
1703.765143 1.88410894076
1710.856128 1.87938189507
1718.126825 1.87451370557
1725.207589 1.88864715894
1732.332327 1.88831369082
1732.353094 9999
1739.493535 1.88582825661
1746.643269 1.89563997587
1753.912116 1.88484867414
1761.033783 1.87767394384
1768.123885 1.88247235616
1775.209072 1.87382594744
1782.307832 1.87803896268
1789.562821 1.87924472491
1796.683881 1.88310861588
1803.749863 1.88311807315
1810.890418 1.88243333499
1817.952337 1.8761326472
1825.22601 1.88380066554
1832.325579 1.88185699781
1839.445023 1.88420701027
1846.519218 1.88221804301
1846.541513 9999
1846.558851 9999
1853.680119 1.87884402275
1860.917085 1.87561972936
1867.961465 1.87367367744
1875.00757 1.87536994616
1882.100742 1.87711397807
1889.148687 1.87687945366
1896.368474 1.87828063965
1903.505211 1.8817226092
1910.608168 1.88097500801
1917.698046 1.88017169635
1924.753472 1.87527124087
1932.013023 1.87752604485
1939.134273 1.88800231616
1946.280551 1.89037672679
1953.417461 1.88021667798
1960.518366 1.87596400579
1967.747921 1.88565929731
1974.893366 1.88560541471
1981.980546 1.88010303179
1989.048203 1.87248730659
1996.159739 1.88357830048
2003.455639 1.87818829219
2010.521985 1.87420670191
2017.612304 1.87959623337
2024.671938 1.87627267838
2031.768401 1.88006997108
2039.058881 1.87951699893
2046.243769 1.88503424327
2053.31597 1.88077998161
2060.439805 1.88383666674
2067.525511 1.87722039223
2074.789108 1.87459842364
2074.81657 9999
2081.901455 1.88071807226
2089.046365 1.88158837954
2096.110094 1.87882065773
2103.217753 1.87993232409
2110.502666 1.88433965047
2117.620611 1.87593905131
2124.680381 1.87470936775
2131.807201 1.88791958491
2138.94063 1.88224196434
2146.214697 1.8779621919
2153.361615 1.89001909892
2160.495121 1.88774132729
2167.590882 1.87790131569
2174.705198 1.88193027178
2182.006769 1.89217376709
2189.155195 1.8921602567
2196.283295 1.88211369514
2203.374894 1.88341665268
2210.497598 1.89395864805
2217.769933 1.87694327037
2217.813976 9999
2224.896681 1.87288037936
2232.015154 1.8919069767
2239.138258 1.88501397769
2246.242999 1.8883339564
2253.46002 1.87738466263
2260.545563 1.87816794713
2260.570594 9999
2267.710497 1.89129400253
2274.816654 1.8825562795
2281.913813 1.88071401914
2289.208592 1.87309130033
2296.30498 1.88688564301
2296.330515 9999
2303.403686 1.8793536822
2310.483524 1.88464872042
2310.507796 9999
2310.534511 9999
2317.621121 1.88014825185
2317.825257 9999
2324.920043 1.88360102971
2332.03191 1.88476896286
2339.082563 1.87539800008
2346.194364 1.88060561816
2353.335536 1.89115333557
2360.57724 1.88196428617
2367.849104 1.8768816789
2374.912275 1.87297566732
2381.999744 1.87453873952
2389.128822 1.88289030393
2396.443209 1.88009572029
2403.542076 1.88106608391
2410.604437 1.87626727422
2410.635634 9999
2417.719615 1.87852931023
2424.847307 1.88693769773
2432.098029 1.87370530764
2439.224466 1.89065066973
2446.316125 1.88613994916
2453.434985 1.88243921598
2460.521228 1.88438359896
2467.781239 1.87703927358
2474.885315 1.87763333321
2474.917127 9999
2482.067866 1.88235767682
2489.2073 1.89426263173
2496.310887 1.88634196917
2503.604137 1.87920204798
2503.645982 9999
2510.782359 1.88709338506
2517.841419 1.87818797429
2524.948994 1.88168605169
2532.099241 1.88359967868
2539.352514 1.88069168727
2546.462732 1.88202532132
2553.565803 1.87501509984
2560.701173 1.88982200623
2567.815613 1.87813464801
2575.064308 1.87823828061
2575.092129 9999
2582.181862 1.88160602252
2589.296348 1.87879800797
2589.313973 9999
2596.445303 1.88841493924
2603.590768 1.88565270106
2610.870872 1.87429141998
2617.991324 1.87471206983
2625.102491 1.88529706001
2632.225065 1.88711531957
2632.244144 9999
2639.396481 1.89347028732
2646.633525 1.87668132782
2646.6565 9999
2653.757744 1.88567670186
2653.786591 9999
2660.860143 1.87821523348
2667.948401 1.88458665212
2675.044008 1.8892827034
2682.325377 1.88830304146
2689.416375 1.88083632787
2696.515553 1.87740198771
2703.621357 1.8786629041
2710.675662 1.85648727417
2717.918013 1.87884362539
2717.933967 9999
2717.953651 9999
2725.025449 1.87740103404
2732.145541 1.87838904063
2732.184713 9999
2732.212392 9999
2739.312533 1.87985634804
2746.385832 1.88189204534
2753.62691 1.87523873647
2760.738952 1.88023336728
2767.793589 1.87550830841
2774.889447 1.88881731033
2781.952806 1.88078896205
2789.257245 1.88681960106
2796.367558 1.87704197566
2803.480323 1.88424054782
2810.632212 1.89244039853
2817.716016 1.87840867043
2824.981578 1.88025442759
2825.027752 9999
2832.115823 1.87448628743
2839.195645 1.887297074
2846.308174 1.88011662165
2853.372899 1.87558166186
2860.599865 1.87690194448
2867.722726 1.88412594795
2874.806322 1.8770793279
2881.89263 1.88560756048
2888.961641 1.87506437302
2896.220887 1.88153330485
2903.388743 1.8922586441
2910.494964 1.88042338689
2917.609523 1.87650322914
2924.712726 1.87793533007
2931.956219 1.88641834259
2939.058493 1.8867196242
2946.167368 1.87600406011
2953.249576 1.88245534897
2960.367479 1.88090165456
2967.572666 1.87683542569
2974.628437 1.87415464719
2981.906305 1.88746333122
2989.027024 1.88400936127
2996.102932 1.87859829267
3003.369794 1.88699905078
3010.478253 1.8757592837
3017.570195 1.87848099073
3017.592136 9999
3024.679282 1.87872934341
3028.027171 0.62939341863
3035.440294 1.89682563146
3042.560537 1.88840603828
3049.627162 1.87385924657
3056.752891 1.88884337743
3063.860509 1.88297128677
3071.157463 1.88394935926
3078.254127 1.87477731705
3085.397524 1.88629706701
3092.548335 1.90139365196
3099.676848 1.88003873825
3106.887271 1.87682366371
3108.742963 0.132053295771
3115.85463 1.88205162684
3122.947298 1.87884759903
3130.033317 1.87418826421
3137.305246 1.88040828705
3137.327458 9999
3144.438334 1.88404329618
3151.538576 1.8806283474
3158.68516 1.88848837217
3165.747968 1.87620139122
3168.485702 0.355138937632
3175.61451 1.88746968905
3182.714529 1.87924297651
3189.796532 1.88042998314
3196.952389 1.88177029292
3199.802711 0.397727648417
3206.892088 1.87842837969
3214.002387 1.88418499629
3221.078759 1.87844379743
3228.150736 1.88319794337
3235.471499 1.87818026543
3242.534571 1.88101935387
3249.745355 1.87980993589
3256.817097 1.87315495809
3263.911373 1.88214023908
3271.187553 1.88148299853
3278.256443 1.88086469968
3285.342675 1.88299798965
3292.467186 1.89712603887
3299.559416 1.88062508901
3306.854287 1.88050635656
3313.967532 1.88309899966
3321.035795 1.88191008568
3328.128727 1.8749007384
3335.23103 1.88503170013
3342.496577 1.87734866142
3349.675893 1.89118933678
3356.738194 1.87849696477
3363.88126 1.88607772191
3370.974825 1.88209692637
3378.26142 1.88743305206
3385.350709 1.8792181015
3392.438068 1.87920959791
3399.561634 1.87841335932
3406.644602 1.87453794479
3413.909516 1.87669857343
3420.985401 1.88627831141
3428.014368 1.85903700193
3435.120801 1.8762049675
3442.217765 1.88125999769
3449.470528 1.87640674909
3456.584735 1.87856825193
3463.677575 1.87714123726
3470.76249 1.87519407272
3477.90215 1.88997340202
3485.15562 1.88283038139
3492.240067 1.88278301557
3499.348587 1.8775370121
3506.391254 1.87665764491
3513.545726 1.8938943545
3520.757237 1.87708799044
3527.87386 1.88498926163
3534.98913 1.873462677
3542.115285 1.88580362002
3549.206579 1.88292264938
3556.450365 1.88406125704
3563.508929 1.8775993983
3570.614886 1.88394888242
3577.723267 1.87779291471
3584.822635 1.87626489003
3592.129801 1.88613875707
3599.184488 1.88075335821
3606.282986 1.88064670563
3613.360144 1.88523634275
3620.446382 1.88428537051
3627.749917 1.88542421659
3634.829774 1.87756665548
3641.9315 1.87587706248
3649.037392 1.88185636202
3656.141363 1.88401937485
3663.433158 1.8803293705
3670.558449 1.8882103761
3677.670787 1.88026531537
3684.79973 1.88220596313
3691.886267 1.88887993495
3699.14527 1.8819372654
3706.219369 1.8815463384
3713.314627 1.88122224808
3720.429612 1.88520129522
3727.551728 1.884187301
3734.8283 1.87899128596
3741.917177 1.87566765149
3749.000384 1.87846398354
3756.288111 1.88687968254
3763.415881 1.88784567515
3770.692441 1.88485336304
3777.798025 1.88039334615
3784.910295 1.88094361623
3791.996399 1.88975429535
3799.100126 1.87848687172
3806.390174 1.8772807916
3813.462077 1.87851166725
3820.531405 1.88130100568
3827.728326 1.88283999761
3834.812677 1.88001998266
3842.053541 1.87607041995
3849.115629 1.87444472313
3856.202004 1.88425946236
3863.330068 1.88066673279
3870.429871 1.88018965721
3877.744209 1.88495357831
3884.816444 1.87298878034
3891.93163 1.88476626078
3899.054871 1.87946557999
3906.157647 1.87814362844
3913.422269 1.87482102712
3913.4443 9999
3920.561668 1.89044205348
3927.712292 1.89616441727
3934.776403 1.8760360082
3941.895094 1.87898365657
3949.151058 1.87538123131
3956.239533 1.88238128026
3963.348192 1.87960823377
3970.415834 1.88085603714
3977.48598 1.8752553463
3984.732178 1.87626274427
3991.866352 1.88098359108
3998.925098 1.87839372953
4006.046738 1.88092088699
4013.145505 1.88111456235
4020.486883 1.88489492734
4027.587163 1.88709759712
4034.715015 1.87302525838
4034.738202 9999
4041.904126 1.88719097773
4049.033095 1.88644774755
4056.349778 1.87629739443
4063.455131 1.88069121043
4070.557756 1.883131663
4070.584898 9999
4077.840303 1.88826330503
4084.952323 1.87773799896
4092.229185 1.88491296768
4099.37918 1.88061436017
4106.503309 1.89126133919
4113.584394 1.8730460008
4120.681915 1.8814620177
4127.969354 1.8769466877
4135.032312 1.87711230914
4142.162181 1.88481020927
4149.262896 1.88185803095
4156.405347 1.89048631986
4163.684294 1.87652365367
4163.710436 9999
4170.780516 1.87781000137
4177.869114 1.87400595347
4185.009899 1.88316671054
4192.154656 1.88862363497
4199.454546 1.87962206205
4206.61986 1.87876876195
4213.769112 1.893952926
4213.801717 9999
4220.916834 1.87945866585
4228.020537 1.88140734037
4235.32206 1.87779768308
4242.380665 1.87653001149
4249.488556 1.88026801745
4256.632357 1.88863325119
4263.752334 1.88549804688
4271.005949 1.87674895922
4278.086196 1.87739698092
4285.212493 1.88860400518
4292.353791 1.88574425379
4292.381221 9999
4299.509185 1.88085269928
4306.91303 1.89157644908
4314.000666 1.87953106562
4321.119217 1.88176004092
4328.265379 1.89459133148
4335.365118 1.8849846522
4335.556441 9999
4342.695845 1.88920005163
4349.761743 1.8765595754
4356.848478 1.88129591942
4363.94497 1.8840256532
4371.055701 1.8857096831
4378.286497 1.87647136052
4385.400314 1.88035829862
4392.50655 1.88930058479
4392.536974 9999
4399.630635 1.87556989988
4406.764679 1.88702861468
4414.128634 1.88845396042
4421.23488 1.87693667412
4428.418383 1.89809465408
4435.492111 1.8849919637
4442.617218 1.88265426954
4449.922869 1.88136633237
4449.952625 9999
4457.046159 1.88150254885
4464.169759 1.8804380099
4471.443506 1.88609631856
4478.558136 1.88702162107
4485.894749 1.88669459025
4493.056435 1.88261143366
4500.115734 1.87617095311
4507.216875 1.88114571571
4514.290589 1.87775540352
4521.637571 1.88816761971
4528.732968 1.87635358175
4535.824598 1.87985070546
4543.057711 1.87849171956
4550.125419 1.88157073657
4557.363512 1.87901528676
4564.464 1.87654693921
4571.630014 1.88701327642
4578.889942 1.88643805186
4586.012311 1.88230148951
4593.351745 1.88587069511
4600.469159 1.88037101428
4607.559018 1.87940430641
4614.64466 1.87428927422
4621.745133 1.87765073776
4621.967359 9999
4629.068316 1.88368463516
4636.13534 1.8782983621
4643.243494 1.88175376256
4650.329726 1.88408637047
4650.357563 9999
4657.436787 1.87333234151
4664.707103 1.87299871445
4671.783556 1.8781542778
4678.856466 1.87696274122
4685.953694 1.87602496147
4689.280604 0.620101372401
4689.542804 9999
4696.671833 1.88353625933
4703.774862 1.88031204542
4710.874686 1.87977369626
4717.968594 1.87598101298
4725.060641 1.87947098414
4732.373156 1.87423833211
4739.4559 1.87437001864
4746.562026 1.88257972399
4753.646795 1.87637623151
4760.755459 1.88498806953
4767.991022 1.88336038589
4775.115923 1.88439393044
4782.21785 1.88623134295
4789.274719 1.87270696958
4796.369616 1.88650393486
4803.665241 1.87965766589
4810.837064 1.89016405741
4817.942211 1.88400840759
4825.058352 1.88033167521
4832.1661 1.88451464971
4839.512915 1.8792646726
4846.58827 1.88274359703
4846.611028 9999
4853.696327 1.88648430506
4853.722582 9999
4860.828162 1.88060625394
4867.964604 1.88681165377
4875.271737 1.87442970276
4882.399201 1.87511102359
4889.507673 1.87792468071
4896.613189 1.88475497564
4903.704202 1.8758606116
4911.039275 1.88462471962
4918.170039 1.88007060687
4925.337776 1.88442937533
4932.492749 1.89597264926
4939.630294 1.88773822784
4946.91888 1.88656218847
4954.075583 1.88336157799
4961.223311 1.88087828954
4968.331186 1.88233335813
4975.478898 1.88564332326
4982.788704 1.88476578395
4989.898239 1.87601041794
4997.003374 1.88754924138
5004.064155 1.8750140667
5004.100597 9999
5011.200922 1.8802763621
5018.481886 1.87506238619
5025.637867 1.87650378545
5032.71698 1.88196396828
5040.021853 1.88272396723
5047.119033 1.87660328547
5054.460935 1.88351329168
5061.559081 1.88042664528
5068.670108 1.88052972158
5075.780776 1.88790996869
5082.878093 1.88397463163
5090.167321 1.88058463732
5097.314491 1.88792204857
5104.452414 1.89146693548
5111.587668 1.88051096598
5118.730496 1.87914498647
5126.068395 1.87738100688
5133.134075 1.87989664078
5140.273186 1.88442230225
5147.416363 1.87858263652
5154.498975 1.87402304014
5161.758845 1.87972275416
5168.910523 1.87889440854
5176.004276 1.87858557701
5183.109062 1.87469871839
5190.207793 1.88234607379
5197.510796 1.8879459699
5204.631249 1.87648995717
5211.823305 1.89514072736
5218.903689 1.8796962897
5226.006482 1.87799890836
5233.270758 1.88358926773
5240.352084 1.88440394402
5240.386319 9999
5247.492737 1.87967801094
5254.586238 1.87729390462
5261.672249 1.88814401627
5268.895527 1.87248198191
5276.048469 1.89050396283
5283.153281 1.87876931826
5290.218793 1.87790465355
5297.356331 1.88881635666
5304.746097 1.88335800171
5311.852457 1.8838040034
5315.247847 0.622002681096
5322.332105 1.8760005633
5329.431832 1.87497933706
5336.69275 1.87719106674
5343.753375 1.87545196215
5350.893037 1.88518603643
5357.990671 1.88042434057
5358.012709 9999
5365.122586 1.87637837728
5365.337304 9999
5372.450394 1.879813989
5379.573046 1.87467225393
5386.700396 1.8811202844
5393.854515 1.88299131393
5400.928585 1.87399808566
5408.208695 1.87535921733
5415.343827 1.88525803884
5415.360482 9999
5422.467516 1.87847940127
5429.581442 1.88721934954
5436.66529 1.87543344498
5436.902383 9999
5443.994773 1.87633236249
5451.107558 1.87952129046
5458.190067 1.87868603071
5458.206654 9999
5465.320231 1.8825729688
5472.386598 1.87720266978
5479.659419 1.87995831172
5486.748953 1.87500723203
5493.921409 1.88772130013
5501.076016 1.8879652818
5508.196607 1.88707431157
5515.494752 1.87695304553
5522.577635 1.8830974102
5529.719478 1.87637170156
5536.825037 1.87553215027
5543.941199 1.88519962629
5551.317476 1.87534578641
5558.398283 1.87921222051
5565.469244 1.88088234266
5572.634537 1.88939301173
5572.664148 9999
5579.765095 1.87572630246
5587.004368 1.87680363655
5594.102749 1.87796672185
5601.211896 1.87374862035
5608.306275 1.87270538012
5615.415175 1.87873371442
5622.729627 1.88204900424
5629.843705 1.87426074346
5636.946273 1.87365237872
5644.016861 1.87673401833
5651.116286 1.87555106481
5658.448542 1.8875896136
5665.513326 1.8817606767
5665.562864 9999
5672.663072 1.87692395846
5679.775264 1.8782257239
5686.897563 1.88613875707
5694.162936 1.87406603495
5701.277639 1.88079063098
5708.367154 1.87695233027
5715.47042 1.8774720033
5722.609729 1.88353069623
5729.871722 1.88479963938
5736.973825 1.87864629428
5744.075433 1.87811803818
5744.091585 9999
5751.152438 1.87451640765
5758.298622 1.88142530123
5765.645525 1.87589232127
5772.76513 1.88046558698
5779.819206 1.87587706248
5786.908711 1.88007362684
5793.979639 1.87332932154
5801.237251 1.87337001165
5808.348427 1.88574274381
5808.378089 9999
5815.47937 1.87927532196
5822.59687 1.88391923904
5825.8956 0.620747725169
5833.266658 1.88204828898
5840.33258 1.87644529343
5847.410719 1.88377539317
5854.526992 1.89289633433
5861.822447 1.88585233688
5869.060579 1.87518469493
5876.151287 1.87897165616
5883.276264 1.87476730347
5890.413525 1.89011859894
5897.503645 1.88481108348
5904.739082 1.88091437022
5911.815769 1.87747701009
5911.832084 9999
5918.880956 1.87415369352
5925.956287 1.87921126684
5933.076965 1.88014260928
5940.375923 1.87626298269
5947.480178 1.87687166532
5954.628738 1.87669563293
5961.733172 1.87648828824
5968.811383 1.87987041473
5969.047354 9999
5976.153366 1.87754464149
5983.257354 1.87507573764
5990.306326 1.87680101395
5997.413746 1.87625169754
6004.496321 1.88225237528
6011.797614 1.88114468257
6018.923726 1.87920244535
6025.995177 1.87578503291
6033.075659 1.88091063499
6040.145277 1.87958598137
6047.477279 1.88491066297
6054.531088 1.87485543887
6061.589304 1.88132063548
6068.641345 1.87515974045
6075.741964 1.87958129247
6083.045286 1.88762338956
6090.169333 1.87935296694
6097.267537 1.88144699732
6104.373615 1.87820267677
6111.480891 1.88009691238
6118.807272 1.88494300842
6125.870363 1.88042823474
6132.979327 1.87709363302
6140.088659 1.87805493673
6147.194076 1.88531494141
6147.358495 9999
6154.444698 1.88020070394
6161.545849 1.88616331418
6168.637573 1.87705230713
6175.714755 1.88551497459
6182.824786 1.88389706612
6190.153636 1.88469966253
6197.263102 1.87964137395
6204.385577 1.89236966769
6211.469322 1.88880825043
6218.522983 1.87799366315
6218.752985 9999
6225.853652 1.87445338567
6232.957108 1.88666836421
6240.040518 1.87613900503
6247.141325 1.8834520181
6247.169932 9999
6254.275706 1.87989695867
6254.460965 9999
6261.561349 1.88344120979
6268.681161 1.88226302465
6275.787819 1.8758773009
6282.956156 1.88326040904
6289.995566 1.87498998642
6297.285066 1.87732593218
6304.35869 1.88146106402
6311.503686 1.88800223668
6318.651683 1.88708202044
6325.720184 1.87697076797
6333.006275 1.87663499514
6340.148782 1.88255135218
6347.282184 1.88415932655
6354.354307 1.87546459834
6354.383268 9999
6361.496525 1.88105074565
6368.787874 1.87410672506
6375.893162 1.87596972783
6383.010436 1.87200506528
6390.182086 1.88921165466
6397.330381 1.89203198751
6404.636939 1.88300498327
6411.74543 1.87786436081
6418.871818 1.88932498296
6426.002107 1.88660136859
6433.11788 1.88169765472
6435.351977 0.182537078857
6442.516454 1.89801271756
6449.632699 1.88027628263
6449.663245 9999
6456.734576 1.875329415
6463.870391 1.88956173261
6471.18088 1.88047941526
6478.266912 1.87823375066
6485.393361 1.89200258255
6492.487305 1.88172570864
6499.638442 1.88622570038
6506.966278 1.88802369436
6514.093897 1.87856968244
6521.164477 1.87698864937
6528.306519 1.88843901952
6528.331853 9999
6535.395332 1.87573297819
6542.670016 1.88666542371
6542.70535 9999
6549.76924 1.87910095851
6556.892478 1.88590192795
6564.040816 1.88911096255
6571.164338 1.88351400693
6578.463337 1.88705539703
6585.538506 1.87447539965
6592.656414 1.88205631574
6599.736786 1.87357036273
6606.792887 1.87518366178
6614.119113 1.88466238976
6621.201423 1.88614829381
6628.273016 1.88058861097
6635.38344 1.89155371984
6640.620804 1.24609923363
6647.871615 1.87943299611
6647.90819 9999
6654.959918 1.87494866053
6662.092091 1.88937671979
6669.189393 1.87856491407
6669.208206 9999
6676.267715 1.8737086455
6683.529523 1.87517825762
6690.633564 1.88552800814
6697.773649 1.88320835431
6704.906748 1.87986803055
6712.064605 1.88243929545
6719.396741 1.88713908195
6726.487311 1.87382237116
6733.563651 1.87528300285
6740.718833 1.8879199028
6747.789251 1.88196523984
6755.063112 1.87734794617
6762.17155 1.88203501701
6769.30474 1.88899199168
6776.44871 1.88623404503
6783.54172 1.87898731232
6791.132322 1.88234965007
6798.254969 1.87595931689
6805.323839 1.8848443826
6812.47439 1.88748439153
6819.605131 1.881832997
6826.9385 1.87966100375
6834.050622 1.87787302335
6841.150756 1.88166093826
6848.318855 1.89289267858
6855.444191 1.87907322248
6862.705686 1.87854464849
6869.804639 1.87494659424
6876.870779 1.8775343895
6876.895107 9999
6883.995493 1.87647636731
6891.122334 1.88471968969
6898.387436 1.87634126345
6905.501769 1.8906900088
6912.555149 1.87547429403
6919.660419 1.88273604711
6926.763377 1.87900241216
6934.028466 1.87702131271
6941.143492 1.87625964483
6948.288958 1.88814496994
6955.430412 1.88013569514
6962.571228 1.88809871674
6969.85514 1.87921627363
6976.965564 1.88698967298
6984.09326 1.88833999634
6991.178652 1.88302699725
6998.284432 1.88428290685
7005.597767 1.87812066078
7012.732412 1.88125801086
7019.837037 1.88456432025
7026.955622 1.87837696075
7026.974858 9999
7034.058591 1.87616459529
7041.46114 1.88545894623
7048.573477 1.88696130117
7055.819286 1.89392868678
7062.893063 1.8824643294
7069.957338 1.87470436096
7077.2593 1.87892405192
7084.3798 1.88200036685
7091.488961 1.88095458349
7098.63029 1.88179461161
7105.750716 1.88346425692
7113.041716 1.88213435809
7120.135548 1.89186835289
7127.261213 1.88064893087
7134.42191 1.88740229607
7141.6651 1.87641620636
7148.956101 1.88071640333
7156.072499 1.88737932841
7163.182007 1.87921293577
7170.281431 1.88186534246
7177.378611 1.87762967745
7184.666024 1.87525995572
7184.699947 9999
7191.799783 1.88031721115
7198.899168 1.87723374367
7205.999016 1.88433631261
