9.764551 7.76800203323
19.533867 7.6703081131
29.251935 7.6077170372
39.277279 9999.0
49.444833 7.92852711678
59.895103 8.31969499588
69.659243 7.63971185684
79.5349 7.646723032
89.979801 8.30600500107
99.734208 7.626527071
109.943209 8.10402798653
119.534486 7.34796094894
129.124867 7.48839092255
138.750125 7.45733118057
148.303245 7.39699983597
158.177935 7.61646509171
168.519762 8.1368560791
178.938717 8.38284492493
189.493988 8.30577802658
200.130876 8.49870204926
209.968217 7.70218992233
219.917342 7.68390703201
229.765946 7.71348214149
239.63044 9999
249.316359 7.55738091469
259.63464 8.06296396255
269.5939 7.79591608047
279.375415 7.68208003044
289.598785 8.08487582207
299.076805 7.22358703613
309.282957 8.08203315735
319.219009 7.81269598007
329.335608 7.98889899254
339.521159 7.96304106712
350.386713 8.73353481293
360.044129 9999.0
370.448548 8.17478299141
379.837592 7.27290487289
389.251455 7.28808403015
399.26977 7.89006900787
409.138803 7.61529016495
419.013056 7.73360204697
429.453839 8.30800008774
439.150715 9999
449.01004 9999
458.96947 7.85980677605
468.914285 7.82202601433
479.4104 8.1345000267
488.809357 7.25638484955
499.212548 8.27556705475
509.310628 7.85546994209
518.702575 7.24638915062
529.648639 8.82510590553
540.025814 8.20392107964
550.145284 9999
560.473805 8.19105410576
571.041782 8.33952689171
580.592116 7.40374994278
590.780823 8.07434511185
600.74233 7.70265102386
610.558559 7.70132112503
619.918133 7.23313903809
630.319522 8.29999709129
640.422759 7.84386491776
650.371109 7.83266496658
660.762226 8.2655711174
670.719348 9999
680.380371 7.54268193245
690.288551 7.78366398811
699.839321 7.42345690727
709.957978 9999
719.827914 7.74127006531
729.290037 7.34678816795
739.050409 9999.0
749.465712 8.14622998238
759.142343 7.55267190933
769.369587 8.09950685501
779.262636 7.62692594528
789.0166 9999
799.741373 8.60018610954
809.268191 7.26470184326
819.089946 7.71947383881
829.160093 7.92988586426
838.814162 7.48534798622
848.729612 7.68351387978
859.034764 8.19210195541
869.273232 9999.0
878.550532 7.06311798096
888.730041 8.05950403214
898.558816 7.71793103218
908.367982 7.70836520195
918.727202 8.14251804352
928.987768 8.13118195534
938.627762 7.47509884834
948.531266 7.64775180817
958.882278 8.23285794258
969.057159 8.05779600143
978.980466 7.65628194809
989.341254 8.24094891548
999.918287 8.44828486443
1009.898474 7.7608320713
1019.629046 7.61996006966
1029.168045 9999
1038.854472 9999.0
1049.212075 8.14869308472
1059.018031 9999
1068.760658 7.6378569603
1078.650974 7.79663491249
1089.066211 8.17727613449
1098.895518 7.70237398148
1108.87049 7.86334705353
1119.113184 7.99362802505
1129.057891 7.79439401627
1139.084881 7.90001392365
1149.4539 8.1197988987
1160.08114 8.49652695656
1169.943772 9999.0
1179.774617 7.5988509655
1189.624985 7.71414113045
1199.850287 8.11749696732
1210.212909 9999.0
1220.201024 7.74416399002
1230.115012 7.77846908569
1239.909809 7.66905617714
1250.248307 8.23908495903
1260.044097 7.52534580231
1270.785916 8.60620999336
1281.109663 8.20358586311
1291.318093 7.97056388855
1300.794588 9999
1311.025702 8.10378694534
1320.783475 7.63441801071
1330.948088 7.91879606247
1340.839782 7.78415203094
1351.01893 8.05679416656
1361.588652 8.33627390862
1371.420435 7.71723484993
1380.86408 7.34288191795
1390.443256 7.49575018883
1400.37999 7.70338010788
1410.260363 7.74328684807
1420.353846 7.9800760746
1430.116989 7.64397001266
1440.00555 7.65901207924
1449.947883 7.81300902367
1459.355168 9999
1469.12384 7.63144779205
1479.629585 8.25705599785
1489.231286 7.55268597603
1499.388941 8.03109693527
1509.349071 7.6944539547
1518.761168 7.29749798775
1528.64444 7.77572202682
1538.391044 9999.0
1549.064228 8.4226000309
1559.259837 8.07647705078
1568.970859 9999.0
1579.587134 8.40551710129
1590.401751 9999
1599.753323 7.22178196907
1609.434747 7.43607997894
1619.234113 7.68072414398
1628.721457 7.38218593597
1638.481374 7.60364103317
1648.885195 8.19817996025
1659.052452 8.02220487595
1668.770784 7.59002995491
1679.079167 8.05192279816
1689.011846 9999
1699.388645 8.2452018261
1709.324067 7.64909911156
1719.351518 7.8902361393
1729.456009 7.98543715477
1740.06629 8.44871306419
1750.999792 8.64545106888
1760.800846 7.67627906799
1770.522454 9999.0
1780.168593 9999
1790.295997 8.00325512886
1799.666766 7.24086785316
1809.467501 9999.0
1819.255513 7.54532194138
1828.622955 7.24795818329
1839.077906 8.33171820641
1849.2 7.98637390137
1858.615071 7.22903513908
1868.785762 8.04952311516
1878.9046 9999
1888.81994 7.7893640995
1898.34842 7.280356884
1908.180193 7.70501899719
1917.845178 7.52779507637
1928.365954 8.36032414436
1938.160147 7.56374907494
1947.956148 7.67698192596
1958.572388 9999.0
1968.453948 7.60044980049
1977.932727 7.33102703094
1988.093123 8.03222608566
1997.986055 7.76942586899
2008.052036 9999
2017.665936 7.49269104004
2027.516543 7.72971892357
2037.13016 7.48077917099
2047.405537 8.03580999374
2057.664149 8.09754490852
2067.421171 7.63515591621
2077.564032 7.90782690048
2087.506084 7.80324602127
2097.464449 7.85761499405
2107.85289 8.25477194786
2118.500901 8.47770595551
2128.317072 7.71372389793
2137.780919 7.3445019722
2147.58392 7.67858195305
2157.530451 7.70195913315
2167.402683 7.73905301094
2177.838347 8.31164383888
2187.632153 9999
2197.524129 7.76010894775
2207.844242 8.18741893768
2217.692091 7.73233485222
2228.048431 8.11347198486
2237.80346 7.63307213783
2247.902907 7.97493696213
2257.767147 7.59478998184
2267.895443 8.00395607948
2277.72534 7.69380116463
2287.976382 8.12076807022
2297.624941 7.38279891014
2307.777147 8.03592896461
2317.606546 9999
2328.185442 9999.0
2337.733277 7.28209090233
2347.612089 7.72727608681
2357.506724 7.76647186279
2367.368886 9999.0
2377.026282 7.39401483536
2387.643459 8.45085597038
2397.833018 8.0372800827
2407.875456 7.79386305809
2418.631383 8.62667703629
2428.850751 8.09805083275
2438.712253 7.60028791428
2448.555272 7.70947313309
2458.466197 7.77138900757
2468.544143 7.94730997086
2478.414717 7.62978792191
2488.817114 8.27684402466
2498.713944 7.75098395348
2508.807792 7.84625196457
2518.746333 7.80824685097
2528.601254 7.69193410873
2538.717685 9999.0
2548.626121 7.66219902039
2558.549552 9999
2568.364936 7.72270798683
2578.285397 9999.0
2588.224809 9999
2598.32139 7.9839360714
2608.006576 7.56096291542
2618.198241 9999.0
2628.36668 7.91587281227
2639.179476 8.65773487091
2648.898957 7.61550998688
2659.430757 9999
2669.260441 7.70008397102
2678.69298 7.28192400932
2688.742123 7.97362518311
2698.642434 7.61418294907
2708.523095 7.75722885132
2719.021106 8.36405491829
2728.725401 7.45371198654
2738.511104 7.67633795738
2747.872747 7.2347650528
2757.870295 7.83733892441
2767.620856 7.50916790962
2777.804767 8.06269907951
2787.954113 8.01460981369
2797.950349 7.70136713982
2808.199119 8.11868095398
2818.496504 8.14883589745
2828.493903 7.71229600906
2838.971372 8.36198496819
2848.899973 9999.0
2859.101313 7.95653390884
2869.508607 8.2810280323
2879.294013 7.63191103935
2889.629258 8.09281110764
2900.249642 8.51166796684
2910.196346 7.80652189255
2919.939842 7.47538685799
2929.70671 7.62258291245
2939.795902 7.95146298409
2950.384818 8.46500611305
2960.503142 7.85993504524
2970.789153 8.13938689232
2980.746202 7.79898309708
2990.84952 7.82444405556
3000.655085 7.68065190315
3010.067778 7.26842308044
3020.106935 9999.0
3030.490893 8.14411687851
3040.04985 7.42121481895
3049.482062 7.29883790016
3059.320134 7.70007896423
3069.267824 7.69123888016
3079.34591 7.93375492096
3089.319121 7.82593798637
3099.538793 8.0653181076
3109.277533 7.43049907684
3119.584901 8.13101696968
3129.590355 7.87068891525
3138.888479 7.14662694931
3148.968638 7.81141996384
3158.881231 9999
3168.371163 7.3722910881
3178.250689 7.76010894775
3188.426422 9999
3198.608038 8.0300488472
3208.845606 8.09669589996
3219.089224 7.99310708046
3228.486552 7.24606800079
3238.265214 7.65235686302
3247.6413 7.25610613823
3257.561428 9999
3267.390761 7.70060110092
3277.063916 7.558770895
3287.166558 7.95588302612
3297.185402 9999
3308.199683 8.87321996689
3318.426719 8.11791586876
3329.112141 8.39208197594
3339.593825 9999
3349.786871 9999.0
3359.269398 7.17486906052
3369.011377 7.63415002823
3378.892818 7.72999715805
3388.519274 7.47178721428
3398.483104 7.70283293724
3409.072226 9999
3418.496197 7.29668807983
3427.948219 7.31161618233
3437.784445 7.62980699539
3447.56893 7.60527610779
3457.641645 7.90732383728
3467.897876 8.12420010567
3478.178077 7.9782910347
3488.93243 9999
3498.379915 7.31580400467
3508.359102 7.67329406738
3518.955836 8.47543787956
3528.873142 7.76493382454
3538.916899 7.82226991653
3548.670401 7.6370100975
3559.214012 8.41217398643
3569.377103 7.87996196747
3579.533794 8.06241202354
3589.677831 8.01979088783
3599.526608 7.58840608597
3609.591378 7.95415496826
