31.994466 9.77268441518
64.131894 9.83288367589
96.170549 9.81252829234
128.42549 9.85972070694
160.529326 9.80364608765
197.920813 11.5721453826
230.125273 9.8534163634
262.314416 9.84436972936
269.002261 1.34120766322
275.505742 1.31392033895
282.096596 1.34271963437
314.165136 9.84293333689
346.303516 9.83454871178
378.50691 9.84037407239
410.644641 9.83864108721
442.699544 9.81567001343
474.954808 9.85842291514
507.158739 9.84491125743
539.313637 9.84890460968
545.917695 1.33256467183
552.587898 1.34083302816
584.660143 9.84471599261
591.347574 1.3454682827
597.902403 1.34210213025
630.006831 9.83583927155
636.644821 1.33519538244
668.76477 9.84000460307
675.386123 1.32757894198
707.507331 9.8599896431
739.762794 9.82013265292
777.203546 11.5795871417
783.941585 1.35098441442
821.249216 11.5947067738
853.404151 9.81259067853
885.674929 9.8524166743
892.396703 1.33723203341
924.567077 9.86624495188
956.871632 9.86644093196
963.510553 1.33142542839
995.613934 9.85783871015
1027.751703 9.83653028806
1060.074402 9.8703974088
1092.36223 9.83497794469
1124.599562 9.8606830438
1131.387071 1.3676246802
1168.779014 11.6059036255
1200.983268 9.82834831874
1207.703839 1.34256927172
1240.042082 9.92889968554
1272.280682 9.86608099937
1279.084334 1.3478984038
1311.205527 9.83194899559
1317.910213 1.34076762199
1324.398136 1.32614517212
1356.552125 9.8517780304
1363.257186 1.35158236821
1400.581514 11.5802613099
1432.852489 9.84820373853
1439.541466 1.33995270729
1471.695936 9.84743436178
1478.45063 1.3414170742
1510.587887 9.85312302907
1517.275533 1.34126226107
1524.030168 1.34448933601
1530.618321 1.34072160721
1562.822318 9.86884395281
1595.22769 9.90668431918
1602.098688 1.37524827321
1608.669384 1.33702365557
1615.2419 1.35451165835
1621.844506 1.35259270668
1628.499635 1.35354129473
1635.170444 1.33662255605
1641.794859 1.34904170036
1673.813717 9.84207137426
1706.000402 9.84051934878
1712.755235 1.35798478127
1719.37549 1.35826396942
1751.514045 9.85622461637
1783.851202 9.86072500547
1790.739216 1.36881534259
1797.327636 1.33771634102
1803.89853 1.33858394623
1810.469674 1.35144233704
1842.527421 9.8302210172
1849.244885 1.33857297897
1855.849538 1.35323301951
1862.404128 1.32785105705
1869.008389 1.34645827611
1901.162517 9.87407930692
1907.916794 1.3322250843
1945.108393 11.5650073687
1977.329313 9.83541035652
2009.551876 9.86241531372
2047.159354 11.6017300288
2272.174215 74.1101667086
2278.979218 1.35502926509
2310.950008 9.82769203186
2343.188144 9.84559090932
2349.979275 1.35137073199
2356.479648 1.32589729627
2388.567793 9.85493938128
2420.805752 9.83186976115
2427.576489 1.34051299095
2434.198733 1.35389900208
2440.769028 1.33131535848
2447.373632 1.35215099653
2479.478558 9.85085463524
2511.716473 9.85107636452
2518.537406 1.3577533563
2525.041721 1.33682306608
2531.596768 1.33822361628
2563.749882 9.86563825607
2570.554827 1.34598962466
2607.829453 11.5735689799
2614.551525 1.34561363856
2646.705942 9.8631652991
2678.959808 9.83389019966
2685.697276 1.33549062411
2717.785255 9.83822004
2724.589611 1.33481780688
2756.660839 9.82080157598
2763.566205 1.34862128894
2988.550588 74.1202816963
3026.175342 11.6115570863
3032.944212 1.35051194827
3065.132458 9.85635296504
3071.836466 1.3541422685
3109.210724 11.6009883086
3115.999058 1.35938175519
3148.020505 9.83193031947
3154.774016 1.35161932309
3186.911954 9.86574498812
3193.783892 1.32438055674
3200.390086 1.34905457497
3232.49384 9.84686700503
3264.796821 9.85736838977
3271.601494 1.33079767227
3278.30598 1.35758503278
3310.527244 9.88651792208
3317.251626 1.33047095935
3323.885944 1.34987958272
3356.140089 9.90164287885
3362.945428 1.35791436831
3369.515825 1.32314268748
3401.754017 9.91488472621
3408.425844 1.33040062586
3414.928944 1.3265153567
3452.257111 11.5809326967
3459.025428 1.36212563515
3492.481107 10.2920309703
3499.235576 1.34336964289
3531.473914 9.87499205271
3563.778923 9.8578016758
3570.565234 1.33990565936
3602.753278 9.84898861249
