7.538453 1.97441562017
14.985846 1.98327072461
22.430837 1.97098875046
29.83604 1.97513771057
33.339589 9999.0
40.936586 1.97691035271
44.466371 9999
52.151049 1.97593665123
59.582235 1.97885068258
63.090149 9999
66.676419 9999.0
74.252688 1.97298804919
81.633812 1.97143602371
89.16295 1.996494929
92.7267 9999
100.126129 1.97302730878
107.683356 1.97217869759
115.097561 1.97581736247
122.489998 1.96872361501
129.879336 1.9785147508
137.266011 1.96896068255
140.96396 9999
148.380098 1.98047161102
155.843288 1.9928103288
163.297737 1.98474431038
170.732947 1.98330330849
178.330967 1.97915927569
185.779327 1.98441871007
193.212523 1.97808138529
200.588544 1.97505203883
207.953508 1.9705739816
215.526725 1.97775499026
222.956708 1.97152066231
230.378607 1.97728808721
237.784427 1.98495062192
245.225559 1.98562089602
252.840016 1.9731760025
256.393402 9999
263.801716 1.97584994634
271.238981 1.98146732648
274.786808 9999
282.221475 1.974807024
289.75189 1.96944936117
297.301614 1.98429727554
304.679312 1.97525755564
308.211571 9999
315.634128 1.98330394427
323.216674 1.97124226888
326.793385 9999
330.304129 9999
337.741819 1.9926156203
345.145333 1.96860734622
352.56106 1.98049441973
360.131319 1.98177131017
363.667108 9999
367.1885 9999
374.623515 1.97493934631
381.994485 1.97332572937
389.436787 1.98145429293
397.047234 1.9867503643
404.487383 1.97970803579
411.933562 1.98156571388
419.343017 1.97476538022
426.735344 1.97944394747
434.325834 1.97899127007
441.709236 1.97267635663
449.147469 1.97277736664
456.599427 1.9730776151
464.01694 1.97893643379
467.715268 9999
475.11476 1.97993707657
482.508983 1.96700501442
489.927515 1.98075604439
497.302598 1.97302468618
504.90577 1.98672191302
508.431063 9999
511.956786 9999
519.378298 1.97846865654
526.801139 1.98153630892
534.239153 1.98083662987
537.958997 9999
545.364416 1.97507826487
552.774384 1.97080167135
560.227024 1.97112576167
567.58749 1.97026499112
575.113479 1.97832306226
578.625157 9999
582.208254 9999
589.619407 1.97825137774
597.064866 1.99034667015
604.429419 1.97474900881
611.958811 1.97135535876
615.471659 9999
619.000502 9999
626.405304 1.97660732269
633.799725 1.97330506643
637.298734 9999.0
644.924267 1.96957739194
652.359134 1.98830127716
655.882666 9999
663.241316 1.9703865846
670.660415 1.97075756391
678.237649 1.97248331706
681.747321 9999
689.221738 1.97610505422
696.611018 1.97656925519
703.990389 1.97994828224
707.687496 9999
715.082575 1.97536428769
722.447317 1.97422536214
729.88497 1.98150928815
737.309643 1.97438073158
744.912946 1.98165806135
752.354831 1.97685265541
759.773662 1.98160036405
767.225909 1.98231641452
774.643863 1.97839268049
782.272846 1.98599640528
789.649091 1.97636969884
797.065476 1.9819662571
800.553899 9999
807.979879 1.98528774579
811.825848 9999
815.354349 9999
822.755085 1.97149864833
830.198779 1.98608263334
837.589153 1.9732597669
844.978741 1.97601636251
852.514228 1.98012932142
859.948428 1.97516608238
867.315918 1.97268644969
874.695934 1.97782421112
882.083561 1.97268970807
889.640702 1.97098390261
897.067478 1.9849969546
904.437552 1.96827602386
911.814566 1.97455231349
915.34742 9999.0
923.010872 1.99200725555
930.410361 1.97217059135
937.80969 1.97975413005
945.201708 1.97709528605
952.588053 1.9776263237
960.139453 1.97724970182
967.547052 1.97221867243
975.05476 1.97612603505
982.440606 1.98228740692
985.961974 9999.0
993.575208 1.98059105873
1000.996156 1.97724040349
1008.402293 1.97239971161
1015.774239 1.96839165688
1023.187406 1.97874530156
1030.81316 1.98364337285
1038.219034 1.97724628448
1045.61362 1.9698437055
1053.013195 1.97173031171
1060.472112 1.99310739835
1068.014818 1.96914537748
1075.442309 1.97326898575
1082.845571 1.97131768862
1090.240672 1.97677588463
1093.769036 9999.0
1101.367092 1.97464060783
1108.80045 1.97403844198
1116.245848 1.98597931862
1123.686223 1.97602327665
1127.242261 9999.0
1134.761984 1.97056865692
1142.151268 1.97730835279
1145.691704 9999
1153.129393 1.97772272428
1160.544007 1.98782491684
1168.15265 1.99053263664
1175.546929 1.98041733106
1179.086775 9999
1186.469426 1.97919297218
1193.922484 1.98451542854
1197.600552 9999
1205.048919 1.97682738304
1212.555458 1.99474835396
1219.981733 1.99229764938
1223.500871 9999
1227.035539 9999.0
1234.609811 1.97231960297
1238.123551 9999
1245.502631 1.97832576434
1249.047228 9999
1256.475017 1.98057969411
1263.876946 1.97250461578
1271.543615 1.98624825478
1278.982962 1.9838488102
1286.423174 1.97907892863
1293.842779 1.97263471286
1301.229437 1.97199996312
1308.780403 1.97303803762
1312.327272 9999
1319.771799 1.982640028
1323.326163 9999
1330.741376 1.97432573636
1338.132015 1.97861202558
1341.803976 9999
1345.358451 9999
1348.907637 9999
1356.266433 1.97113577525
1363.695813 1.9814693133
1371.115608 1.97638924917
1378.670324 1.97145994504
1382.211499 9999
1389.657472 1.97927625974
1397.070932 1.98712261518
1404.498631 1.97439535459
1412.127971 1.98343801498
1419.516926 1.97451925278
1423.060873 9999
1430.429071 1.96935868263
1433.925153 9999
1441.335671 1.9779103597
1448.915473 1.97313729922
1456.313592 1.97003134092
1459.866599 9999
1467.296424 1.97023105621
1474.704079 1.9738193353
1478.389656 9999
1485.821641 1.99290299416
1493.226936 1.97447435061
1500.719798 1.99290601412
1508.123712 1.97197445234
1515.674875 1.97072227796
1523.084339 1.97098708153
1530.479845 1.97773067156
1534.010901 9999
1541.385388 1.97189569473
1549.028681 1.99280834198
1556.468156 1.97056142489
1559.972124 9999
1567.390255 1.97939753532
1574.841692 1.98521097501
1582.442347 1.98134994507
1589.869402 1.97818771998
1593.41088 9999
1600.836656 1.97784399986
1608.260484 1.97601326307
1611.947421 9999
1615.472635 9999
1622.896922 1.97483261426
1630.276883 1.97525397937
1637.688453 1.97564864159
1645.092523 1.97702097893
1652.691803 1.97746133804
1660.105595 1.97850131989
1663.653384 9999
1671.012153 1.9691371123
1678.37724 1.97031966845
1682.107344 9999
1689.491528 1.9777320226
1696.931573 1.97786808014
1700.470265 9999
1707.874017 1.97059567769
1715.304778 1.98082462947
1722.842291 1.96913965543
1730.236277 1.97978997231
1733.82349 9999
1741.259863 1.9830233256
1748.659551 1.97081406911
1756.248378 1.97915498416
1763.664155 1.97328837713
1771.062384 1.96763539314
1778.447194 1.97147870064
1782.036943 9999.0
1789.620279 1.96907599767
1797.072583 1.97926656405
1804.498633 1.97588936488
1811.929898 1.97355063756
1819.355208 1.98219037056
1826.893702 1.97517625491
1834.282928 1.97811961174
1837.780339 9999
1845.235587 1.98113465309
1852.643025 1.98252558708
1860.196374 1.97553594907
1863.703486 9999
1871.081175 1.97843996684
1878.473317 1.98148369789
1885.87412 1.98042829831
1893.478629 1.9899965922
1900.863924 1.97314103444
1908.263109 1.97588968277
1915.698434 1.9744430383
1923.171074 1.96999780337
1930.766421 1.97863038381
1938.163627 1.97554723422
1941.713422 9999
1949.090644 1.97498043378
1956.488074 1.97032833099
1960.223943 9999
1967.604395 1.97342435519
1975.009819 1.96978569031
1982.436359 1.97777732213
1985.938478 9999
1993.310352 1.96902267138
2000.811808 1.97072108587
2008.229704 1.97410829862
2015.656909 1.9779513677
2023.077843 1.9750196139
2026.592032 9999.0
2034.125333 1.97595961889
2037.649287 9999
2045.071551 1.97630270322
2052.501878 1.97698807716
2056.048055 9999
2063.471141 1.97648962339
2071.028786 1.9768002828
2078.427753 1.97892705599
2085.89895 1.98114728928
2093.31284 1.97572096189
2100.717701 1.98073967298
2104.458503 9999
2111.901735 1.97652610143
2115.434372 9999
2122.845805 1.96905477842
2126.390722 9999
2129.95425 9999
2137.375284 1.98064931234
2144.964008 1.97799523671
2152.349042 1.97982025146
2155.896273 9999
2163.307164 1.97298463186
2170.744888 1.97035741806
2174.413142 9999
2181.795344 1.97493664424
2189.199915 1.9698108832
2196.617475 1.97076773643
2204.069499 1.97797099749
2211.598146 1.97639369965
2215.145768 9999
2218.691421 9999
2226.134893 1.9769299825
2233.539965 1.97019505501
2240.942848 1.97309335073
2248.535321 1.97358600299
2255.971159 1.97835946083
2263.367646 1.97237499555
2270.744291 1.97113402685
2278.213322 1.98014799754
2285.798878 1.97796940804
2293.252011 1.97908226649
2300.629593 1.97128661474
2308.05071 1.97388497988
2315.478882 1.97386487325
2323.043724 1.97789899508
2330.415132 1.97350263596
2337.879295 1.98892776171
2345.293365 1.9765329361
2352.683848 1.97240535418
2360.218118 1.96926633517
2367.647102 1.97639695803
2371.164379 9999
2374.705187 9999
2382.155059 1.98890630404
2389.611452 1.98685654004
2397.250701 1.97991037369
2404.633045 1.96766599019
2412.03899 1.98262826602
2419.472134 1.98116159439
2423.039678 9999.0
2430.606136 1.98400767644
2434.144025 9999
2441.520509 1.97365029653
2448.895176 1.97473239899
2456.336688 1.97516560555
2463.948123 1.98055108388
2471.393851 1.98166124026
2478.833521 1.9867802461
2486.290952 1.98939434687
2493.694913 1.97922007243
2497.399777 9999
2504.837179 1.97974602381
2512.25382 1.97649431229
2519.745526 1.98881642024
2527.178362 1.97055244446
2534.728925 1.9706799984
2542.139116 1.9686867396
2549.525904 1.97358465195
2556.926427 1.97841691971
2564.369338 1.99315102895
2571.901869 1.9733013312
2579.29919 1.97862633069
2586.65088 1.96698260307
2594.058652 1.97451647123
2601.48043 1.98066703478
2609.038105 1.97963571548
2616.445558 1.97326723735
2619.966124 9999
2627.365509 1.97717118263
2634.791845 1.97689668338
2642.367432 1.97490874926
2649.757888 1.97639767329
2653.31307 9999
2660.716075 1.97484000524
2668.141372 1.97367064158
2675.655362 1.97028168043
2683.034682 1.97299607595
2690.405617 1.97632598877
2697.81491 1.97197429339
2705.258142 1.97443024317
2712.815122 1.97597535451
2720.255547 1.98390563329
2727.646312 1.97499759992
2735.069077 1.97200258573
2738.590844 9999.0
2746.156679 1.98045261701
2749.65815 9999
2757.082784 1.98163127899
2764.437321 1.96883368492
2771.820316 1.97405791283
2779.405239 1.97246996562
2782.940605 9999
2790.362826 1.98395029704
2793.856437 9999
2801.256105 1.97697369258
2808.670679 1.97282592456
2816.206451 1.97102340062
2823.64659 1.97740626335
2831.060217 1.98565189044
2838.456713 1.97126372655
2845.848367 1.97311623891
2853.397704 1.9753057162
2860.827306 1.98127404849
2868.240724 1.97258202235
2871.747968 9999
2879.176049 1.98329559962
2886.791037 1.97701064746
2894.225673 1.97428607941
2901.590362 1.97171894709
2908.970655 1.97763895988
2916.399593 1.97736493746
2923.94762 1.97637764613
2931.396843 1.98460865021
2938.802174 1.96985443433
2946.199694 1.97735730807
2953.614307 1.97523069382
2957.315026 9999
2964.757694 1.98034262657
2968.338589 9999
2975.775382 1.97869435946
2983.209596 1.97122828166
2990.594866 1.98129502932
2998.147993 1.9826426506
3005.576225 1.97622434298
3012.951043 1.97243467967
3020.362916 1.97183434168
3027.79406 1.97892904282
3035.364646 1.97681466738
3042.76841 1.97641158104
3050.211379 1.98799037933
3057.662339 1.9785703818
3065.076534 1.9717549483
3072.597046 1.97177672386
3080.015744 1.9767443339
3083.558903 9999
3087.061752 9999
3094.51412 1.97894136111
3101.911142 1.98122040431
3109.468867 1.97439066569
3116.848488 1.9716026783
3124.272169 1.9783856074
3127.798962 9999
3135.197593 1.97041233381
3142.754212 1.97235798836
3150.169016 1.97061340014
3153.705853 9999
3161.105508 1.97664093971
3168.507225 1.97524031003
3176.117426 1.97173412641
3183.531956 1.9752822717
3190.958795 1.97558641434
3198.363571 1.98133230209
3205.783423 1.98210565249
3213.355774 1.98504567146
3220.781382 1.98705379168
3224.309185 9999
3231.69104 1.97546362877
3239.069883 1.96952438354
3242.751455 9999
3250.164058 1.97564570109
3253.671252 9999
3261.049654 1.97227931023
3268.43131 1.97516504924
3275.87682 1.98712865512
3283.443281 1.97808337212
3286.989113 9999
3294.408207 1.98349634806
3301.875197 1.99076970418
3305.404728 9999
3312.802608 1.97629094124
3320.390294 1.97467803955
3327.774867 1.9743976593
3335.19562 1.97775936127
3342.617984 1.97464760145
3350.056801 1.98983796438
3357.569315 1.97453697522
3364.992578 1.97861369451
3372.415552 1.97345201174
3379.812261 1.97908433278
3383.375697 9999.0
3390.944809 1.97642532984
3398.366134 1.98770308495
3405.802156 1.97844195366
3413.233642 1.9724436601
3420.636159 1.97146129608
3428.208855 1.97922460238
3435.570152 1.97436833382
3442.935084 1.96854408582
3446.435161 9999
3453.831413 1.97013370196
3461.480554 1.98123129209
3468.893492 1.9733739694
3476.343615 1.97557973862
3483.734466 1.97439066569
3491.116437 1.97730104129
3498.701222 1.97001830737
3506.096178 1.98073705037
3513.507645 1.97736978531
3520.937196 1.98413658142
3528.313394 1.97431532542
3535.924228 1.98477403323
3543.313438 1.97201259931
3550.730791 1.97865668933
3558.194267 1.974578619
3565.606927 1.98116938273
3573.18384 1.98870770137
3580.647832 1.98608660698
3588.046135 1.97147194544
3595.469036 1.97141536077
3602.844702 1.97227835655
3606.491168 9999
3613.953543 1.97716101011
3621.398552 1.97706532478
3628.800782 1.9785656929
3636.209596 1.97839101156
3639.92909 9999
3647.385445 1.9794570605
3654.757279 1.96895496051
3662.170324 1.98103197416
3669.544114 1.9723470211
3673.21603 9999
3680.650591 1.98949066798
3688.044351 1.97031736374
3695.48076 1.97201895714
3699.011714 9999
3706.377609 1.96930336952
3713.96763 1.98075548808
3721.363716 1.97060362498
3728.75844 1.969287316
3736.209892 1.98004309336
3743.627757 1.97339733442
3751.20202 1.97322829564
3758.581329 1.96877527237
3765.968264 1.97736938794
3769.553567 9999
3777.010526 1.98540933927
3784.598359 1.96958303452
3788.127341 9999
3795.518833 1.97643033663
3802.908109 1.96992476781
3810.290741 1.97472230593
3817.921183 1.9862203598
3825.324029 1.97311965624
3832.720379 1.97811277707
3840.110076 1.97060171763
3847.541882 1.97628172239
3855.085147 1.9703912735
3862.4776 1.97347903252
3869.851334 1.97604131699
3873.381706 9999
3880.768715 1.97825137774
3888.312848 1.96896227201
3895.777087 1.98767765363
3903.183665 1.97004262606
3910.598545 1.97081502279
3917.998856 1.97754041354
3925.570405 1.97827760379
3933.015974 1.98144070307
3940.430234 1.97439996401
3947.817925 1.97269797325
3955.262951 1.98279094696
3962.898433 1.98006375631
3966.398473 9999
3973.805622 1.97050094604
3981.202307 1.97815235456
3984.737119 9999
3992.167218 1.98247241974
3999.766067 1.97591527303
4007.215175 1.98403779666
4010.773869 9999
4014.347013 9999
4021.76572 1.98025592168
4029.125588 1.96869961421
4036.658166 1.96947964032
4044.060097 1.96997372309
4051.478581 1.97031935056
4058.920977 1.97612404823
4062.455467 9999.0
4066.158766 9999
4073.530297 1.97457170486
4080.957989 1.97301626205
4088.3489 1.97289339701
4095.810624 1.97193002701
4103.380815 1.97382036845
4110.860157 1.98032069206
4118.261345 1.97575211525
4121.800399 9999
4129.289041 1.9914607207
4136.982181 1.97604004542
4144.39168 1.9725215435
4151.868184 1.9835413297
4159.235677 1.96897101402
4166.653343 1.97257876396
4174.219187 1.97623666128
4181.645216 1.98255467415
4189.04259 1.97749106089
4196.463742 1.96923343341
4203.886418 1.97614161174
4211.464127 1.96941431363
4214.994493 9999
4222.420735 1.97293631236
4225.930741 9999
4233.348455 1.97846031189
4240.726809 1.97498099009
4248.241025 1.97007234891
4255.632372 1.97131633759
4263.092356 1.98551344872
4270.493295 1.97224760056
4277.891637 1.97686441739
4285.476025 1.98010261854
4292.889748 1.98299654325
4300.306797 1.97576038043
4307.742679 1.98005867004
4315.161025 1.96900931994
4322.795322 1.98013885816
4330.208285 1.97146598498
4337.649656 1.98040262858
4345.047209 1.97921570142
4352.461663 1.97837400436
4360.039843 1.98240804672
4367.459223 1.9845383962
4374.883249 1.97631494204
4382.325796 1.97712063789
4389.732103 1.97364036242
4393.419796 9999
4396.956561 9999
4404.370113 1.97175463041
4407.890414 9999
4415.330923 1.98154306412
4422.781158 1.98033595085
4430.341859 1.97318927447
4437.813861 1.97343126933
4445.185349 1.9694369634
4452.577894 1.97783191999
4459.981335 1.98131426175
4467.546462 1.97382569313
4474.95381 1.97718032201
4482.384626 1.97884233793
4489.805371 1.9736413161
4497.228049 1.97400124868
4504.807078 1.97861202558
4512.181493 1.97468630473
4519.617263 1.97701597214
4527.019565 1.9760119915
4534.414899 1.96948822339
4541.953749 1.98401737213
4549.415622 1.98535394669
4556.831734 1.97843901316
4564.272343 1.97323703766
4571.693421 1.97009666761
4579.292449 1.98061362902
4586.755652 1.98141829173
4594.17975 1.97831765811
4601.608049 1.97386773427
4609.048201 1.97886991501
4616.6008 1.96970327695
4624.043995 1.98452568054
4631.44807 1.97321065267
4638.843488 1.98033603032
4646.311536 1.97864961624
4653.9364 1.97876930237
4661.336088 1.9780746301
4668.750953 1.97323671977
4676.184248 1.97346997261
4683.633529 1.98394497236
4691.237238 1.98145333926
4698.605738 1.96916238467
4706.023506 1.97388474147
4713.398123 1.97092231115
4720.877461 1.98954796791
4728.431433 1.96965503693
4735.835692 1.96710666021
4743.252491 1.97361342112
4750.645097 1.97352933884
4758.016551 1.97177298864
4765.586961 1.98149228096
4769.139112 9999
4776.531397 1.9742530187
4783.957384 1.97334400813
4791.338551 1.97371268272
4798.909542 1.97352838516
4806.28798 1.97002569834
4813.726284 1.98332532247
4821.144669 1.97403526306
4828.577549 1.97942296664
4836.181834 1.9745546182
4843.595351 1.97619541486
4850.994728 1.97207570076
4858.400443 1.98568805059
4865.810097 1.9673743248
4873.352473 1.97360022863
4880.753859 1.98109491666
4888.168495 1.97588300705
4895.572025 1.98010365168
4902.998846 1.97367572784
4910.594578 1.97297135989
4918.019282 1.97926410039
4925.480633 1.98895859718
4932.854441 1.97422766685
4940.250774 1.97893404961
4947.828111 1.97858460744
4955.258097 1.98563933372
4962.646355 1.97769530614
4970.062361 1.98152097066
4977.475201 1.98243840535
4985.058143 1.97090133031
4992.442402 1.96892094612
4999.898595 1.99302363396
5007.263286 1.97074063619
5014.6802 1.97105034192
5022.240571 1.9775985082
5029.643072 1.97461374601
5037.068498 1.9806740284
5044.489226 1.97511434555
5051.939467 1.98455691338
5059.553641 1.97978210449
5066.952606 1.97619398435
5074.422294 1.98443126678
5077.920052 9999
5085.314995 1.97848542531
5092.978253 1.97546839714
5100.41629 1.97109238307
5103.9715 9999
5107.508263 9999
5111.062764 9999
5118.479823 1.97215096156
5126.080297 1.97688468297
5133.504863 1.97704561551
5140.94603 1.97650702794
5148.354519 1.97366499901
5155.741973 1.9707643191
5163.310682 1.97935223579
5170.743933 1.97428401311
5178.155179 1.98255729675
5185.549786 1.9707069397
5192.975829 1.98333628972
5200.622285 1.97759167353
5208.032037 1.97888501485
5215.430449 1.97031164169
5222.817865 1.97391343117
5230.227677 1.97371228536
5237.827377 1.97225618362
5245.252522 1.9764919281
5252.633374 1.97136664391
5260.076555 1.9871477286
5267.550759 1.98820662498
5271.298896 9999
5278.718348 1.9773294131
5286.150943 1.97486432393
5293.585828 1.97855202357
5301.02607 1.97738520304
5308.624646 1.98581735293
5316.018937 1.98087096214
5323.455161 1.98271497091
5330.882776 1.97539695104
5338.29501 1.96959495544
5345.825409 1.97724572817
5353.286868 1.98119894663
5360.710253 1.98022301992
5364.207089 9999
5371.586394 1.9731666247
5375.320289 9999
5382.696358 1.96926093102
5390.144275 1.98459235827
5397.552155 1.97733354568
5404.927297 1.97248697281
5408.655694 9999
5416.020517 1.96987628937
5419.536941 9999
5426.942148 1.97469862302
5434.339365 1.97969929377
5441.701234 1.97008164724
5449.251902 1.98614939054
5456.686855 1.98606030146
5464.154699 1.98349189758
5471.582975 1.98056832949
5479.018541 1.98702669144
5486.699213 1.98079538345
5490.224444 9999
5497.595577 1.96606508891
5505.06147 1.98390865326
5512.492942 1.9778936704
5520.056189 1.97524658839
5527.504257 1.98628799121
5534.920757 1.97526788712
5538.469439 9999
5545.871553 1.97446203232
5553.412748 1.97928293546
5556.927268 9999
5560.461695 9999
5567.86964 1.97219896317
5571.407381 9999
5578.785044 1.97398130099
5586.389373 1.98216311137
5589.878934 9999
5597.262986 1.9783085982
5604.66251 1.97260832787
5612.0849 1.9808113575
5619.666797 1.97601469358
5627.058406 1.98107568423
5634.484188 1.97819844882
5638.02202 9999
5645.398923 1.97501571973
5652.980411 1.97345129649
5656.459848 9999
5663.866743 1.97757403056
5671.270335 1.97355302175
5678.660779 1.97549152374
5686.304489 1.97000408173
5689.841136 9999
5697.241421 1.97568964958
5704.611956 1.96941431363
5712.028609 1.97761440277
5719.641138 1.97726066907
5727.062089 1.97862299283
5734.453595 1.97872034709
5741.836531 1.97395499547
5749.278747 1.9824496905
5756.876497 1.97767400742
5764.2885 1.96732680003
5771.738064 1.98460229238
5779.158764 1.97625803947
5786.546738 1.97550066312
5794.130625 1.98221564293
5797.672514 9999
5805.07218 1.97400728861
5812.432463 1.97044062614
5819.854079 1.97380304337
5823.616361 9999
5831.017446 1.97792863846
5834.529442 9999
5841.909275 1.97833180428
5849.307321 1.98092762629
5856.695126 1.97219832738
5864.30484 1.98069326083
5871.67128 1.96553730965
5879.101449 1.97167905172
5886.517497 1.97846666972
5893.965343 1.9812400341
5901.545652 1.97386972109
5908.908934 1.97162191073
5916.329891 1.97411592801
5923.716652 1.96840198835
5931.140255 1.97025966644
5938.696431 1.97340234121
5946.212852 1.97927896182
5953.633228 1.98121563594
5961.035718 1.97786267598
5968.446372 1.97021563848
5976.012048 1.9762960275
5983.404003 1.97429768244
5990.839799 1.9749396642
5998.266002 1.97800000509
6005.694687 1.97554103533
6009.411538 9999
6016.845591 1.97544606527
6024.21466 1.96834437052
6031.596539 1.97396159172
6038.99439 1.97051771482
6046.646803 1.96830034256
6054.073261 1.98004929225
6061.501686 1.98702335358
6068.916853 1.97909998894
6076.337113 1.97727227211
6083.997391 1.9835319519
6091.382399 1.97589842478
6098.784078 1.96743790309
6106.237073 1.9862297376
6109.728067 9999.0
6117.340704 1.9915283521
6124.722973 1.97951022784
6132.132074 1.96981771787
6139.578348 1.97684431076
6146.967453 1.97515845299
6154.518469 1.97452068329
6161.908998 1.9743086497
6169.326467 1.97359228134
6172.861861 9999
6180.251914 1.9793686072
6187.848773 1.96937052409
6195.279692 1.97681371371
6202.691485 1.97678558032
6210.089836 1.96972600619
6213.592486 9999.0
6217.312684 9999
6224.730787 1.97503097852
6232.183904 1.9741256237
6239.559745 1.97182695071
6243.064013 9999
6250.458354 1.97535800934
6258.019467 1.97266705831
6265.470724 1.98648190498
6269.001012 9999
6272.653916 9999
6280.091181 1.98538963
6287.494184 1.97169860204
6295.110473 1.98652164141
6302.490451 1.9703502655
6305.979827 9999
6309.504697 9999
6313.045342 9999
6320.448094 1.98031322161
6328.068733 1.98041303953
6335.483903 1.97265672684
6342.895448 1.97803664207
6350.321103 1.9876999855
6357.711077 1.97949608167
6365.245728 1.97090665499
6372.639589 1.97317433357
6380.103135 1.99182065328
6383.634442 9999
6391.022728 1.97871931394
6398.648405 1.97430729866
6406.097476 1.98312632243
6413.511895 1.97030393283
6420.912751 1.98137601217
6428.295735 1.97221636772
6435.814633 1.97479097048
6443.292204 1.97878837585
6450.734594 1.98608636856
6458.178915 1.98407101631
6461.712907 9999.0
6469.34179 1.97957428296
6476.741927 1.98135201136
6484.167654 1.98067307472
6487.661661 9999
6495.05126 1.9809978803
6498.72771 9999
6506.15906 1.99239404996
6513.544147 1.97060871124
6520.987392 1.98187836011
6528.409522 1.9808605512
6536.043488 1.99904735883
6543.466392 1.97961235046
6550.848309 1.97497868538
6558.236336 1.97595365842
6565.657143 1.97200600306
6573.253796 1.98067633311
6580.666797 1.97188631694
6588.069396 1.97624905904
6595.488139 1.97229941686
6602.861727 1.9666129748
6610.43788 1.9771490097
6617.854377 1.98003554344
6625.312158 1.97624691327
6632.699808 1.97125299772
6636.216789 9999.0
6643.834499 1.97723166148
6651.268971 1.97865494092
6658.702915 1.98440130552
6666.143452 1.97753604253
6673.577126 1.98480327924
6681.143042 1.97048703829
6688.579033 1.97312736511
6695.987634 1.97184801102
6703.432306 1.97984401385
6710.818615 1.97282099724
6718.428857 1.98524959882
6725.867855 1.98943193754
6733.246737 1.97656027476
6740.622536 1.96783868472
6748.019412 1.96945635478
6755.63482 1.97112035751
6763.017977 1.96914633115
6770.400729 1.97382171949
6777.799278 1.98079562187
6785.183485 1.96966632207
6792.838246 1.97935128212
6800.264506 1.9766339461
6807.697027 1.98164399465
6815.129925 1.9823050499
6822.491093 1.9699160258
6830.129851 1.98573271434
6837.505252 1.97413921356
6844.952143 1.98693736394
6848.471866 9999
6855.923096 1.98377068837
6863.560852 1.98612030347
6871.015544 1.98678700129
6878.43625 1.96921992302
6885.851723 1.9775809447
6893.240298 1.97729126612
6900.917932 1.9894323349
6908.367292 1.9854063193
6915.747073 1.96929836273
6923.153636 1.97774195671
6926.687948 9999.0
6934.330631 1.9749733607
6941.737093 1.97715091705
6949.1098 1.97213331858
6956.478108 1.96972401937
6963.936243 1.98567271233
6971.508243 1.97615925471
6978.924013 1.97592504819
6986.320575 1.98045992851
6993.719116 1.97535395622
7001.148179 1.98948160807
7008.735521 1.98126967748
7016.13733 1.97390635808
7023.561855 1.98111526171
7030.995587 1.9743587176
7038.384891 1.9757484595
7046.013224 1.98325292269
7053.416659 1.98312203089
7060.849333 1.98240574201
7068.330319 1.994241635
7075.815294 1.98556001981
7083.351731 1.96962134043
7090.793414 1.98324267069
7098.20269 1.97248164813
7105.622536 1.97876222928
7113.007277 1.97472508748
7120.580126 1.97217090925
7128.04341 1.99066432317
7135.44202 1.96862530708
7142.859065 1.96984171867
7150.300461 1.97527098656
7157.867446 1.97349158923
7165.278947 1.97044094404
7172.675604 1.97316940626
7180.117872 1.98966360092
7187.536929 1.9707540671
7195.148214 1.97913368543
7202.579437 1.97927967707
