7.640566 5.67262101173
15.628553 5.82683706284
23.980051 6.26363396645
31.891973 5.81996393204
40.729462 6.64133310318
49.804786 6.98478889465
58.095508 6.22319698334
65.89652 5.71093297005
73.767177 5.66314101219
82.471911 6.6427230835
90.460199 5.90648293495
99.096431 6.57355308533
106.984842 5.67335510254
116.203895 9999
124.020008 5.71677708626
132.159072 6.06725096703
140.506646 6.13080501556
148.268033 5.68316507339
156.949854 9999
165.252119 6.20778989792
174.042091 6.58257198334
182.247525 6.09290909767
190.475952 6.12606692314
198.749205 6.21287894249
207.226685 6.20620012283
214.978696 5.67677402496
222.833266 5.76902389526
230.273913 5.35709214211
238.67949 6.18500900269
246.996106 6.23273301125
255.864499 9999
263.510026 5.57320380211
271.370538 5.63466882706
279.59 6.15479898453
287.829964 6.14954900742
296.155054 6.21865797043
304.758142 6.37408709526
312.96315 6.12515211105
321.207641 6.14903306961
329.532541 6.21735620499
338.058616 6.30560302734
346.672499 6.52569007874
355.088164 6.32784414291
362.898642 5.73065090179
371.197914 6.05391597748
379.006785 5.71137809753
387.711753 6.64118599892
396.293995 6.50582695007
405.286799 9999
413.121704 5.74013590813
421.404194 6.19556212425
429.75542 6.27445411682
437.954018 9999
445.805588 5.75694704056
453.65387 5.77008199692
461.663206 5.94776797295
469.648673 5.77780508995
477.443265 5.71806001663
485.267733 5.71713995934
493.808299 6.46273899078
502.246354 6.21433401108
510.486469 6.14455294609
518.824516 6.25025200844
527.102343 6.18205904961
535.389964 6.06019186974
543.723169 6.26379299164
552.080154 6.25505900383
559.879608 5.72931289673
568.230556 6.13132596016
576.590256 6.28282189369
584.773606 6.09021806717
593.651775 6.77637696266
601.635398 5.75188183784
609.525146 5.80396699905
617.737517 6.09647011757
625.476909 5.65656399727
634.249686 6.51506400108
642.878966 6.51490688324
651.454255 6.48421311378
659.268983 5.7367708683
668.509848 6.89777398109
677.138432 6.53413295746
684.566563 5.34384799004
692.409692 5.76953196526
700.785735 6.13991999626
709.436895 6.56765413284
717.693227 6.17732787132
726.423159 6.64478898048
734.845811 6.1971309185
743.027679 6.10015583038
751.271758 6.14959192276
759.435214 6.08359599113
767.819509 6.14932012558
775.925794 9999
783.97899 5.99371504784
792.042324 6.00790596008
800.858298 6.61738991737
809.419496 6.47893500328
817.647908 6.13924407959
825.83185 6.10087990761
833.781997 5.73816585541
841.953091 6.09160089493
849.768225 5.73180007935
858.331777 6.47853803635
867.134452 6.56544208527
874.920208 5.70277810097
882.878051 5.86611580849
891.588908 6.61060905457
900.279257 6.46445894241
908.136568 5.75776600838
916.496084 6.2735440731
925.225293 6.64466881752
934.080607 9999
942.276999 6.11401510239
950.851974 6.48146915436
958.621805 5.68162512779
966.711967 5.84985804558
974.937399 6.16494607925
983.13403 6.10982489586
990.998106 5.79754805565
999.480407 6.25025486946
1007.940699 6.33229708672
1015.683083 5.66171598434
1024.410064 6.6239259243
1033.257597 6.63040995598
1041.383889 6.04120397568
1049.645611 6.15035581589
1057.875561 6.14280295372
1065.757946 5.77865409851
1074.940649 9999
1083.134993 6.10662579536
1091.054529 5.83239006996
1099.204463 5.8849670887
1107.914432 6.59780097008
1116.221029 6.20257496834
1124.079812 5.75510382652
1132.95702 6.62674593925
1141.357615 6.31503987312
1149.566234 6.10534310341
1158.570008 6.90019011497
1166.784914 5.96449112892
1175.004404 6.12084913254
1183.775181 9999
1192.474134 6.57370400429
1200.920716 6.20780992508
1208.742823 5.72843813896
1217.081663 6.24763298035
1225.65954 6.50063586235
1234.193727 6.28168201447
1242.481762 6.20641183853
1250.804723 6.17736697197
1259.077116 6.18007302284
1267.381625 6.04653406143
1276.040737 6.56610321999
1284.277776 6.13726305962
1293.035554 6.65903091431
1301.044587 5.7727291584
1309.392535 6.27749991417
1318.064054 6.58085680008
1326.433585 9999.0
1334.764503 6.08658504486
1342.753599 9999
1351.144848 6.24702692032
1359.831295 6.5907831192
1368.241131 6.16856598854
1376.416687 6.0862531662
1385.006918 6.49958014488
1393.686769 6.56434297562
1402.036034 6.09702897072
1409.878032 5.7567460537
1417.778202 5.78678584099
1426.805047 6.97271490097
1435.132815 6.12054204941
1443.284941 6.05652189255
1451.833607 6.4797809124
1459.575945 5.66340780258
1467.921868 6.10069179535
1476.237194 6.22801303864
1484.645828 6.30153203011
1493.382009 6.63805007935
1501.703124 6.05902314186
1509.55149 5.7335588932
1517.801111 6.18238091469
1526.137056 6.24263095856
1534.476327 6.09555506706
1543.097706 6.52551794052
1551.069909 5.87245607376
1559.476788 6.31961393356
1567.897179 6.13928508759
1575.828705 5.84622788429
1584.239031 6.31361293793
1592.90893 6.58149194717
1600.890199 5.76489901543
1609.720956 6.7274210453
1618.475861 6.6606760025
1626.84372 6.27120900154
1635.317105 6.26039004326
1643.613571 6.18479704857
1651.470347 5.7516438961
1659.711599 6.14653205872
1668.101866 9999
1676.677902 6.51163315773
1684.875012 6.08432602882
1693.142224 6.18606209755
1701.964105 6.58677482605
1710.242794 6.18615698814
1718.487882 6.14739990234
1727.191209 6.58626198769
1735.914106 6.48199892044
1744.069773 6.06124615669
1752.852758 6.67667508125
1761.203717 6.2707669735
1769.927075 6.49456095695
1778.16089 6.13907718658
1786.340141 6.08772802353
1794.905678 6.496104002
1803.059899 5.91729211807
1811.374056 6.22116708755
1819.570795 6.1031639576
1827.854389 6.19148802757
1836.31604 6.22882795334
1844.68752 6.28172802925
1853.325482 6.54991698265
1861.544371 6.13038086891
1870.329247 6.55361294746
1878.649164 6.23919391632
1886.983432 6.2139441967
1895.603711 6.54182004929
1904.17986 6.31867218018
1912.787661 6.52043199539
1921.116373 6.2368979454
1929.767818 6.57983207703
1938.485459 6.4531788826
1946.723961 6.14323401451
1954.481168 5.65410709381
1962.838278 6.26595687866
1971.256811 6.19055104256
1978.993588 5.65408301353
1987.535147 6.46224784851
1995.965406 9999.0
2003.937768 5.73715400696
2011.859605 5.82013988495
2020.892007 6.93341994286
2029.508342 6.55015397072
2037.852642 6.10343003273
2046.367107 9999
2055.066716 6.58484005928
2063.74214 6.56558799744
2072.465488 6.4908452034
2081.210143 6.60851621628
2089.53425 6.23000502586
2097.336822 5.7430100441
2105.720717 6.17053484917
2113.495021 5.67845201492
2121.897569 6.30169987679
2129.674349 5.68992400169
2138.000706 6.08806586266
2146.174055 6.08492279053
2154.569434 6.23433089256
2163.327869 6.66076898575
2171.248071 5.64172887802
2179.131717 5.78369998932
2187.705718 6.49076104164
2195.51785 5.73563504219
2203.988928 6.19836688042
2211.737796 5.62852597237
2220.54443 6.71233487129
2228.925892 6.28071308136
2237.358694 6.19689893723
2245.643433 6.1910200119
2254.439863 6.69244503975
2262.255651 5.73509883881
2270.175907 5.70298981667
2278.377782 6.09429001808
2286.75967 9999
2294.904321 6.05978107452
2303.360155 6.18495607376
2311.156349 5.69503808022
2319.453236 6.21075105667
2327.241768 5.69271206856
2335.65307 6.17828893661
2343.798055 6.04028987885
2352.858733 6.95207715034
2361.091589 6.17180299759
2369.61456 6.27134203911
2377.84069 9999
2386.43398 6.48908305168
2394.2323 5.65208387375
2402.777435 9999
2411.125744 6.22052598
2419.784175 6.56624984741
2428.0025 6.1266579628
2436.049627 5.81422495842
2444.657846 6.53934311867
2452.902051 6.14924192429
2460.874123 5.8827419281
2469.276077 6.15850901604
2477.344835 9999
2485.548843 6.09556293488
2493.825882 6.14533281326
2501.914726 5.82984900475
2510.248447 6.21583485603
2518.105886 5.75955796242
2526.819303 6.62383818626
2535.517432 6.46127605438
2543.669904 6.05375885963
2551.710784 9999
2560.54185 6.70044088364
2569.154204 9999
2577.420847 6.16881799698
2585.637266 6.11319112778
2594.282528 6.5371928215
2602.733926 6.18805193901
2610.514247 5.6848590374
2618.77086 6.13464999199
2627.072773 6.20731019974
2634.97499 5.65699100494
2643.215033 6.13363289833
2651.421266 6.08037185669
2660.052448 6.53425908089
2668.420273 6.12850213051
2676.653305 6.16868305206
2685.719725 6.9775390625
2694.243944 9999.0
2703.209055 9999
2711.054798 5.76026916504
2719.828499 6.659085989
2728.319641 6.41309785843
2736.323327 5.75822710991
2745.021031 6.59626197815
2753.3607 6.25415992737
2761.546541 6.07437109947
2769.966644 6.18279600143
2778.721155 6.66712880135
2786.982926 6.18400502205
2795.554934 6.47990012169
2803.536784 5.72855401039
2811.902947 6.24326300621
2820.066091 6.0596871376
2828.76073 9999.0
2837.130851 6.1589422226
2845.661881 9999
2853.890682 6.15598797798
2862.107392 6.13934397697
2870.385506 9999
2878.696073 6.18755197525
2886.864247 6.07858514786
2895.156684 6.20533204079
2903.152279 5.73472309113
2911.940483 9999
2920.509252 6.47105789185
2929.099761 6.47232484818
2937.856525 6.50129795074
2946.222768 6.25518703461
2954.444654 6.13655996323
2963.052464 6.4977619648
2971.829393 6.51875019073
2979.569877 5.6659450531
2987.590861 5.91062688828
2995.88676 6.19841694832
3004.305694 6.16832995415
3012.902607 6.4945909977
3020.947433 5.93930315971
3029.816112 6.76002192497
3038.573041 6.51377391815
3046.909083 6.21291399002
3054.692823 5.67953681946
3062.824933 6.04716086388
3071.512154 6.46483898163
3079.266424 5.63931918144
3087.707632 9999
3095.898822 6.11377906799
3104.308861 6.13582110405
3112.340625 9999
3120.123734 5.68854188919
3128.65618 6.45904684067
3136.97603 6.08974480629
3145.324413 6.23868584633
3153.489296 6.07064604759
3161.776534 6.19152283669
3170.138447 6.08784604073
3178.178795 5.93097305298
3186.43726 6.15598082542
3194.58596 6.07494187355
3203.139103 9999
3211.483795 6.26611709595
3219.803626 6.22741794586
3227.727967 5.82757902145
3236.167641 6.21777510643
3244.109175 9999
3252.739224 6.52986717224
3260.60118 5.76251196861
3269.085336 6.2173178196
3276.91617 5.73264503479
3284.95913 5.94342684746
3293.555912 6.49797201157
3301.587537 5.77514314651
3310.20207 6.53112697601
3318.863793 6.54707789421
3327.144511 6.17309212685
3335.665597 6.25422716141
3344.060466 6.30391192436
3352.535826 6.36313295364
3361.278682 6.62503910065
3370.203158 6.65294194221
3378.519914 6.22373795509
3386.781748 6.13365602493
3394.854256 9999.0
3403.732244 6.63977003098
3411.935769 6.12337517738
3419.756106 5.71413207054
3428.115116 6.27062702179
3436.827638 6.46143507957
3445.188212 6.25228595734
3453.782815 9999
3462.10224 6.18301296234
3470.496738 6.13247990608
3479.187567 6.57023406029
3487.591913 6.28775310516
3495.939408 6.27479410172
3503.991444 5.76468396187
3512.340143 6.28506994247
3521.09494 6.65551495552
3529.805701 6.62796211243
3538.79032 9999
3547.051589 6.14232110977
3554.952652 5.76575398445
3563.174536 6.12438106537
3572.020894 6.57152819633
3580.775747 6.64812588692
3589.342457 6.46606206894
3597.641056 6.20572090149
3605.989911 6.10104298592
