34.19559 1.58756279945
68.521288 1.59055278301
102.747342 1.58823723793
136.424478 1.56091034412
170.813552 1.59537423849
205.20646 1.59678926468
238.9644 1.56189471483
272.574014 1.5588129282
306.199309 1.55876326561
341.708516 1.65256633759
376.037007 1.59424151182
409.625117 1.55822274685
443.221165 1.5575791955
476.875857 1.56009280682
510.467407 1.55668632984
544.17626 1.56314070225
577.804567 1.55860574245
611.560107 1.56478300095
645.251963 1.56133821011
680.745172 1.65301059484
714.436926 1.56261966228
748.729727 1.59208782911
782.555174 1.56411714554
816.262618 1.56164822578
850.591081 1.59353491068
884.346547 1.56445689201
918.004826 1.55948978662
951.813795 1.56300410032
985.388888 1.55601239204
1018.963965 1.55592690706
1052.588812 1.55810998678
1086.348192 1.56489446163
1119.989539 1.56072574854
1153.566237 1.55605338812
1189.07485 1.65246970654
1224.38423 1.64321786165
1258.092198 1.56255190372
1291.650449 1.55486078262
1325.325987 1.55917873383
1359.451405 1.58323450089
1393.444063 1.57752480507
1428.670498 1.63897628784
1462.379433 1.56038790941
1495.9201 1.55418981314
1529.377622 1.54877067804
1563.606626 1.58687903881
1597.132207 1.55411806107
1630.923668 1.56666027308
1664.746669 1.56798634529
1698.337194 1.5566763401
1732.047647 1.56230938435
1765.771767 1.56179599762
1799.382752 1.55732485056
1833.08815 1.56318737268
1866.963786 1.5702485919
1900.655332 1.56229810715
1934.34686 1.5615114212
1968.723664 1.59515045881
2002.43141 1.56192312241
2036.776877 1.59240167141
2070.415186 1.55886279345
2104.143698 1.56318553686
2137.782048 1.55914218426
2171.428283 1.55819883347
2205.215732 1.56534231901
2239.625382 1.59703826904
2273.467145 1.5677123785
2307.326563 1.56977243423
2341.084481 1.56357880831
2374.759479 1.55950495005
2408.417869 1.55851310492
2442.726364 1.5926612854
2476.5858 1.56587643623
2510.877639 1.59116654396
2544.669776 1.56540640593
2579.031493 1.59415214062
2612.687844 1.55831860304
2647.179758 1.5995755434
2681.49206 1.5913084507
2715.149581 1.55855200291
2748.872093 1.56164820194
2784.24854 1.64552644491
2818.14007 1.56693738699
2851.782128 1.55785703659
2885.356477 1.55426101685
2919.082552 1.56239290237
2952.823943 1.5641197443
2986.499244 1.56053220034
3020.108649 1.55636516809
3054.316382 1.58598046303
3087.99517 1.56054832935
3123.285517 1.64137493372
3157.046439 1.55891156197
3190.704318 1.55738744736
3224.359834 1.55817803144
3259.753513 1.64628999233
3293.512236 1.5644400239
3328.839011 1.64263585806
3362.682798 1.56032567024
3396.905576 1.58802450895
3432.183195 1.64053410292
3465.694169 1.55190627575
3499.348837 1.55818918943
3533.641145 1.59028673172
3567.352595 1.56078310013
3601.041224 1.56126087904
