47.093 14.8248722553
67.624667 5.963793993
82.648943 4.15654961268
97.842841 4.16509302457
118.389902 5.97929422061
133.484085 4.14765024185
148.44352 4.1425810655
195.640379 14.8367010752
210.700145 4.14983431498
257.664713 14.8067793846
272.79186 4.14541403453
293.256685 5.95040098826
308.44913 4.17922067642
323.409514 4.1575079759
338.485303 4.14658761024
345.055621 1.33937994639
351.593404 1.32489109039
366.503735 4.14083607992
373.175936 1.31899857521
379.696099 1.34425004323
386.199502 1.32302562396
392.587173 1.29185740153
399.191781 1.3308066527
405.846887 1.3221561114
426.327157 5.96740166346
446.823079 5.98294234276
493.988029 14.813665549
500.642582 1.3375433286
521.106302 5.97084546089
527.593599 1.33562397957
534.197851 1.31353441874
540.702798 1.31997505824
547.25674 1.35396726926
594.171296 14.7996724447
600.809411 1.33783332507
621.255097 5.97222836812
627.793265 1.34318463008
634.414544 1.32552202543
654.877739 5.97560636202
661.466212 1.3538283507
668.136139 1.33306606611
674.606642 1.31587839127
695.137121 5.99773104986
701.84254 1.34060931206
708.412801 1.33741005262
723.506641 4.18610239029
730.044024 1.33991869291
736.615406 1.31132086118
783.729143 14.8562703927
804.377631 5.96417363485
811.114634 1.37681690852
817.685634 1.3612490495
824.38978 1.34996040662
839.315815 4.13983265559
859.979726 6.00537975629
880.660909 5.99750566483
895.670449 4.14700245857
902.258229 1.31549231211
922.704461 5.97046764692
929.20922 1.3299100399
935.847024 1.3275206089
950.890233 4.17787329356
965.966574 4.16199533145
986.597494 5.98876039187
993.117673 1.32108831406
1040.065906 14.8193656603
1087.196884 14.8216489156
1107.893947 5.99496237437
1122.936705 4.1570306619
1170.135743 14.8148187796
1176.8389 1.33758203189
1191.766118 4.15354188283
1212.229372 5.94578933716
1218.93449 1.33501664797
1239.513901 6.00729266802
1246.018645 1.32463637988
1266.61861 5.97226365407
1287.196064 6.00313099225
1293.834642 1.31843694051
1300.321426 1.3222694397
1307.025918 1.34645390511
1313.531161 1.33253566424
1328.574403 4.17048470179
1343.782441 4.16321309408
1358.844313 4.16295067469
1365.498257 1.32468128204
1371.985743 1.33319592476
1378.506716 1.32225338618
1385.077187 1.32419196765
1391.698713 1.34107629458
1398.369862 1.33628074328
1418.915686 5.97285993894
1425.503118 1.34583759308
1440.697105 4.17074131966
1447.251603 1.3468023936
1494.216914 14.8319510619
1500.954299 1.34439134598
1521.384841 5.95307000478
1527.904551 1.33555165927
1534.608866 1.33706029256
1541.2306 1.34515269597
1556.256852 4.15710862478
1562.795229 1.34240667025
1609.859434 14.8041620255
1616.513319 1.3149766922
1663.627109 14.8487526576
1670.282507 1.33526444435
1685.408877 4.17900625865
1700.451709 4.16531705856
1707.140461 1.34193857511
1727.571224 5.9719209671
1734.140846 1.34216189384
1740.745428 1.32972963651
1761.259401 5.98276464144
1776.303592 4.1632142067
1783.073016 1.34294104576
1798.116885 4.16506560644
1804.73777 1.35140538216
1851.770037 14.8400989374
1858.506829 1.32498160998
1905.504871 14.8195176125
1912.260711 1.35003892581
1918.79701 1.33976300557
1925.401829 1.33886901538
1931.974054 1.35755467415
1938.542578 1.35675398509
1953.602514 4.13984966278
1968.713002 4.15885257721
1975.500668 1.3427863121
1982.139001 1.35984627406
1997.098792 4.14286526044
2012.074566 4.14431365331
2018.762309 1.34022895495
2025.367296 1.32539693515
2072.364918 14.8194349607
2092.978578 5.98098134995
2108.055915 4.17313337326
2114.809671 1.33513172468
2129.819402 4.15692400932
2144.845796 4.15676593781
2165.512707 5.99515104294
2172.047743 1.33628765742
2178.518604 1.32569694519
2193.780055 4.17227403323
2200.36658 1.32551765442
2220.796852 5.9723803997
2227.517286 1.32817872365
2234.02165 1.3312839667
2249.101955 4.17463898659
2264.208719 4.1652443409
2311.405868 14.8230690161
2326.666983 4.17508006096
2333.220165 1.33981267611
2339.691431 1.33729688327
2386.673152 14.8261072636
2393.346188 1.29791498184
2399.948221 1.34301288923
2446.895975 14.8201057116
2467.610108 5.99227468173
2474.21677 1.32723363241
2489.294175 4.18175729116
2496.062026 1.33852831523
2502.533358 1.31379667918
2517.608769 4.19376111031
2524.113684 1.3287662665
2530.835128 1.32776832581
2537.425484 1.33992759387
2557.869117 5.97049665451
2605.166988 14.8196856976
2611.905284 1.32485731443
2632.351113 5.97408302625
2638.873354 1.32290013631
2645.460872 1.31734434764
2660.388275 4.14126197497
2666.974254 1.3358519872
2687.422101 5.97539194425
2694.146458 1.33500027657
2700.763723 1.36423333486
2715.756744 4.16291562716
2722.261332 1.32181827227
2737.554087 4.16811060905
2744.192933 1.33019630114
2750.847345 1.33953332901
2765.857819 4.15480105082
2781.06729 4.16136821111
2801.663474 6.00897995631
2808.422053 1.32397699356
2823.427987 4.16125130653
2829.949109 1.32767438889
2836.470703 1.31385970116
2883.650937 14.7977286975
2890.305567 1.31176201502
2905.215528 4.13771986961
2920.34216 4.19148699443
2935.502073 4.15053931872
2942.073804 1.32776800791
2948.527514 1.31249372164
2963.487251 4.15623672803
2978.681694 4.1548037529
2985.25216 1.35348057747
2991.693214 1.30529054006
3038.703393 14.8330819607
3045.442155 1.31748835246
3060.385236 4.15186222394
3075.46174 4.18012261391
3082.235865 1.34219638507
3097.326373 4.1806213061
3144.258064 14.7952233156
3159.35072 4.11735900243
3165.804822 1.30898698171
3212.768517 14.8019083341
3227.945447 4.16145070394
3234.386652 1.30441427231
3249.344276 4.14604600271
3256.24787 1.38202683131
3276.643939 5.96153505643
3283.16482 1.32124201457
3289.902679 1.31956132253
3296.525133 1.35943873723
3343.572023 14.8533463478
3358.915268 4.15755772591
3405.847484 14.8061292966
3453.077591 14.8202863534
3459.849217 1.33938241005
3480.279539 5.95122098923
3486.816338 1.32428304354
3501.876995 4.12517738342
3522.373462 5.97593911489
3529.07888 1.32923698425
3544.088242 4.17721064885
3564.618171 5.99323670069
3571.439582 1.33288868268
3578.026476 1.34584101041
3593.003627 4.14469631513
3599.558586 1.32650264104
3614.701296 4.15572563807
