50.345471 2.44817906618
101.003172 2.46470471621
151.637403 2.46388406754
202.143201 2.46021488905
253.168927 2.4825393796
303.717117 2.45999196768
354.60605 2.47527641058
358.42072 9999
408.60951 2.4515152216
459.08253 2.45882612467
509.644186 2.4610615015
560.055584 2.45127601624
610.967014 2.4766454339
661.32236 2.45159678459
711.688935 2.45002055168
762.211733 2.45792341232
765.975364 9999
816.359043 2.46161525249
866.963733 2.46287944317
917.536369 2.46023055315
968.014019 2.4560652256
1018.966398 2.47919355631
1069.595658 2.46596672535
1120.119961 2.46157590151
1170.821555 2.4663967371
1174.623017 9999
1225.78505 2.50109263659
1276.496313 2.46645938158
1327.274317 2.47018094063
1377.878983 2.46477458477
1428.662005 2.46874896288
1479.396525 2.46819363832
1529.872583 2.4557621479
1580.62994 2.46969343424
1584.385416 9999
1634.819341 2.46251786947
1685.515964 2.46768580675
1689.293968 9999
1692.948626 9999
1743.928548 2.49340902567
1794.916662 2.4821023941
1845.400745 2.45791567564
1849.197145 9999
1899.596051 2.4616004467
1950.183017 2.46256737709
2000.775673 2.46403545141
2051.270273 2.45716402531
2102.379194 2.48520759344
2153.02124 2.46459653378
2204.113539 2.48503339291
2254.633599 2.46005179882
2305.210263 2.46103444099
2356.256513 2.48680871725
2406.923567 2.46682837009
2457.974012 2.48272970915
2461.770897 9999
2512.159466 2.46059904099
2562.629988 2.4549230814
2566.419593 9999
2616.638096 2.45264644623
2667.136344 2.45774297714
2717.663842 2.46009488106
2768.131148 2.45583945513
2818.718807 2.45884097815
2869.263553 2.45781457424
2919.842893 2.46157785654
2923.645951 9999
2973.887111 2.45399205685
3024.3235 2.45634112358
3074.788642 2.45438587666
3125.317653 2.45867459774
3129.086714 9999
3179.275944 2.45048934221
3183.016968 9999
3233.189109 2.45132744312
3236.985407 9999
3287.356199 2.46268008947
3337.929359 2.46375752687
3388.849589 2.47599002123
3439.213502 2.44988083839
3489.73446 2.45566419363
3540.286939 2.45581145287
3592.528239 2.53731422424
3596.319265 9999
3646.556941 2.45380164385
