2.051399 9999
3.972587 9999
5.859888 9999
7.717794 9999
9.600236 9999
11.498845 9999
13.382322 9999
15.270276 9999
17.150422 9999
19.038407 9999
21.100485 9999
23.018674 9999
24.935918 9999
26.83561 9999
28.728881 9999
30.627106 9999.0
32.71502 9999
34.611509 9999
36.518579 9999
38.415373 9999
40.312226 9999
42.19595 9999
44.065966 9999
46.034193 9999
47.895555 9999
49.778697 9999
51.664423 9999
53.543812 9999
55.416794 9999
57.30076 9999
59.163769 9999
61.100573 9999.0
63.134425 9999
64.992586 9999
66.926769 9999
68.808303 9999
70.679553 9999
72.540955 9999
74.411397 9999
76.276015 9999
78.12738 9999
80.018172 9999
81.88961 9999
83.777709 9999
85.656266 9999
87.528028 9999
89.400348 9999
91.262515 9999.0
93.313291 9999
95.172088 9999
97.079991 9999
98.943551 9999
100.814767 9999
102.689486 9999
104.552326 9999
106.428786 9999
108.29271 9999
110.160209 9999
112.044553 9999
113.940383 9999
115.814897 9999
117.696053 9999
119.594177 9999
121.506132 9999.0
123.543718 9999
125.448347 9999
127.360597 9999
129.270144 9999
131.148258 9999
133.191195 9999
135.063118 9999
136.961492 9999
138.828386 9999
140.738302 9999
142.648716 9999
144.542537 9999
146.42926 9999
148.336232 9999
150.218521 9999
152.098092 9999.0
154.131545 9999
156.000514 9999
157.89731 9999
159.780986 9999
161.700162 9999
163.598307 9999
165.471435 9999
167.321542 9999
169.18961 9999
171.072361 9999
172.979467 9999
174.852928 9999
176.723425 9999
178.608043 9999
180.470534 9999
182.331527 9999.0
184.430948 9999
186.331293 9999
188.233559 9999
190.116925 9999
192.000231 9999
193.875345 9999
195.747184 9999
197.641887 9999
199.524074 9999
201.400148 9999
203.269682 9999
205.151303 9999
207.029289 9999
208.875309 9999
210.735642 9999
212.627862 9999.0
214.696533 9999
216.603601 9999
218.508327 9999
220.391175 9999
222.278062 9999
224.186946 9999
226.057968 9999
227.946901 9999
229.816404 9999
231.723405 9999
233.622233 9999
235.476078 9999
237.364228 9999
239.246902 9999
241.15405 9999
243.027431 9999.0
245.100686 9999
247.005412 9999
248.906536 9999
250.80306 9999
252.710831 9999
254.608521 9999
256.537804 9999
258.404289 9999
260.28273 9999
262.167124 9999
264.052005 9999
265.946244 9999
267.816206 9999
269.700526 9999
271.561532 9999
273.464675 9999.0
275.545108 9999
277.432793 9999
279.314809 9999
281.162944 9999
283.030957 9999
284.9171 9999
286.804888 9999
288.672372 9999
290.560035 9999
292.444744 9999
294.312286 9999
296.199488 9999
298.09411 9999
300.015349 9999
301.907949 9999
303.805271 9999.0
305.895062 9999
307.788663 9999
309.674789 9999
311.545918 9999
313.445071 9999
315.329138 9999
317.219338 9999
319.106287 9999
320.987964 9999
322.898538 9999
324.796081 9999
326.683311 9999
328.541438 9999
330.422424 9999
332.343264 9999
334.244777 9999.0
336.303565 9999
338.234142 9999
340.151605 9999
342.037232 9999
343.955112 9999
345.831482 9999
347.70507 9999
349.594685 9999
351.461998 9999
353.318981 9999
355.178917 9999
357.061505 9999
358.94516 9999
360.843848 9999
362.712395 9999
364.608816 9999.0
366.697114 9999
368.591604 9999
370.476085 9999
372.361267 9999
374.254167 9999
376.131468 9999
378.03875 9999
379.927316 9999
381.807021 9999
383.665176 9999
385.529132 9999
387.408295 9999
389.330551 9999
391.213004 9999
393.102318 9999
395.00264 9999.0
397.071287 9999
398.942448 9999
400.828178 9999
402.722912 9999
404.608005 9999
406.502487 9999
408.400116 9999
410.289142 9999
412.194177 9999
414.084732 9999
415.994463 9999
417.881071 9999
419.784 9999
421.671327 9999
423.555373 9999
425.439215 9999.0
427.506203 9999
429.385966 9999
431.303705 9999
433.191327 9999
435.075284 9999
436.956781 9999
438.852935 9999
440.757949 9999
442.637107 9999
444.530809 9999
446.447397 9999
448.330832 9999
450.216073 9999
452.087887 9999
453.984429 9999
455.860852 9999.0
457.94867 9999
459.840403 9999
461.749067 9999
463.669693 9999
465.567697 9999
467.473947 9999
469.39221 9999
471.290957 9999
473.199587 9999
475.092365 9999
477.014365 9999
478.936024 9999
480.832087 9999
482.716519 9999
484.598883 9999
486.49278 9999.0
488.560255 9999
490.465066 9999
492.395686 9999
494.296116 9999
496.186851 9999
498.082652 9999
499.956292 9999
501.874115 9999
503.738516 9999
505.624077 9999
507.523372 9999
509.412934 9999
511.300504 9999
513.168308 9999
515.041948 9999
516.904164 9999.0
519.085574 9999
520.980736 9999
522.890692 9999
524.762769 9999
526.663511 9999
528.568286 9999
530.498896 9999
532.416453 9999
534.314811 9999
536.199037 9999
538.106134 9999
539.977599 9999
541.877887 9999
543.780333 9999
545.683545 9999
547.560182 9999.0
549.613241 9999
551.486416 9999
553.380017 9999
555.278308 9999
557.172486 9999
559.073555 9999
560.990668 9999
562.904467 9999
564.826644 9999
566.715746 9999
568.634308 9999
570.553548 9999
572.452244 9999
574.346411 9999
576.325457 9999
578.209212 9999.0
580.261316 9999
582.159873 9999
584.055964 9999
585.939493 9999
587.807408 9999
589.6985 9999
591.559468 9999
593.457103 9999
595.355279 9999
597.244705 9999
599.135984 9999
601.034641 9999
602.917147 9999
604.802981 9999
606.760863 9999
608.652644 9999.0
610.728825 9999
612.599501 9999
614.494755 9999
616.391867 9999
618.290663 9999
620.174895 9999
622.083455 9999
623.985805 9999
625.895097 9999
627.770286 9999
629.66644 9999
631.538042 9999
633.423118 9999
635.328135 9999
637.248615 9999
639.144728 9999.0
641.222628 9999
643.106916 9999
645.038022 9999
646.924707 9999
648.807075 9999
650.690846 9999
652.57226 9999
654.445879 9999
656.339951 9999
658.238319 9999
660.145734 9999
662.007878 9999
663.902313 9999
665.785744 9999
667.648266 9999
669.50665 9999.0
671.623561 9999
673.516654 9999
675.442775 9999
677.340447 9999
679.213302 9999
681.086121 9999
682.971197 9999
684.830481 9999
686.730112 9999
688.620449 9999
690.508228 9999
692.368546 9999
694.246703 9999
696.14266 9999
698.029558 9999
699.93615 9999.0
702.083377 9999
703.934864 9999
705.840455 9999
707.728557 9999
709.620328 9999
711.495102 9999
713.372464 9999
715.270025 9999
717.159267 9999
719.051355 9999
720.951008 9999
722.821922 9999
724.692215 9999
726.586476 9999
728.580656 9999
730.478271 9999.0
732.576389 9999
734.458285 9999
736.356049 9999
738.277132 9999
740.148687 9999
742.025847 9999
743.932038 9999
745.824412 9999
747.732216 9999
749.629352 9999
751.528565 9999
753.564323 9999
755.450411 9999
757.324539 9999
759.195479 9999
761.067406 9999.0
763.239673 9999
765.111332 9999
767.004965 9999
768.903071 9999
770.785846 9999
772.668017 9999
774.555627 9999
776.434234 9999
778.323813 9999
780.254931 9999
782.152375 9999
784.057024 9999
785.953344 9999
787.83604 9999
789.758537 9999
791.669089 9999.0
793.786254 9999
795.660227 9999
797.548364 9999
799.442546 9999
801.315879 9999
803.208861 9999
805.116779 9999
807.014136 9999
808.91144 9999
810.792736 9999
812.688635 9999
814.697972 9999
816.58041 9999
818.448039 9999
820.344807 9999
822.242691 9999.0
824.400973 9999
826.284934 9999
828.184233 9999
830.055099 9999
831.962145 9999
833.87186 9999
835.753931 9999
837.648796 9999
839.59597 9999
841.491312 9999
843.372209 9999
845.243666 9999
847.150428 9999
849.064414 9999
850.947416 9999
852.819431 9999.0
854.915776 9999
856.798724 9999
858.699915 9999
860.592868 9999
862.453279 9999
864.348459 9999
866.222291 9999
868.101007 9999
869.979656 9999
871.827319 9999
873.738214 9999
875.621166 9999
877.492397 9999
879.374032 9999
881.283169 9999
883.197002 9999.0
885.303611 9999
887.201745 9999
889.095633 9999
890.963656 9999
892.826084 9999
894.707609 9999
896.58572 9999
898.486275 9999
900.676041 9999
902.555796 9999
904.453884 9999
906.324885 9999
908.223291 9999
910.115401 9999
912.006469 9999
913.912125 9999.0
916.012726 9999
917.898654 9999
919.801713 9999
921.685801 9999
923.556721 9999
925.429841 9999
927.323646 9999
929.219594 9999
931.118733 9999
933.003986 9999
934.908072 9999
936.796555 9999
938.691345 9999
940.551483 9999
942.446853 9999
944.343327 9999.0
946.50129 9999
948.398931 9999
950.330965 9999
952.248729 9999
954.135032 9999
956.026965 9999
957.904394 9999
959.800913 9999
961.694646 9999
963.570122 9999
965.473069 9999
967.35979 9999
969.255621 9999
971.140823 9999
973.032438 9999
974.917488 9999.0
977.030603 9999
978.919122 9999
980.789361 9999
982.671875 9999
984.579666 9999
986.495533 9999
988.406797 9999
990.303353 9999
992.223284 9999
994.092484 9999
995.976555 9999
997.851721 9999
999.744891 9999
1001.604562 9999
1003.492533 9999
1005.396823 9999.0
1007.543494 9999
1009.428626 9999
1011.290975 9999
1013.184163 9999
1015.093613 9999
1016.990445 9999
1018.887242 9999
1020.754216 9999
1022.654709 9999
1024.527256 9999
1026.422823 9999
1028.297338 9999
1030.190629 9999
1032.087065 9999
1033.959496 9999
1035.820773 9999.0
1037.940032 9999
1039.838703 9999
1041.737669 9999
1043.620134 9999
1045.510979 9999
1047.420635 9999
1049.309866 9999
1051.214549 9999
1053.11165 9999
1055.004566 9999
1056.916956 9999
1058.798955 9999
1060.671259 9999
1062.561488 9999
1064.423737 9999
1066.299111 9999.0
1068.459838 9999
1070.331417 9999
1072.200317 9999
1074.06232 9999
1075.955415 9999
1077.879525 9999
1079.796804 9999
1081.716998 9999
1083.639313 9999
1085.546517 9999
1087.467098 9999
1089.377857 9999
1091.283512 9999
1093.193579 9999
1095.0997 9999
1096.988487 9999.0
1099.080711 9999
1100.96798 9999
1102.874033 9999
1104.773132 9999
1106.651448 9999
1108.549024 9999
1110.458025 9999
1112.366466 9999
1114.251399 9999
1116.155546 9999
1118.185492 9999
1120.070596 9999
1121.980381 9999
1123.867077 9999
1125.779165 9999
1127.642438 9999.0
1129.744799 9999
1131.624002 9999
1133.545814 9999
1135.418954 9999
1137.281745 9999
1139.209176 9999
1141.075983 9999
1142.936069 9999
1144.846919 9999
1146.735003 9999
1148.718448 9999
1150.601065 9999
1152.468629 9999
1154.346497 9999
1156.251328 9999
1158.20704 9999.0
1160.440164 9999
1162.32314 9999
1164.228419 9999
1166.117123 9999
1168.022594 9999
1169.917785 9999
1171.849452 9999
1173.778296 9999
1175.652664 9999
1177.527932 9999
1179.427617 9999
1181.34297 9999
1183.238973 9999
1185.124746 9999
1187.018473 9999
1188.878701 9999.0
1190.967625 9999
1192.83909 9999
1194.73143 9999
1196.631702 9999
1198.515928 9999
1200.421992 9999
1202.32887 9999
1204.245279 9999
1206.131497 9999
1208.052619 9999
1209.947972 9999
1211.818699 9999
1213.716886 9999
1215.60296 9999
1217.487349 9999
1219.390117 9999.0
1221.493552 9999
1223.387402 9999
1225.274535 9999
1227.181688 9999
1229.092071 9999
1231.002123 9999
1232.937762 9999
1234.825136 9999
1236.735452 9999
1238.608411 9999
1240.52869 9999
1242.398453 9999
1244.283274 9999
1246.14197 9999
1248.036964 9999
1249.896398 9999.0
1252.072896 9999
1253.966554 9999
1255.854021 9999
1257.761002 9999
1259.653416 9999
1261.56435 9999
1263.459271 9999
1265.364864 9999
1267.252268 9999
1269.145214 9999
1271.066631 9999
1272.972916 9999
1274.845387 9999
1276.744466 9999
1278.624593 9999
1280.498561 9999.0
1282.623515 9999
1284.496324 9999
1286.392589 9999
1288.273192 9999
1290.182687 9999
1292.066925 9999
1293.989139 9999
1295.871237 9999
1297.767471 9999
1299.660402 9999
1301.567278 9999
1303.464118 9999
1305.339422 9999
1307.222386 9999
1309.117178 9999
1310.99834 9999.0
1313.093287 9999
1314.995873 9999
1316.91083 9999
1318.788407 9999
1320.672733 9999
1322.59297 9999
1324.481114 9999
1326.37058 9999
1328.272289 9999
1330.146189 9999
1332.037555 9999
1333.88444 9999
1335.782191 9999
1337.649028 9999
1339.529238 9999
1341.375004 9999.0
1343.508813 9999
1345.418878 9999
1347.340318 9999
1349.234385 9999
1351.108334 9999
1352.995483 9999
1354.873964 9999
1356.801365 9999
1358.678841 9999
1360.550033 9999
1362.457014 9999
1364.380922 9999
1366.27342 9999
1368.168521 9999
1370.040408 9999
1371.933037 9999.0
1374.058938 9999
1375.945895 9999
1377.875744 9999
1379.772707 9999
1381.660919 9999
1383.5533 9999
1385.46321 9999
1387.392964 9999
1389.287191 9999
1391.172934 9999
1393.105518 9999
1394.980372 9999
1396.901853 9999
1398.794283 9999
1400.689507 9999
1402.5754 9999.0
1404.709561 9999
1406.595549 9999
1408.478317 9999
1410.372948 9999
1412.267588 9999
1414.155429 9999
1416.050307 9999
1417.940409 9999
1419.828476 9999
1421.738481 9999
1423.656553 9999
1425.555052 9999
1427.44984 9999
1429.334672 9999
1431.230347 9999
1433.100092 9999.0
1435.236913 9999
1437.140011 9999
1439.031288 9999
1440.924376 9999
1442.845544 9999
1444.741496 9999
1446.626631 9999
1448.504232 9999
1450.381385 9999
1452.268344 9999
1454.162862 9999
1456.068508 9999
1457.953521 9999
1459.844391 9999
1461.746093 9999
1463.640233 9999.0
1465.742146 9999
1467.661386 9999
1469.585558 9999
1471.455868 9999
1473.316514 9999
1475.183857 9999
1477.082621 9999
1478.966971 9999
1480.859545 9999
1482.798037 9999
1484.7153 9999
1486.599117 9999
1488.480223 9999
1490.35163 9999
1492.239208 9999
1494.118255 9999.0
1496.304084 9999
1498.201039 9999
1500.123984 9999
1502.04095 9999
1503.95058 9999
1505.845572 9999
1507.722659 9999
1509.598872 9999
1511.487456 9999
1513.383383 9999
1515.290922 9999
1517.185015 9999
1519.070652 9999
1520.964737 9999
1522.900068 9999
1524.790044 9999.0
1526.907362 9999
1528.792326 9999
1530.684153 9999
1532.603997 9999
1534.516072 9999
1536.414897 9999
1538.344358 9999
1540.258473 9999
1542.145581 9999
1544.091695 9999
1546.0127 9999
1547.893115 9999
1549.766027 9999
1551.640045 9999
1553.633666 9999
1555.528357 9999.0
1557.675123 9999
1559.572451 9999
1561.515226 9999
1563.396365 9999
1565.30752 9999
1567.201843 9999
1569.110099 9999
1571.036955 9999
1572.914392 9999
1574.811606 9999
1576.732705 9999
1578.685184 9999
1580.607948 9999
1582.49987 9999
1584.373194 9999
1586.254082 9999.0
1588.414618 9999
1590.301706 9999
1592.186201 9999
1594.074289 9999
1595.968408 9999
1597.859633 9999
1599.772872 9999
1601.636331 9999
1603.541412 9999
1605.46018 9999
1607.376944 9999
1609.335839 9999
1611.231017 9999
1613.127943 9999
1615.017484 9999
1616.913453 9999.0
1619.080796 9999
1620.975562 9999
1622.868892 9999
1624.717015 9999
1626.624536 9999
1628.535118 9999
1630.426805 9999
1632.332025 9999
1634.222802 9999
1636.096848 9999
1638.001824 9999
1639.874001 9999
1641.759346 9999
1643.652871 9999
1645.552511 9999
1647.457407 9999.0
1649.594216 9999
1651.478744 9999
1653.411599 9999
1655.3163 9999
1657.224584 9999
1659.148118 9999
1661.057137 9999
1662.95121 9999
1664.8366 9999
1666.733501 9999
1668.647439 9999
1670.546713 9999
1672.429505 9999
1674.340599 9999
1676.244359 9999
1678.126053 9999.0
1680.264635 9999
1682.141147 9999
1684.046411 9999
1685.968477 9999
1687.838285 9999
1689.708965 9999
1691.556469 9999
1693.426427 9999
1695.460374 9999
1697.32975 9999
1699.225875 9999
1701.120564 9999
1703.005486 9999
1704.915141 9999
1706.818559 9999
1708.716311 9999.0
1710.888697 9999
1712.798662 9999
1714.694359 9999
1716.561322 9999
1718.472783 9999
1720.358207 9999
1722.253126 9999
1724.126714 9999
1726.065832 9999
1727.94384 9999
1729.828594 9999
1731.698356 9999
1733.573427 9999
1735.439868 9999
1737.351431 9999
1739.243761 9999.0
1741.407106 9999
1743.276147 9999
1745.199862 9999
1747.11827 9999
1749.037318 9999
1751.093376 9999
1753.008527 9999
1754.931183 9999
1756.824088 9999
1758.699043 9999
1760.664414 9999
1762.563494 9999
1764.470313 9999
1766.380465 9999
1768.264524 9999
1770.133458 9999.0
1772.293928 9999
1774.188539 9999
1776.422897 9999
1778.306808 9999
1780.201086 9999
1782.086605 9999
1783.995608 9999
1785.92694 9999
1787.848556 9999
1789.753528 9999
1791.654346 9999
1793.555928 9999
1795.442072 9999
1797.367148 9999
1799.295197 9999
1801.212894 9999.0
1803.398878 9999
1805.282839 9999
1807.16741 9999
1809.063562 9999
1811.020339 9999
1812.927837 9999
1814.804533 9999
1816.704624 9999
1818.56825 9999
1820.439347 9999
1822.312577 9999
1824.216134 9999
1826.075597 9999
1827.975482 9999
1829.8827 9999
1831.764475 9999.0
1833.913533 9999
1835.798937 9999
1837.707961 9999
1839.62881 9999
1841.544561 9999
1843.427018 9999
1845.317291 9999
1847.221549 9999
1849.117852 9999
1851.036078 9999
1852.946647 9999
1854.828953 9999
1856.764001 9999
1858.668596 9999
1860.581443 9999
1862.487754 9999.0
1864.595656 9999
1866.509261 9999
1868.417087 9999
1870.309715 9999
1872.196037 9999
1874.101131 9999
1875.975254 9999
1877.871533 9999
1879.756987 9999
1881.663092 9999
1883.571293 9999
1885.502518 9999
1887.384563 9999
1889.283485 9999
1891.239284 9999
1893.160623 9999.0
1895.303353 9999
1897.229366 9999
1899.125931 9999
1901.040811 9999
1902.953922 9999
1904.872199 9999
1906.754385 9999
1908.663295 9999
1910.580637 9999
1912.465953 9999
1914.362544 9999
1916.256536 9999
1918.152017 9999
1920.036629 9999
1921.920582 9999
1923.817568 9999.0
1925.951266 9999
1927.832095 9999
1929.695669 9999
1931.559458 9999
1933.444658 9999
1935.348777 9999
1937.269872 9999
1939.167377 9999
1941.081958 9999
1942.956818 9999
1944.867276 9999
1946.761424 9999
1948.645802 9999
1950.516599 9999
1952.402395 9999
1954.300183 9999.0
1956.453054 9999
1958.35292 9999
1960.283401 9999
1962.193553 9999
1964.088153 9999
1965.975028 9999
1967.860677 9999
1969.775796 9999
1971.695012 9999
1973.580592 9999
1975.489767 9999
1977.408535 9999
1979.301907 9999
1981.178381 9999
1983.073838 9999
1984.970459 9999.0
1987.070107 9999
1988.963175 9999
1990.841052 9999
1992.73405 9999
1994.623884 9999
1996.516065 9999
1998.408887 9999
2000.321327 9999
2002.215097 9999
2004.13511 9999
2006.030405 9999
2007.927605 9999
2009.83431 9999
2011.733545 9999
2013.605137 9999
2015.511424 9999.0
2017.65708 9999
2019.540772 9999
2021.425447 9999
2023.343528 9999
2025.23089 9999
2027.115 9999
2029.070455 9999
2030.991109 9999
2032.872322 9999
2034.758955 9999
2036.667092 9999
2038.541516 9999
2040.447142 9999
2042.333438 9999
2044.237144 9999
2046.14637 9999.0
2048.282949 9999
2050.180732 9999
2052.07457 9999
2053.969424 9999
2055.875762 9999
2057.795863 9999
2059.702402 9999
2061.615761 9999
2063.519721 9999
2065.395185 9999
2067.25499 9999
2069.153787 9999
2071.070766 9999
2072.977185 9999
2074.87325 9999
2076.780806 9999.0
2078.861243 9999
2080.743125 9999
2082.617407 9999
2084.520875 9999
2086.461954 9999
2088.351413 9999
2090.210852 9999
2092.09696 9999
2093.969167 9999
2095.848636 9999
2097.767525 9999
2099.628486 9999
2101.53546 9999
2103.41101 9999
2105.284353 9999
2107.199481 9999.0
2109.294734 9999
2111.201019 9999
2113.094773 9999
2114.989806 9999
2116.875522 9999
2118.772702 9999
2120.667493 9999
2122.550736 9999
2124.445896 9999
2126.342488 9999
2128.264141 9999
2130.134764 9999
2132.027757 9999
2133.893178 9999
2135.797535 9999
2137.693569 9999.0
2139.842408 9999
2141.747076 9999
2143.632727 9999
2145.519442 9999
2147.415104 9999
2149.302184 9999
2151.193029 9999
2153.103516 9999
2154.996353 9999
2156.885012 9999
2158.743227 9999
2160.626835 9999
2162.512396 9999
2164.392498 9999
2166.276275 9999
2168.184202 9999.0
2170.291454 9999
2172.172474 9999
2174.067015 9999
2175.983076 9999
2177.86652 9999
2179.759492 9999
2181.640817 9999
2183.54707 9999
2185.430574 9999
2187.338114 9999
2189.232385 9999
2191.105196 9999
2193.033343 9999
2194.921932 9999
2196.804805 9999
2198.712588 9999.0
2200.872878 9999
2202.783056 9999
2204.663988 9999
2206.563946 9999
2208.459205 9999
2210.344526 9999
2212.225294 9999
2214.131946 9999
2216.042655 9999
2217.963455 9999
2219.880823 9999
2221.790305 9999
2223.671547 9999
2225.581565 9999
2227.474893 9999
2229.374761 9999.0
2231.555872 9999
2233.432795 9999
2235.338967 9999
2237.246312 9999
2239.15351 9999
2241.018704 9999
2242.887532 9999
2244.77614 9999
2246.688037 9999
2248.588216 9999
2250.51977 9999
2252.403613 9999
2254.313081 9999
2256.197708 9999
2258.103639 9999
2259.997025 9999.0
2262.203371 9999
2264.093575 9999
2265.986587 9999
2267.87358 9999
2269.752303 9999
2271.615464 9999
2273.501283 9999
2275.416039 9999
2277.299008 9999
2279.208511 9999
2281.131071 9999
2283.027096 9999
2284.928757 9999
2286.817017 9999
2288.766506 9999
2290.693272 9999.0
2292.899803 9999
2294.81757 9999
2296.705267 9999
2298.589078 9999
2300.498636 9999
2302.40674 9999
2304.299447 9999
2306.177556 9999
2308.080264 9999
2309.981356 9999
2311.860557 9999
2313.893039 9999
2315.79563 9999
2317.668562 9999
2319.551143 9999
2321.447304 9999.0
2323.693157 9999
2325.576892 9999
2327.474253 9999
2329.362481 9999
2331.273027 9999
2333.127521 9999
2335.014293 9999
2336.921173 9999
2338.812489 9999
2340.696779 9999
2342.590785 9999
2344.481546 9999
2346.329991 9999
2348.208252 9999
2350.056054 9999
2351.931294 9999.0
2354.047702 9999
2355.950998 9999
2357.859326 9999
2359.744141 9999
2361.657208 9999
2363.508076 9999
2365.403379 9999
2367.341243 9999
2369.202367 9999
2371.09247 9999
2372.990719 9999
2374.874778 9999
2376.808381 9999
2378.699311 9999
2380.587392 9999
2382.507313 9999.0
2384.690023 9999
2386.59965 9999
2388.494409 9999
2390.379877 9999
2392.295752 9999
2394.192969 9999
2396.089423 9999
2397.995758 9999
2399.929574 9999
2401.863586 9999
2403.756883 9999
2405.654904 9999
2407.551416 9999
2409.438735 9999
2411.330187 9999
2413.248985 9999.0
2415.396555 9999
2417.307806 9999
2419.18996 9999
2421.100144 9999
2423.001517 9999
2424.878092 9999
2426.754256 9999
2428.632656 9999
2430.564637 9999
2432.464949 9999
2434.337712 9999
2436.194171 9999
2438.088588 9999
2439.962991 9999
2441.847503 9999
2443.777611 9999.0
2445.925827 9999
2447.837583 9999
2449.75373 9999
2451.652582 9999
2453.520445 9999
2455.417318 9999
2457.31248 9999
2459.237377 9999
2461.165265 9999
2463.049746 9999
2464.970457 9999
2466.853567 9999
2468.750771 9999
2470.635785 9999
2472.524547 9999
2474.451035 9999.0
2476.612934 9999
2478.505765 9999
2480.387404 9999
2482.263635 9999
2484.189114 9999
2486.066309 9999
2487.940329 9999
2489.809792 9999
2491.708451 9999
2493.591615 9999
2495.486894 9999
2497.391783 9999
2499.30516 9999
2501.222426 9999
2503.085997 9999
2505.00139 9999.0
2507.147896 9999
2509.023091 9999
2510.941839 9999
2512.839536 9999
2514.753905 9999
2516.633305 9999
2518.523771 9999
2520.431588 9999
2522.331532 9999
2524.251131 9999
2526.123327 9999
2528.029575 9999
2529.927405 9999
2531.834003 9999
2533.751323 9999
2535.652898 9999.0
2537.832146 9999
2539.729262 9999
2541.757078 9999
2543.630933 9999
2545.515611 9999
2547.424473 9999
2549.307855 9999
2551.186807 9999
2553.087963 9999
2554.995295 9999
2556.86739 9999
2558.751123 9999
2560.662057 9999
2562.556458 9999
2564.43773 9999
2566.335689 9999.0
2568.514819 9999
2570.415005 9999
2572.358721 9999
2574.255574 9999
2576.145884 9999
2578.018958 9999
2579.909722 9999
2581.823961 9999
2583.695873 9999
2585.581033 9999
2587.467117 9999
2589.372971 9999
2591.272218 9999
2593.166901 9999
2595.050668 9999
2596.940194 9999.0
2599.11658 9999
2601.005127 9999
2602.907781 9999
2604.819105 9999
2606.705969 9999
2608.613128 9999
2610.516092 9999
2612.414378 9999
2614.347277 9999
2616.256021 9999
2618.118895 9999
2620.015015 9999
2621.907544 9999
2623.824595 9999
2625.74552 9999
2627.666403 9999.0
2629.799919 9999
2631.709244 9999
2633.603544 9999
2635.488783 9999
2637.417361 9999
2639.308095 9999
2641.216243 9999
2643.133709 9999
2645.008215 9999
2646.915185 9999
2648.825345 9999
2650.695554 9999
2652.592335 9999
2654.484538 9999
2656.391335 9999
2658.338134 9999.0
2660.489718 9999
2662.381406 9999
2664.277948 9999
2666.17077 9999
2668.032477 9999
2669.940441 9999
2671.8516 9999
2673.77001 9999
2675.657825 9999
2677.550141 9999
2679.443343 9999
2681.320387 9999
2683.205005 9999
2685.08456 9999
2686.981271 9999
2688.902471 9999.0
2691.084953 9999
2692.946476 9999
2694.843663 9999
2696.738156 9999
2698.666183 9999
2700.578408 9999
2702.490164 9999
2704.362419 9999
2706.292058 9999
2708.188596 9999
2710.108016 9999
2712.015792 9999
2713.9341 9999
2715.868386 9999
2717.765516 9999
2719.691787 9999.0
2721.844603 9999
2723.747444 9999
2725.648106 9999
2727.556313 9999
2729.435195 9999
2731.323915 9999
2733.233443 9999
2735.138856 9999
2737.060503 9999
2738.94555 9999
2740.838806 9999
2742.745712 9999
2744.612396 9999
2746.503037 9999
2748.400646 9999
2750.295268 9999.0
2752.453113 9999
2754.351391 9999
2756.236117 9999
2758.11567 9999
2759.998097 9999
2761.872352 9999
2763.784247 9999
2765.679017 9999
2767.549752 9999
2769.435106 9999
2771.306787 9999
2773.18864 9999
2775.11774 9999
2777.004527 9999
2778.892869 9999
2780.771594 9999.0
2782.94492 9999
2784.854024 9999
2786.760469 9999
2788.632767 9999
2790.550509 9999
2792.42325 9999
2794.308316 9999
2796.208319 9999
2798.100962 9999
2799.972427 9999
2801.880651 9999
2803.790136 9999
2805.71596 9999
2807.656297 9999
2809.572973 9999
2811.493858 9999.0
2813.652887 9999
2815.552151 9999
2817.473533 9999
2819.389738 9999
2821.3226 9999
2823.204857 9999
2825.078388 9999
2827.008928 9999
2828.892955 9999
2830.788532 9999
2832.688285 9999
2834.57045 9999
2836.464864 9999
2838.360656 9999
2840.249004 9999
2842.155471 9999.0
2844.400728 9999
2846.319917 9999
2848.239212 9999
2850.121155 9999
2852.002439 9999
2853.881079 9999
2855.77211 9999
2857.660443 9999
2859.543687 9999
2861.427129 9999
2863.288122 9999
2865.180831 9999
2867.085956 9999
2868.999817 9999
2870.893584 9999
2872.813166 9999.0
2874.953844 9999
2876.833834 9999
2878.716323 9999
2880.602635 9999
2882.494716 9999
2884.371022 9999
2886.266664 9999
2888.160734 9999
2890.071383 9999
2891.952609 9999
2893.84805 9999
2895.744717 9999
2897.629456 9999
2899.537435 9999
2901.455962 9999
2903.365614 9999.0
2905.541415 9999
2907.447714 9999
2909.320725 9999
2911.23616 9999
2913.166651 9999
2915.068135 9999
2916.98676 9999
2918.880697 9999
2920.811854 9999
2922.720672 9999
2924.608109 9999
2926.528808 9999
2928.474167 9999
2930.376675 9999
2932.299477 9999
2934.1921 9999.0
2936.316202 9999
2938.226746 9999
2940.145412 9999
2942.047622 9999
2943.952681 9999
2945.833415 9999
2947.728832 9999
2949.636193 9999
2951.508782 9999
2953.393687 9999
2955.314909 9999
2957.1877 9999
2959.102347 9999
2960.991888 9999
2962.900531 9999
2964.807425 9999.0
2966.975771 9999
2968.87529 9999
2970.759172 9999
2972.667057 9999
2974.602466 9999
2976.504487 9999
2978.388502 9999
2980.284596 9999
2982.198408 9999
2984.090653 9999
2985.984505 9999
2987.880622 9999
2989.757699 9999
2991.637507 9999
2993.543857 9999
2995.435474 9999.0
2997.61527 9999
2999.508887 9999
3001.395067 9999
3003.276653 9999
3005.170713 9999
3007.071891 9999
3008.944296 9999
3010.847754 9999
3012.733305 9999
3014.607397 9999
3016.50024 9999
3018.495446 9999
3020.380546 9999
3022.274953 9999
3024.160759 9999
3026.050925 9999.0
3028.157727 9999
3030.049939 9999
3031.93268 9999
3033.844069 9999
3035.722116 9999
3037.598589 9999
3039.520046 9999
3041.406567 9999
3043.286478 9999
3045.204482 9999
3047.13661 9999
3049.072037 9999
3050.974575 9999
3052.860128 9999
3054.757537 9999
3056.653757 9999.0
3058.781002 9999
3060.672939 9999
3062.604439 9999
3064.518447 9999
3066.411487 9999
3068.328761 9999
3070.258185 9999
3072.183532 9999
3074.138333 9999
3076.012554 9999
3077.895236 9999
3079.783833 9999
3081.674345 9999
3083.539099 9999
3085.410212 9999
3087.317209 9999.0
3089.463182 9999
3091.34749 9999
3093.242195 9999
3095.164945 9999
3097.08965 9999
3098.988677 9999
3100.910942 9999
3102.829109 9999
3104.725643 9999
3106.611431 9999
3108.543034 9999
3110.439094 9999
3112.323119 9999
3114.197492 9999
3116.089547 9999
3117.987624 9999.0
3120.12398 9999
3122.043432 9999
3123.927536 9999
3125.811428 9999
3127.705792 9999
3129.59119 9999
3131.512067 9999
3133.415384 9999
3135.362196 9999
3137.258822 9999
3139.18861 9999
3141.099492 9999
3142.984062 9999
3144.880249 9999
3146.773734 9999
3148.685802 9999.0
3150.846529 9999
3152.748562 9999
3154.694637 9999
3156.604111 9999
3158.507325 9999
3160.407312 9999
3162.33912 9999
3164.259331 9999
3166.144655 9999
3168.02746 9999
3169.907824 9999
3171.770451 9999
3173.663741 9999
3175.563385 9999
3177.480913 9999
3179.392179 9999.0
3181.535399 9999
3183.413175 9999
3185.283168 9999
3187.179415 9999
3189.110062 9999
3191.31989 9999
3193.227844 9999
3195.1201 9999
3197.0318 9999
3198.935646 9999
3200.880518 9999
3202.776785 9999
3204.668489 9999
3206.546669 9999
3208.467118 9999
3210.382521 9999.0
3212.557131 9999
3214.453861 9999
3216.606851 9999
3218.499575 9999
3220.405938 9999
3222.28901 9999
3224.198692 9999
3226.115766 9999
3228.029857 9999
3229.924171 9999
3231.8083 9999
3233.698508 9999
3235.605125 9999
3237.47999 9999
3239.38854 9999
3241.298436 9999.0
3243.44777 9999
3245.344857 9999
3247.254822 9999
3249.156405 9999
3251.050081 9999
3252.92583 9999
3254.811024 9999
3256.73146 9999
3258.592904 9999
3260.49682 9999
3262.422325 9999
3264.327282 9999
3266.223838 9999
3268.140665 9999
3270.046601 9999
3271.980844 9999.0
3274.202091 9999
3276.135449 9999
3278.046519 9999
3279.939244 9999
3281.85417 9999
3283.778575 9999
3285.687571 9999
3287.57226 9999
3289.50346 9999
3291.383775 9999
3293.29372 9999
3295.180401 9999
3297.062855 9999
3298.983856 9999
3300.890565 9999
3302.820731 9999.0
3304.945738 9999
3306.857084 9999
3308.761311 9999
3310.67125 9999
3312.588316 9999
3314.48612 9999
3316.361043 9999
3318.28972 9999
3320.197056 9999
3322.107433 9999
3324.036499 9999
3325.947347 9999
3327.880172 9999
3329.785459 9999
3331.682845 9999
3333.61421 9999.0
3335.752619 9999
3337.64899 9999
3339.568348 9999
3341.463338 9999
3343.366717 9999
3345.253392 9999
3347.132389 9999
3349.018765 9999
3350.893914 9999
3352.776704 9999
3354.699345 9999
3356.641039 9999
3358.540174 9999
3360.459659 9999
3362.370063 9999
3364.284611 9999.0
3366.472721 9999
3368.375956 9999
3370.274954 9999
3372.157719 9999
3374.050577 9999
3375.92729 9999
3377.824521 9999
3379.710483 9999
3381.614264 9999
3383.512011 9999
3385.419609 9999
3387.313773 9999
3389.206548 9999
3391.108208 9999
3393.004465 9999
3394.948722 9999.0
3397.107913 9999
3398.993268 9999
3400.860911 9999
3402.745348 9999
3404.696386 9999
3406.549205 9999
3408.432486 9999
3410.333366 9999
3412.252425 9999
3414.169502 9999
3416.079352 9999
3417.988236 9999
3419.904792 9999
3421.80183 9999
3423.701772 9999
3425.607752 9999.0
3427.792039 9999
3429.686658 9999
3431.586235 9999
3433.479774 9999
3435.339674 9999
3437.223334 9999
3439.116787 9999
3441.049613 9999
3442.99415 9999
3444.925565 9999
3446.813329 9999
3448.706891 9999
3450.603748 9999
3452.539626 9999
3454.439865 9999
3456.375024 9999.0
3458.548844 9999
3460.428657 9999
3462.335945 9999
3464.232811 9999
3466.124345 9999
3468.011372 9999
3469.88819 9999
3471.787084 9999
3473.68127 9999
3475.583628 9999
3477.471963 9999
3479.343506 9999
3481.237716 9999
3483.1333 9999
3485.032303 9999
3486.960619 9999.0
3489.124468 9999
3491.053564 9999
3492.973724 9999
3494.897313 9999
3496.811718 9999
3498.709361 9999
3500.630931 9999
3502.526586 9999
3504.438421 9999
3506.317867 9999
3508.216134 9999
3510.126178 9999
3512.024912 9999
3513.889343 9999
3515.765752 9999
3517.68556 9999.0
3519.888239 9999
3521.790457 9999
3523.678937 9999
3525.568068 9999
3527.502996 9999
3529.416299 9999
3531.279769 9999
3533.163969 9999
3535.04048 9999
3536.94027 9999
3538.816597 9999
3540.708606 9999
3542.612225 9999
3544.5146 9999
3546.422545 9999
3548.340219 9999.0
3550.55282 9999
3552.470401 9999
3554.380071 9999
3556.285582 9999
3558.205076 9999
3560.125156 9999
3562.023769 9999
3563.934306 9999
3565.849597 9999
3567.758108 9999
3569.655974 9999
3571.597443 9999
3573.494404 9999
3575.378178 9999
3577.26438 9999
3579.180059 9999.0
3581.343798 9999
3583.241406 9999
3585.132749 9999
3587.032275 9999
3588.946702 9999
3590.845549 9999
3592.744476 9999
3594.636141 9999
3596.545462 9999
3598.432682 9999
3600.325601 9999
