79.30319 25.581717968
158.622103 25.5845042864
171.16558 3.27588756879
250.516094 25.5723953247
329.951686 25.6083176931
665.205858 110.842481295
677.547148 3.24179927508
689.755834 3.23458894094
702.09721 3.27149422963
781.650617 25.6033442815
794.141898 3.26440032323
873.360391 25.547203064
952.763324 25.5666562716
965.137823 3.24068331718
1044.373529 25.5622076193
1056.748622 3.23089607557
1068.972968 3.21689303716
1081.45055 3.28377000491
1093.939552 3.26517534256
1173.258592 25.5870313644
1185.684118 3.26359097163
1198.108359 3.29582794507
1210.433539 3.25699472427
1223.011525 3.28368631999
1558.195858 110.854629437
1570.638132 3.28626863162
1650.073156 25.6402542591
1729.476702 25.5811410745
1741.88397 3.25917132696
1754.276108 3.27411460876
1833.628538 25.568915685
1846.186039 3.28236262004
1858.494553 3.25551668803
1937.730653 25.5523613294
1950.221702 3.28448200226
1962.61408 3.27069600423
2041.915787 25.5641216437
2054.457413 3.27159833908
2066.885203 3.29034964244
2079.424296 3.30738862356
2158.994109 25.6004276276
2171.534726 3.2761490345
2506.757032 110.867694378
2519.198237 3.26584100723
2598.450097 25.5577963193
2610.775391 3.22658228874
2945.930745 110.867579619
2958.37456 3.27123904228
3037.507784 25.5411113103
3117.075676 25.5802973906
3129.485095 3.25925437609
3141.9295 3.2798233827
3154.301192 3.25731563568
3166.859884 3.29731432597
3246.327763 25.6088783741
3258.786133 3.26740392049
3271.098202 3.26593605677
3350.316471 25.5374232133
3362.821728 3.2538116773
3442.073947 25.549238046
3454.531875 3.24796668688
3533.66845 25.5363559723
3546.159495 3.27302010854
3558.57116 3.25751241048
3637.970604 25.5837055842
