4.575478 0.622238318125
8.96313 0.621072689692
13.331407 0.605542023977
17.735678 0.632060289383
22.036916 0.603085041046
26.377131 0.623031775157
30.696488 0.611428578695
35.112633 0.620741685232
39.348678 0.600291093191
43.754796 0.634531736374
48.087373 0.621542612712
52.441059 0.622918367386
56.76019 0.612684567769
61.09752 0.625175952911
65.499301 0.605447053909
69.852611 0.606173674266
74.240634 0.626900116603
78.542224 0.620138963064
82.911553 0.624111652374
87.280299 0.633305390676
91.600019 0.607683022817
96.052999 0.620070060094
100.489222 0.646400292714
104.809466 0.631061315536
109.128008 0.634291966756
113.465119 0.607014656067
117.767053 0.610344250997
122.137335 0.603333393733
126.573399 0.606108665466
130.862544 0.601080020269
135.212082 0.633427699407
139.481342 0.598452329636
143.70192 0.590024630229
147.970825 0.593128363291
152.310092 0.618247032166
156.762769 0.625684261322
161.078596 0.620259046555
165.366384 0.612083276113
169.668828 0.599883715312
173.904088 0.592284282049
178.256795 0.626894632975
182.610808 0.62189523379
187.180128 0.630035638809
191.500036 0.615384737651
195.919144 0.641517321269
200.273606 0.619349002838
204.541496 0.615918000539
208.844746 0.604429642359
213.180285 0.616478999456
217.683298 0.627462784449
221.986567 0.613540967306
226.372727 0.618960698446
230.725766 0.627713044484
235.065493 0.618863582611
239.497447 0.62904493014
243.834456 0.620708624522
248.353953 0.625442345937
252.692474 0.630342960358
257.07559 0.635597705841
261.351575 0.614591916402
265.631999 0.593299945196
270.00208 0.619396924973
274.270483 0.602865934372
278.740137 0.61473663648
283.109898 0.610422293345
287.413175 0.614822308222
291.816014 0.62212228775
296.235376 0.602794329325
300.588681 0.625516891479
304.942052 0.621084213257
309.46147 0.633352041245
313.86396 0.627981344859
318.216065 0.607783953349
322.573011 0.615298906962
326.973329 0.627768993378
331.324711 0.617731253306
335.678868 0.628552595774
340.148029 0.61124531428
344.450609 0.599340597788
348.736961 0.603032588959
353.022703 0.6151090463
357.358963 0.605501969655
361.761815 0.630193074544
366.098253 0.621226708094
370.533923 0.616983334223
374.870542 0.623874982198
379.190203 0.623001893361
383.477066 0.612369696299
387.829347 0.612857977549
392.064831 0.60134768486
396.420679 0.620153427124
400.871752 0.621605714162
405.258439 0.620429674784
409.527224 0.599927902222
413.896918 0.619426965714
418.266395 0.615226745605
422.618956 0.615296363831
426.958456 0.634474039078
431.358913 0.603710571925
435.743569 0.6248366038
440.097025 0.624521970749
444.367193 0.601298014323
448.68699 0.614530563354
452.957425 0.613662719727
457.324621 0.621760050456
461.795278 0.607821385066
466.264229 0.640431404114
470.567754 0.60741798083
474.920901 0.609426657359
479.25585 0.613000154495
483.625866 0.618586778641
487.961834 0.614115953445
492.34772 0.602304299672
496.650959 0.609264930089
501.020934 0.639742612839
505.357444 0.622282663981
509.643471 0.61967754364
513.948814 0.624353726705
518.315087 0.619123617808
522.835387 0.634436925252
527.105258 0.607749303182
531.490964 0.63815331459
535.860236 0.624068339666
540.180489 0.61230635643
544.450141 0.615242322286
548.738912 0.621182998021
553.239277 0.619469960531
557.691736 0.640816370646
562.010672 0.620719114939
566.3307 0.616104125977
570.650291 0.6147163709
574.953847 0.614442984263
579.256266 0.612475236257
583.792455 0.629417975744
588.19593 0.616555054983
592.482712 0.61834692955
596.851168 0.629980325699
601.220838 0.627383629481
605.556178 0.628891070684
609.859163 0.614204963048
614.37901 0.635848124822
618.65155 0.591858307521
622.984999 0.620640913645
627.2216 0.600742975871
631.557193 0.605521599452
635.84347 0.586131652196
640.196067 0.626028378805
644.766929 0.631965001424
649.086345 0.605079332987
653.40782 0.607432285945
657.707831 0.614688475927
662.027261 0.594727277756
666.330314 0.605573574702
670.699007 0.630429585775
675.15569 0.61416665713
679.441582 0.610983053843
683.875242 0.632985035578
688.211093 0.629212299983
692.496775 0.623773733775
696.786771 0.605528434118
701.086861 0.633968671163
705.606518 0.625801404317
709.959595 0.618451992671
714.278702 0.62097064654
718.547605 0.615366061529
722.884586 0.620397647222
727.20365 0.63175201416
731.506982 0.615971644719
736.113474 0.616504669189
740.447685 0.61015923818
744.832229 0.620737950007
749.151485 0.608748992284
753.388127 0.607216676076
757.723773 0.622497002284
762.094189 0.630067984263
766.696267 0.628644227982
771.098602 0.635199308395
775.386105 0.609178066254
779.755119 0.629541079203
784.091401 0.607373396556
788.444154 0.627378940582
792.697392 0.607807636261
797.350765 0.622687657674
801.703969 0.62602297465
806.056261 0.637991984685
810.393317 0.626148621241
814.744987 0.620370785395
818.99834 0.60394859314
823.301637 0.613973299662
827.870906 0.628718296687
832.189735 0.624291976293
836.459101 0.611951589584
840.828774 0.616663297017
845.218692 0.625659624736
849.521016 0.612600247065
853.938392 0.633636236191
858.475007 0.634007692337
862.729557 0.60524837176
867.080196 0.622664292653
871.348899 0.607075293859
875.638715 0.620617071788
880.054084 0.624074697495
884.324448 0.609898408254
888.827164 0.626088062922
893.113592 0.592006365458
897.533728 0.627131700516
901.81985 0.595185359319
906.189141 0.62140973409
910.474921 0.616322676341
914.728152 0.605341037114
919.281602 0.625556627909
923.650582 0.61444067955
927.97043 0.616997241974
932.322983 0.608192046483
936.593058 0.609193642934
940.995457 0.632960001628
945.298509 0.614239613215
949.754406 0.612485965093
954.103343 0.635120709737
958.439945 0.612897396088
962.776023 0.628017266591
967.129367 0.646790742874
971.46528 0.622185627619
975.734286 0.609750270844
980.25592 0.604169925054
984.591066 0.6076019605
988.929372 0.633691708247
993.196316 0.614576657613
997.582273 0.649404764175
1001.852027 0.608728329341
1006.22244 0.645445664724
1010.827426 0.625004609426
1015.279371 0.626813014348
1019.547485 0.616892019908
1023.816753 0.612407048543
1028.186263 0.627818981806
1032.622275 0.635877291361
1036.792648 0.588305234909
1041.311716 0.615624666214
1045.631076 0.611164013545
1049.900999 0.59860197703
1054.253534 0.616222699483
1058.522771 0.607458353043
1062.875138 0.611514568329
1067.211398 0.611013968786
1071.848295 0.635009288788
1076.234211 0.634449005127
1080.538471 0.623788356781
1084.908176 0.621509393056
1089.193218 0.606931209564
1093.429709 0.591845671336
1097.7147 0.618029673894
1102.251944 0.626384337743
1106.571139 0.609829982122
1110.926232 0.619264682134
1115.26118 0.625480333964
1119.597031 0.625481685003
1123.933067 0.614301602046
1128.237167 0.624185641607
1132.83819 0.634927590688
1137.158144 0.610718727112
1141.445018 0.608488003413
1145.697373 0.603832006454
1150.066581 0.629050652186
1154.436277 0.632298231125
1158.723651 0.610646009445
1163.242031 0.600117762884
1167.546356 0.618357658386
1171.834654 0.620781262716
1176.137217 0.621256987254
1180.520667 0.624967257182
1184.84015 0.633118947347
1189.144667 0.625886996587
1193.795908 0.63690773646
1198.082116 0.59060160319
1202.468766 0.619482040405
1206.754108 0.59879565239
1211.091116 0.620574712753
1215.443953 0.617572069168
1219.79694 0.610785007477
1224.316069 0.629404624303
1228.636008 0.601604382197
1232.904848 0.610644658407
1237.307894 0.634015957514
1241.544066 0.586588939031
1245.89618 0.622462034225
1250.282787 0.635754346848
1254.819717 0.607992649078
1259.088897 0.609592994054
1263.362303 0.615513324738
1267.661561 0.615529696147
1272.064885 0.630911668142
1276.417139 0.614898284276
1280.703357 0.623641967773
1285.273397 0.628295739492
1289.629563 0.62714600563
1293.911645 0.60973461469
1298.232648 0.608758290609
1302.570045 0.620996952057
1306.836487 0.61776192983
1311.206686 0.622825225194
1315.809347 0.63224029541
1320.062408 0.601813077927
1324.38474 0.612998326619
1328.652013 0.60836537679
1333.00442 0.621354341507
1337.374792 0.615712245305
1341.695157 0.620168368022
1346.246221 0.611133098602
1350.600031 0.617970625559
1354.835562 0.602819283803
1359.171501 0.620055993398
1363.474519 0.613710641861
1367.828687 0.613490343094
1372.196896 0.635605971018
1376.750339 0.621416568756
1381.119493 0.624914725622
1385.456181 0.62105067571
1389.74266 0.615868409475
1394.045148 0.61524438858
1398.331084 0.619288285573
1402.600962 0.596613883972
1407.170115 0.611476580302
1411.556166 0.63107474645
1415.929356 0.624591668447
1420.264479 0.615350405375
1424.565394 0.629030625025
1428.954709 0.624216000239
1433.354294 0.63102332751
1437.856661 0.612096309662
1442.244013 0.623563448588
1446.529193 0.606511990229
1450.848479 0.631180047989
1455.169248 0.6156270504
1459.454912 0.624002377192
1463.757353 0.617524385452
1468.427244 0.638940016429
1472.696916 0.601310014725
1477.049927 0.625983635585
1481.353245 0.629378636678
1485.641289 0.600437641144
1490.041661 0.623722314835
1494.278105 0.587318261464
1498.764226 0.603127082189
1503.183901 0.624412298203
1507.586665 0.625495910645
1511.907499 0.620537439982
1516.292654 0.624767621358
1520.644948 0.619703610738
1524.93456 0.61839167277
1529.554289 0.638451655706
1533.890758 0.616441965103
1538.273848 0.640933990479
1542.526111 0.616468350093
1546.762647 0.609515031179
1551.098277 0.614341100057
1555.387922 0.620933612188
1560.104246 0.623889684677
1564.40757 0.608565409978
1568.744035 0.612954696019
1573.046378 0.590562661489
1577.398917 0.63085770607
1581.818497 0.624433040619
1586.172193 0.614907979965
1590.758595 0.628846247991
1594.977584 0.586114009221
1599.313631 0.607569932938
1603.633823 0.616458336512
1607.970391 0.616483688354
1612.372666 0.630812644958
1616.742651 0.631237347921
1621.345523 0.625006039937
1625.732056 0.628009955088
1630.066846 0.620630025864
1634.33779 0.619646628698
1638.657444 0.615883350372
1643.026613 0.623364289602
1647.361874 0.622889041901
1651.951544 0.626348257065
1656.286108 0.628615697225
1660.521543 0.60075100263
1664.906429 0.619556665421
1669.310787 0.633748690287
1673.613508 0.6146179835
1677.948985 0.606833934784
1682.518802 0.622231086095
1686.838964 0.617284297943
1691.191787 0.622447411219
1695.560545 0.627740303675
1699.880645 0.621783256531
1704.236612 0.63275329272
1708.636409 0.62567337354
1713.255686 0.627592245738
1717.57599 0.624120394389
1721.861839 0.617025375366
1726.130654 0.616906007131
1730.453574 0.613608042399
1734.78689 0.616931041082
1739.142651 0.644893010457
1743.727601 0.601901690165
1748.079274 0.616178035736
1752.382229 0.618972301483
1756.734753 0.623893340429
1761.070039 0.618625958761
1765.407493 0.624672969182
1769.627009 0.594255288442
1774.179081 0.601902325948
1778.449013 0.610605716705
1782.768299 0.623051007589
1787.140647 0.618446985881
1791.493117 0.628610928853
1795.744654 0.610506772995
1800.114218 0.620722929637
1804.752871 0.622811396917
1809.086164 0.635889927546
1813.306461 0.614549080531
1817.591779 0.611865679423
1821.877611 0.615250984828
1826.164086 0.612243254979
1830.466713 0.629347324371
1835.070015 0.608637571335
1839.406299 0.617294390996
1843.659052 0.616156975428
1848.011818 0.614503065745
1852.465057 0.650329271952
1856.76867 0.623073339462
1861.172521 0.6364894708
1865.707812 0.601699034373
1869.975942 0.599443038305
1874.213242 0.595723628998
1878.631988 0.634116093318
1882.985221 0.635423342387
1887.287099 0.608919302622
1891.640808 0.623320420583
1896.243519 0.625251054764
1900.549466 0.61133869489
1904.865723 0.621952613195
1909.152862 0.606509208679
1913.389318 0.586434364319
1917.691833 0.609011650085
1922.028153 0.624132076899
1926.531225 0.608843008677
1930.88256 0.62494134903
1935.236582 0.626476685206
1939.52241 0.615043560664
1943.85856 0.626176913579
1948.094185 0.601241985957
1952.447746 0.608939568202
1957.001349 0.617264588674
1961.336443 0.621198256811
1965.722615 0.630440711975
1970.059526 0.619084676107
1974.362104 0.611218372981
1978.647928 0.604606310527
1983.050498 0.628642956416
1987.604543 0.62802139918
1991.80738 0.591192404429
1996.159626 0.625221649806
2000.49639 0.621687650681
2004.865238 0.629990657171
2009.236025 0.621497710546
2013.574725 0.613153616587
2018.223699 0.625004688899
2022.543859 0.618003686269
2026.863705 0.611951033274
2031.116066 0.605261643728
2035.519679 0.63778034846
2039.82168 0.60285671552
2044.191617 0.620409647624
2048.66117 0.591606378555
2053.064269 0.644842624664
2057.366748 0.609973033269
2061.686859 0.624123970668
2066.006862 0.616562604904
2070.326381 0.622186899185
2074.562272 0.613789002101
2079.084447 0.62133026123
2083.417224 0.635141928991
2087.770294 0.62505698204
2092.026536 0.607620954514
2096.413023 0.634874343872
2100.732214 0.608328978221
2105.065413 0.635590235392
2109.68547 0.640026648839
2114.087349 0.633694410324
2118.307264 0.600324233373
2122.643699 0.623999993006
2126.996116 0.626714626948
2131.316133 0.617856661479
2135.718818 0.630813916524
2140.222198 0.621610323588
2144.524903 0.623116652171
2148.914326 0.630432526271
2153.196982 0.616885105769
2157.533728 0.624474366506
2161.803121 0.6123102506
2166.256736 0.63746770223
2170.809603 0.610017061234
2175.211719 0.630274057388
2179.499858 0.61429198583
2183.851133 0.625269969304
2188.153471 0.604615688324
2192.423372 0.590749263763
2196.84265 0.642539580663
2201.512506 0.632460355759
2205.831948 0.616044600805
2210.117898 0.624199390411
2214.371654 0.594522158305
2218.65633 0.607795000076
2222.976378 0.634676297506
2227.346683 0.61883687973
2231.898701 0.617189327876
2236.135402 0.587412993113
2240.52182 0.619344313939
2244.806901 0.61968533198
2249.144336 0.60698334376
2253.480156 0.626041730245
2257.849551 0.633357127508
2262.385617 0.609127362569
2266.722287 0.629379987717
2270.990928 0.610594352086
2275.394856 0.62912607193
2279.74768 0.612255652746
2284.050948 0.596939325333
2288.369946 0.61986374855
2292.956363 0.629182974497
2297.30953 0.637266079585
2301.645044 0.622362693151
2305.931507 0.603053649267
2310.317779 0.625323692958
2314.586685 0.611006339391
2318.893363 0.622801939646
2323.476549 0.614897012711
2327.749047 0.595154047012
2332.117458 0.629821379979
2336.367628 0.61026207606
2340.740794 0.620892365774
2345.123876 0.624142726262
2349.442959 0.617288351059
2353.946526 0.612089713415
2358.284101 0.633056322734
2362.585618 0.604480743408
2366.938166 0.620214939117
2371.208749 0.613180319468
2375.510417 0.609422763189
2379.763657 0.608684937159
2384.333415 0.629414876302
2388.55271 0.586859703064
2392.90841 0.618721008301
2397.208986 0.603065331777
2401.54408 0.615879058838
2405.798112 0.618808428446
2410.150793 0.639705340068
2414.720023 0.633727629979
2418.973563 0.607361952464
2423.242196 0.61775859197
2427.512246 0.627952734629
2431.764212 0.612732013067
2436.118268 0.629639625549
2440.420451 0.613521734873
2445.089524 0.634575446447
2449.359641 0.612775405248
2453.678697 0.626573324203
2457.947818 0.617329676946
2462.234246 0.616417010625
2466.571327 0.630384286245
2470.940266 0.626605351766
2475.594298 0.619078000387
2479.932785 0.625866333644
2484.299103 0.624440749486
2488.603634 0.630390644073
2492.92302 0.620131413142
2497.292672 0.624940315882
2501.661768 0.617077747981
2506.213535 0.608536640803
2510.516956 0.618214686712
2514.852497 0.619502941767
2519.141495 0.623526334763
2523.458844 0.629600286484
2527.795314 0.61726975441
2532.063956 0.59314195315
2536.670417 0.638147274653
2541.037075 0.614394982656
2545.290118 0.597379604975
2549.625932 0.633383274078
2553.948163 0.608944098155
2558.248707 0.629308144252
2562.534704 0.616261641184
2567.186776 0.639734347661
2571.490288 0.625983397166
2575.746377 0.593222618103
2580.062848 0.623395045598
2584.365557 0.615780353546
2588.720369 0.631254037221
2593.037491 0.63100639979
2597.607342 0.62236571312
2601.99794 0.626524686813
2606.313314 0.621416648229
2610.599778 0.603543678919
2614.835628 0.598935047785
2619.188747 0.634614388148
2623.492001 0.624474366506
2628.128618 0.628544569016
2632.463855 0.612898429235
2636.783491 0.604229370753
2641.088272 0.624197642008
2645.472379 0.632910648982
2649.759929 0.609271446864
2654.144866 0.635205586751
2658.815472 0.629976669947
2663.117693 0.620491981506
2667.454296 0.63099471728
2671.706831 0.607110579809
2675.976289 0.61853035291
2680.329549 0.621365944544
2684.666081 0.615414381027
2689.219194 0.623456001282
2693.573476 0.629559675852
2697.840071 0.60075211525
2702.226801 0.637416760127
2706.579789 0.617101669312
2710.932466 0.62016471227
2715.218075 0.614821990331
2719.838324 0.618791659673
2724.074731 0.594288984934
2728.394554 0.599805037181
2732.697489 0.622024615606
2736.999647 0.615372737249
2741.256743 0.612872680028
2745.571898 0.618505001068
2750.226103 0.628568410873
2754.544835 0.609387079875
2758.863855 0.617414712906
2763.234079 0.637517929077
2767.586719 0.616593360901
2771.989673 0.631965319316
2776.343186 0.623391310374
2780.929251 0.627237240473
2785.247878 0.616672039032
2789.568158 0.616002718608
2793.771214 0.595655679703
2798.108124 0.606193621953
2802.393138 0.613909562429
2806.679703 0.62261557579
2811.200048 0.619524081548
2815.534806 0.619674364726
2819.77409 0.584669748942
2824.12394 0.637792348862
2828.477183 0.631738026937
2832.732573 0.614145119985
2837.066459 0.623004039129
2841.602096 0.607703924179
2845.888763 0.621610005697
2850.22477 0.62811032931
2854.543958 0.619823614756
2858.864996 0.626682360967
2863.167318 0.619477907817
2867.435974 0.603029330571
2872.005703 0.635612726212
2876.276129 0.610670725505
2880.661254 0.631865024567
2884.897449 0.616090933482
2889.251791 0.630444288254
2893.486715 0.604048967361
2897.822509 0.624475638072
2902.29221 0.599564870199
2906.611992 0.63178173701
2910.947928 0.618640025457
2915.267489 0.613561789195
2919.63793 0.639474709829
2923.97416 0.623867034912
2928.276706 0.622804244359
2932.896144 0.623250404994
2937.249486 0.626694043477
2941.518132 0.619754314423
2945.740456 0.588902235031
2950.073832 0.625385920207
2954.293665 0.594893058141
2958.579015 0.605115016301
2963.116164 0.624927361806
2967.43789 0.600284576416
2971.722162 0.617774566015
2976.041372 0.611465771993
2980.34367 0.615205367406
2984.680331 0.628658612569
2988.949207 0.618813355764
2993.436127 0.603768348694
2997.738995 0.620717684428
3002.058677 0.624030987422
3006.263982 0.594315369924
3010.5977 0.615967035294
3014.953671 0.638453324636
3019.220151 0.615618228912
3023.873671 0.644821246465
3028.175698 0.612557093302
3032.449192 0.612123092016
3036.750569 0.611860354741
3041.017044 0.617035071055
3045.25406 0.610495964686
3049.507751 0.60501408577
3053.959434 0.60164197286
3058.278933 0.613841613134
3062.598696 0.626746972402
3066.951605 0.641872723897
3071.170643 0.594233910243
3075.474353 0.605416297913
3079.793298 0.628339767456
3084.380313 0.632393757502
3088.733587 0.624411344528
3093.002331 0.607545296351
3097.305274 0.614016373952
3101.625201 0.618884245555
3105.843587 0.599358638128
3110.163363 0.612939914068
3114.751867 0.609944740931
3119.052218 0.606682062149
3123.422141 0.620321671168
3127.742235 0.617263317108
3132.16074 0.636023918788
3136.36346 0.598151286443
3140.584075 0.595381975174
3145.186865 0.641573031743
3149.489132 0.613204638163
3153.792502 0.619875590007
3158.028111 0.59503364563
3162.314652 0.619146029154
3166.600953 0.614138682683
3170.953641 0.636256694794
3175.490703 0.615862369537
3179.828937 0.631133238475
3184.146072 0.621893088023
3188.464813 0.624848604202
3192.801522 0.634375890096
3197.120258 0.640486955643
3201.392499 0.610386371613
3205.993629 0.616437673569
3210.265797 0.599497000376
3214.515929 0.610114018122
3218.80203 0.603487968445
3223.038292 0.60976600647
3227.307254 0.588658809662
3231.594879 0.606423616409
3236.16369 0.621312379837
3240.533565 0.627410968145
3244.88571 0.635401169459
3249.172368 0.621018886566
3253.374433 0.587766329447
3257.727673 0.612881739934
3262.096911 0.622696955999
3266.633687 0.613592545191
3271.020305 0.634115378062
3275.33933 0.63565826416
3279.67453 0.625783761342
3283.995554 0.61500954628
3288.347388 0.631666262945
3292.63402 0.627196947734
3297.170673 0.612054347992
3301.474326 0.623571316401
3305.792224 0.616949319839
3310.165697 0.635229667028
3314.498699 0.625353018443
3318.768223 0.608877658844
3323.155682 0.61761768659
3327.692022 0.632977962494
3332.060535 0.63058924675
3336.329846 0.599785248439
3340.682136 0.628431081772
3344.968092 0.622293313344
3349.288311 0.619449297587
3353.607165 0.624742984772
3358.22675 0.622841358185
3362.446597 0.592932621638
3366.649676 0.597643693288
3370.935942 0.6273949941
3375.254826 0.616662979126
3379.626079 0.640993674596
3383.881297 0.618720054626
3388.43361 0.60463809967
3392.750408 0.612336317698
3396.986857 0.598181009293
3401.305714 0.627850453059
3405.625765 0.6190208594
3409.928543 0.623428662618
3414.280945 0.617463986079
3418.871155 0.631333033244
3423.203502 0.618057012558
3427.57299 0.636559724808
3431.842106 0.613346656164
3436.095385 0.60355091095
3440.448514 0.616591294607
3444.752704 0.611696243286
3449.288661 0.60653535525
3453.590585 0.62753645579
3457.961753 0.625308593114
3462.279704 0.627546707789
3466.598462 0.622704982758
3470.83512 0.607838233312
3475.140602 0.616681257884
3479.82409 0.634314616521
3484.062613 0.592075665792
3488.380254 0.624001264572
3492.616123 0.594446738561
3496.985886 0.622081359227
3501.288283 0.611178080241
3505.541927 0.600335677465
3510.09446 0.618128935496
3514.347303 0.606956402461
3518.700073 0.615860700607
3523.053241 0.61054333051
3527.406089 0.618627945582
3531.759371 0.606588363647
3536.064709 0.619111617406
3540.680649 0.593554973602
3544.968206 0.592942317327
3549.288536 0.611964623133
3553.675333 0.61309838295
3557.96313 0.597250461578
3562.312012 0.603230317434
3566.648941 0.627073685328
3571.284951 0.595296303431
3575.588025 0.617242336273
3579.840345 0.610939264297
3584.176247 0.612744013468
3588.56277 0.620398044586
3592.919099 0.621183315913
3597.290201 0.631472031275
3601.955536 0.61191368103
3606.359167 0.635353008906
3610.76193 0.629048665365
3615.096845 0.619591712952
3619.382843 0.620626608531
3623.75396 0.624980052312
3628.024127 0.611119667689
3632.642756 0.600167671839
3636.995164 0.607266982396
3641.314303 0.631197690964
3645.717657 0.644625266393
3649.969757 0.613075256348
3654.274037 0.620641072591
3658.679463 0.638782739639
3663.429691 0.626664241155
3667.765397 0.628168662389
3672.067858 0.623516718547
3676.421214 0.605348110199
3680.773908 0.626175642014
3685.144975 0.631045659383
3689.466331 0.612001339595
3694.083863 0.604932546616
3698.388783 0.618936379751
3702.759339 0.622970104218
3707.058698 0.621475060781
3711.327496 0.59282930692
3715.647025 0.614004691442
3719.970012 0.621235291163
3724.720386 0.633129676183
3729.072304 0.621084690094
3733.391692 0.611648639043
3737.695351 0.609223365784
3741.981147 0.595996061961
3746.370074 0.638810952504
3750.687785 0.612259705861
3755.373418 0.603006362915
3759.67621 0.620117028554
3763.929854 0.60765727361
3768.231723 0.619287252426
3772.555318 0.615012963613
3776.820548 0.588441054026
3781.106991 0.615691661835
3785.881007 0.635951677958
3790.163299 0.619800011317
3794.499197 0.628246068954
3798.73478 0.611033678055
3802.940866 0.602538267771
3807.207457 0.607943058014
3811.610253 0.63245399793
3816.330556 0.63370402654
3820.633389 0.603138287862
3824.952676 0.628350973129
3829.289554 0.614811976751
3833.659866 0.625745693843
3838.01454 0.623878717422
3842.363592 0.621558904648
3847.033573 0.611088752747
3851.438234 0.632637341817
3855.673153 0.591560045878
3860.02567 0.621845006943
3864.329157 0.619337320328
3868.669085 0.629540363948
3873.051814 0.6248746713
3877.721247 0.626711686452
3881.909429 0.59299826622
3886.22651 0.624062935511
3890.616303 0.623088677724
3894.851337 0.594034036001
3899.185655 0.616174300512
3903.470852 0.621756394704
3908.091274 0.619911352793
3912.494701 0.630713383357
3916.896312 0.63623936971
3921.268358 0.639474630356
3925.655423 0.623271942139
3930.021914 0.633282105128
3934.274595 0.590441544851
3938.944838 0.637007077535
3943.264546 0.608455340068
3947.600272 0.622399648031
3951.903468 0.612029631933
3956.308153 0.628379662832
3960.692079 0.626402060191
3964.945731 0.589747428894
3969.6184 0.635121107101
3973.934575 0.616084973017
3978.22038 0.603280305862
3982.574844 0.618633349737
3986.843572 0.614998579025
3991.179302 0.62825067838
3995.432441 0.612924019496
3999.937904 0.608282327652
4004.354699 0.64053328832
4008.640911 0.608642339706
4012.993213 0.618521293004
4017.263745 0.603839635849
4021.61689 0.614723205566
4025.885998 0.611423651377
4030.539189 0.611245393753
4034.942325 0.635857661565
4039.277866 0.609388748805
4043.565044 0.609245697657
4047.866168 0.621838728587
4052.220194 0.628957986832
4056.505947 0.601883331935
4061.142572 0.618998924891
4065.495955 0.604535977046
4069.76423 0.606770356496
4074.135198 0.610573689143
4078.421195 0.618570486705
4082.773233 0.628953615824
4087.143814 0.630395730337
4091.812921 0.61115304629
4096.115563 0.624584674835
4100.485286 0.616902033488
4104.905042 0.626290400823
4109.207487 0.615533034007
4113.578058 0.625244617462
4117.897111 0.623317321142
4122.63356 0.626085122426
4127.039411 0.638538360596
4131.306283 0.593642234802
4135.625367 0.624499400457
4139.944461 0.627289295197
4144.264025 0.618312120438
4148.667497 0.629690408707
4153.370069 0.630778630575
4157.673488 0.621172030767
4161.958915 0.620223045349
4166.280513 0.622776269913
4170.615295 0.608114719391
4174.917471 0.614085038503
4179.287812 0.633470773697
4183.99243 0.613691409429
4188.327253 0.624696334203
4192.695793 0.637536605199
4197.015428 0.617860635122
4201.302642 0.613435983658
4205.638412 0.631821314494
4209.940444 0.604294697444
4214.660729 0.619181950887
4218.997076 0.627274274826
4223.316156 0.612451950709
4227.602256 0.607167959213
4231.889112 0.611325422923
4236.145415 0.62220732371
4240.511706 0.61003224055
4245.13105 0.620349645615
4249.383967 0.613168398539
4253.769475 0.627291679382
4258.15715 0.62545132637
4262.37563 0.592875639598
4266.780595 0.628271261851
4271.166193 0.628276983897
4275.900775 0.624191363653
4280.220674 0.611778736115
4284.574211 0.629535675049
4288.843093 0.62039399147
4293.212916 0.617499987284
4297.41504 0.589824597041
4301.803629 0.649223645528
4306.455057 0.626131375631
4310.740911 0.591512203217
4315.143892 0.63156970342
4319.514019 0.627118349075
4323.849514 0.614871740341
4328.119113 0.604134003321
4332.42217 0.600397825241
4337.159233 0.634379704793
4341.478722 0.610770622889
4345.780339 0.61873404185
4350.117276 0.631706794103
4354.453411 0.611411650976
4358.80608 0.618192672729
4363.108578 0.612410068512
4367.611708 0.58859093984
4371.948305 0.596911271413
4376.267124 0.623121976852
4380.587518 0.617283344269
4384.922451 0.622149387995
4389.260288 0.619179328283
4393.54568 0.610177357992
4398.33308 0.640154043833
4402.701692 0.622363726298
4407.070845 0.640398899714
4411.357535 0.626941919327
4415.59346 0.60339530309
4419.996587 0.631000359853
4424.332141 0.608605066935
4429.018512 0.615655660629
4433.389088 0.621889193853
4437.775347 0.629516601562
4442.110576 0.602971633275
4446.446978 0.617645978928
4450.769643 0.609866301219
4455.136232 0.621213674545
4459.889096 0.630808273951
4464.192034 0.624504645665
4468.528578 0.620059013367
4472.764685 0.59819428126
4477.151838 0.629321654638
4481.389709 0.594549735387
4485.673575 0.586338361104
4490.293459 0.600661754608
4494.612553 0.615959008535
4498.882203 0.616356690725
4503.267554 0.616367578506
4507.537727 0.598303953807
4511.907612 0.628570318222
4516.293498 0.610583225886
4520.979683 0.62126382192
4525.286298 0.611181974411
4529.585886 0.616996367772
4533.9721 0.632458289464
4538.242126 0.619216680527
4542.596885 0.635983308156
4546.84706 0.614681402842
4551.483083 0.618130366007
4555.786309 0.626346588135
4560.088839 0.619792699814
4564.408865 0.620281537374
4568.780859 0.622971773148
4573.148211 0.61464770635
4577.434607 0.611270348231
4582.089342 0.609932025274
4586.289836 0.586474339167
4590.625881 0.623322327932
4595.097956 0.625880320867
4599.334797 0.608796676
4603.618039 0.611809015274
4607.954522 0.62270394961
4612.490073 0.626358588537
4616.794358 0.614631970723
4621.095454 0.615099271139
4625.518613 0.638876914978
4629.835223 0.629942337672
4634.121889 0.608998060226
4638.440566 0.631000995636
4643.061351 0.630783398946
4647.396479 0.635464350382
4651.66643 0.610650698344
4656.01889 0.630010286967
4660.388717 0.623148123423
4664.741032 0.639955917994
4669.011176 0.61749958992
4673.747134 0.62988336881
4678.1175 0.628081639608
4682.405434 0.622949361801
4686.872944 0.647741556168
4691.161312 0.62233877182
4695.414212 0.607167959213
4699.782211 0.621561686198
4704.453352 0.635625282923
4708.836783 0.639717658361
4713.156862 0.63131459554
4717.460433 0.624393304189
4721.79609 0.63037888209
4726.10094 0.624745686849
4730.454708 0.628177324931
4734.971269 0.602581739426
4739.307168 0.615262667338
4743.710386 0.643536726634
4747.979602 0.594176371892
4752.350128 0.624581257502
4756.702036 0.614238103231
4760.95533 0.612234989802
4765.708127 0.635645310084
4769.978083 0.602413972219
4774.247575 0.609527587891
4778.552991 0.617944081624
4782.919758 0.624377250671
4787.189235 0.619531154633
4791.575371 0.632012367249
4796.179219 0.627309242884
4800.531183 0.623047351837
4804.753777 0.600078264872
4809.069831 0.606018622716
4813.390769 0.625243028005
4817.726222 0.613611857096
4822.029457 0.61915008227
4826.618982 0.629185358683
4831.002044 0.625421841939
4835.321777 0.623892227809
4839.707078 0.634828726451
4844.094604 0.628980954488
4848.396371 0.618462959925
4852.685351 0.608999411265
4857.386187 0.614098389943
4861.756148 0.621976693471
4866.091966 0.617940664291
4870.377447 0.604049046834
4874.714297 0.625867366791
4879.03403 0.610841989517
4883.33794 0.60133767128
4887.888911 0.612362702688
4892.191515 0.615734020869
4896.578159 0.622503678004
4900.847408 0.612071673075
4905.25259 0.632283290227
4909.58728 0.614386399587
4913.973052 0.628921031952
4918.575655 0.608802715937
4922.996979 0.634576002757
4927.265693 0.609595616659
4931.521599 0.610205570857
4935.955017 0.639827887217
4940.290378 0.624865611394
4944.576441 0.610683282216
4949.26656 0.628664255142
4953.56629 0.592523256938
4957.918065 0.617845694224
4962.221803 0.607348283132
4966.477802 0.608475923538
4970.798071 0.630021731059
4975.162843 0.630406777064
4979.767081 0.628688414892
4984.136672 0.628334363302
4988.573261 0.629873991013
4992.908421 0.617833296458
4997.245218 0.624587694804
5001.564603 0.618636369705
5005.935057 0.612730026245
5010.554178 0.626049041748
5014.892817 0.617856264114
5019.193241 0.616099039714
5023.51272 0.620721340179
5027.815349 0.617652893066
5032.136248 0.612599293391
5036.421839 0.609647989273
5041.074935 0.607187350591
5045.376569 0.58512934049
5049.680486 0.611527919769
5053.982826 0.618368307749
5058.351715 0.620416959127
5062.621636 0.616653601329
5066.907263 0.618984063466
5071.444566 0.606334686279
5075.746836 0.59536298116
5080.049822 0.608627637227
5084.419432 0.620105663935
5088.822418 0.624950647354
5093.224324 0.630247910817
5097.428434 0.596586942673
5102.013939 0.62348039945
5106.300126 0.605629285177
5110.656284 0.61788837115
5115.024726 0.6194896698
5119.259229 0.585418701172
5123.561521 0.61966919899
5127.947997 0.6277876695
5132.669896 0.609413305918
5136.990611 0.617857376734
5141.323751 0.611925284068
5145.676325 0.62489994367
5150.0292 0.628078540166
5154.382387 0.641256014506
5158.751623 0.622805674871
5163.471556 0.627022425334
5167.86119 0.631396691004
5172.180856 0.632569710414
5176.513301 0.612484693527
5180.817042 0.606401522954
5185.151589 0.618873675664
5189.472201 0.61040465037
5194.191077 0.608946243922
5198.461612 0.598068316778
5202.780728 0.615429242452
5207.08428 0.599252700806
5211.420477 0.616395632426
5215.789593 0.631174008052
5220.143862 0.622806628545
5224.895537 0.619564374288
5229.282073 0.621633927027
5233.584965 0.625280300776
5237.920968 0.613437970479
5242.257551 0.632724920909
5246.643942 0.624349673589
5251.063467 0.644281943639
5255.733643 0.615508715312
5260.068927 0.632655382156
5264.421746 0.630379358927
5268.808449 0.633018652598
5273.061458 0.616208235423
5277.363342 0.622251669566
5281.766932 0.631236394246
5286.453128 0.611374934514
5290.723093 0.607646226883
5295.041314 0.611158688863
5299.344646 0.627630631129
5303.732278 0.626602649689
5308.018725 0.599418004354
5312.319581 0.612537940343
5317.023282 0.617269357045
5321.309646 0.605627695719
5325.579163 0.605035066605
5330.015319 0.636704365412
5334.350975 0.638870636622
5338.67031 0.617113192876
5342.957178 0.620664040248
5347.710706 0.625764290492
5352.029909 0.625089009603
5356.265313 0.611532131831
5360.635507 0.636187632879
5364.989671 0.625743707021
5369.357351 0.619468053182
5373.676743 0.607674042384
5378.380209 0.620702664057
5382.699951 0.602911233902
5387.087035 0.623309294383
5391.422297 0.606830994288
5395.725334 0.614809354146
5400.128155 0.632999579112
5404.414466 0.614356597265
5409.117418 0.595968325933
5413.486859 0.634912331899
5417.773166 0.615517377853
5422.092589 0.615156332652
5426.345772 0.60573331515
5430.64767 0.620489358902
5435.0018 0.631412744522
5439.721094 0.627784411112
5443.9896 0.610886335373
5448.276083 0.612117211024
5452.579866 0.621582190196
5456.952004 0.636834621429
5461.201695 0.607142368952
5465.504574 0.616841713587
5470.225119 0.611900011698
5474.593797 0.617919683456
5478.8304 0.610915025075
5483.150214 0.630814711253
5487.586537 0.626898686091
5491.872143 0.614220062892
5496.125113 0.605416297913
5500.828295 0.603533983231
5505.214269 0.63495294253
5509.517772 0.63319905599
5513.785804 0.619391043981
5518.056165 0.593090295792
5522.39216 0.623748381933
5526.71504 0.599425315857
5531.331012 0.631833314896
5535.620931 0.607637008031
5539.920146 0.615568319956
5544.257383 0.613279978434
5548.543967 0.625601291656
5552.928741 0.634246667226
5557.248792 0.608748992284
5561.918783 0.608193715413
5566.237749 0.616837660472
5570.52361 0.603125890096
5574.842929 0.623943328857
5579.163421 0.628555377324
5583.399073 0.610638936361
5587.702011 0.616134723028
5592.471624 0.613394339879
5596.7922 0.612780332565
5601.127215 0.624676624934
5605.430335 0.616066535314
5609.783174 0.613017717997
5614.102085 0.609937906265
5618.439129 0.610264619191
5623.108337 0.608434995015
5627.428012 0.623028675715
5631.731466 0.626421292623
5636.084065 0.636205593745
5640.386153 0.623860994975
5644.639517 0.599479675293
5648.959272 0.608863989512
5653.596349 0.611825386683
5657.965249 0.626051346461
5662.35174 0.621983369191
5666.654347 0.617383956909
5671.00701 0.631431341171
5675.330068 0.626802444458
5679.613342 0.612464984258
5684.383103 0.627554575602
5688.652428 0.622829119364
5692.888032 0.590119043986
5697.241252 0.623889048894
5701.561084 0.596421082815
5705.94747 0.636953433355
5710.23324 0.612414995829
5714.852802 0.59770210584
5719.105564 0.590396006902
5723.425006 0.617974678675
5727.794762 0.636722326279
5732.164208 0.6247929732
5736.50022 0.621758699417
5740.803139 0.62372191747
5745.539539 0.621471007665
5749.875932 0.625382343928
5754.261946 0.622215032578
5758.548249 0.618010282516
5762.90321 0.633588949839
5767.104433 0.592083613078
5771.324064 0.596713383993
5775.960125 0.599525054296
5780.349053 0.630790948868
5784.716351 0.630849679311
5788.968542 0.605082035065
5793.255026 0.612912336985
5797.541277 0.605406681697
5801.860356 0.603411992391
5806.613571 0.62780491511
5810.916663 0.624453941981
5815.236691 0.639425675074
5819.488433 0.622468312581
5823.75802 0.62057463328
5827.977672 0.595770994822
5832.364251 0.616642634074
5837.017115 0.596834341685
5841.253055 0.606716632843
5845.572072 0.643258412679
5849.792992 0.599291642507
5854.178653 0.632954676946
5858.500286 0.628346284231
5862.750956 0.610098441442
5867.372562 0.605481942495
5871.62339 0.611441294352
5875.909078 0.630511363347
5880.278856 0.636489629745
5884.565402 0.596948305766
5888.834083 0.60700861613
5893.153865 0.626815716426
5897.807023 0.628240346909
5902.160166 0.619660695394
5906.429942 0.612887303034
5910.732489 0.610871315002
5915.036055 0.598194996516
5919.337959 0.625004053116
5923.625132 0.610142707825
5928.343764 0.60705836614
5932.680611 0.625759283702
5937.016932 0.624391635259
5941.30584 0.623027006785
5945.589639 0.616624355316
5949.891487 0.620713392893
5954.143799 0.602730671565
5958.898174 0.608643293381
5963.21757 0.617735306422
5967.537307 0.622708241145
5971.873464 0.616954008738
5976.192213 0.623043378194
5980.498965 0.611442963282
5984.817084 0.628665288289
5989.621778 0.624124924342
5993.937836 0.606020609538
5998.273751 0.618602673213
6002.610438 0.620362043381
6006.931063 0.613016049067
6011.349299 0.633048375448
6015.668293 0.618701696396
6020.424888 0.606997410456
6024.774461 0.625899235408
6029.02697 0.597877979279
6033.346638 0.623494942983
6037.549502 0.596482276917
6041.869014 0.611554702123
6046.155342 0.608674605687
6050.858563 0.609797954559
6055.180399 0.614180962245
6059.51706 0.615033626556
6063.887171 0.62664604187
6068.220127 0.61970893542
6072.62463 0.625581979752
6076.992472 0.613387028376
6081.712984 0.628050327301
6086.102528 0.626640001933
6090.467794 0.616329113642
6094.806407 0.609444697698
6099.140151 0.612715005875
6103.47655 0.606726964315
6107.84595 0.61243168513
6112.569036 0.624311923981
6116.904735 0.619825045268
6121.188595 0.589359839757
6125.524501 0.620088656743
6129.943414 0.618702252706
6134.247168 0.602981328964
6138.566653 0.614013989766
6143.388043 0.631897370021
6147.60892 0.602996985118
6151.992321 0.636127710342
6156.298068 0.61270570755
6160.563896 0.600225289663
6164.916527 0.625630140305
6169.203424 0.621621608734
6173.739471 0.593104680379
6178.009522 0.61009256045
6182.294631 0.623749653498
6186.56451 0.614695628484
6190.918483 0.618125279744
6195.236665 0.613937775294
6199.523422 0.616744279861
6204.077286 0.618213971456
6208.513476 0.627506653468
6212.819101 0.616579294205
6217.052135 0.611476341883
6221.424992 0.634241342545
6225.774516 0.620963652929
6230.061171 0.625621636709
6234.780089 0.618745326996
6238.982942 0.596574942271
6243.286135 0.606689373652
6247.522201 0.595899422963
6251.724203 0.599287589391
6255.994293 0.618274609248
6260.280625 0.617901245753
6264.850341 0.612816731135
6269.237578 0.62468234698
6273.556118 0.61320734024
6277.908725 0.630254348119
6282.194845 0.616954962413
6286.531263 0.627815326055
6290.802723 0.621867736181
6295.287224 0.607867320379
6299.707388 0.64158876737
6304.026782 0.622013568878
6308.312197 0.609084606171
6312.664823 0.621590058009
6316.984675 0.618733644485
6321.354094 0.634842395782
6326.074565 0.615674098333
6330.409472 0.624621232351
6334.729534 0.616391420364
6339.099357 0.629755973816
6343.334844 0.604584693909
6347.521714 0.586199363073
6351.807373 0.607786655426
6356.477575 0.631119728088
6360.814051 0.615482966105
6365.202679 0.629416068395
6369.551618 0.614429632823
6373.872235 0.623439709345
6378.241615 0.632028977076
6382.511219 0.617376009623
6387.130858 0.620568354925
6391.450832 0.617287317912
6395.82027 0.628932078679
6400.105902 0.62775405248
6404.425458 0.629452705383
6408.711071 0.620115677516
6412.997658 0.610760609309
6417.737346 0.620839039485
6422.104006 0.622797330221
6426.426853 0.607523997625
6430.809337 0.626979986827
6435.095474 0.623632669449
6439.418578 0.615269502004
6443.684956 0.593860308329
6448.237877 0.606576363246
6452.558104 0.618893067042
6456.843746 0.619180043538
6461.24602 0.628220558167
6465.535667 0.613598585129
6469.801955 0.613790988922
6474.171865 0.627679030101
6478.777688 0.620115439097
6483.110615 0.626519680023
6487.347116 0.606807629267
6491.70023 0.622384548187
6495.953097 0.590110301971
6500.273131 0.623110055923
6504.608902 0.618827025096
6509.412339 0.625701586405
6513.764347 0.627588669459
6518.100974 0.626615365346
6522.420592 0.616047064463
6526.706807 0.625444412231
6531.126014 0.63236061732
6535.52978 0.617456674576
6540.249026 0.646667957306
6544.584867 0.636100610097
6548.871127 0.611643314362
6553.12403 0.601293325424
6557.493457 0.61766298612
6561.779555 0.623946348826
6566.149497 0.627165953318
6570.737729 0.61182363828
6575.088884 0.619271675746
6579.341076 0.606057325999
6583.710539 0.628726323446
6588.096469 0.634253978729
6592.399996 0.613966703415
6596.619782 0.600336074829
6601.356359 0.620901664098
6605.661795 0.62984863917
6609.92857 0.614411036174
6614.249408 0.629215319951
6618.516741 0.601154963175
6622.83731 0.618108908335
6627.123369 0.599067687988
6631.776109 0.624021371206
6636.21218 0.63817024231
6640.615403 0.635439078013
6644.918136 0.615777333577
6649.221416 0.617836316427
6653.511059 0.619906346003
6657.876387 0.614640712738
6662.696269 0.621452967326
6667.016046 0.62097064654
6671.402378 0.628054380417
6675.689545 0.606932083766
6680.007928 0.607870340347
6684.345343 0.626044591268
6688.679966 0.613655090332
6693.433529 0.620764414469
6697.77082 0.614000797272
6702.139328 0.625179608663
6706.491955 0.6041320165
6710.745224 0.597745339076
6715.097927 0.62065410614
6719.434885 0.605465094248
6724.220851 0.640753348668
6728.608388 0.617779016495
6732.959264 0.615462700526
6737.329168 0.629767417908
6741.665611 0.613239685694
6746.036068 0.623377005259
6750.387817 0.619825998942
6755.107028 0.598474184672
6759.410164 0.602183024089
6763.779964 0.616582711538
6768.099094 0.60547876358
6772.388695 0.620172262192
6776.754991 0.621796051661
6781.057665 0.614628791809
6785.894118 0.622896353404
6790.230661 0.621656338374
6794.499872 0.602519750595
6798.886219 0.632437944412
6803.289419 0.626644611359
6807.59193 0.635354995728
6811.96439 0.61924401919
6816.731375 0.619908332825
6821.051313 0.616820971171
6825.387574 0.61879436175
6829.773555 0.635474681854
6834.159701 0.625484069188
6838.429481 0.596083084742
6842.76764 0.610829989115
6847.620834 0.620466311773
6852.005455 0.628964662552
6856.357963 0.641739050547
6860.730566 0.641899665197
6865.013925 0.607522885005
6869.385021 0.629225492477
6873.636374 0.587096611659
6878.440951 0.613610982895
6882.724852 0.618805329005
6887.045089 0.616842667262
6891.43106 0.636922200521
6895.750266 0.618145306905
6900.054039 0.617908000946
6904.373927 0.612706025441
6909.128908 0.620079040527
6913.378953 0.595233678818
6917.782541 0.630540688833
6922.151229 0.630203882853
6926.471547 0.614126205444
6930.777 0.614138682683
6935.159612 0.623611688614
6939.84783 0.598255316416
6944.285509 0.630264679591
6948.669377 0.629658699036
6952.938737 0.615114370982
6957.240813 0.613154729207
6961.577736 0.619476397832
6965.947343 0.621872345606
6970.734012 0.601287682851
6975.036334 0.607475280762
6979.30617 0.626368363698
6983.558951 0.596366405487
6987.878621 0.616119305293
6992.281425 0.632677078247
6996.617262 0.619613726934
7001.2703 0.594870646795
7005.539681 0.610657612483
7009.892711 0.610408385595
7014.179132 0.60800131162
7018.514727 0.611451069514
7022.917832 0.628344297409
7027.13783 0.598759651184
7031.94065 0.632038672765
7036.310254 0.616490999858
7040.680255 0.631818135579
7045.049681 0.629513661067
7049.452711 0.647436380386
7053.658925 0.59089589119
7057.908656 0.611978610357
7062.661133 0.606554031372
7067.030485 0.608146985372
7071.233362 0.600431362788
7075.502955 0.611344655355
7079.789001 0.621389309565
7084.141682 0.627999385198
7088.544978 0.629122972488
7093.216221 0.611398617427
7097.553099 0.625836690267
7101.887062 0.603709061941
7106.13968 0.614333311717
7110.459039 0.624346256256
7114.74553 0.621395667394
7119.082085 0.630886395772
7123.668292 0.625607728958
7128.087923 0.636684974035
7132.457389 0.63924630483
7136.743176 0.608276605606
7141.066171 0.617605924606
7145.416368 0.616178353628
7149.736192 0.61177333196
7154.555352 0.634933789571
7158.858525 0.610014994939
7163.127442 0.604810317357
7167.463524 0.628695011139
7171.783668 0.640405257543
7176.202127 0.639018058777
7180.506229 0.619870424271
7185.22577 0.622022310893
7189.562202 0.619693994522
7193.864304 0.609959363937
7198.183584 0.609671354294
7202.503529 0.621627966563
