9.318969 9999
17.874077 9999
25.645537 9999
33.184604 9999.0
40.95506 9999
48.509408 9999
56.148917 9999
63.80355 9999.0
71.528914 9999
79.133542 9999
86.772224 9999
94.274953 9999.0
102.028609 9999
109.500595 9999
117.171689 9999
124.71272 9999.0
132.46651 9999
140.070335 9999
147.541146 9999
155.099299 9999.0
162.569703 9999
170.006587 9999
177.462549 9999
185.049934 9999
192.689168 9999.0
200.295262 9999
207.749117 9999
215.288427 9999
222.67546 9999
230.34642 9999
237.686903 9999
245.106229 9999
252.594726 9999
260.000668 9999.0
267.521516 9999
274.926251 9999
282.365079 9999
289.785739 9999
297.208674 9999.0
304.662658 9999
312.250509 9999
319.589733 9999
327.326459 9999.0
334.933137 9999
342.406757 9999
349.691336 9999
357.26373 9999
364.851767 9999.0
372.49144 9999
379.827734 9999
387.200834 9999
394.605509 9999
402.009329 9999.0
409.566776 9999
416.969268 9999
424.357286 9999
431.762992 9999
439.151188 9999.0
446.722899 9999
454.061049 9999
461.452591 9999
468.837743 9999
476.243876 9999.0
483.698343 9999
491.186228 9999
498.724586 9999
506.04675 9999
513.400581 9999.0
520.888573 9999
528.293794 9999
535.815601 9999
543.305141 9999
550.942064 9999.0
558.313236 9999
565.635409 9999
572.989252 9999
580.345915 9999
587.851352 9999.0
595.304497 9999
602.876239 9999
610.186059 9999
617.518414 9999
624.823483 9999.0
632.212556 9999
639.600442 9999
646.921258 9999
654.294277 9999
661.814284 9999.0
669.420569 9999
676.675709 9999
684.013314 9999
691.301224 9999
698.672264 9999.0
706.278304 9999
713.582737 9999
721.174071 9999
728.559289 9999
735.917197 9999.0
743.388188 9999
750.707559 9999
758.128489 9999
765.482804 9999
772.872219 9999.0
780.377843 9999
787.84921 9999
795.169422 9999
802.775492 9999
810.131195 9999.0
817.850943 9999
825.174104 9999
832.694147 9999
840.166315 9999.0
847.637584 9999
854.977154 9999
862.36345 9999
869.718659 9999
877.391015 9999.0
884.746708 9999
891.983916 9999
899.338871 9999
906.913258 9999
914.314677 9999.0
921.902964 9999
929.308807 9999
936.632541 9999
944.035988 9999
951.474199 9999.0
959.012696 9999
966.366182 9999
973.736762 9999
981.059292 9999
988.397572 9999.0
995.887389 9999
1003.20705 9999
1010.630524 9999
1018.167245 9999
1025.738973 9999.0
1033.078535 9999
1040.498173 9999
1047.953474 9999
1055.327789 9999
1062.963184 9999.0
1070.32077 9999
1077.606716 9999
1084.94486 9999
1092.482686 9999
1099.820788 9999.0
1107.275933 9999
1114.547224 9999
1122.153446 9999
1129.424612 9999
1136.796315 9999.0
1144.435428 9999
1151.67281 9999
1159.210678 9999
1166.482032 9999
1173.804064 9999.0
1181.275287 9999
1188.646684 9999
1195.952376 9999
1203.323361 9999
1210.662674 9999.0
1218.232532 9999
1225.787763 9999
1233.092815 9999
1240.347768 9999
1247.652626 9999.0
1255.174565 9999
1262.51236 9999
1269.866775 9999
1277.223076 9999
1284.512895 9999.0
1292.04876 9999
1299.503341 9999
1307.008613 9999
1314.496964 9999
1321.788671 9999
1329.021729 9999
1336.278309 9999
1343.567139 9999
1350.87076 9999.0
1358.309503 9999
1365.59785 9999
1372.901744 9999
1380.156905 9999
1387.448431 9999.0
1394.982802 9999
1402.538267 9999
1409.811256 9999
1417.014995 9999
1424.335594 9999.0
1431.824268 9999
1439.129166 9999
1446.399818 9999
1453.821836 9999
1461.126411 9999.0
1468.614486 9999
1476.104563 9999
1483.360959 9999
1490.896942 9999
1498.201536 9999.0
1505.576045 9999
1512.877518 9999
1520.181365 9999
1527.453685 9999
1534.808528 9999.0
1542.332634 9999
1549.43511 9999
1556.840437 9999
1564.064037 9999
1571.636086 9999.0
1578.954505 9999
1586.208391 9999
1593.481289 9999
1600.668305 9999
1607.942222 9999.0
1615.461731 9999
1622.833086 9999
1630.037808 9999
1637.29289 9999
1644.615036 9999.0
1652.053379 9999
1659.341749 9999
1666.612169 9999
1673.918254 9999
1681.338988 9999.0
1688.877875 9999
1696.215466 9999
1703.737115 9999
1710.891557 9999
1718.162979 9999.0
1725.60433 9999
1732.92258 9999
1740.263015 9999
1747.716027 9999
1754.971331 9999.0
1762.393659 9999
1769.848122 9999
1777.069207 9999
1784.373464 9999
1791.846579 9999.0
1799.216683 9999
1806.639519 9999
1813.860868 9999
1821.148953 9999
1828.721028 9999.0
1836.208041 9999
1843.496381 9999
1850.75169 9999
1858.389338 9999
1865.594451 9999.0
1873.017154 9999
1880.369977 9999
1887.891824 9999
1895.09821 9999
1902.435612 9999.0
1909.956574 9999
1917.379115 9999
1924.73405 9999
1932.041362 9999
1939.411296 9999.0
1946.831485 9999
1954.336373 9999
1961.491287 9999
1968.778736 9999
1976.117335 9999.0
1983.638897 9999
1990.960845 9999
1998.39902 9999
2005.739118 9999
2013.02595 9999.0
2020.580611 9999
2028.135557 9999
2035.390075 9999
2042.794252 9999
2050.18274 9999.0
2057.721255 9999
2065.050621 9999
2072.465409 9999
2080.068999 9999
2087.374001 9999.0
2094.895259 9999
2102.133808 9999
2109.725242 9999
2116.943156 9999
2124.332849 9999.0
2132.070746 9999
2139.277596 9999
2146.646743 9999
2154.184741 9999
2161.639697 9999.0
2169.077402 9999
2176.400877 9999
2183.771505 9999
2191.376413 9999
2198.663398 9999.0
2206.254937 9999
2213.607429 9999
2221.065559 9999
2228.399922 9999
2235.773032 9999.0
2243.360349 9999
2250.948821 9999
2258.220114 9999
2265.540995 9999
2272.881816 9999.0
2280.468698 9999
2287.856462 9999
2295.22744 9999
2302.766239 9999
2310.057361 9999.0
2317.576479 9999
2325.215064 9999
2332.489907 9999
2339.891346 9999
2347.29662 9999.0
2355.134569 9999
2362.505356 9999
2370.093922 9999
2377.416373 9999.0
2384.987538 9999
2392.325385 9999
2399.680844 9999
2407.087846 9999
2414.389434 9999.0
2422.011539 9999
2429.416503 9999
2436.771563 9999
2444.394181 9999
2452.231512 9999
2459.436524 9999
2466.777213 9999
2474.349057 9999
2481.805085 9999.0
2489.322947 9999
2496.627395 9999
2503.982857 9999
2511.370482 9999
2518.692754 9999.0
2526.315227 9999
2533.736669 9999
2541.059382 9999
2548.463054 9999
2555.770307 9999.0
2563.391512 9999
2572.494964 9999
2579.899627 9999
2587.30829 9999.0
2595.042552 9999
2602.449504 9999
2609.95266 9999
2617.541686 9999.0
2625.163925 9999
2632.451576 9999
2639.805409 9999
2647.210849 9999
2654.614879 9999.0
2662.153899 9999
2669.526854 9999
2676.947674 9999
2684.518724 9999
2691.790997 9999.0
2699.312339 9999
2706.634093 9999
2713.980399 9999
2721.408831 9999
2728.999711 9999.0
2736.637801 9999
2743.95763 9999
2751.313943 9999
2758.684104 9999
2766.089313 9999.0
2774.346006 9999
2782.117233 9999
2790.289467 9999
2798.595813 9999.0
2807.150923 9999
2816.273039 9999
2824.786369 9999
2833.351233 9999.0
2842.890035 9999
2851.389411 9999
2859.269991 9999
2867.023426 9999.0
2874.71159 9999
2882.249973 9999
2889.721676 9999
2897.192522 9999.0
2904.931381 9999
2912.520411 9999
2919.926534 9999
2927.596 9999.0
2935.270682 9999
2942.723955 9999
2950.211294 9999
2957.582843 9999
2965.251861 9999
2972.942743 9999
2980.332295 9999
2987.853088 9999.0
2995.491272 9999
3002.963171 9999
3010.453995 9999
3018.090473 9999.0
3025.694497 9999
3033.232302 9999
3040.722996 9999
3048.209643 9999.0
3055.848577 9999
3063.286208 9999
3070.707163 9999
3078.279576 9999.0
3085.95102 9999
3093.43961 9999
3101.163059 9999
3108.76569 9999.0
3116.554025 9999
3123.912979 9999
3131.497809 9999
3139.105564 9999.0
3146.644104 9999
3154.113162 9999
3161.519794 9999
3168.872427 9999
3176.394725 9999.0
3184.0248 9999
3191.454477 9999
3199.059428 9999
3206.501561 9999.0
3214.102552 9999
3221.541462 9999
3228.948699 9999
3236.233293 9999
3243.70521 9999.0
3251.243655 9999
3258.648568 9999
3266.420485 9999
3274.092532 9999.0
3281.617858 9999
3289.017792 9999
3296.440868 9999
3303.945478 9999
3311.284088 9999.0
3318.887567 9999
3326.243283 9999
3333.614398 9999
3341.053306 9999
3348.442635 9999.0
3356.146619 9999
3363.68541 9999
3370.990365 9999
3378.311186 9999
3385.716841 9999.0
3393.321092 9999
3400.91587 9999
3408.312912 9999
3415.753107 9999.0
3423.390778 9999
3430.812731 9999
3438.184117 9999
3445.639288 9999
3453.060965 9999.0
3460.648231 9999
3468.021185 9999
3475.475451 9999
3483.002004 9999
3490.388299 9999.0
3498.076171 9999
3505.528251 9999
3512.900646 9999
3520.354095 9999
3527.975059 9999.0
3535.798107 9999
3543.187537 9999
3550.860336 9999
3558.246351 9999.0
3566.135174 9999
3573.406262 9999
3580.928869 9999
3588.617661 9999.0
3596.171816 9999
3603.678418 9999
3611.24845 9999
3618.837035 9999.0
3626.409273 9999
3633.762339 9999
3641.184012 9999
3648.606193 9999
3656.328368 9999.0
3663.918328 9999
3671.287693 9999
3678.825854 9999
3686.199178 9999
3693.601881 9999.0
3701.290888 9999
3708.779873 9999
3716.18628 9999
3723.622429 9999.0
3731.463596 9999
3738.932419 9999
3746.438063 9999
3753.932566 9999.0
3761.698345 9999
3769.170106 9999
3776.84063 9999
3784.212487 9999.0
3791.935473 9999
3799.391908 9999
3807.028871 9999
3814.650818 9999.0
3822.304435 9999
3829.795363 9999
3837.248745 9999
3844.902913 9999.0
3852.54345 9999
3860.012538 9999
3867.537921 9999
3875.025418 9999.0
3882.731788 9999
3890.183023 9999
3897.669974 9999
3905.09274 9999.0
3912.851102 9999
3920.303086 9999
3927.841007 9999
3935.279561 9999.0
3942.950291 9999
3950.538837 9999
3958.094891 9999
3965.431163 9999.0
3973.173146 9999
3980.558405 9999
3987.964773 9999
3995.752725 9999.0
4003.357467 9999
4010.864728 9999
4018.23341 9999
4025.871911 9999.0
4033.511746 9999
4041.066314 9999
4048.422446 9999
4055.992524 9999.0
4063.815379 9999
4071.355481 9999
4078.959301 9999
4086.662842 9999.0
4094.302322 9999
4101.63863 9999
4109.228057 9999
4116.599546 9999
4124.086878 9999.0
4131.858522 9999
4139.263401 9999
4146.672477 9999
4154.309344 9999.0
4162.245418 9999
4169.637129 9999
4177.005502 9999
4184.460077 9999.0
4192.166483 9999
4199.636901 9999
4207.10902 9999
4214.565976 9999.0
4222.218376 9999
4229.907426 9999
4237.379113 9999
4244.818205 9999.0
4252.789399 9999
4260.111319 9999
4267.666302 9999
4275.320982 9999.0
4282.793153 9999
4290.248465 9999
4297.618329 9999
4305.023222 9999
4312.494315 9999.0
4320.236666 9999
4327.756097 9999
4335.177617 9999
4342.71661 9999.0
4350.486354 9999
4358.208639 9999
4367.848877 9999
4375.320078 9999.0
4383.241752 9999
4390.780939 9999
4398.161085 9999
4405.72542 9999.0
4413.561583 9999
4420.983077 9999
4428.370922 9999
4435.926608 9999.0
4443.548953 9999
4450.936533 9999
4458.425816 9999
4465.865472 9999
4473.502079 9999.0
4481.123539 9999
4488.595043 9999
4496.100822 9999
4503.504858 9999
4511.193693 9999
4518.647512 9999
4526.121827 9999
4533.56103 9999.0
4541.279303 9999
4548.685154 9999
4556.176033 9999
4563.744471 9999.0
4571.434404 9999
4578.755275 9999
4586.195084 9999
4593.813536 9999.0
4601.320022 9999
4608.708406 9999
4616.079397 9999
4623.528856 9999
4630.87268 9999.0
4638.52749 9999
4645.899421 9999
4653.37296 9999
4660.975395 9999.0
4668.5141 9999
4675.86949 9999
4683.374392 9999
4690.695668 9999
4698.133299 9999.0
4705.738717 9999
4713.126261 9999
4720.566623 9999
4727.990059 9999
4735.357389 9999.0
4742.963757 9999
4750.384736 9999
4757.839218 9999
4765.261651 9999
4772.68229 9999.0
4780.404536 9999
4788.03061 9999
4795.364909 9999
4802.738449 9999.0
4810.590994 9999
4817.946364 9999
4825.384405 9999
4832.873052 9999.0
4840.611087 9999
4847.949904 9999
4855.506957 9999
4862.875174 9999
4870.497524 9999
4878.005263 9999
4885.373384 9999
4892.778645 9999
4900.316853 9999.0
4907.889824 9999
4915.327526 9999
4922.88591 9999
4930.336334 9999.0
4938.075594 9999
4945.546982 9999
4952.935104 9999
4960.490821 9999.0
4968.162309 9999
4975.533959 9999
4983.091244 9999
4990.513351 9999.0
4998.066079 9999
5005.536954 9999
5012.925248 9999
5020.296868 9999
5027.684317 9999.0
5035.27291 9999
5042.677698 9999
5050.32135 9999
5057.62109 9999
5065.025816 9999.0
5072.698413 9999
5080.085639 9999
5087.508503 9999
5095.228852 9999.0
5102.833983 9999
5110.18922 9999
5117.811509 9999
5125.165452 9999
5132.488617 9999.0
5140.127041 9999
5147.681115 9999
5154.987509 9999
5162.641671 9999.0
5170.32919 9999
5177.869136 9999
5185.238341 9999
5192.811628 9999.0
5200.399334 9999
5207.786716 9999
5215.125918 9999
5222.546874 9999
5229.818341 9999.0
5237.573394 9999
5245.11309 9999
5252.517587 9999
5260.156539 9999.0
5267.91288 9999
5275.231749 9999
5282.51943 9999
5289.891796 9999
5297.463519 9999.0
5305.101653 9999
5312.474814 9999
5319.87846 9999
5327.450331 9999
5334.747251 9999.0
5342.459581 9999
5349.930572 9999
5357.402387 9999
5364.842068 9999.0
5372.481359 9999
5379.901245 9999
5387.439645 9999
5394.894983 9999.0
5402.615999 9999
5410.138024 9999
5417.642388 9999
5425.246974 9999.0
5433.189185 9999
5440.758785 9999
5448.113143 9999
5455.918292 9999.0
5463.572747 9999
5470.945147 9999
5478.383088 9999
5485.78755 9999
5493.27793 9999.0
5500.997515 9999
5508.471057 9999
5515.976711 9999
5523.496725 9999.0
5531.168943 9999
5538.622351 9999
5546.395193 9999
5553.984437 9999.0
5561.922455 9999
5569.642055 9999
5576.996804 9999
5584.519481 9999.0
5592.224465 9999
5599.729917 9999
5607.134861 9999
5614.941064 9999.0
5622.527157 9999
5630.31681 9999
5637.688717 9999
5645.227488 9999.0
5653.28244 9999
5660.952611 9999
5668.39191 9999
5675.998462 9999.0
5683.668321 9999
5691.156872 9999
5698.595293 9999
5706.351943 9999.0
5714.105928 9999
5721.609816 9999
5729.198726 9999
5736.905114 9999.0
5744.525536 9999
5751.931548 9999
5759.451486 9999
5766.906525 9999
5774.561958 9999
5782.299692 9999
5789.756382 9999
5797.195712 9999.0
5804.985079 9999
5812.503443 9999
5820.043292 9999
5827.770306 9999.0
5835.452853 9999
5843.007372 9999
5850.381483 9999
5857.885129 9999.0
5865.554911 9999
5873.16031 9999
5880.682789 9999
5888.169712 9999.0
5895.925313 9999
5903.330359 9999
5910.819004 9999
5918.325024 9999.0
5925.995087 9999
5933.400523 9999
5940.939425 9999
5948.426602 9999.0
5956.266863 9999
5963.838034 9999
5971.209464 9999
5978.69917 9999.0
5986.502935 9999
5994.04055 9999
6001.795635 9999
6009.200284 9999.0
6016.938777 9999
6024.344732 9999
6031.94925 9999
6039.572554 9999.0
6047.192559 9999
6054.59672 9999
6062.002328 9999
6069.457222 9999
6076.895287 9999.0
6084.702541 9999
6092.122008 9999
6099.646494 9999
6107.099991 9999.0
6114.869631 9999
6122.457972 9999
6129.813948 9999
6137.201839 9999.0
6145.390318 9999
6152.995565 9999
6160.31764 9999
6167.854747 9999.0
6175.678518 9999
6183.165455 9999
6190.603372 9999
6198.092794 9999.0
6205.864308 9999
6213.33536 9999
6220.75886 9999
6228.595352 9999.0
6236.317418 9999
6243.755343 9999
6251.294039 9999
6258.749163 9999.0
6266.486628 9999
6273.875242 9999
6281.364809 9999
6288.83539 9999.0
6296.590728 9999
6304.063031 9999
6311.550858 9999
6319.255631 9999.0
6327.160137 9999
6334.515952 9999
6341.971748 9999
6349.641501 9999.0
6357.279672 9999
6364.618684 9999
6372.123709 9999
6379.745942 9999.0
6387.533745 9999
6394.921413 9999
6402.461502 9999
6410.165234 9999.0
6417.786853 9999
6425.524951 9999
6432.930746 9999
6440.486524 9999.0
6448.507504 9999
6455.812787 9999
6463.285899 9999
6470.70648 9999.0
6478.743778 9999
6486.365825 9999
6493.73828 9999
6501.093303 9999.0
6508.915133 9999
6516.32231 9999
6523.992689 9999
6531.447086 9999.0
6539.284949 9999
6546.872497 9999
6554.226891 9999
6561.698659 9999.0
6569.438925 9999
6576.892172 9999
6584.382882 9999
6592.002863 9999.0
6599.791289 9999
6607.212784 9999
6614.718879 9999
6622.222648 9999.0
6630.01055 9999
6637.631711 9999
6644.95855 9999
6652.491947 9999.0
6660.465727 9999
6667.90282 9999
6675.274022 9999
6682.812771 9999.0
6690.601138 9999
6697.97572 9999
6705.595935 9999
6713.049613 9999.0
6720.75367 9999
6728.092396 9999
6735.563633 9999
6742.952694 9999
6750.391397 9999.0
6758.147003 9999
6765.718969 9999
6773.072841 9999
6780.510872 9999.0
6788.166456 9999
6795.586326 9999
6803.058464 9999
6810.497358 9999
6817.917744 9999.0
6825.876156 9999
6833.478571 9999
6840.766931 9999
6848.205046 9999.0
6855.926681 9999
6863.248389 9999
6870.653401 9999
6878.058947 9999
6885.53267 9999.0
6893.203999 9999
6900.606651 9999
6907.945255 9999
6915.400134 9999
6922.82525 9999.0
6930.810462 9999
6938.515166 9999
6945.853972 9999
6953.24169 9999.0
6961.015578 9999
6968.53408 9999
6975.976097 9999
6983.32872 9999.0
6991.049339 9999
6998.421032 9999
7005.859227 9999
7013.282992 9999
7020.672088 9999.0
7028.407395 9999
7035.83305 9999
7043.168033 9999
7050.639826 9999
7058.093412 9999.0
7065.967617 9999
7073.489509 9999
7080.825868 9999
7088.231073 9999.0
7096.053254 9999
7103.489974 9999
7110.961579 9999
7118.417713 9999.0
7126.206081 9999
7133.64628 9999
7141.151322 9999
7148.539988 9999.0
7156.4097 9999
7163.864897 9999
7171.317951 9999
7178.759517 9999.0
7186.52848 9999
7194.268387 9999
7201.641644 9999
