22.20274 0.989953744411
44.455985 0.997341525555
66.919716 1.00455620289
89.388828 1.00614185333
111.719733 0.996030414104
134.139972 1.00454651117
156.656817 1.00509928465
178.906097 0.998281121254
201.469556 1.00909496546
223.820455 1.0021502614
246.303114 1.00459320545
268.604109 1.00111168623
291.120148 1.00602265596
313.420682 1.00008990765
335.67021 0.992936897278
357.870146 0.994254910946
380.503289 1.01163005829
402.903364 1.00543328524
425.421087 1.00740162134
447.807024 1.00311125517
470.35637 1.00620059967
492.524523 0.993580973148
515.120437 1.00590254068
537.537016 1.00585743189
560.121256 1.00842783451
582.55452 1.0067838788
605.105149 1.00193250179
627.521656 1.00626863241
649.9917 1.0016023159
672.4214 1.00636490583
694.923795 1.00240286589
717.322023 1.00513548851
739.789617 1.00284566879
762.10578 1.00035665035
784.338603 0.991715860367
806.738029 1.0042091012
829.355086 1.01090162992
851.759641 1.00117025375
874.341953 1.0077690959
896.624277 0.998903977871
919.241503 1.00999838114
941.560256 1.00088469982
964.089068 1.00540049076
986.509729 1.00671043396
1009.089447 1.00671316385
1031.490059 1.00508257151
1054.110228 1.01156121492
1076.390318 0.999104499817
1098.873654 1.00335850716
1121.209585 1.00159560442
1143.757699 1.00594360828
1166.12782 1.0038025856
1188.65716 1.00475360155
1211.057698 1.00533417463
1233.577644 1.00430446863
1255.841236 0.99785875082
1278.324606 1.0037633419
1300.6411 1.00003432035
1323.257496 1.01001765728
1345.609236 1.00275145769
1368.128514 1.00595123768
1390.512118 1.00422450304
1413.060933 1.00597358942
1435.47562 1.00572987795
1457.958183 1.00357403755
1480.425509 1.00765841007
1502.758888 0.994499099255
1525.226218 1.00784074068
1547.629095 0.999261176586
1570.012677 1.00496284962
1592.40979 0.999733901024
1614.808959 1.00531903505
1637.242358 1.00070060492
1659.609524 1.00327399969
1681.878664 0.993155896664
1704.096633 0.995968151093
1726.508871 1.00024573803
1748.845328 1.00263463259
1771.243588 0.99950633049
1793.609155 1.00401930809
1815.992824 0.998210275173
1838.42629 1.00733901262
1860.926937 1.00435453653
1883.295377 1.00395245552
1905.826489 1.00532400608
1928.126081 1.00066524744
1950.743468 1.00791552067
1973.113274 1.0045861721
1995.593266 1.00291749239
2018.110151 1.00982173681
2040.594332 1.0034609437
2062.977555 1.00473381281
2085.497408 1.00495181084
2107.863117 1.00244731903
2130.310731 1.00032143593
2152.745631 1.00620219707
2175.261212 1.00344173908
2197.580314 1.00112396479
2220.094759 1.00276576281
2242.515502 1.00624670982
2264.831774 0.99239397049
2287.211202 1.00409049988
2309.679819 1.00146193504
2332.04621 1.00446003675
2354.597299 1.00347042084
2376.878398 0.999931371212
2399.378203 1.00113195181
2421.847521 1.00842125416
2444.312868 0.999002337456
2466.798981 1.0086786747
2489.313254 1.00350099802
2511.597325 1.00020061731
2534.129308 1.0036440134
2556.199531 0.987875401974
2578.733108 1.00154122114
2601.145939 1.00502252579
2623.745776 1.00473700762
2646.132942 1.00448300838
2668.613186 0.998392748833
2690.913492 1.00011388063
2713.383685 0.998727989197
2735.882983 1.01007977724
2758.517266 1.00575540066
2780.846744 1.00103088617
2803.414026 1.00226514339
2825.580408 0.992741680145
2848.251424 1.0072296381
2870.681036 1.00632613897
2893.301412 1.00451841354
2915.8675 1.01309168339
2938.464487 1.00339026451
2960.832714 1.00311720371
2983.364794 0.999523949623
3005.683361 1.00030442476
3028.232596 1.00270987749
3050.565222 1.00127465725
3073.235736 1.00769845247
3095.649406 1.00480240583
3118.119861 0.997674381733
3140.285769 0.992723429203
3162.884457 1.00353124142
3185.216476 1.00000959635
3207.753156 1.00174227953
3229.986303 0.995771026611
3252.649426 1.00629011393
3275.049243 1.00538886786
3297.649347 1.00495601892
3319.968946 0.999907982349
3342.536976 1.00329819918
3364.737454 0.993897652626
3387.333795 1.00432575941
3409.88468 1.01133401394
3432.333964 0.997229385376
3454.634245 1.00009741783
3477.25339 1.00434553623
3499.450284 0.993932306767
3522.100625 1.00628956556
3544.400727 1.00032051802
3566.83478 0.994682729244
3589.23444 1.00467486382
3611.534801 0.988269329071
