8.252696 6.24870014191
16.583354 6.1459479332
25.30423 6.5853509903
33.916294 6.47706413269
42.438522 6.29367995262
50.833985 6.24181294441
59.190479 6.24746394157
67.585467 6.23458194733
76.747357 6.92013907433
85.001181 6.12458014488
93.826578 9999
102.764056 9999.0
111.884154 9999
120.287325 9999
128.495422 6.09739804268
136.84304 6.22319698334
144.727548 5.66222000122
153.029953 6.1949441433
161.812832 9999
170.137144 6.22795796394
178.9509 6.59300208092
187.284213 6.23710393906
195.617046 6.20089101791
204.668731 6.92216396332
213.802306 6.89456915855
222.401557 6.48941397667
230.662984 6.12965393066
238.59848 5.8257830143
246.916339 6.0926759243
254.992147 9999
263.016196 5.89280295372
271.302895 6.13373994827
280.073067 6.54797410965
288.435692 6.24289608002
296.717391 6.16714906693
305.386587 6.56296396255
313.397919 5.81248688698
322.714223 9999
331.329069 6.50512599945
339.650826 6.21407198906
348.584552 9999
357.295142 9999
365.934522 6.51513910294
374.502437 6.4652121067
382.527325 5.7768509388
390.389235 5.76362109184
399.211423 6.68278193474
407.517977 6.18324589729
416.233628 6.44745612144
424.57971 6.21847701073
433.001095 6.28484487534
441.691335 6.51086187363
449.814601 5.85961890221
458.998195 7.04915499687
467.681322 6.52422595024
476.259201 6.44633078575
485.43032 6.88976311684
494.054782 6.51888799667
502.676181 6.50547099113
511.607497 9999.0
520.259783 9999
529.039466 6.67878198624
537.888424 9999
546.413859 6.41759610176
554.87259 6.20775508881
563.252299 6.26628613472
571.537127 6.14180111885
579.296451 5.65328598022
587.680686 6.13029289246
595.619779 5.80504202843
604.375539 6.62226819992
612.664249 6.17497897148
621.200971 6.24805688858
629.460426 6.15646195412
637.22425 5.64140701294
645.950828 6.61749196053
654.333022 6.14763689041
662.917031 6.48657894135
671.386779 9999
680.104138 6.62672686577
688.751422 6.3717019558
696.756757 5.89360308647
704.647014 5.77506804466
712.887938 6.11805391312
721.934596 9999
730.168622 6.13506197929
738.451966 6.16729187965
746.762296 6.19795608521
755.481837 6.49486494064
764.107758 6.51251888275
772.315473 6.09191298485
780.971073 6.51536417007
789.765334 6.54082608223
798.466431 6.60296797752
806.305446 5.70729112625
814.506869 6.08587098122
822.961029 6.20125007629
831.573674 6.50606393814
840.747801 7.03886699677
848.632862 5.77824997902
857.1728 6.28901791573
866.129254 9999
874.760927 6.57081198692
882.996413 6.1184091568
891.87329 6.61645698547
900.712897 6.71808409691
908.551981 5.69770812988
916.408405 5.73620891571
924.890702 6.20285582542
933.176298 6.16610097885
941.568455 6.24603009224
950.238659 6.52236318588
958.715374 6.23974180222
967.015881 6.18977308273
975.155881 6.01339697838
983.445641 6.19227981567
992.087472 6.38255000114
1000.877552 6.62484502792
1008.683311 5.70677900314
1017.317177 6.5138399601
1025.948547 9999
1034.75345 9999
1043.42483 6.56924915314
1051.314211 5.75577187538
1060.166948 6.60782694817
1068.441386 6.13702106476
1076.97925 9999
1085.38738 6.25060892105
1094.139953 6.52946901321
1102.766502 6.51081895828
1111.291437 6.40963888168
1119.932422 6.51276993752
1128.28138 6.12077188492
1136.916609 6.53340601921
1145.176438 6.1279759407
1153.490009 6.1878759861
1161.974085 6.20929884911
1170.341367 6.24172091484
1179.070401 6.59990906715
1187.449847 6.26819682121
1196.20066 6.50663900375
1204.151542 5.81725883484
1212.561524 6.29964399338
1221.140674 6.45978784561
1230.003981 6.60588788986
1238.60315 9999
1247.127961 9999
1256.176604 6.89849615097
1264.20692 5.79969406128
1272.93996 9999
1281.224736 6.17867493629
1290.298483 6.96525382996
1298.859093 6.31266689301
1307.680125 6.66991782188
1316.277783 6.48701691628
1324.19739 5.80488586426
1332.560464 6.09938287735
1341.280142 6.61156201363
1349.532363 6.11678409576
1358.315906 6.67225909233
1367.659106 7.05551481247
1375.468369 5.7111890316
1384.110198 6.499751091
1392.109382 5.89159798622
1401.148255 9999
1409.965926 9999
1418.298937 6.19289803505
1427.20199 9999.0
1436.387025 6.90625715256
1444.855736 9999
1452.655487 5.6939098835
1461.382358 6.61794304848
1470.220718 6.58892321587
1478.844337 6.50578999519
1487.56748 6.60266423225
1496.264632 6.59171199799
1504.850662 9999
1513.004831 6.04856204987
1521.545843 6.40715909004
1529.845515 6.18207907677
1537.930585 5.80693507195
1545.806889 5.77398395538
1554.101632 6.17301917076
1562.885533 6.69858813286
1571.270745 6.11693787575
1579.890357 6.49137210846
1588.621394 9999
1596.463108 5.72005820274
1604.968892 6.22380185127
1613.707154 6.60763001442
1622.170137 6.35174202919
1630.467789 6.18439292908
1639.217112 6.48418688774
1647.076644 5.72227716446
1655.45719 6.24834609032
1663.23573 5.64012098312
1671.624998 6.1079890728
1679.913453 6.14782595634
1687.529712 5.46958780289
1696.208185 6.57429599762
1704.951577 6.48188400269
1713.77938 9999
1721.965928 6.057543993
1729.82264 5.73366498947
1738.221522 6.13497495651
1746.993219 6.63212394714
1755.285331 6.15350294113
1764.168815 9999.0
1772.597468 6.16074109077
1781.181334 6.45283794403
1789.798898 6.48701000214
1798.344973 6.44132399559
1807.100074 6.47237205505
1815.399173 6.17525577545
1823.805278 6.26292681694
1832.62359 9999.0
1841.143106 6.25403094292
1849.567267 6.27253890038
1858.229731 6.51118707657
1866.612958 6.24908280373
1875.392259 6.52443695068
1884.061657 6.52718281746
1892.388595 6.17915177345
1901.167891 6.64882183075
1909.231118 5.80528402328
1917.566979 6.19493889809
1925.813761 6.10458016396
1933.634171 5.69187998772
1942.169661 6.19842815399
1950.969452 9999
1959.613571 6.51906490326
1968.296439 6.55113101006
1976.406673 5.81532907486
1985.183707 6.64416909218
1993.836229 6.51744294167
2002.585351 6.60333395004
2011.427169 6.59877800941
2020.342754 9999
2028.653708 6.20920991898
2037.288008 6.50905895233
2046.046283 6.50251603127
2054.655653 6.49217104912
2062.717405 5.92518687248
2071.454898 6.59062099457
2080.03708 6.31646490097
2088.158975 9999
2096.897588 6.59331083298
2105.570424 6.56706094742
2114.154467 6.30540084839
2122.216066 5.91410589218
2130.626268 9999
2138.600677 5.86511683464
2147.796057 6.95720410347
2156.493839 6.60589599609
2164.984278 6.36519002914
2174.114339 6.98974704742
2182.897918 6.53632211685
2191.14526 6.13194799423
2199.891178 6.60670590401
2208.156692 6.14972305298
2216.953524 6.53004407883
2225.416818 6.32631206512
2233.709608 6.15070199966
2242.777134 6.93496394157
2251.535136 6.53053307533
2259.651614 5.96645712852
2267.963837 6.18691205978
2276.188383 6.13323497772
2284.356881 5.91997289658
2292.886706 6.39151310921
2301.89238 6.88885903358
2310.184434 6.14685487747
2318.560995 6.12708711624
2327.122464 9999
2335.78563 6.52975511551
2344.505131 6.59796094894
2353.382562 6.60341596603
2361.739612 6.23557400703
2369.752748 9999
2378.071896 6.20457100868
2386.473489 6.15508198738
2395.088169 6.48953604698
2403.819995 6.61580777168
2412.131067 6.19252514839
2420.598814 6.20177698135
2428.609101 5.8705830574
2437.354168 6.59565520287
2446.238047 9999.0
2454.687597 6.17369103432
2462.929152 6.10180902481
2471.53346 6.4773850441
2480.10567 6.43309092522
2488.61986 6.2312169075
2497.131787 9999
2505.712651 6.47637104988
2514.370055 6.52935194969
2522.403043 5.77313017845
2530.666573 6.13539290428
2539.296113 6.50146389008
2547.662574 6.21876311302
2555.720207 5.80345487595
2564.788068 6.91612696648
2573.076189 6.16133093834
2581.364853 6.1631770134
2590.143755 6.49686002731
2598.575681 6.32929801941
2606.532154 5.8446059227
2614.315691 5.69918203354
2622.894054 6.29625320435
2632.13037 9999
2640.482741 6.23968601227
2648.914768 6.31793379784
2657.717313 6.5244140625
2666.356304 6.50894093513
2674.234649 5.73771309853
2682.843207 6.4804058075
2691.908576 6.81488490105
2700.26688 6.25448513031
2708.776068 9999
2717.399695 9999.0
2725.527509 5.86011099815
2733.856114 6.19711399078
2741.702785 5.71423721313
2750.386689 6.5500099659
2758.933229 6.29227399826
2767.368708 6.2784101963
2776.096753 6.58102416992
2784.760405 6.54989409447
2793.606348 6.5903429985
2801.937446 6.20585107803
2811.052768 6.97205209732
2818.973891 5.7862701416
2827.493534 6.28619980812
2836.146731 6.52312016487
2844.767764 6.46136784554
2853.040594 6.14516711235
2861.887678 6.59470486641
2870.639223 6.61075186729
2878.90872 6.14876914024
2887.374811 6.33835697174
2895.328055 5.69330000877
2904.347668 6.87114810944
2912.70334 6.21780896187
2921.039039 6.22836303711
2929.536797 6.25188088417
2937.944785 6.26045608521
2946.68074 6.58056902885
2955.392497 6.57780909538
2964.042458 6.37801003456
2972.873496 6.67895507812
2981.182638 6.18374490738
2989.173938 5.87073898315
2998.050028 6.59625720978
3007.162743 6.99573302269
3015.019343 5.7316570282
3023.333074 6.1870970726
3031.741193 6.15104699135
3040.129799 6.2850689888
3048.469861 6.22152996063
3056.844997 6.25466394424
3065.980141 9999
3075.049275 6.95374011993
3083.656116 6.50251603127
3092.006825 6.22511386871
3100.365927 6.12009382248
3108.736496 6.25534415245
3117.410635 6.55881500244
3125.257452 5.7299349308
3134.213272 6.70258402824
3142.830057 6.49673199654
3151.565706 6.61129188538
3159.921101 6.21958518028
3168.437821 6.25227093697
3177.084826 6.52966713905
3185.290883 6.06427121162
3193.910768 6.498939991
3202.650581 6.49973988533
3211.103738 6.32962203026
3219.428696 6.17565512657
3227.716443 6.15345191956
3236.139935 6.17429995537
3244.923737 6.66856694221
3252.728013 5.67395091057
3261.472668 6.62127709389
3269.952677 6.23343896866
3278.662482 6.57544207573
3287.321649 6.51740193367
3296.122994 6.66491889954
3304.984684 6.61618995667
3313.205602 6.10349798203
3321.43632 6.10860395432
3330.088883 6.53465008736
3338.874474 6.52678585052
3347.080849 6.07794308662
3355.359956 6.12887406349
3364.08602 6.61412096024
3372.636424 6.27828001976
3380.537016 5.7872209549
3388.921053 6.23474907875
3398.028064 6.9921810627
3406.815655 6.5077021122
3415.632832 6.69431209564
3423.507956 5.76225495338
3432.292942 6.66085195541
3441.160618 6.58352589607
3449.037769 5.74250793457
3457.772532 6.56804513931
3466.530363 6.61815404892
3475.057694 6.27391910553
3483.276139 6.09466195107
3492.018951 6.60064196587
3500.729142 6.58650302887
3509.58583 6.62035918236
3518.008611 6.31420397758
3526.800525 6.65026807785
3535.204071 6.28337907791
3543.154334 5.71115207672
3550.960098 5.67654299736
3559.327356 6.22123289108
3568.704651 9999.0
3577.404553 6.46730113029
3585.709036 6.17886400223
3594.358418 6.50733304024
3602.266333 5.76081991196
