7.29091 9999
14.365476 9999
21.567925 9999
28.741918 9999
35.849572 9999.0
43.037883 9999
50.209649 9999
144.540923 4.59849183559
238.413778 4.57056720257
332.784031 4.59511829615
426.566202 4.56623458862
520.803308 4.58803670406
615.290599 4.60200787783
710.345097 4.62984471321
804.748949 4.59772769213
899.60605 4.62004947662
994.873296 4.63983113766
1089.576997 4.61014090776
1184.13024 4.60358970165
1278.683835 4.60487854481
1285.87834 9999
1380.910694 4.63478217125
1476.315748 4.64712091684
1483.558509 9999
1490.649423 9999
1497.704763 9999
1591.800605 4.58736214638
1598.893906 9999
1606.001384 9999
1613.06937 9999
1706.353178 4.54727880955
1800.339056 4.57744117975
1894.00979 4.56065161228
1988.045759 4.57869923115
1995.258414 9999
2088.970984 4.56868164539
2182.924481 4.57409756184
2277.160499 4.58884600401
2371.664487 4.60317755938
2466.250892 4.60668334961
2560.974177 4.61307852268
2656.626466 4.65936272144
2663.906729 9999
2671.126654 9999
2766.394957 4.64614756107
2860.962096 4.60588233471
2955.615481 4.60834577084
3050.402565 4.61563842297
3057.679634 9999
3064.850935 9999
3071.988792 9999
3166.909177 4.628464818
3261.059692 4.58506736755
3268.240229 9999
3361.968062 4.56945810318
3455.771569 4.56691643
3549.610696 4.56889292002
3643.661482 4.57761999369
