2.083917 0.160481929779
3.986024 0.127311944962
5.883892 0.132187128067
7.762836 0.125886201859
9.63843 0.128101110458
11.548407 0.122771024704
13.434295 0.145437955856
15.359093 0.149065971375
17.254758 0.126619100571
19.154192 0.125197887421
21.030248 0.141514062881
22.934031 0.124876022339
24.819276 0.123959064484
26.712025 0.120795965195
28.599967 0.13220000267
30.470392 0.119324922562
32.541766 0.146866083145
34.420532 0.123123884201
36.351187 0.153949975967
38.260287 0.130367040634
40.156178 0.132373094559
42.051557 0.130452156067
43.923006 0.121328115463
45.832202 0.122829914093
47.978998 0.130935907364
49.862439 0.128480911255
51.733535 0.122520923615
53.607736 0.127961874008
55.492937 0.128961086273
57.386054 0.131183862686
59.27134 0.131309986115
61.157568 0.129276990891
63.231609 0.129262208939
65.135071 0.138885974884
66.995682 0.127233028412
68.884352 0.133618116379
70.788524 0.126313924789
72.660548 0.126685857773
74.53836 0.144948959351
76.44601 0.144999980927
78.327742 0.130895137787
80.223326 0.127507925034
82.138309 0.148347854614
84.015693 0.130696058273
85.894719 0.141371011734
87.778127 0.125365018845
89.627175 0.125287055969
91.523552 0.126853942871
93.632715 0.139875888824
95.568453 0.127027988434
97.48736 0.141268014908
99.386045 0.124470949173
101.282704 0.129724025726
103.407369 0.130779027939
105.345349 0.147911787033
107.283033 0.12966799736
109.171764 0.139219999313
111.099093 0.130678892136
113.006944 0.127404928207
114.922032 0.131997108459
116.829867 0.125202894211
118.741727 0.124637126923
120.639686 0.129806995392
122.540123 0.146075963974
124.653685 0.149029016495
126.516086 0.121984004974
128.462126 0.127013921738
130.355654 0.148937940598
132.28204 0.130856990814
134.16024 0.127213001251
136.091214 0.15140080452
137.977985 0.131593942642
139.882016 0.148766994476
141.781331 0.128415107727
143.677795 0.12828207016
145.5878 0.131500959396
147.509756 0.126387119293
149.427959 0.130609989166
151.335294 0.132322072983
153.275957 0.124181985855
155.311939 0.141616106033
157.202079 0.12607884407
159.14123 0.148442029953
161.060381 0.14786696434
162.974664 0.128812074661
164.886324 0.132880926132
166.809571 0.127166986465
168.708625 0.125685930252
170.608246 0.133832931519
172.535333 0.149845123291
174.4466 0.123241186142
176.32785 0.127815008163
178.227373 0.130596160889
180.135233 0.129297971725
182.056341 0.131605148315
183.947753 0.145451068878
186.058909 0.147490024567
187.911941 0.119843959808
189.83099 0.120651960373
191.719757 0.140964031219
193.643987 0.151005029678
195.555633 0.13051199913
197.450306 0.129310131073
199.334368 0.123747110367
201.244496 0.130438089371
203.201109 0.144562959671
205.127653 0.150393009186
207.039169 0.13041806221
208.955349 0.146677017212
210.896485 0.151104927063
212.799107 0.129596948624
214.688754 0.12006187439
216.746344 0.122272968292
218.673037 0.147734165192
220.586459 0.128654956818
222.503411 0.150095939636
224.38047 0.131526947021
226.26961 0.137341976166
228.148933 0.12947678566
230.043841 0.130191087723
231.939968 0.131646871567
233.821671 0.127796888351
235.720384 0.12970995903
237.604187 0.123013973236
239.488318 0.127367973328
241.39622 0.133401870728
243.580311 0.138746976852
245.480329 0.142570018768
247.542455 0.123296976089
249.461957 0.131314992905
251.355613 0.130264997482
253.271005 0.151448965073
255.195419 0.129405021667
257.110556 0.150775909424
259.059512 0.130531072617
260.971029 0.131268024445
262.863093 0.130034923553
264.755608 0.124841928482
266.644934 0.129245042801
268.666125 0.14718914032
270.580933 0.129949092865
272.486564 0.129760980606
274.40811 0.130599021912
276.345646 0.14834690094
278.490433 0.127746105194
280.382487 0.127587080002
282.318335 0.146847009659
284.187387 0.121701955795
286.114424 0.147678136826
288.026674 0.129203081131
289.912559 0.131786823273
291.79323 0.127795219421
293.67722 0.128885030746
295.56169 0.127993106842
297.459464 0.12651181221
299.369057 0.132128953934
301.265287 0.133069992065
303.194802 0.142491102219
305.102681 0.129926919937
307.005721 0.129585981369
309.148234 0.128812074661
311.077655 0.128561973572
313.006829 0.150759935379
314.907247 0.1216609478
316.812323 0.129467964172
318.695737 0.136825084686
320.583367 0.129472970963
322.548604 0.131411075592
324.426656 0.123219013214
326.355421 0.129643201828
328.28514 0.145481824875
330.212331 0.149273872375
332.140463 0.130233049393
334.070678 0.129040956497
335.958086 0.131051063538
337.872116 0.129459142685
340.004586 0.147333860397
341.883355 0.128846883774
343.808467 0.14834523201
345.716235 0.14194393158
347.605548 0.124808073044
349.486939 0.145419120789
351.385669 0.126952886581
353.282456 0.128036022186
355.179972 0.129714012146
357.134317 0.129618883133
359.103179 0.132442951202
361.008883 0.126616954803
362.902425 0.137943983078
364.789772 0.13308596611
366.662149 0.127820968628
368.568435 0.126194953918
370.666326 0.131188869476
372.58832 0.133180141449
374.492552 0.146866083145
376.371266 0.118950128555
378.257375 0.130449056625
380.146125 0.127156019211
382.038604 0.147375822067
383.907738 0.125128984451
385.797873 0.135672807693
387.674882 0.122246980667
389.57978 0.128541946411
391.44478 0.12241601944
393.321254 0.136142969131
395.19637 0.127358913422
397.07166 0.131696939468
398.963467 0.126741170883
401.072952 0.130420923233
402.964426 0.129678010941
404.871279 0.131853103638
406.739335 0.129041910172
408.622633 0.148180007935
410.496359 0.127117156982
412.360666 0.125796079636
414.256888 0.119364976883
416.176365 0.131098031998
418.094726 0.13009595871
419.984879 0.126817941666
421.917754 0.148059129715
423.817862 0.125666856766
425.721096 0.144363164902
427.610923 0.129577875137
429.533724 0.128905057907
431.641998 0.127660036087
433.551357 0.127514123917
435.470071 0.129222869873
437.367162 0.128350019455
439.262628 0.124267101288
441.195454 0.131528139114
443.067052 0.128378152847
444.952191 0.131694078445
446.830305 0.127383947372
448.721008 0.131624221802
450.629624 0.130934000015
452.499403 0.129481077194
454.359641 0.132165908813
456.254665 0.129311084747
458.186528 0.140439033508
460.059205 0.122779130936
462.159429 0.130431175232
464.066005 0.125524997711
465.975535 0.129271030426
467.869878 0.126802921295
469.766094 0.128754854202
471.670902 0.151037931442
473.557511 0.129342794418
475.457573 0.128849029541
477.367726 0.142092943192
479.260709 0.131058931351
481.167141 0.128822088242
483.088457 0.130348920822
484.991671 0.12744307518
486.883337 0.148188114166
488.816766 0.146925926208
490.680796 0.127599000931
492.809209 0.143610954285
494.75242 0.133012056351
496.658285 0.129349946976
498.56955 0.127280950546
500.486573 0.129062891006
502.428389 0.150306940079
504.322787 0.145927906036
506.188207 0.131620168686
508.083756 0.121733188629
509.955694 0.132658958435
511.890013 0.146234035492
513.771044 0.128852128983
515.679304 0.124796867371
517.595618 0.128524065018
519.52914 0.142977952957
521.440611 0.12540602684
523.539815 0.127851009369
525.446707 0.123689174652
527.390143 0.131418228149
529.293003 0.149549007416
531.241418 0.128415107727
533.126672 0.129499912262
535.035206 0.131448984146
536.9296 0.131971120834
538.8052 0.121198892593
540.700347 0.130220174789
542.612918 0.147290945053
544.514279 0.126971006393
546.422534 0.12285900116
548.350511 0.14733505249
550.321683 0.129745006561
552.262721 0.152235031128
554.361993 0.144318819046
556.275447 0.129936933517
558.202952 0.125169992447
560.101718 0.142641067505
561.989699 0.124672889709
563.907455 0.127418041229
565.832811 0.147446155548
567.753885 0.139773130417
569.662327 0.149868011475
571.576346 0.130526065826
573.495957 0.130723953247
575.446174 0.147605895996
577.323674 0.128269910812
579.224184 0.125039100647
581.136476 0.127197027206
583.068312 0.150743961334
585.15319 0.148010015488
587.072659 0.158918142319
588.97435 0.119658946991
590.856742 0.118692874908
592.729722 0.128026008606
594.627489 0.131445884705
596.522132 0.130966901779
598.431633 0.130460977554
600.329969 0.124638795853
602.222568 0.132848978043
604.097548 0.122449874878
605.968878 0.132977962494
607.850878 0.118659973145
609.723105 0.132351875305
611.594514 0.118051052094
613.479298 0.124928951263
615.6154 0.126621961594
617.522279 0.138651132584
619.406124 0.128462076187
621.301116 0.128237009048
623.223463 0.129174947739
625.137637 0.150372028351
627.014731 0.129389047623
628.93608 0.127517938614
630.829982 0.126241207123
632.72679 0.131060123444
634.638613 0.144390106201
636.541264 0.13849902153
638.405835 0.121953964233
640.298197 0.128149986267
642.194758 0.12108206749
644.106292 0.132432937622
646.173962 0.136137008667
648.070445 0.149634838104
649.947303 0.131134986877
651.837849 0.126261949539
653.725383 0.139530181885
655.769651 0.120895862579
657.710202 0.151905059814
659.607146 0.12614107132
661.501959 0.128125905991
663.422115 0.119428157806
665.316636 0.129742860794
667.189947 0.130093097687
669.084315 0.139612197876
670.967413 0.125830888748
672.840098 0.121507167816
674.718078 0.124033927917
676.798354 0.151253938675
678.67635 0.129624128342
680.606236 0.1324198246
682.477655 0.126253843307
684.349816 0.12783908844
686.235328 0.127762794495
688.070684 0.121546030045
689.958111 0.134542942047
691.858464 0.125684976578
693.758993 0.129855155945
695.639063 0.120622873306
697.504614 0.131523132324
699.396385 0.126353025436
701.259823 0.132339000702
703.129713 0.12424993515
705.021576 0.137473106384
707.137938 0.130818128586
709.036921 0.12340593338
711.178812 0.141681909561
713.093965 0.156065940857
715.00011 0.121922016144
716.895781 0.127243995667
718.765543 0.127988100052
720.671807 0.141416072845
722.612916 0.146957159042
724.539859 0.133166074753
726.434945 0.132489919662
728.363932 0.144618988037
730.2919 0.142285823822
732.206908 0.125787973404
734.133804 0.148646116257
736.03532 0.129760980606
738.142279 0.146020889282
740.021758 0.122089862823
741.932355 0.149108886719
743.83879 0.134004831314
745.767863 0.129468917847
747.664987 0.126012086868
749.587345 0.146317005157
751.489969 0.128119945526
753.408209 0.154076814651
755.2962 0.130138158798
757.210922 0.148046016693
759.0646 0.12134718895
760.958993 0.129586935043
762.889278 0.122224092484
764.774235 0.129472017288
766.661696 0.121774196625
768.733001 0.124758005142
770.650769 0.143265962601
772.558285 0.149568080902
774.455807 0.143463134766
776.379454 0.131284952164
778.275943 0.121602058411
780.202906 0.14864397049
782.143251 0.143814086914
784.038234 0.131093978882
785.971412 0.14616894722
787.91535 0.147166013718
789.791588 0.123648881912
791.634048 0.124392986298
793.540466 0.130223035812
795.42833 0.126242160797
797.354276 0.1304500103
799.432257 0.130655050278
801.347371 0.137272119522
803.266336 0.151283025742
805.174371 0.14827299118
807.130527 0.146182060242
809.042727 0.128859996796
810.949827 0.131903171539
812.831123 0.124231815338
814.749072 0.141892910004
816.62707 0.128129005432
818.500726 0.120548963547
820.419522 0.129140138626
822.332881 0.147477865219
824.251081 0.141110897064
826.193385 0.127700090408
828.118543 0.131175041199
830.241501 0.145747900009
832.116278 0.11953496933
833.987743 0.126792907715
835.894856 0.126649856567
837.789259 0.148964166641
839.682831 0.145422935486
841.584012 0.141024112701
843.470502 0.129445075989
845.355317 0.133003950119
847.250456 0.129124879837
849.179221 0.162734985352
851.116144 0.125241041183
853.048683 0.16380405426
854.917628 0.121955871582
856.813954 0.127859830856
858.695303 0.141027212143
860.804039 0.140691995621
862.683718 0.120988845825
864.598605 0.139621019363
866.518321 0.152055025101
868.437965 0.146369934082
870.335373 0.127449035645
872.266627 0.141755819321
874.211585 0.148900985718
876.127544 0.141260147095
878.025339 0.144313097
879.912465 0.125970125198
881.787648 0.130439043045
883.686406 0.145724058151
885.586126 0.128738164902
887.471688 0.126055002213
889.372663 0.131155014038
891.497015 0.125794172287
893.450385 0.124596834183
895.377115 0.147044897079
897.258359 0.129462003708
899.139491 0.130728006363
901.010901 0.130197048187
902.936496 0.144678115845
904.845953 0.150358200073
906.915491 0.129633188248
908.845672 0.120522022247
910.736414 0.125758171082
912.627277 0.130574941635
914.536426 0.129854917526
916.430141 0.127180099487
918.359903 0.150808095932
920.314702 0.148181915283
922.452636 0.145532131195
924.369205 0.147300004959
926.258963 0.123742818832
928.158107 0.121858119965
930.081482 0.149163007736
932.080719 0.124456882477
933.981509 0.148316860199
935.858697 0.128093004227
937.741833 0.125453948975
939.637427 0.128875017166
941.541803 0.150241136551
943.429915 0.127666950226
945.327022 0.129721164703
947.234712 0.129400014877
949.143647 0.132347106934
951.050465 0.130899906158
953.163074 0.129185914993
955.046826 0.128787994385
957.010374 0.148493051529
958.871214 0.121803045273
960.772477 0.130343914032
962.667832 0.128606081009
964.569698 0.125365018845
966.518414 0.123981952667
968.427371 0.130377054214
970.311843 0.129511833191
972.219504 0.120875120163
974.145416 0.14645409584
976.069076 0.127619028091
977.940905 0.129143953323
979.837572 0.127361059189
981.761243 0.122313976288
983.834389 0.126724004745
985.744521 0.126559972763
987.637536 0.128350973129
989.529697 0.142955064774
991.40595 0.131398916245
993.304553 0.131417989731
995.188058 0.121298074722
997.095679 0.127055168152
998.991307 0.129922866821
1000.929906 0.135459899902
1002.888035 0.150955915451
1004.749916 0.128062963486
1006.665162 0.147206068039
1008.568192 0.143583774567
1010.490805 0.124794006348
1012.427086 0.141661167145
1014.592329 0.131973028183
1016.473533 0.127268075943
1018.387646 0.150022029877
1020.272867 0.149341106415
1022.197823 0.141545057297
1024.107033 0.128494977951
1026.048663 0.15018415451
1027.909389 0.12788105011
1029.805027 0.125209093094
1031.693646 0.144011974335
1033.595961 0.127825021744
1035.478641 0.138856887817
1037.357287 0.127806901932
1039.259755 0.148355960846
1041.182916 0.130859136581
1043.098569 0.14844417572
1045.234405 0.148936986923
1047.117604 0.149582147598
1049.031954 0.12074303627
1050.887957 0.11982011795
1052.799381 0.132122039795
1054.703735 0.143435001373
1056.614134 0.152091026306
1058.522199 0.129821062088
1060.43881 0.141214132309
1062.384548 0.143437862396
1064.304208 0.143182992935
1066.22144 0.14905500412
1068.15577 0.122570037842
1070.056336 0.127930879593
1071.953635 0.143657922745
1073.824219 0.123038053513
1075.91012 0.128839015961
1077.827019 0.152320861816
1079.690584 0.130909919739
1081.576923 0.130789041519
1083.493943 0.130206108093
1085.379915 0.132088899612
1087.318299 0.140076875687
1089.268132 0.130252122879
1091.195614 0.137861013412
1093.110153 0.123820066452
1095.034456 0.148975133896
1096.945293 0.120554924011
1098.832966 0.128341913223
1100.73739 0.128776073456
1102.645784 0.122318983078
1104.553068 0.127885818481
1106.680085 0.130393981934
1108.597508 0.128370046616
1110.509337 0.130028009415
1112.438576 0.129245996475
1114.336447 0.130850076675
1116.23085 0.130039215088
1118.142682 0.131782054901
1120.093975 0.129196882248
1122.019796 0.148339033127
1123.906417 0.125397920609
1125.783948 0.131283044815
1127.86959 0.128401994705
1129.776211 0.128391981125
1131.69239 0.147080898285
1133.571008 0.12343788147
1135.463899 0.140772819519
1137.55486 0.125236988068
1139.484592 0.135867834091
1141.419409 0.132928848267
1143.315658 0.124620914459
1145.222127 0.148928880692
1147.107618 0.13089299202
1149.039784 0.131427049637
1150.922205 0.128541946411
1152.982644 0.152404069901
1154.873281 0.122133016586
1156.804163 0.134219169617
1158.688418 0.129645824432
1160.615769 0.147026062012
1162.516768 0.131905078888
1164.444686 0.149713993073
1166.330335 0.124012947083
1168.430363 0.127710103989
1170.340048 0.129301071167
1172.259362 0.129292964935
1174.187393 0.148726940155
1176.120484 0.151568174362
1178.007563 0.13254404068
1179.947422 0.146357059479
1181.872594 0.131191015244
1183.771858 0.144458055496
1185.664113 0.129161834717
1187.579033 0.149431943893
1189.498666 0.148911952972
1191.398079 0.132452011108
1193.316922 0.125777006149
1195.219604 0.140843153
1197.108173 0.127597093582
1199.240328 0.147783994675
1201.141871 0.125095129013
1203.035898 0.127411842346
1204.935289 0.129020929337
1206.827198 0.146162033081
1208.730049 0.141273021698
1210.641267 0.147865056992
1212.536182 0.146965026855
1214.494579 0.144814014435
1216.368898 0.129652023315
1218.277699 0.127835988998
1220.211176 0.128769874573
1222.112771 0.144339084625
1224.014178 0.128650903702
1225.89529 0.149112939835
1227.819742 0.132343053818
1229.945916 0.155201911926
1231.843969 0.141150951385
1233.731675 0.126759052277
1235.619099 0.12953710556
1237.517447 0.11962890625
1239.425637 0.121093988419
1241.320239 0.123201847076
1243.294535 0.143706083298
1245.21954 0.129914045334
1247.101553 0.12134885788
1249.029269 0.147795915604
1250.914531 0.126413106918
1252.799755 0.127774953842
1254.700141 0.122830867767
1256.629546 0.151319026947
1258.541785 0.145709991455
1260.6587 0.134865999222
1262.544803 0.126874923706
1264.467694 0.129966974258
1266.350222 0.128370046616
1268.290315 0.149563074112
1270.194983 0.146656990051
1272.108887 0.136077880859
1273.991505 0.126944065094
1275.8764 0.12637090683
1277.773325 0.127943992615
1279.67801 0.146458864212
1281.55045 0.141063928604
1283.440284 0.124494075775
1285.345851 0.123482942581
1287.247602 0.142328977585
1289.137888 0.123163938522
1291.23368 0.136158943176
1293.120816 0.128885030746
1295.017654 0.127733945847
1296.945682 0.145897865295
1298.846874 0.129998922348
1300.756479 0.128880977631
1302.69528 0.153090953827
1304.592909 0.124199867249
1306.51294 0.144324064255
1308.420677 0.152253866196
1310.339304 0.14936709404
1312.216379 0.130073070526
1314.126864 0.132029056549
1316.019626 0.12779712677
1317.926094 0.12922000885
1319.856995 0.148019075394
1321.966964 0.146013975143
1323.880889 0.130625009537
1325.800631 0.126288890839
1327.706985 0.127871990204
1329.626049 0.144262075424
1331.584487 0.132328987122
1333.492457 0.130038022995
1335.402223 0.126727104187
1337.320883 0.128541946411
1339.230071 0.128442049026
1341.16146 0.128574848175
1343.067358 0.128588914871
1344.962217 0.125072956085
1346.854246 0.141241073608
1348.946534 0.126595973969
1350.887599 0.147995948792
1352.979322 0.129124164581
1354.876772 0.128837823868
1356.795035 0.129349946976
1358.731463 0.147529125214
1360.624165 0.122269868851
1362.528604 0.144894838333
1364.415401 0.129405975342
1366.335257 0.131764888763
1368.25024 0.137852907181
1370.193913 0.146834135056
1372.107853 0.128169059753
1374.021858 0.124542951584
1375.920301 0.126456975937
1377.860826 0.14793586731
1379.77438 0.129171848297
1381.694792 0.128933906555
1383.840415 0.124394893646
1385.747943 0.144978046417
1387.645987 0.128355979919
1389.557244 0.125694990158
1391.466427 0.125789880753
1393.399195 0.147222042084
1395.323481 0.142743110657
1397.25481 0.151584863663
1399.191406 0.1289498806
1401.122349 0.131036043167
1403.031008 0.128271102905
1404.9501 0.127157926559
1406.848552 0.125409126282
1408.73097 0.128256082535
1410.62941 0.130940914154
1412.553827 0.147205114365
1414.625714 0.121329784393
1416.550635 0.140771865845
1418.4882 0.129611968994
1420.395567 0.127192974091
1422.350559 0.150902986526
1424.271886 0.123896121979
1426.202168 0.128901958466
1428.12301 0.133733034134
1430.066157 0.127999067307
1432.003736 0.145592927933
1433.904475 0.128062009811
1435.866027 0.144856929779
1437.784572 0.132475852966
1439.70233 0.141430139542
1441.646233 0.143637180328
1443.597931 0.148056030273
1445.739797 0.130290985107
1447.647251 0.132297992706
1449.567784 0.130084037781
1451.51167 0.123630046844
1453.420136 0.124172925949
1455.328657 0.133423089981
1457.248377 0.142452001572
1459.147581 0.144201993942
1461.068103 0.144742012024
1462.958377 0.125700950623
1464.965778 0.122117996216
1466.893156 0.127572059631
1468.834399 0.146715164185
1470.751027 0.146398067474
1472.638751 0.130795001984
1474.551585 0.124988079071
1476.698775 0.13240814209
1478.599919 0.149522066116
1480.517382 0.13094997406
1482.420167 0.130162000656
1484.337751 0.150961875916
1486.21922 0.143033981323
1488.110739 0.129046201706
1490.004087 0.122204065323
1491.923523 0.143595933914
1493.847292 0.129414796829
1495.729108 0.128544807434
1497.654509 0.151040792465
1499.632819 0.121570825577
1501.562718 0.129565954208
1503.459238 0.120183944702
1505.375946 0.12750005722
1507.551398 0.13033914566
1509.469179 0.151528120041
1511.337369 0.124618053436
1513.269102 0.141894102097
1515.151303 0.126043081284
1517.043104 0.120444059372
1518.96221 0.129671812057
1520.881217 0.130037069321
1522.772231 0.145853996277
1524.724943 0.13144993782
1526.626164 0.147862911224
1528.563717 0.129871845245
1530.491493 0.14373421669
1532.405435 0.127346992493
1534.323662 0.142106056213
1536.201996 0.148219108582
1538.351336 0.139611005783
1540.275516 0.129426002502
1542.202731 0.151438951492
1544.101867 0.128185033798
1546.036293 0.130815982819
1547.919292 0.129650115967
1549.802344 0.128776788712
1551.727768 0.149137973785
1553.618678 0.123693943024
1555.550861 0.129146099091
1557.467373 0.126750946045
1559.378209 0.126222133636
1561.260844 0.127724885941
1563.158834 0.128294944763
1565.064634 0.128771066666
1566.926448 0.128223896027
1569.052423 0.129643917084
1570.97013 0.132920026779
1572.845287 0.129565000534
1574.728463 0.123230934143
1576.667664 0.150938987732
1578.585233 0.149132013321
1580.477835 0.123090982437
1582.406419 0.129175901413
1584.294336 0.133078098297
1586.175345 0.1296210289
1588.056908 0.12496304512
1590.038046 0.12168097496
1591.968136 0.126569986343
1593.874714 0.143795967102
1595.78562 0.128219127655
1597.725035 0.144313097
1599.855244 0.126996040344
1601.781314 0.123836994171
1603.711868 0.146936178207
1605.614796 0.132802009583
1607.55858 0.128278017044
1609.488958 0.147962093353
1611.44205 0.148191928864
1613.341756 0.128531932831
1615.250618 0.131196975708
1617.167178 0.148436069489
1619.07894 0.129428863525
1620.987493 0.130607128143
1622.920334 0.13130903244
1624.804223 0.129361867905
1626.736299 0.132148981094
1628.655696 0.122368097305
1630.909627 0.139090061188
1632.854156 0.128640174866
1634.75352 0.130347967148
1636.659433 0.129915952682
1638.605235 0.129993200302
1640.522382 0.125021934509
1642.445355 0.131013154984
1644.350199 0.128516197205
1646.248563 0.13218998909
1648.1533 0.128480195999
1650.073595 0.130113840103
1651.971352 0.131000041962
1653.861538 0.126355886459
1655.739929 0.127279996872
1657.65875 0.129806995392
1659.567137 0.132347822189
1661.726445 0.122784137726
1663.635014 0.132640123367
1665.53025 0.129329919815
1667.428128 0.130448818207
1669.360262 0.131507158279
1671.298994 0.136893987656
1673.283692 0.130051136017
1675.178717 0.131408929825
1677.107388 0.149303913116
1679.0079 0.128152132034
1680.91503 0.129915952682
1682.833114 0.130055904388
1684.716322 0.129392147064
1686.638512 0.130336999893
1688.520597 0.126434803009
1690.430759 0.127424955368
1692.603203 0.131897926331
1694.510465 0.129940032959
1696.413094 0.144455909729
1698.311581 0.122750043869
1700.224305 0.127763032913
1702.142024 0.126487016678
1704.057141 0.145227909088
1705.971762 0.130918979645
1707.890748 0.123070001602
1709.813427 0.128660202026
1711.719709 0.126572132111
1713.603518 0.132449865341
1715.510323 0.125928878784
1717.407831 0.127434968948
1719.329087 0.129852056503
1721.266487 0.148816108704
1723.355022 0.125498056412
1725.231774 0.132848978043
1727.138297 0.129220962524
1729.043461 0.126273870468
1730.940886 0.127168893814
1732.842206 0.122403860092
1734.722142 0.126300811768
1736.618326 0.129594087601
1738.53648 0.131139993668
1740.433153 0.127524137497
1742.350718 0.148536920547
1744.285953 0.130843162537
1746.187786 0.143822908401
1748.083368 0.147784948349
1749.953576 0.129378080368
1751.854557 0.149142980576
1753.972006 0.130030870438
1755.921837 0.148345947266
1757.841792 0.148446083069
1759.755604 0.129513978958
1761.699485 0.130608081818
1763.602166 0.149005889893
1765.498146 0.145972967148
1767.372121 0.126326799393
1769.269608 0.127783060074
1771.19002 0.12899684906
1773.08333 0.125727176666
1774.981787 0.129209041595
1776.92236 0.126435041428
1778.824913 0.132555961609
1780.70438 0.127528905869
1782.632293 0.147181987762
1784.728193 0.126152992249
1786.64178 0.148732185364
1788.554578 0.13059592247
1790.429004 0.131149053574
1792.346336 0.11763882637
1794.254422 0.129040002823
1796.151201 0.127412080765
1798.060717 0.146960020065
1799.931505 0.129215955734
1801.849495 0.129837036133
1803.754383 0.147912025452
1805.6549 0.130974054337
1807.576586 0.124399900436
1809.501428 0.137522935867
1811.418632 0.125594854355
1813.291087 0.12658905983
1815.367923 0.148411035538
1817.263612 0.142735004425
1819.147243 0.145900964737
1821.061301 0.129364967346
1822.993441 0.128518819809
1824.902818 0.128057003021
1826.829804 0.149733066559
1828.729854 0.127332925797
1830.623697 0.139821052551
1832.553416 0.148667097092
1834.462174 0.150808095932
1836.361432 0.131068944931
1838.258418 0.130136013031
1840.16565 0.128348112106
1842.026729 0.129280090332
1843.939512 0.123023986816
1846.078466 0.126266956329
1847.964174 0.126695871353
1849.862647 0.129189014435
1851.795438 0.129837989807
1853.71147 0.126612901688
1855.601414 0.130975961685
1857.516695 0.128392934799
1859.403103 0.129570007324
1861.418624 0.128994941711
1863.353244 0.128111124039
1865.256115 0.127296924591
1867.150343 0.126901865005
1869.062006 0.127794981003
1870.93253 0.127728939056
1872.814447 0.126245975494
1874.704939 0.125149965286
1876.840868 0.144021987915
1878.711599 0.122231006622
1880.613793 0.127006053925
1882.490001 0.127652168274
1884.393158 0.147341012955
1886.302702 0.129446983337
1888.227732 0.129898071289
1890.142014 0.148662090302
1892.031797 0.124907016754
1893.947471 0.150116920471
1895.847623 0.127156972885
1897.765882 0.129884004593
1899.673201 0.121438026428
1901.613281 0.147401094437
1903.568089 0.144293069839
1905.503811 0.131029129028
1907.59368 0.123138904572
1909.523088 0.149708032608
1911.46883 0.118990898132
1913.363057 0.128790140152
1915.276096 0.130291938782
1917.167176 0.127292871475
1919.076279 0.125674962997
1920.988766 0.128497123718
1922.917926 0.127266168594
1924.814511 0.124759912491
1926.733764 0.127759933472
1928.607133 0.131062030792
1930.51469 0.127638101578
1932.423531 0.13155913353
1934.352578 0.146508216858
1936.252454 0.120919942856
1938.359924 0.126439094543
1940.284732 0.130762815475
1942.209024 0.148097991943
1944.122594 0.127763032913
1946.028955 0.127644062042
1947.935052 0.145237922668
1949.860081 0.133186101913
1951.76717 0.120964050293
1953.69438 0.146740913391
1955.606219 0.13251709938
1957.503562 0.130684137344
1959.387712 0.121298074722
1961.308961 0.123552083969
1963.240176 0.123293876648
1965.171999 0.125633955002
1967.076488 0.119575023651
1969.226469 0.122090101242
1971.14592 0.127702951431
1973.05404 0.129570960999
1974.959674 0.129130125046
1976.849572 0.124467134476
1978.756089 0.13153386116
1980.685879 0.128983020782
1982.572314 0.13054394722
1984.467613 0.122750997543
1986.392912 0.140944004059
1988.282289 0.126518964767
1990.197116 0.148339033127
1992.11175 0.130402088165
1993.998418 0.124876022339
1995.927233 0.127161026001
1997.813136 0.125866889954
1999.934155 0.127508878708
2001.87984 0.13233590126
2003.783895 0.143842935562
2005.671887 0.130584001541
2007.615242 0.128873825073
2009.506376 0.145035982132
2011.419798 0.129412889481
2013.327463 0.132040977478
2015.23185 0.149943113327
2017.169453 0.143373012543
2019.097953 0.139537811279
2020.988008 0.123540878296
2022.89765 0.148423910141
2024.798898 0.131153106689
2026.713149 0.149471998215
2028.64101 0.133258104324
2030.810527 0.129218816757
2032.734229 0.122036933899
2034.635785 0.137889862061
2036.536724 0.128536939621
2038.431191 0.129511117935
2040.369567 0.142470121384
2042.282854 0.12570810318
2044.189782 0.127773046494
2046.098008 0.129138946533
2048.027765 0.149403095245
2049.927246 0.12872004509
2051.824016 0.131921052933
2053.753791 0.130579948425
2055.665841 0.129873037338
2057.607059 0.128901958466
2059.540863 0.128518104553
2061.691071 0.14528799057
2063.59425 0.127447128296
2065.547247 0.145015954971
2067.438718 0.120739936829
2069.31613 0.126437902451
2071.189857 0.130055189133
2073.097718 0.127504110336
2074.994703 0.131585121155
2076.949887 0.128031015396
2078.913952 0.14889383316
2080.81593 0.128273963928
2082.77165 0.130196094513
2084.691182 0.124706029892
2086.623797 0.127352952957
2088.541858 0.127100944519
2090.490588 0.131860017776
2092.666581 0.148181915283
2094.575352 0.148052215576
2096.474285 0.131201982498
2098.373152 0.127482891083
2100.303919 0.129079818726
2102.173983 0.12039399147
2104.094389 0.127833843231
2106.046016 0.147540092468
2107.960433 0.12957906723
2109.853683 0.117125034332
2111.749234 0.114173173904
2113.670893 0.12168097496
2115.58787 0.126869916916
2117.51183 0.132539987564
2119.454525 0.129234075546
2121.355775 0.120056152344
2123.520782 0.126876115799
2125.407513 0.121054172516
2127.365559 0.1248960495
2129.270379 0.123127937317
2131.190356 0.128443002701
2133.108619 0.128626823425
2135.06304 0.149348020554
2136.985747 0.128624916077
2138.875813 0.125292062759
2140.788626 0.14346909523
2142.689724 0.129339933395
2144.596594 0.130664825439
2146.502141 0.138005018234
2148.423193 0.130156993866
2150.316442 0.125600099564
2152.22606 0.126358032227
2154.327603 0.127770900726
2156.247972 0.13006901741
2158.189233 0.14160990715
2160.136407 0.12770986557
2162.080141 0.127664089203
2164.012541 0.130014181137
2165.9111 0.138078927994
2167.802702 0.126549959183
2169.688351 0.128160953522
2171.613196 0.14829993248
2173.51732 0.134014129639
2175.398386 0.13179898262
2177.287158 0.131182193756
2179.181077 0.124164104462
2181.102979 0.134238958359
2182.98417 0.131050109863
2185.137869 0.151030063629
2187.04602 0.143541812897
2188.935851 0.128795146942
2190.844332 0.13060593605
2192.768532 0.149440050125
2194.648398 0.121643066406
2196.556036 0.126888036728
2198.488642 0.142330169678
2200.382898 0.142050027847
2202.293788 0.125916004181
2204.233036 0.131628990173
2206.17966 0.126055955887
2208.111396 0.124267101288
2210.015806 0.123776912689
2211.929103 0.129951000214
2213.84745 0.1266040802
2216.007399 0.124211072922
2217.929289 0.122339963913
2219.861691 0.131487131119
2221.781098 0.149454116821
2223.688182 0.125361919403
2225.590892 0.127369880676
2227.501735 0.127113103867
2229.413789 0.1262819767
2231.317329 0.122642040253
2233.225857 0.12956404686
2235.122077 0.119412899017
2237.043995 0.131404876709
2238.960643 0.148858070374
2240.871752 0.129158973694
2242.803102 0.129090070724
2244.700897 0.120800018311
2246.832352 0.127558946609
2248.731157 0.129420042038
2250.643478 0.144978046417
2252.523916 0.131227016449
2254.454186 0.129549026489
2256.372409 0.147240161896
2258.284969 0.133810997009
2260.177044 0.124360799789
2262.111606 0.122512102127
2264.016482 0.118362188339
2265.902372 0.129506111145
2267.794659 0.125946998596
2269.683078 0.132248878479
2271.577647 0.1226541996
2273.523956 0.132075071335
2275.439655 0.125617980957
2277.593815 0.126815080643
2279.510253 0.12121796608
2281.444677 0.120539903641
2283.358087 0.127094984055
2285.257999 0.128800868988
2287.188407 0.130869865417
2289.09991 0.121180057526
2291.005731 0.125463008881
2292.914087 0.129430055618
2294.822897 0.129786014557
2296.757425 0.123788118362
2298.682231 0.147896051407
2300.597972 0.130098104477
2302.499482 0.126000881195
2304.413108 0.129842042923
2306.306035 0.129200220108
2308.44581 0.123623132706
2310.3387 0.13120508194
2312.245044 0.129009962082
2314.137024 0.140043020248
2316.029163 0.121191978455
2317.933436 0.12300491333
2319.835058 0.146996974945
2321.734143 0.141361951828
2323.612573 0.128593921661
2325.517923 0.12787604332
2327.425549 0.128345012665
2329.322722 0.129257917404
2331.251262 0.126657009125
2333.136481 0.129331111908
2335.050777 0.124743938446
2336.980147 0.127235174179
2339.138756 0.125102996826
2341.037774 0.145174026489
2342.926079 0.150096893311
2344.859814 0.124908924103
2346.749097 0.12566614151
2348.642808 0.12800693512
2350.551678 0.122533082962
2352.469194 0.127371788025
2354.379675 0.13250207901
2356.275124 0.126811027527
2358.241806 0.128643989563
2360.127835 0.123572826385
2362.035038 0.124194860458
2363.943048 0.128257989883
2365.85876 0.143158197403
2367.752991 0.148817062378
2369.860744 0.13180398941
2371.767522 0.128573894501
2373.858149 0.131278991699
2375.786178 0.120131969452
2377.703915 0.150675058365
2379.569797 0.124000072479
2381.476846 0.128349065781
2383.394497 0.12911605835
2385.265381 0.130455970764
2387.161432 0.1276948452
2389.096065 0.131925106049
2390.996693 0.146619081497
2392.889418 0.131419897079
2394.767351 0.11972284317
2396.686177 0.147528886795
2398.551522 0.129352807999
2400.674725 0.131062030792
2402.559886 0.125003099442
2404.492962 0.130950927734
2406.38757 0.129240036011
2408.271479 0.128682136536
2410.153234 0.129172086716
2412.039685 0.13063621521
2413.912186 0.129336833954
2415.773585 0.126127958298
2417.671921 0.139052152634
2419.595042 0.149197101593
2421.518472 0.152056217194
2423.50007 0.132094144821
2425.369281 0.12938284874
2427.293896 0.14450097084
2429.209834 0.119762182236
2431.359064 0.129781007767
2433.253691 0.131483078003
2435.173406 0.129225969315
2437.078189 0.1296210289
2438.980454 0.129914045334
2440.875636 0.145140886307
2442.74864 0.127876996994
2444.626193 0.144593000412
2446.50447 0.129521131516
2448.400216 0.130795955658
2450.272474 0.123172998428
2452.129261 0.128983020782
2454.039243 0.127576112747
2455.897136 0.125753879547
2457.784567 0.131082057953
2459.666298 0.131694078445
2461.804302 0.130355834961
2463.701596 0.127902984619
2465.595542 0.127596855164
2467.501287 0.125235080719
2469.412374 0.122249126434
2471.329354 0.122530937195
2473.244043 0.134991168976
2475.122408 0.129160165787
2477.020762 0.131418943405
2478.925546 0.130150079727
2480.823045 0.129719018936
2482.704747 0.125104904175
2484.60419 0.130960941315
2486.50302 0.148849964142
2488.455138 0.140785932541
2490.392696 0.147941827774
2492.542838 0.149999856949
2494.435547 0.143983840942
2496.355031 0.146490812302
2498.255848 0.123636960983
2500.143232 0.131059169769
2502.064886 0.123078107834
2503.961114 0.132357120514
2505.887734 0.146774053574
2507.737687 0.129492044449
2509.626497 0.123412132263
2511.518034 0.143337965012
2513.429771 0.129639148712
2515.333794 0.12788105011
2517.242833 0.121265888214
2519.161818 0.128955841064
2521.060406 0.128473043442
2523.194265 0.129025936127
2525.091153 0.127922058105
2527.042366 0.148568153381
2528.987024 0.149087905884
2530.928254 0.150599002838
2532.86185 0.148716926575
2534.740171 0.131078004837
2536.625689 0.130383968353
2538.519468 0.118124008179
2540.400389 0.127393960953
2542.28764 0.120208024979
2544.159971 0.120450973511
2546.052932 0.12722992897
2547.937755 0.122466087341
2549.84567 0.128064155579
2551.695986 0.122466802597
2553.829739 0.127327919006
2555.735678 0.123855113983
2557.599748 0.12583398819
2559.495908 0.129426002502
2561.381131 0.125362157822
2563.293321 0.147815942764
2565.182329 0.128417015076
2567.054491 0.127417087555
2568.952134 0.131305217743
2570.870807 0.125138998032
2572.777194 0.127799034119
2574.875875 0.128078222275
2576.775945 0.130442142487
2578.671558 0.124197006226
2580.555445 0.11809015274
2582.455819 0.126893997192
2584.598489 0.128906011581
2586.494676 0.127184867859
2588.409557 0.149489879608
2590.310319 0.129070997238
2592.205362 0.122419118881
2594.114966 0.129730939865
2596.040141 0.122115850449
2597.917934 0.129264116287
2599.788713 0.128431081772
2601.688395 0.130315065384
2603.5774 0.114469051361
2605.504606 0.166794061661
2607.339718 0.122890949249
2609.271278 0.130232810974
2611.179971 0.123178005219
2613.063331 0.130156993866
2615.211072 0.12958407402
2617.084931 0.12753200531
2619.000733 0.151528835297
2620.910818 0.129420042038
2622.815479 0.126175165176
2624.714662 0.126839876175
2626.604888 0.125612020493
2628.469278 0.127662181854
2630.391605 0.129337072372
2632.311033 0.130561828613
2634.207254 0.130113124847
2636.107821 0.124666929245
2637.977607 0.125517845154
2639.873064 0.130945920944
2641.77829 0.131537914276
2643.686315 0.143790006638
2645.802251 0.150818824768
2647.709426 0.129553079605
2649.590407 0.139684915543
2651.499866 0.132766008377
2653.407022 0.131596088409
2655.299803 0.125144958496
2657.21409 0.137615203857
2659.096298 0.116657972336
2661.025609 0.126936197281
2662.971569 0.132992982864
2664.855588 0.123475074768
2666.754348 0.123502969742
2668.661825 0.123491048813
2670.567614 0.143598079681
2672.450221 0.12757897377
2674.335366 0.125908136368
2676.470104 0.134621858597
2678.379391 0.131588935852
2680.266671 0.12287902832
2682.159151 0.122513055801
2684.11514 0.144054889679
2686.005836 0.128980875015
2687.923967 0.148746013641
2689.801531 0.127977132797
2691.698035 0.129504203796
2693.63096 0.147089004517
2695.490747 0.129646062851
2697.411455 0.156055927277
2699.331064 0.129172086716
2701.245076 0.147670984268
2703.1718 0.13260102272
2705.078196 0.146933078766
2707.200252 0.127431869507
2709.122641 0.129668951035
2711.046026 0.132939100266
2712.926313 0.123642921448
2714.836781 0.134001970291
2716.778294 0.129508018494
2718.699441 0.130514860153
2720.583476 0.12762093544
2722.503287 0.123128890991
2724.40909 0.123449087143
2726.352678 0.127099990845
2728.286419 0.13022685051
2730.219619 0.126176118851
2732.151588 0.125926971436
2734.057418 0.1420109272
2735.954713 0.126152038574
2738.125249 0.14786195755
2740.022383 0.126291036606
2741.926429 0.148791074753
2743.837731 0.128778934479
2745.771468 0.122835874557
2747.691475 0.129297018051
2749.598632 0.124788045883
2751.481744 0.125066995621
2753.423242 0.150969028473
2755.323429 0.129482984543
2757.22765 0.126702070236
2759.10443 0.122424125671
2761.006103 0.149744033813
2762.905431 0.127852916718
2764.779648 0.126643896103
2766.686599 0.127357006073
2768.870858 0.129404067993
2770.791373 0.13139796257
2772.687106 0.129179954529
2774.559784 0.132173061371
2776.442898 0.128419160843
2778.357587 0.149466991425
2780.317852 0.128380060196
2782.226869 0.129643201828
2784.160226 0.131571054459
2786.064866 0.124449014664
2787.928881 0.130831003189
2789.8356 0.130042076111
2791.716631 0.128438949585
2793.579039 0.121278047562
2795.495454 0.138571023941
2797.407175 0.131561994553
2799.575407 0.147742986679
2801.470271 0.14895606041
2803.419803 0.12926197052
2805.326543 0.140235185623
2807.220098 0.126348018646
2809.119269 0.130714893341
2811.002534 0.128841876984
2812.919572 0.149792909622
2814.841044 0.124358892441
2816.751094 0.130187034607
2818.646569 0.119496107101
2820.556659 0.132550001144
2822.435038 0.126550912857
2824.333568 0.124994039536
2826.215945 0.122373819351
2828.084193 0.124989032745
2830.274146 0.129265069962
2832.169065 0.146965026855
2834.067674 0.132373094559
2835.959698 0.148355960846
2837.878865 0.148654937744
2839.798617 0.149659156799
2841.708568 0.126404047012
2843.603458 0.150051116943
2845.522052 0.150196790695
2847.428401 0.128515958786
2849.360487 0.146807909012
2851.263128 0.12968993187
2853.191014 0.151422977448
2855.090819 0.130075216293
2856.994822 0.149368047714
2858.889957 0.148923873901
2861.006314 0.126918077469
2862.91601 0.154093027115
2864.819173 0.143244981766
2866.684644 0.125061035156
2868.617865 0.130488157272
2870.522919 0.122298002243
2872.43277 0.129906892776
2874.315121 0.122759103775
2876.212404 0.125329017639
2878.128846 0.121000051498
2880.039943 0.129901885986
2881.936665 0.13042807579
2883.863151 0.137674093246
2885.76652 0.122948884964
2887.673156 0.132677793503
2889.611949 0.143840074539
2891.728298 0.131202936172
2893.646278 0.128872156143
2895.556181 0.131694078445
2897.445944 0.148437976837
2899.322367 0.125366926193
2901.212488 0.139850854874
2903.126394 0.127681016922
2905.040194 0.148687124252
2906.954669 0.120929002762
2908.876209 0.120690107346
2910.759882 0.125903129578
2912.621133 0.124948978424
2914.501033 0.126871109009
2916.401531 0.122335910797
2918.33114 0.126970052719
2920.267404 0.144582986832
2922.435635 0.130816936493
2924.34226 0.128475904465
2926.250368 0.129917860031
2928.147815 0.128133773804
2930.077879 0.129400014877
2931.974991 0.128576040268
2933.88301 0.130708932877
2935.791404 0.130815982819
2937.698398 0.126832962036
2939.620869 0.124587059021
2941.51493 0.129081964493
2943.398523 0.125241041183
2945.293448 0.131705999374
2947.202456 0.13254904747
2949.128475 0.14817404747
2951.031954 0.133885860443
2953.178521 0.129132986069
2955.096201 0.127556085587
2956.995658 0.120414972305
2958.9162 0.129091024399
2960.822204 0.129538059235
2962.720653 0.124152898788
2964.63891 0.128442049026
2966.546341 0.130305051804
2968.432616 0.128031015396
2970.333937 0.129165172577
2972.236603 0.130815029144
2974.105222 0.128696918488
2976.023853 0.150398015976
2977.934446 0.12936091423
2979.855775 0.130369901657
2981.739603 0.129809141159
2983.901671 0.131374120712
2985.783166 0.129369020462
2987.690348 0.12836098671
2989.589185 0.123457193375
2991.493872 0.12956404686
2993.424409 0.127781152725
2995.354544 0.125941991806
2997.228557 0.122378110886
2999.106425 0.124895095825
3000.988535 0.123306035995
3002.907949 0.130406141281
3004.82876 0.127017974854
3006.750201 0.128511190414
3008.684139 0.144412994385
3010.600266 0.132308959961
3012.50666 0.131850004196
3014.626635 0.134322881699
3016.515374 0.131299972534
3018.421641 0.124732971191
3020.310677 0.144518852234
3022.204853 0.145087003708
3024.145908 0.130084037781
3026.082002 0.122139930725
3027.982345 0.146193981171
3029.871204 0.130172967911
3031.763463 0.123377799988
3033.650843 0.128721952438
3035.561261 0.130014896393
3037.481388 0.131695985794
3039.39347 0.136337995529
3041.269382 0.137353181839
3043.191466 0.13255906105
3045.401709 0.130835056305
3047.354709 0.126307010651
3049.324153 0.131071090698
3051.529243 0.128643035889
3053.415913 0.123256206512
3055.328572 0.133893013
3057.229802 0.128589868546
3059.13449 0.128200769424
3061.040801 0.134582042694
3062.939235 0.127075910568
3064.839972 0.124971866608
3066.745197 0.128494977951
3068.643059 0.130834102631
3070.539522 0.123248100281
3072.47147 0.13187289238
3074.365595 0.127451896667
3076.527217 0.129488945007
3078.43409 0.128684997559
3080.354389 0.126389026642
3082.239216 0.128077983856
3084.131748 0.128675937653
3086.031451 0.1310069561
3087.93912 0.128556966782
3089.849439 0.123652935028
3091.779834 0.122281074524
3093.71535 0.122575044632
3095.619389 0.130213975906
3097.526624 0.130825042725
3099.421697 0.129444122314
3101.353741 0.129528999329
3103.277424 0.130262136459
3105.157555 0.12344288826
3107.297133 0.132439851761
3109.239734 0.131348848343
3111.171925 0.133004903793
3113.091182 0.118214130402
3114.977082 0.130953073502
3116.979347 0.153822898865
3118.886077 0.122753143311
3120.74577 0.118501186371
3122.643264 0.122121810913
3124.516198 0.127799034119
3126.440251 0.148519992828
3128.341782 0.129642009735
3130.242475 0.125428915024
3132.146014 0.128634929657
3134.045284 0.130862951279
3135.952222 0.122503042221
3138.075755 0.126158952713
3140.003719 0.148689031601
3141.904943 0.130313158035
3143.810542 0.125338077545
3145.720617 0.128523111343
3147.64132 0.127235889435
3149.5715 0.130407094955
3151.479098 0.127702951431
3153.377246 0.125381946564
3155.302947 0.14898109436
3157.246365 0.148787021637
3159.16043 0.129763126373
3161.08562 0.148797988892
3162.99603 0.131447076797
3164.917817 0.130681037903
3166.875012 0.129006147385
3169.046096 0.128916978836
3170.967239 0.129707098007
3172.863058 0.123840093613
3174.796059 0.131263971329
3176.703322 0.122343063354
3178.623709 0.125566005707
3180.53155 0.1272149086
3182.437187 0.128356218338
3184.357625 0.129150867462
3186.287402 0.131510972977
3188.173208 0.127649068832
3190.096794 0.127028942108
3192.015274 0.126988887787
3193.936446 0.130596160889
3195.873833 0.14740896225
3197.788877 0.132311105728
3199.958414 0.129513025284
3201.893962 0.13053393364
3203.798141 0.125896930695
3205.7218 0.127236127853
3207.66196 0.123808860779
3209.584737 0.130862951279
3211.492628 0.126608848572
3213.377829 0.122378110886
3215.333853 0.129653215408
3217.256965 0.14902305603
3219.189757 0.126616954803
3221.077846 0.127325057983
3223.001669 0.128805160522
3224.929982 0.132642030716
3226.839769 0.132818937302
3228.745968 0.130420923233
3230.897552 0.130271911621
3232.852408 0.132557868958
3234.737398 0.130257844925
3236.631063 0.130591869354
3238.541981 0.135458946228
3240.444796 0.129949092865
3242.37587 0.127451896667
3244.269033 0.125986099243
3246.147901 0.130704164505
3248.078648 0.129702091217
3249.978361 0.142314910889
3251.894885 0.129729032516
3253.785472 0.125466108322
3255.683767 0.12867307663
3257.643511 0.129559993744
3259.527996 0.119779109955
3261.675138 0.12752199173
3263.538121 0.122663021088
3265.47225 0.146046161652
3267.376029 0.123760938644
3269.266255 0.150102853775
3271.138093 0.124865055084
3273.077756 0.123451948166
3274.947182 0.123486042023
3276.832324 0.130747079849
3278.752305 0.129738092422
3280.655971 0.14944601059
3282.766106 0.149066925049
3284.632669 0.130653858185
3286.559015 0.149173021317
3288.463512 0.147917032242
3290.379996 0.127732992172
3292.553594 0.129297018051
3294.43421 0.126406908035
3296.359785 0.149746179581
3298.294226 0.143356084824
3300.17966 0.12789106369
3302.08754 0.140774011612
3304.019967 0.126487016678
3305.94325 0.129117012024
3307.845417 0.14454293251
3309.77202 0.130679130554
3311.687135 0.128672122955
3313.561802 0.128208875656
3315.465571 0.147552967072
3317.357497 0.140181064606
3319.26237 0.128118991852
3321.168307 0.125828027725
3323.308718 0.128820180893
3325.18962 0.132238864899
3327.074728 0.130327939987
3328.995674 0.127846002579
3330.910882 0.14851808548
3332.93085 0.122368812561
3334.856709 0.146753072739
3336.757305 0.146052837372
3338.65696 0.124250173569
3340.550185 0.128891944885
3342.491052 0.141986846924
3344.37884 0.128795862198
3346.295543 0.14445400238
3348.21933 0.141993999481
3350.157246 0.140486001968
3352.02383 0.118948936462
3354.168387 0.131991147995
3356.058899 0.146002054214
3358.089755 0.144354820251
3360.044886 0.147181987762
3361.971184 0.123628139496
3363.874359 0.138403177261
3365.763942 0.13184595108
3367.694791 0.133008003235
3369.635001 0.145436048508
3371.53335 0.126608133316
3373.417217 0.129222869873
3375.328095 0.122383117676
3377.252964 0.144504785538
3379.151296 0.130976200104
3381.089625 0.124161958694
3382.995222 0.130893945694
3385.149041 0.147464990616
3387.101033 0.130658864975
3389.007725 0.129583835602
3390.913765 0.129882097244
3392.823505 0.127546072006
3394.739948 0.1468770504
3396.650155 0.128784894943
3398.53393 0.129340171814
3400.450314 0.124730825424
3402.392644 0.14955496788
3404.319246 0.12438416481
3406.202974 0.129406929016
3408.113899 0.124037027359
3410.038529 0.151417970657
3411.954062 0.123240947723
3413.870348 0.129745006561
3416.027212 0.151369094849
3417.942065 0.129359006882
3419.844067 0.1487159729
3421.731225 0.127691030502
3423.629136 0.130788803101
3425.496395 0.120719909668
3427.400985 0.122799873352
3429.311644 0.145391225815
3431.259449 0.12890291214
3433.19243 0.129832983017
3435.062088 0.128528118134
3436.960033 0.130287885666
3438.885215 0.148118972778
3440.848491 0.130560874939
3442.742171 0.131500005722
3444.65057 0.129262924194
3446.798326 0.128723144531
3448.707255 0.130707025528
3450.617756 0.122333049774
3452.530197 0.13968706131
3454.426559 0.125128030777
3456.327813 0.12903380394
3458.264053 0.146775960922
3460.185025 0.148202896118
3462.065958 0.131954193115
3464.055052 0.129729032516
3465.959559 0.147863864899
3467.836293 0.130985975266
3469.727578 0.12646985054
3471.623692 0.125990867615
3473.526395 0.141530990601
3475.415776 0.123584985733
3477.55211 0.152215957642
3479.4466 0.125185012817
3481.382477 0.141001939774
3483.312315 0.125578165054
3485.233727 0.127641916275
3487.153711 0.130089998245
3489.073155 0.127413034439
3490.982351 0.130492210388
3492.912921 0.150251150131
3494.812792 0.127215862274
3496.729289 0.140693187714
3498.623357 0.143790006638
3500.496838 0.14192700386
3502.381939 0.128990888596
3504.28978 0.127853870392
3506.195783 0.125657081604
3508.345699 0.125375986099
3510.247982 0.143791913986
3512.115569 0.121961116791
3514.023689 0.129117012024
3515.920222 0.130146980286
3517.815093 0.129578828812
3519.725642 0.1273458004
3521.633699 0.12420296669
3523.514221 0.122624158859
3525.420927 0.12779211998
3527.300431 0.148297071457
3529.140967 0.116562843323
3531.060743 0.127240896225
3532.947781 0.130926847458
3534.867467 0.122882127762
3536.807489 0.147527217865
3538.932222 0.153039932251
3540.818183 0.123859167099
3542.757816 0.150612831116
3544.658899 0.152428865433
3546.559603 0.143492937088
3548.440123 0.124391078949
3550.345735 0.126488924026
3552.230631 0.121123075485
3554.152328 0.133581161499
3556.070422 0.123915195465
3557.955148 0.124639987946
3559.823632 0.126298904419
3561.733682 0.152004957199
3563.655463 0.124053001404
3565.574154 0.130052089691
3567.467647 0.124876022339
3569.642012 0.144381046295
3571.582051 0.148724079132
3573.482112 0.128283023834
3575.363395 0.130222082138
3577.277923 0.123664140701
3579.195498 0.129516839981
3581.088976 0.127961158752
3582.972746 0.151933908463
3584.883881 0.121302127838
3586.791287 0.121549129486
3588.724176 0.131797075272
3590.619788 0.120922803879
3592.516814 0.123259067535
3594.471148 0.129197835922
3596.402084 0.142246007919
3598.334859 0.127142906189
3600.55356 0.12770485878
