20.07458 6.1003472805
39.875526 6.10409903526
59.798697 6.10395471255
59.850995 9999
79.936623 6.20820061366
100.194888 6.20927325885
119.976632 6.10549799601
140.007012 6.12740834554
159.797858 6.10279695193
179.702582 6.09318828583
199.500097 6.10725458463
219.433237 6.09936531385
239.206603 6.09280705452
259.171023 6.11861252785
278.918147 6.10174798965
298.871972 6.11727635066
318.948677 6.1982336839
338.893537 6.10554599762
358.946387 6.19575158755
378.919883 6.11444028219
398.697936 6.10060405731
418.943571 6.1946533521
438.756626 6.10611701012
458.705651 6.0966685613
478.588296 6.13532495499
498.576127 6.11765201886
519.064177 6.33720731735
538.980734 6.10372130076
558.826408 6.11539069812
578.724784 6.11152497927
598.464267 6.10346857707
618.419339 6.10854299863
618.437028 9999
618.452152 9999
638.244084 6.10772530238
658.54583 6.22755416234
678.27966 6.08232704798
698.241847 6.10543370247
718.013049 6.10152173042
737.951565 6.09975099564
757.767983 6.11386934916
757.910655 9999
777.73139 6.1244310538
797.546758 6.10877664884
817.480795 6.10311365128
837.280253 6.11067899068
844.283556 9999
864.014236 6.0927306811
884.093906 6.19100968043
903.996441 6.09398563703
923.760726 6.10295001666
943.703008 6.0959567229
963.603686 6.1230340004
983.55718 6.1029616197
990.43999 9999
1010.21398 6.10980566343
1010.356151 9999
1030.189508 6.10173606873
1050.265084 6.21501294772
1070.219257 6.11150328318
1090.005964 6.09178169568
1090.170793 9999
1109.974911 6.10091431936
1129.759385 6.10343805949
1150.027269 6.21202468872
1169.776886 6.0901957353
1189.750503 6.11424342791
1209.794319 6.20555933317
1229.682315 6.1032945315
1236.558131 9999
1236.571239 9999
1243.394594 9999.0
1263.23786 6.09121608734
1283.042954 6.10754998525
1302.875396 6.09051696459
1322.63293 6.10497999191
1329.650369 9999
1349.445045 6.11343963941
1369.310423 6.12478637695
1389.324781 6.10294802984
1409.090281 6.10504603386
1429.068419 6.11935194333
1448.855266 6.10763597488
1468.715257 6.09883968035
1488.457619 6.09504302343
1508.4347 6.12155636152
1528.151466 6.08814096451
1548.051102 6.10029196739
1548.070512 9999
1567.858206 6.10609134038
1587.732903 6.08966827393
1594.570588 9999
1614.339106 6.10378932953
1634.272333 6.09625959396
1654.041703 6.1017665863
1661.091654 9999
1681.203592 6.22031966845
1701.002401 6.10442328453
1720.956706 6.1040002505
1741.030179 6.19217904409
1760.960169 6.09634399414
1780.761595 6.10356005033
1800.680386 6.11458341281
1820.450511 6.1023542881
1840.372931 6.08999466896
1860.123061 6.10224239031
1880.04489 6.10814301173
1899.836956 6.10553065936
1919.693004 6.09967001279
1939.483528 6.10624837875
1959.455438 6.1048579216
1966.31263 9999
1986.42085 6.21069264412
2006.361598 6.09794735909
2026.126017 6.10266598066
2046.124174 6.11462759972
2052.943043 9999
2072.637905 6.08385332425
2092.623307 6.10357173284
2112.37893 6.09501433372
2132.254289 6.09749436378
2132.274597 9999
2152.612626 6.29494404793
2159.62346 9999
2179.727423 6.21268264453
2199.448961 6.0969880422
2219.421972 6.10561498006
2239.503096 6.20545697212
2259.470809 6.12846795718
2259.495805 9999
2266.341508 9999
2286.117951 6.10546731949
2293.131251 9999
2312.867255 6.10037064552
2312.88667 9999
2332.662832 6.10063004494
2352.569587 6.10536670685
2352.589415 9999
2372.379956 6.10498356819
2379.38634 9999
2399.193084 6.11127654711
2419.274033 6.21472374598
2439.537791 6.21473431587
2439.577083 9999
2459.441111 6.12492998441
2479.330187 6.08457461993
2479.363605 9999
2499.089017 6.09347486496
2519.741393 6.35239696503
2539.828 6.21206259727
2540.061189 9999
2559.785186 6.08846036593
2579.602067 6.12086462975
2579.770041 9999
2599.536907 6.08812904358
2619.299923 6.10358500481
2639.291432 6.10336852074
2659.068735 6.09801371892
2678.952662 6.09998162587
2685.807964 9999
2705.566996 6.10169855754
2705.71627 9999
2725.767662 6.19926031431
2745.567432 6.11519797643
2745.723879 9999
2765.535624 6.10083524386
2785.331119 6.11023704211
2805.596198 6.21758468946
2825.386036 6.0931040446
2845.683556 6.20701066653
2865.478514 6.1100183328
2865.642242 9999
2885.435002 6.10121226311
2905.486543 6.19516603152
2925.406387 6.09515865644
2945.24483 6.1182756424
2965.502189 6.19853568077
2972.383021 9999
2992.15453 6.11204640071
3012.181938 6.1258058548
3031.950746 6.10169363022
3051.803385 6.09948261579
3071.940533 6.21079667409
3091.810311 6.09453336398
3111.614885 6.10078056653
3131.556433 6.10936164856
3138.410348 9999
3158.172002 6.10362609227
3165.191465 9999
3184.98388 6.10473004977
3205.091229 6.21751101812
3225.046582 6.10813633601
3245.148294 6.21094902356
3252.167282 9999
3271.921074 6.10392228762
3271.948786 9999
3291.713792 6.09709000587
3311.608179 6.09360734622
3318.476087 9999
3325.315759 9999.0
3345.59035 6.2134540081
3365.472197 6.12978092829
3385.74991 6.21354460716
3405.516561 6.09766467412
3425.735513 6.19785396258
3445.559154 6.10272367795
3465.526647 6.1013302803
3472.414303 9999
3492.545327 6.21559309959
3499.54691 9999
3519.3865 6.11569142342
3539.147026 6.10315791766
3559.10186 6.09318590164
3579.29052 6.11016726494
3599.278291 6.11310688655
3619.461983 6.24199000994
3639.462262 6.10845669111
3659.23804 6.10881972313
3659.432679 9999
3679.266488 6.10744889577
3699.382486 6.20833039284
3719.282423 6.09464931488
3739.023087 6.09778030713
3758.909928 6.10343209902
3765.824358 9999
3785.56209 6.09739907583
3805.845914 6.20620910327
3825.723453 6.13365634282
3845.687525 6.10123300552
3845.71268 9999
3852.59581 9999
3872.391065 6.09885168076
3892.609693 6.20517706871
3912.722406 6.21102237701
3932.663316 6.09861556689
3932.699016 9999
3952.488778 6.10781828562
3972.400102 6.09488304456
3992.136521 6.0993467172
4012.07055 6.12004772822
4031.832122 6.09936006864
4038.875701 9999
4058.625344 6.09489568075
4078.476184 6.12969231606
4098.778362 6.22570157051
4118.622704 6.11207866669
4138.562261 6.09379132589
4158.393506 6.11472964287
4178.316308 6.09733104706
4198.167204 6.12262097994
4218.025254 6.09539866447
4238.145652 6.21925632159
4258.117487 6.11402432124
4277.899986 6.10754728317
4297.877216 6.10206532478
4317.613378 6.09930475553
4337.894519 6.20064004262
4357.712299 6.10207001368
4377.67187 6.10424868266
4397.734939 6.20688096682
4417.646594 6.10370167096
4424.56251 9999
4444.31918 6.09725173314
4444.483592 9999
4464.276947 6.09971904755
4484.018803 6.10258102417
4504.32519 6.21813837687
4524.395296 6.20145193736
4544.662508 6.21030839284
4564.789178 6.20765932401
4584.706045 6.0977563858
4604.778067 6.20600938797
4624.648941 6.09281301498
4644.38502 6.09162569046
4664.272345 6.10443242391
4684.392572 6.2160829703
4704.302057 6.10209695498
4704.335098 9999
4724.090662 6.09626126289
4744.057062 6.09548958143
4763.838641 6.10501535734
4783.802459 6.10402639707
4803.540533 6.09911529223
4823.481206 6.09740972519
4843.251426 6.09991129239
4863.216499 6.10535438855
4883.362969 6.21515893936
4903.353776 6.10181411107
4923.10815 6.08644175529
4943.043166 6.09926255544
4962.830757 6.10046625137
4982.72496 6.10083738963
5002.462501 6.09185695648
5022.449622 6.10644904772
5042.24435 6.1077246666
5042.386957 9999
5062.189197 6.09455561638
5081.987147 6.11900703112
5102.258841 6.21244001389
5122.06834 6.09395273527
5141.945266 6.09711639086
5161.70214 6.09894235929
5181.643803 6.09589131673
5201.435985 6.10858726501
5221.404191 6.11075568199
5241.219447 6.10293094317
5241.351407 9999
5261.159172 6.10424741109
5281.004038 6.11315266291
5300.920981 6.10351506869
5320.643921 6.08828361829
5340.925231 6.21175837517
5361.022882 6.21280479431
5361.185103 9999
5381.075202 6.12679894765
5400.833072 6.09184535344
5420.788885 6.09773635864
5440.586682 6.11128171285
5460.501688 6.09966039658
5467.375722 9999
5467.392857 9999
5487.194789 6.10750865936
5494.312717 9999
5514.057803 6.09872031212
5533.884736 6.12030808131
5554.090579 6.20218507449
5573.905291 6.10200405121
5593.905992 6.11501463254
5613.709205 6.10509498914
5613.879583 9999
5633.700671 6.11194260915
5653.464773 6.10316737493
5673.396304 6.10023729006
5693.570469 6.23151365916
5700.575883 9999
5720.369859 6.11123156548
5740.158698 6.10862366358
5760.142019 6.09171295166
5779.977785 6.10688034693
5799.945175 6.09901873271
5819.685519 6.09694623947
5839.611564 6.09346795082
5859.415981 6.10532999039
5879.303429 6.08860007922
5886.186198 9999
5906.185223 6.19014906883
5926.104221 6.09398070971
5926.137839 9999
5946.205444 6.21180637678
5966.102307 6.10254597664
5985.925047 6.11258395513
5992.986327 9999
6012.762745 6.10895999273
6032.556003 6.1116929849
6052.48855 6.10225566228
6072.249405 6.09853768349
6079.248203 9999
6099.345453 6.20966331164
6119.445843 6.20042562485
6139.370476 6.09503904978
6159.19229 6.11556903521
6179.207206 6.12616332372
6198.982202 6.10559900602
6218.89609 6.10269872348
6239.024772 6.21461923917
6258.950095 6.09655936559
6278.747396 6.10203440984
6298.668093 6.09066700935
6318.487776 6.12053338687
6318.648287 9999
6318.673313 9999
6338.508556 6.11245290438
6358.612515 6.21124966939
6378.882652 6.2179813385
6398.992859 6.21050524712
6418.967042 6.10008660952
6438.755035 6.10536170006
6438.915753 9999
6438.934899 9999
6458.77294 6.11228990555
6478.527043 6.10447629293
6498.445031 6.09239824613
6518.594754 6.21643527349
6538.570941 6.11819863319
6538.608548 9999
6558.385473 6.09989062945
6578.348046 6.11000672976
6598.47923 6.21484661102
6605.497434 9999
6625.309401 6.12232160568
6645.069143 6.10038296382
6664.960449 6.09458200137
6684.756436 6.11568705241
6704.690397 6.09896270434
6724.498046 6.1010649999
6744.763796 6.19829297066
6744.792416 9999
6764.928814 6.21823000908
6784.884397 6.09991590182
6804.707386 6.11019937197
6824.724074 6.11226336161
6844.522402 6.10728891691
6844.686427 9999
6864.578505 6.10461870829
6884.367835 6.11382174492
6904.250386 6.09696006775
6923.983836 6.09700926145
6943.888309 6.11218301455
6963.679626 6.10488065084
6983.920947 6.21090110143
7003.671685 6.10636591911
7023.636177 6.09917855263
7043.521054 6.13159100215
7043.670007 9999
7063.468115 6.09763296445
7083.301067 6.11695059141
7103.29209 6.10210696856
7123.062165 6.09929235776
7123.272315 9999
7143.20472 6.14037998517
7163.003766 6.11012434959
7183.068873 6.10573959351
7202.86029 6.11325629552
