124.596985 6.13264298439
249.226083 6.13677867651
375.077314 6.19737448692
499.2844 6.11180827618
623.349574 6.11407525539
749.397835 6.20958582163
875.600966 6.21035295725
1000.119954 6.13115397692
1007.491506 9999
1131.327186 6.1084651947
1255.742964 6.13043603897
1379.949755 6.11034805775
1387.141737 9999
1511.209268 6.12825738192
1635.374767 6.11304820776
1759.621749 6.1125189662
1766.89213 9999
1890.70288 6.11354720592
2014.894209 6.11282490492
2022.184075 9999
2147.92091 6.20598871708
2273.677817 6.19310758114
2397.984876 6.10871045589
2522.450521 6.12889331579
2647.064302 6.13542914391
2771.376215 6.11661388874
2895.633796 6.1125151515
3019.864804 6.11276842356
3144.100808 6.10877600908
3268.667125 6.12829829454
3392.817512 6.11308174133
3517.105328 6.11648626328
3641.744376 6.13515752554
