8.89326 9999
17.614844 6.58067297935
26.031458 6.31519198418
35.133747 7.01083707809
44.018294 6.66061091423
52.696449 6.582695961
61.063052 6.273239851
68.827713 5.66642093658
76.776151 5.74963498116
84.624239 5.76204299927
92.700214 9999
101.41016 6.63068199158
109.803464 6.17671298981
118.757431 6.87416410446
127.396372 6.54776310921
135.582552 6.0701649189
143.954135 6.18410801888
151.756209 5.67212986946
160.326996 6.47705101967
168.143482 5.73315215111
176.545769 6.19494509697
184.809921 6.16704082489
193.027724 6.10946798325
201.295333 6.1658449173
209.980128 6.47322702408
218.1758 6.13005900383
226.422985 6.15989589691
234.631725 6.12946295738
243.424432 6.56343984604
251.687109 6.16674613953
259.693951 5.90976905823
268.366074 6.58535289764
277.466661 9999
285.963793 6.25603985786
293.769581 5.7154519558
301.990903 6.1436958313
310.308992 6.09241199493
318.601958 6.20110988617
326.374549 5.68854308128
335.053831 6.60413908958
343.772792 6.50926089287
351.556879 5.67064595222
359.693124 6.0678229332
368.285963 9999.0
376.744531 6.23255109787
384.90725 6.08009696007
392.678996 5.65348005295
400.537668 5.76401901245
409.409038 6.62200307846
417.612875 6.09764099121
426.245759 9999
434.41021 6.05387783051
443.60821 6.97382903099
452.174876 6.4653840065
460.765806 6.47331690788
468.241236 5.34911489487
476.992839 6.53613996506
485.29178 6.20559716225
493.568705 6.15149521828
501.430404 5.75835108757
509.88678 6.20934200287
517.660674 5.6612598896
525.868996 6.10281395912
534.106889 6.13346600533
542.994386 9999
551.244104 6.1355471611
559.670256 6.32107400894
568.166301 9999.0
576.708225 9999
585.325458 6.50178003311
593.294901 5.85798406601
601.114871 5.73810696602
609.961906 6.57804203033
618.161448 6.09764409065
626.403896 6.14574599266
634.633872 6.12540602684
643.051089 6.16704297066
651.342884 6.17840409279
659.235633 5.7796421051
667.95117 6.60855507851
676.731763 6.54074311256
685.00209 6.18178796768
693.623923 6.51174092293
701.415945 5.71169185638
709.853848 6.17979502678
718.385275 6.44067502022
726.936008 6.46732711792
734.634393 5.61802816391
742.540933 5.68725204468
750.279594 5.64727210999
758.226997 5.87193107605
766.652446 6.34697604179
774.890875 5.99324083328
783.275476 6.25047397614
791.589765 6.21975898743
799.406456 5.71282100677
808.179244 6.52495098114
816.040344 5.75579214096
824.364421 6.21384596825
832.814776 6.33079099655
841.668538 9999
849.990666 6.24992990494
858.16621 6.07556700706
866.475685 6.20657300949
874.380841 5.66096615791
882.617114 6.13622498512
891.130886 9999
898.635746 5.41313099861
907.044737 6.15638494492
915.719591 6.57156300545
924.3622 6.53853201866
932.109671 5.65980100632
940.488899 6.15568804741
949.115976 6.53034114838
957.282542 6.06441283226
965.615148 6.25432682037
973.914768 6.12247800827
981.704775 5.70176887512
989.606387 5.79853892326
998.35795 6.65560793877
1006.718371 6.14031887054
1015.10336 6.28480482101
1023.320129 6.08535504341
1031.898904 9999.0
1040.570654 6.44745898247
1048.788474 6.1148750782
1057.233465 9999
1065.422271 6.10749602318
1073.744217 6.08472108841
1081.8881 6.03763008118
1090.564168 6.59107804298
1098.724728 6.05426001549
1107.068677 6.10072779655
1115.348468 6.17812585831
1124.075272 6.63101196289
1132.340649 6.138641119
1140.807519 6.20181393623
1148.974456 6.07928085327
1157.326454 6.21768212318
1165.499465 6.07792878151
1173.886683 6.18131399155
1182.104472 6.11230492592
1190.74711 6.54494810104
1199.746667 9999.0
1208.460922 6.4751701355
1216.78969 6.2286169529
1225.071795 6.17198014259
1233.325342 6.13698816299
1241.234173 5.67131185532
1249.502832 6.1795539856
1258.140112 6.5305018425
1266.442803 6.20471096039
1275.246717 6.5616080761
1283.474927 6.13297510147
1291.464509 5.87886095047
1300.180629 6.59955906868
1308.114374 5.6721470356
1316.804588 6.59660196304
1324.998134 6.08847403526
1333.271903 6.17594408989
1341.927997 6.30075597763
1350.458191 6.45110201836
1358.835289 6.26233100891
1366.929902 5.97215604782
1376.030949 9999
1384.534676 9999
1393.235357 6.5816450119
1401.449979 6.11305594444
1409.394493 5.71659183502
1417.214772 5.72834396362
1425.357652 6.03946304321
1433.221395 5.76116299629
1442.152993 6.55970096588
1450.033312 5.75691509247
1458.708287 6.56581377983
1467.361575 6.55481791496
1475.398371 5.78757190704
1483.710455 6.18206596375
1492.00392 6.18698406219
1500.574529 6.48288083076
1509.006685 6.18510603905
1516.794335 5.6583571434
1525.33819 9999
1533.626841 6.16743779182
1542.43079 6.59650683403
1550.651751 6.12864494324
1558.396586 5.64807915688
1566.676336 6.18923807144
1575.06483 6.11840486526
1583.223322 6.07718801498
1591.030111 5.70008301735
1599.267356 6.13141298294
1607.77034 6.25214099884
1616.027759 6.15274477005
1624.601644 6.4590921402
1632.892337 6.16625094414
1641.474581 6.32372188568
1649.299557 5.68546295166
1657.207794 5.78778815269
1665.106259 5.80906581879
1673.695268 9999
1682.284759 6.46909713745
1690.490973 6.09747004509
1699.082945 6.46747303009
1707.53419 6.18377709389
1716.137131 6.49008202553
1724.469939 6.22487902641
1733.497423 6.94536304474
1741.925508 6.16504001617
1750.520717 6.50060510635
1758.901717 6.26945495605
1767.612193 6.57789993286
1775.560035 5.68606710434
1784.24725 9999
1792.869498 6.49722194672
1801.378435 9999.0
1809.394605 5.76577401161
1817.73826 6.23414516449
1825.941867 6.09234118462
1834.231952 6.16892290115
1843.078628 6.61089015007
1851.341618 6.16542291641
1860.121857 9999
1868.472921 6.22042584419
1877.295209 6.58523488045
1885.655984 6.26496005058
1894.001034 6.24376296997
1902.428013 6.3089761734
1910.851895 6.19730591774
1919.015203 6.04973721504
1927.400951 6.25887703896
1935.603673 6.11641716957
1944.036758 6.167730093
1951.771743 5.64644503593
1959.962514 6.09837508202
1968.163274 6.09921503067
1976.688396 6.27424192429
1984.933536 6.1480178833
1993.344084 6.26390099525
2001.706302 6.25674414635
2010.541597 6.57483816147
2018.736315 6.12477993965
2026.969738 6.14033102989
2035.190198 6.12689304352
2043.675888 6.216766119
2052.398828 6.62332606316
2061.108171 6.57985782623
2069.102796 5.92026209831
2077.085602 5.70145487785
2085.669385 6.47989201546
2093.850292 6.06450915337
2103.066614 7.10223793983
2111.921769 6.60581207275
2120.267606 6.2303788662
2128.378346 6.02086210251
2136.571723 6.08733415604
2144.986477 6.1830329895
2153.271715 6.17070698738
2160.772958 5.41297912598
2169.020145 6.1517560482
2177.886219 6.60421514511
2185.740693 5.75495004654
2193.981069 6.11618185043
2202.661153 6.54364895821
2210.975653 6.09834289551
2219.202051 6.10786390305
2227.901969 6.57163405418
2236.237262 6.18024706841
2244.330285 5.74653601646
2252.858251 9999
2261.632125 6.64812994003
2270.103665 6.36187386513
2278.569852 6.18941879272
2286.810753 6.14485812187
2295.098001 6.16038203239
2303.267239 6.05248093605
2311.607539 6.08834290504
2319.78348 6.08609390259
2328.004441 6.11723995209
2336.293424 6.17984509468
2344.514235 5.97809910774
2352.705814 9999
2361.3582 6.55084085464
2369.26498 5.78596496582
2377.75779 6.22730898857
2386.167283 6.29442214966
2394.349542 6.08435988426
2402.925789 6.47733712196
2411.343345 6.15346288681
2419.220088 5.78576803207
2428.037415 6.69206213951
2436.663187 6.52270913124
2445.122203 6.19477915764
2453.089082 5.85440707207
2461.338254 6.10962414742
2469.712458 6.26624107361
2478.175723 6.22404384613
2486.633353 9999
2494.940699 6.21445202827
2503.760755 6.71408295631
2512.509537 6.48065805435
2520.432837 5.83087897301
2528.726719 6.1763958931
2537.044537 6.22778987885
2545.33817 6.0796661377
2553.583381 6.13549995422
2562.050375 9999
2570.332787 6.17882204056
2579.040785 9999
2587.382965 6.22276997566
2595.890764 6.39461898804
2604.266628 6.25724411011
2612.435164 5.92352700233
2620.809389 6.27262091637
2629.074382 6.14783906937
2637.369332 6.19034600258
2645.790465 6.14677596092
2654.009453 6.12476396561
2662.384501 6.27038884163
2671.174635 6.69068789482
2679.658934 6.22643089294
2687.410698 5.66318488121
2695.775257 6.24900221825
2704.393252 6.52911901474
2712.448811 5.80332612991
2720.732387 6.18229484558
2729.098886 6.25589513779
2736.890546 5.68055796623
2745.286804 6.12745594978
2753.51069 6.10815691948
2762.064805 6.44128608704
2769.975031 5.8026239872
2778.383421 6.18650221825
2786.627039 6.15176415443
2794.906908 6.13729405403
2802.682909 5.67070293427
2810.783023 5.80154514313
2818.657842 5.76672697067
2826.810634 6.06183099747
2835.17961 6.28181695938
2843.767736 6.3462460041
2852.500434 9999
2860.791287 6.17303109169
2869.419663 6.55555701256
2877.886776 6.19892597198
2886.774405 6.7825717926
2894.96136 6.09697794914
2903.617945 6.56707286835
2911.671727 5.82975697517
2919.886821 6.13196897507
2928.123847 6.11934804916
2936.77579 6.54177284241
2945.506871 6.45054721832
2953.868918 6.26233696938
2962.576021 6.59124517441
2971.249277 6.5750181675
2979.554232 6.08140015602
2987.357253 5.68019318581
2996.024469 6.57378292084
3004.511434 6.35322117805
3012.503691 5.75677490234
3020.839207 6.20592904091
3029.162563 6.22435307503
3036.978631 5.71860694885
3045.734975 6.48744106293
3053.55748 5.73819899559
3061.886682 6.19864320755
3070.240379 6.24095201492
3078.142932 5.68086886406
3086.725204 6.47734999657
3094.679618 5.84924793243
3103.056227 6.27874112129
3111.391031 6.10668611526
3119.164738 5.65958714485
3127.037184 5.77646017075
3135.432335 6.30627703667
3143.992246 6.32578897476
3151.775599 5.66936397552
3160.157525 6.28387308121
3168.577642 9999.0
3177.440863 6.58227920532
3185.296206 5.76296305656
3193.060914 5.66093206406
3200.928174 5.76663899422
3209.590954 9999
3217.782161 6.10531687737
3225.969627 6.0788269043
3234.666806 6.60213708878
3243.103369 6.16857981682
3251.349776 6.14025306702
3259.269703 5.78757190704
3267.301681 5.95363616943
3275.771731 6.21410608292
3283.619043 5.73886299133
3292.253102 6.53394293785
3300.901252 6.55852389336
3309.743406 6.56050395966
3317.495082 5.6590359211
3325.7757 6.17010903358
3333.976999 6.0977909565
3342.738329 6.47452116013
3350.511601 5.67889904976
3359.238755 6.61735582352
3367.922678 6.59659719467
3376.401599 6.25443792343
3384.272214 5.76396584511
3392.264476 5.87453389168
3400.413959 9999.0
3408.865931 6.18384599686
3416.650946 5.6816868782
3424.841612 6.08731102943
3433.207778 6.25823783875
3441.921448 9999
3450.191341 6.19001078606
3458.478786 6.16288495064
3466.288158 5.73125314713
3474.337498 5.83407402039
3482.207505 5.7705309391
3490.586853 6.23939800262
3498.905736 6.21759700775
3506.855173 5.69760704041
3514.675709 5.73991107941
3523.366283 6.57717704773
3531.207582 5.73854708672
3539.23145 5.7751288414
3547.919955 6.56790304184
3555.828782 5.7776901722
3563.601982 5.69424796104
3571.757157 9999
3580.356719 6.52987599373
3588.275081 5.83167099953
3596.584163 6.19407486916
3605.386886 6.54843497276
