7.188421 0.786028067271
14.27747 0.777230342229
21.346854 0.780852953593
28.460491 0.782422622045
35.536014 0.780961036682
42.695863 0.779983043671
49.819625 0.783973296483
56.913982 0.79358903567
64.020382 0.782662947973
71.093266 0.778795003891
78.274471 0.777040402095
85.3854 0.779002587001
92.442278 0.776354312897
99.47351 0.778307994207
106.577761 0.788654963175
113.696367 0.7749487559
120.754351 0.777749617894
127.827236 0.78192559878
134.881013 0.780420621236
141.935419 0.7799132665
149.173217 0.792353630066
156.296445 0.792411247889
163.356918 0.778578599294
170.437667 0.783357063929
177.571359 0.794499238332
185.210435 0.775844256083
192.282423 0.781073649724
199.313382 0.773543675741
206.441973 0.784960905711
213.551641 0.800670305888
220.731643 0.778160730998
227.793035 0.780639966329
234.859336 0.776508013407
241.903408 0.777074654897
249.001723 0.78356273969
256.184655 0.790881315867
263.23571 0.776762008667
270.252936 0.774985392888
277.294163 0.775973320007
284.344362 0.779513438543
291.53046 0.776242653529
298.610624 0.775601307551
305.69573 0.785330295563
312.926119 0.842656691869
320.14871 0.776972293854
327.331757 0.779404640198
334.462305 0.776950995127
341.515066 0.776690324148
348.585587 0.776738723119
355.670601 0.788941383362
362.882958 0.771181265513
369.926562 0.776514689128
376.954292 0.775369326274
384.01324 0.780354738235
391.077188 0.781370004018
398.238511 0.775214592616
405.336345 0.789867639542
412.375705 0.777518351873
419.423225 0.781936009725
426.505389 0.784189303716
433.67097 0.779149929682
440.703459 0.776154438655
447.843802 0.779923359553
454.992781 0.785512924194
462.026666 0.776586055756
469.201419 0.780931552251
476.245044 0.783165772756
483.310956 0.783247947693
490.381625 0.7849706014
497.459505 0.782695055008
504.736069 0.793332735697
511.834998 0.780941645304
518.925797 0.787753025691
526.011514 0.787244002024
533.09098 0.781887690226
540.298637 0.782290697098
547.3887 0.777345339457
554.504816 0.795503377914
561.617011 0.788936694463
568.688844 0.780098199844
575.89351 0.781483332316
582.980197 0.785129944483
590.047825 0.782912333806
597.100318 0.773349364599
604.207028 0.791865269343
611.377973 0.786039670308
618.448754 0.777721484502
625.498008 0.778717041016
632.574358 0.782004992167
639.664216 0.783619085948
646.875199 0.780000368754
653.989817 0.793289264043
661.139951 0.79389333725
668.231841 0.786240021388
675.299047 0.785427331924
682.467427 0.78338766098
689.557775 0.78099767367
696.618364 0.780379931132
703.733054 0.788588364919
710.814276 0.784922599792
718.040648 0.781092961629
725.090354 0.779416958491
732.203076 0.788493394852
739.258996 0.78062748909
746.326267 0.784073034922
753.550442 0.794971704483
760.623608 0.787607272466
767.676905 0.774778048197
774.763853 0.780363957087
781.803926 0.776486635208
789.019525 0.776468038559
796.091438 0.780008633931
803.162827 0.78623064359
810.224308 0.779224952062
817.315449 0.778770367304
824.527812 0.783553679784
831.596791 0.775071620941
838.657983 0.785303990046
845.734816 0.77365899086
852.935401 0.794499317805
860.20903 0.781910737356
867.267329 0.780645688375
874.365484 0.784631967545
881.41046 0.779798905055
888.499391 0.782546361287
895.72174 0.785970687866
902.819099 0.789577722549
909.886142 0.785608927409
916.955489 0.783279657364
924.010343 0.775568405787
931.245335 0.787090380987
938.328643 0.784798065821
945.496152 0.811372280121
952.598628 0.788602511088
959.651388 0.775809685389
966.824611 0.777530908585
973.875592 0.779787302017
980.932247 0.774729649226
988.010111 0.780286073685
995.09729 0.784515698751
1002.406495 0.794027328491
1009.479691 0.782926718394
1016.534402 0.780610720317
1023.580551 0.774866422017
1030.646252 0.782927672068
1037.860728 0.790424029032
1044.923516 0.778746684392
1052.025279 0.793468316396
1059.095202 0.779718875885
1066.147863 0.776440699895
1073.39447 0.779814640681
1080.926214 0.900523662567
1088.040833 0.782645940781
1095.131662 0.789795001348
1102.239995 0.791586319606
1109.489127 0.799271980921
1116.580214 0.780088583628
1123.619476 0.774243672689
1130.682539 0.777471383413
1137.862092 0.782980044683
1145.078996 0.783671538035
1152.175981 0.791902383169
1159.244479 0.782939036687
1166.306015 0.782159646352
1173.359289 0.774235963821
1180.606152 0.787843624751
1187.699038 0.781133651733
1194.724119 0.774921099345
1201.833718 0.789073546727
1208.878589 0.778748989105
1216.173628 0.789100964864
1223.212136 0.777231295904
1230.32367 0.784095287323
1237.391868 0.781060139338
1244.475655 0.779059569041
1251.810685 0.79221534729
1258.915974 0.783925930659
1265.993777 0.785798549652
1273.051412 0.781360944112
1280.113491 0.780091365178
1287.358219 0.778339385986
1294.415131 0.781112353007
1301.52669 0.791659673055
1308.612296 0.77908205986
1315.713788 0.782722314199
1322.943705 0.781800985336
1329.973293 0.771525303523
1337.039066 0.779317378998
1344.100081 0.776524941127
1351.160192 0.779163281123
1358.439635 0.778103987376
1365.505382 0.781378984451
1372.630016 0.781259059906
1379.735267 0.779490629832
1386.822235 0.776478052139
1394.052252 0.782505750656
1401.197402 0.799202283223
1408.352433 0.782865365346
1415.399493 0.773750384649
1422.462387 0.7803606987
1429.776825 0.776861667633
1436.904783 0.778600056966
1443.947903 0.771505991618
1451.10662 0.815092643102
1458.205179 0.776738405228
1465.499331 0.785186370214
1472.556259 0.777276039124
1479.656745 0.783918698629
1486.728631 0.783848365148
1493.83453 0.782618363698
1501.108225 0.784779310226
1508.225425 0.789021571477
1515.31595 0.781443277995
1522.399624 0.783440748851
1529.474404 0.778459707896
1536.720885 0.77751104037
1543.772495 0.774999380112
1550.858802 0.783772706985
1557.933737 0.780546665192
1565.022491 0.777913331985
1572.329719 0.779617945353
1579.406123 0.784028609594
1586.520837 0.782054742177
1593.665745 0.776416699092
1600.781732 0.792867263158
1608.061006 0.777249654134
1615.127746 0.778630018234
1622.239229 0.787492990494
1629.350807 0.795490662257
1636.441985 0.782342672348
1643.768761 0.790335416794
1650.869846 0.780907710393
1657.954341 0.780571381251
1665.029701 0.777279774348
1672.125329 0.78120191892
1679.320559 0.779637654622
1686.426299 0.785688400269
1693.562945 0.792783975601
1700.653541 0.780665397644
1707.749432 0.78539053599
1715.086602 0.779493967692
1722.181929 0.778705279032
1729.271369 0.786018371582
1736.347153 0.786377429962
1743.479936 0.79224896431
1750.7627 0.77746295929
1757.858986 0.774511019389
1764.914622 0.77677599589
1772.01851 0.785970052083
1779.125043 0.78729001681
1786.446465 0.786139726639
1793.56384 0.795402288437
1800.660592 0.78008333842
1807.734107 0.779862562815
1814.817729 0.783145666122
1822.14347 0.794963041941
1829.2118 0.777639389038
1836.280267 0.780380090078
1843.407645 0.787735303243
1850.483107 0.781179666519
1857.799989 0.782382329305
1864.907686 0.78450568517
1871.981595 0.781242291133
1879.065786 0.783916711807
1886.136722 0.782877604167
1893.407355 0.792942365011
1900.529892 0.779599428177
1907.626377 0.777438640594
1914.732997 0.781887690226
1921.835106 0.781239271164
1929.143871 0.784920692444
1936.227523 0.780078252157
1943.359768 0.79634420077
1950.465919 0.783892631531
1957.719631 0.778045972188
1965.0373 0.781789938609
1972.134298 0.779635032018
1979.285505 0.80543867747
1986.496432 0.781036615372
1993.604708 0.794016043345
2001.017274 0.779449383418
2008.166628 0.789871374766
2015.240822 0.784888982773
2022.362801 0.784223635991
2029.509701 0.792747338613
2036.920987 0.791255712509
2044.089643 0.794661283493
2051.158545 0.777552763621
2058.286697 0.783621708552
2065.411005 0.776878595352
2072.752449 0.781886021296
2079.85003 0.772568702698
2086.958099 0.781555732091
2094.067758 0.796994050344
2101.178564 0.785890658696
2108.42594 0.781799554825
2115.52051 0.779005606969
2122.592072 0.780178626378
2129.721429 0.784689029058
2136.788826 0.777679284414
2144.142307 0.792910337448
2151.250762 0.779778957367
2158.342306 0.780537764231
2165.676446 0.781687339147
2172.768416 0.781697034836
2180.062074 0.780161380768
2187.158242 0.78414829572
2194.263435 0.789993365606
2201.373533 0.786104917526
2208.487803 0.786027352015
2215.833421 0.780850966771
2222.907691 0.777955055237
2230.314162 0.885165135066
2237.40955 0.783343712489
2244.561096 0.796657641729
2251.837556 0.774653275808
2258.970419 0.785488049189
2266.037159 0.780329068502
2273.113076 0.77897699674
2280.195256 0.789626042048
2287.552976 0.788835604986
2294.655168 0.782351016998
2301.720638 0.779668966929
2308.855816 0.786449988683
2315.958813 0.783221642176
2323.267106 0.776651620865
2330.346339 0.781680981318
2337.494322 0.78825767835
2344.583156 0.782726844152
2351.645725 0.782779296239
2359.002859 0.786287069321
2366.117056 0.780733585358
2373.195433 0.775910377502
2380.280053 0.780753612518
2387.378548 0.781563997269
2394.745323 0.782537619273
2401.866111 0.791292667389
2408.948851 0.781436999639
2416.076906 0.786972602208
2423.149412 0.778211037318
2430.452582 0.788963635763
2437.525805 0.782390276591
2444.643055 0.784450292587
2451.705152 0.782228708267
2458.818885 0.785499016444
2466.157004 0.778502384822
2473.291847 0.787293672562
2480.397314 0.796348333359
2487.491422 0.784638643265
2494.568247 0.780109643936
2501.9135 0.783757289251
2509.004725 0.781335353851
2516.072079 0.783524036407
2523.204023 0.781535704931
2530.308704 0.794378916423
2537.602785 0.776616255442
2544.670856 0.773931662242
2551.740202 0.783898830414
2558.836672 0.778348684311
2565.885057 0.781819661458
2573.405161 0.793348948161
2580.472852 0.77460304896
2587.560383 0.776472250621
2594.629554 0.777824719747
2601.747079 0.783870776494
2609.122574 0.783356348674
2616.194543 0.780736684799
2623.267662 0.781316041946
2630.381086 0.788641293844
2637.438283 0.784247080485
2644.807185 0.778471787771
2651.912322 0.781952699025
2659.004701 0.788526376088
2666.078746 0.776663621267
2673.189736 0.790118932724
2680.504529 0.780360221863
2687.626217 0.786612669627
2694.714104 0.780438979467
2701.79558 0.779407739639
2708.842022 0.781431595484
2716.263764 0.791323105494
2723.335324 0.781887292862
2730.394212 0.785328308741
2737.457425 0.777451912562
2744.5434 0.780176957448
2751.88557 0.787317355474
2759.020296 0.786910692851
2766.089707 0.787783622742
2773.231903 0.785395065943
2780.331113 0.787091652552
2787.678804 0.779493729273
2794.815273 0.783519268036
2801.885334 0.78136865298
2808.939761 0.784791946411
2816.093607 0.793167988459
2823.411143 0.781543970108
2830.481351 0.774054050446
2837.550165 0.779775619507
2844.643474 0.781525055567
2851.753371 0.783403635025
2859.177503 0.786111354828
2866.254159 0.778517723083
2873.324336 0.780435641607
2880.524242 0.818069060644
2887.836515 0.775121927261
2895.167586 0.783943573634
2902.274473 0.781051397324
2909.401159 0.796537081401
2916.500138 0.78137032191
2923.665286 0.784469366074
2931.077343 0.785598993301
2938.158199 0.78475356102
2945.246851 0.777916669846
2952.360867 0.779688676198
2959.508111 0.801221052806
2966.849065 0.780344963074
2973.940915 0.776076952616
2981.039048 0.78106602033
2988.166478 0.788046677907
2995.22961 0.78199561437
3002.584798 0.783109664917
3009.689618 0.789088646571
3016.76419 0.779345353444
3023.815331 0.778172254562
3030.907853 0.783207972844
3038.247954 0.782537619273
3045.359126 0.777549346288
3052.432262 0.780288298925
3059.527774 0.789849758148
3066.594569 0.77698413531
3073.94096 0.780002037684
3081.035044 0.786839405696
3088.138619 0.782883008321
3095.230987 0.783484299978
3102.310732 0.777457634608
3109.735632 0.801007668177
3116.85007 0.792140722275
3123.95883 0.78657801946
3131.030467 0.778771241506
3138.10958 0.781634966532
3145.565082 0.795785029729
3152.671551 0.784507751465
3159.793013 0.793852647146
3166.892175 0.780142625173
3174.002599 0.784360726674
3181.373755 0.779026031494
3188.50952 0.788283904394
3195.583042 0.78279097875
3202.647542 0.776720603307
3209.762629 0.789793968201
3217.114698 0.784867286682
3224.272401 0.78692539533
3231.351076 0.784315745036
3238.426744 0.781947056452
3245.495649 0.783893346786
3252.871238 0.789628664653
3259.973443 0.781438271205
3267.063129 0.778857628504
3274.135949 0.786463975906
3281.215102 0.785356680552
3288.492768 0.780915737152
3295.583126 0.786848624547
3302.678581 0.785745938619
3309.768769 0.786639293035
3316.844019 0.781967322032
3324.16078 0.787129004796
3331.265403 0.780107339223
3338.355625 0.785827716192
3345.450608 0.785129944483
3352.555383 0.790090719859
3360.00163 0.774788618088
3367.10089 0.787853638331
3374.167798 0.7786860466
3381.248698 0.780624548594
3388.418017 0.781224012375
3395.800339 0.782768646876
3402.936505 0.790212074916
3410.012717 0.783609628677
3417.139644 0.786673943202
3424.200506 0.779101928075
3431.516115 0.784909009933
3438.617638 0.780661980311
3445.717198 0.781712611516
3452.844092 0.799439350764
3459.95295 0.786682685216
3467.253949 0.776880343755
3474.355941 0.782120068868
3481.458957 0.783106009165
3488.554158 0.784900903702
3495.648387 0.781267722448
3503.198561 0.798382282257
3510.337834 0.787691831589
3517.419627 0.784793933233
3524.517725 0.781041065852
3531.622189 0.78699072202
3538.915248 0.787565072378
3546.00155 0.775379975637
3553.134689 0.795992215474
3560.28621 0.78816541036
3567.370727 0.782723029455
3574.726653 0.78146092097
3581.821311 0.782303651174
3588.90835 0.785628636678
3595.982654 0.780140082041
3603.147057 0.788443009059
3610.503801 0.7801369826
3617.616268 0.779937585195
3624.675981 0.778603235881
3631.789344 0.786282936732
3638.867804 0.785589694977
3646.398105 0.794935305913
3653.574591 0.788187424342
3660.72126 0.788281679153
3667.791922 0.783801952998
3674.886123 0.779045343399
3682.332283 0.808123985926
3689.425446 0.785289684931
3696.558603 0.792981386185
3703.679611 0.784622033437
3710.755577 0.780967712402
3718.175973 0.783848762512
3725.304958 0.788493712743
3732.385496 0.777589718501
3739.49576 0.783862272898
3746.621028 0.788547992706
3754.023877 0.784979343414
3761.118356 0.779234568278
3768.160544 0.779355049133
3775.280596 0.783261696498
3782.663374 0.845997015635
3790.155645 0.783919254939
3797.288495 0.787597338359
3804.375706 0.774408102036
3811.472647 0.782911936442
3818.561557 0.787165641785
3825.900915 0.785490671794
3833.034135 0.787189642588
3840.202461 0.79728102684
3847.285002 0.782450755437
3854.352981 0.782621622086
3861.687796 0.779425223668
3868.75616 0.778884013494
3875.836161 0.781617641449
3882.948616 0.784760316213
3890.06245 0.784631729126
3897.426436 0.791822989782
3904.540147 0.784728765488
3911.630381 0.777406613032
3918.727476 0.783262650172
3925.826325 0.78508234024
3933.234426 0.789359966914
3940.324163 0.77818830808
3947.525428 0.792218287786
3954.676267 0.791354735692
3961.773008 0.778474092484
3969.173519 0.783095995585
3976.62643 0.779497623444
3983.756081 0.798320611318
3990.869697 0.784823338191
3997.995051 0.779908021291
4005.357075 0.784446954727
4012.446459 0.786229372025
4019.601547 0.785432656606
4026.696584 0.777686595917
4033.807468 0.789385954539
4041.087164 0.785585006078
4048.198637 0.786245743434
4055.296949 0.782797336578
4062.406421 0.784239292145
4069.515899 0.783008337021
4076.914658 0.793908993403
4083.989902 0.779825528463
4091.077935 0.785545349121
4098.168882 0.78450457255
4105.249178 0.782436609268
4112.594487 0.781086683273
4119.750628 0.781559387843
4126.840534 0.791140079498
4133.945673 0.779493967692
4141.01414 0.778626044591
4148.376963 0.783411343892
4155.441099 0.781567732493
4162.629775 0.820384025574
4169.756972 0.786177635193
4176.83917 0.794320662816
4184.101016 0.785929600398
4191.240619 0.788068691889
4198.396769 0.787556648254
4205.533416 0.786693652471
4212.640727 0.780110915502
4220.006236 0.789172967275
4227.138016 0.785835266113
4234.248411 0.785375992457
4241.322371 0.781946102778
4248.450337 0.780580441157
4255.880877 0.783234596252
4263.007395 0.784299055735
4270.138108 0.792593638102
4277.231013 0.783184687297
4284.270124 0.781428337097
4291.657506 0.783155759176
4298.762129 0.784957965215
4305.88173 0.781609932582
4312.963749 0.783706982931
4320.134001 0.804557959239
4327.58115 0.788388331731
4334.667391 0.780271689097
4341.783988 0.789301395416
4348.874286 0.779956658681
4355.982712 0.781306664149
4363.475732 0.795261621475
4370.60589 0.790944576263
4377.724526 0.784279028575
4384.805601 0.781684716543
4391.886131 0.782125314077
4399.298737 0.787332375844
4406.424933 0.783017396927
4413.527048 0.79172539711
4420.641497 0.779237270355
4427.75408 0.781028906504
4435.237813 0.784255027771
4442.326027 0.784141381582
4449.50274 0.786945025126
4456.614661 0.791719595591
4463.703825 0.785259008408
4471.104554 0.784009695053
4478.226299 0.78173661232
4485.357206 0.785025437673
4492.449526 0.781448046366
4499.56033 0.78334069252
4507.09128 0.789868752162
4514.177438 0.783507347107
4521.273172 0.781516551971
4528.34966 0.782548189163
4535.482793 0.789375623067
4542.940301 0.7937977314
4550.034533 0.781633694967
4557.260316 0.809569994609
4564.347308 0.780674298604
4571.443375 0.781513690948
4578.763879 0.783704360326
4585.821207 0.783202250799
4592.969609 0.78537774086
4600.052235 0.787435928981
4607.220514 0.791357119878
4614.604908 0.777036746343
4621.734541 0.784051736196
4628.8039 0.781472921371
4635.947641 0.791571299235
4643.039152 0.787295262019
4650.478007 0.791594346364
4657.609354 0.786131381989
4664.66861 0.781600952148
4671.750247 0.781573931376
4678.851729 0.782804409663
4686.365951 0.782696326574
4693.472877 0.782820304235
4700.609656 0.793481270472
4707.709863 0.782036622365
4714.809002 0.782765070597
4722.212721 0.783996661504
4729.318783 0.786968310674
4736.391064 0.783359368642
4743.47219 0.782968680064
4750.631821 0.793219725291
4758.13823 0.780129671097
4765.218124 0.778984308243
4772.296909 0.785411278407
4779.365638 0.776718934377
4786.453021 0.781412442525
4793.859903 0.786581039429
4800.964663 0.779243628184
4808.081385 0.784102598826
4815.169141 0.784409046173
4822.254064 0.776221036911
4829.570757 0.78001332283
4836.655721 0.774591048559
4843.780909 0.796244303385
4850.840986 0.778925259908
4857.916762 0.775740305583
4865.321389 0.781310399373
4872.483639 0.800972700119
4879.574639 0.781162977219
4886.688147 0.784079392751
4893.837928 0.795115232468
4901.276509 0.781003634135
4908.41513 0.784535487493
4915.501748 0.781610965729
4922.595749 0.777324676514
4929.647257 0.781517982483
4937.032758 0.780177036921
4944.183128 0.795932690303
4951.309954 0.791529575984
4958.419746 0.783914407094
4965.572362 0.798775196075
4972.986196 0.786313374837
4980.105649 0.786173741023
4987.293349 0.784838994344
4994.424528 0.796977440516
5001.528476 0.786266009013
5008.921921 0.779423952103
5016.02494 0.780788024267
5023.141832 0.779628594716
5030.241372 0.782313744227
5037.402674 0.796666781108
5044.83058 0.790459871292
5051.949227 0.787139972051
5059.032532 0.783073266347
5066.227498 0.780731916428
5073.320755 0.783884366353
5080.738804 0.789411306381
5087.823367 0.780392011007
5094.977679 0.796639362971
5102.060958 0.780689716339
5109.142599 0.785109996796
5116.491706 0.782234271367
5123.604262 0.782030979792
5130.671788 0.783178647359
5137.767982 0.780376990636
5144.869167 0.794232368469
5152.22685 0.785668373108
5159.301632 0.787340005239
5166.428873 0.781572341919
5173.515541 0.780936320623
5180.583063 0.784281333288
5188.056193 0.801665306091
5195.153566 0.783636331558
5202.299113 0.789547681808
5209.460322 0.781720717748
5216.53729 0.782159725825
5223.923715 0.774573008219
5230.991593 0.783072948456
5238.136617 0.795877933502
5245.21526 0.780688603719
5252.305727 0.780026197433
5259.819503 0.782858610153
5266.941485 0.787328720093
5274.093439 0.78777662913
5281.200788 0.786164283752
5288.324952 0.789977629979
5295.746867 0.786055962245
5302.829848 0.779789924622
5309.902007 0.789762576421
5316.925847 0.779491027196
5324.034441 0.782852252324
5331.456624 0.786024332047
5338.583935 0.789478778839
5345.685426 0.782718976339
5352.792796 0.785312096278
5359.874508 0.780937671661
5367.388732 0.788094997406
5374.453019 0.773611942927
5381.584761 0.790194988251
5388.659709 0.781995296478
5395.747099 0.78108437856
5403.148348 0.78671169281
5410.223494 0.776430924733
5417.314142 0.781103690465
5424.426657 0.787434339523
5431.578026 0.795504013697
5439.00455 0.778256257375
5446.093871 0.781682650248
5453.203895 0.785985946655
5460.267143 0.783865610758
5467.395045 0.784718434016
5474.852389 0.794008334478
5481.963066 0.784238735835
5489.089512 0.782020330429
5496.175099 0.780893246333
5503.283059 0.781452337901
5510.702013 0.781848986944
5517.873039 0.785801251729
5524.992005 0.789906660716
5532.132251 0.787216265996
5539.267927 0.784134705861
5546.65696 0.781987587611
5553.749609 0.783499797185
5560.894055 0.782428344091
5568.023075 0.788000027339
5575.115032 0.788863261541
5582.75478 0.848215023677
5590.22933 0.784523566564
5597.308155 0.776515722275
5604.545572 0.794039726257
5611.663522 0.783456722895
5619.050389 0.784216562907
5626.124326 0.78119802475
5633.284886 0.804181019465
5640.360891 0.783110618591
5647.477995 0.780389547348
5654.917029 0.779044310252
5661.976645 0.776349306107
5669.125858 0.799770991007
5676.230295 0.779884020487
5683.302115 0.782489776611
5690.682703 0.787776390711
5697.857721 0.805157661438
5705.060615 0.787460009257
5712.129937 0.780370394389
5719.410436 0.804424683253
5726.900596 0.781696240107
5734.003897 0.784965753555
5741.120056 0.780912955602
5748.217227 0.780841668447
5755.315611 0.78388206164
5762.607265 0.783239285151
5769.759136 0.791170676549
5776.848843 0.777712663015
5783.935572 0.779711643855
5791.054796 0.783401727676
5798.432347 0.780174334844
5805.551999 0.788217306137
5812.688759 0.785740613937
5819.753057 0.786321083705
5826.853446 0.793699661891
5834.423592 0.778503020604
5841.5119 0.780782699585
5848.547183 0.777030706406
5855.673066 0.781871239344
5862.775663 0.778819243113
5870.203664 0.790787696838
5877.273334 0.781548976898
5884.372777 0.781597057978
5891.441907 0.779612779617
5898.547497 0.786003986994
5905.937832 0.788085460663
5913.074147 0.784479935964
5920.192274 0.79376411438
5927.316231 0.788106918335
5934.402154 0.780284961065
5941.83456 0.784162998199
5948.98384 0.784792343775
5956.049013 0.785149653753
5963.182395 0.778475046158
5970.330694 0.802618583043
5977.755413 0.785354932149
5984.873146 0.788422981898
5991.969348 0.778860966365
5999.214047 0.813174327215
6006.449367 0.783237616221
6013.906044 0.78853559494
6020.982826 0.780806859334
6028.135068 0.795559644699
6035.341116 0.780948956807
6042.420621 0.778505325317
6049.830851 0.776591300964
6056.951881 0.781812111537
6064.043165 0.791846672694
6071.131845 0.781700293223
6078.252839 0.778027693431
6085.699683 0.779500961304
6092.820166 0.778666416804
6099.992113 0.785064617793
6107.070738 0.781091690063
6114.200323 0.803999423981
6121.533419 0.785721619924
6128.635625 0.785123984019
6135.752806 0.78485695521
6142.857026 0.777154366175
6149.954741 0.787544965744
6157.355256 0.787831703822
6164.436128 0.779535373052
6171.512529 0.780445655187
6178.627747 0.781563599904
6185.730613 0.787436564763
6193.026189 0.784545660019
6200.133106 0.784062623978
6207.218633 0.793184598287
6214.306316 0.781797011693
6221.39772 0.785025676092
6228.859498 0.783488909403
6235.947195 0.776934305827
6243.071407 0.783463001251
6250.152478 0.782603661219
6257.296204 0.785602331161
6264.71299 0.784375588099
6271.792983 0.777658700943
6278.881529 0.778584957123
6286.014402 0.785689671834
6293.114435 0.787419954936
6300.601171 0.791709661484
6307.7242 0.788033644358
6314.859889 0.778567393621
6321.958343 0.77937301
6329.085696 0.784213066101
6336.535991 0.780090332031
6343.721721 0.785065333049
6350.84974 0.793784062068
6357.947625 0.782922347387
6365.014219 0.781964381536
6372.461062 0.78222600619
6379.527238 0.780274629593
6386.652947 0.785055398941
6393.710204 0.78358801206
6400.803311 0.787354946136
6408.1272 0.783651749293
6415.213402 0.780803362528
6422.340376 0.788250366847
6429.433777 0.777288675308
6436.521173 0.783339738846
6443.99057 0.796609401703
6451.073246 0.780415852865
6458.173105 0.779382069906
6465.247205 0.778611103694
6472.322497 0.779532035192
6479.819805 0.809136629105
6486.969021 0.781173070272
6494.186449 0.799301703771
6501.306066 0.787657658259
6508.410876 0.783300638199
6515.940484 0.785317977269
6523.02849 0.781242052714
6530.109368 0.787191311518
6537.190821 0.782496372859
6544.342115 0.794154326121
6551.713772 0.785405953725
6558.849507 0.783610105515
6565.886757 0.778356949488
6572.970151 0.781391302745
6580.040129 0.776721954346
6587.521282 0.793075005213
6594.595406 0.781078338623
6601.720588 0.77908929189
6608.839305 0.784734010696
6615.883009 0.774199088415
6623.2496 0.777726411819
6630.390967 0.783766031265
6637.532928 0.792513052622
6644.605124 0.779028654099
6651.702087 0.784531593323
6659.154214 0.780677398046
6666.240206 0.780511935552
6673.411681 0.808712720871
6680.45996 0.774515310923
6687.573893 0.791863361994
6695.077593 0.778659025828
6702.160892 0.784581661224
6709.276847 0.781974951426
6716.353284 0.781509955724
6723.404819 0.775034030279
6730.850991 0.784572760264
6737.902272 0.777105331421
6745.003174 0.784592628479
6752.062051 0.780812501907
6759.138766 0.779021024704
6766.557381 0.782195011775
6773.642589 0.777089993159
6780.765294 0.788952350616
6787.868112 0.782001018524
6794.951825 0.785478671392
6802.376886 0.783151308695
6809.435044 0.78093401591
6816.547023 0.777819951375
6823.608975 0.781822681427
6830.742773 0.790408372879
6838.180524 0.804255008698
6845.268797 0.777719020844
6852.350264 0.782094399134
6859.408606 0.779708385468
6866.500754 0.781553665797
6874.012096 0.793877363205
6881.067314 0.780298948288
6888.135395 0.781666596731
6895.216164 0.779594341914
6902.26902 0.776155074437
6909.711142 0.782328685125
6916.824712 0.786290645599
6923.995964 0.788498322169
6931.057951 0.781493584315
6938.165796 0.782258987427
6945.650903 0.797274033229
6952.730132 0.780728578568
6959.849464 0.784888585409
6966.940573 0.778912941615
6974.032421 0.783574104309
6981.375937 0.780074040095
6988.48704 0.782230695089
6995.543406 0.781163056691
7002.668042 0.7855600516
7009.764717 0.782622734706
7017.293757 0.796823660533
7024.406266 0.78382897377
7031.487053 0.779136975606
7038.598086 0.790323019028
7045.723832 0.781244277954
7053.093442 0.780297358831
7060.196781 0.780261675517
7067.321284 0.785568316778
7074.428374 0.782620668411
7081.602533 0.781984647115
7089.13131 0.815532286962
7096.196625 0.783219337463
7103.317365 0.783570289612
7110.384884 0.782401005427
7117.533883 0.790967702866
7124.937387 0.780582269033
7131.98593 0.775487979253
7139.064273 0.786401669184
7146.166316 0.781628052394
7153.246815 0.781418323517
7160.754024 0.794418652852
7167.777189 0.774530728658
7174.89877 0.792132377625
7182.003059 0.775565385818
7189.065581 0.777404228846
7196.473563 0.779084761937
7203.593149 0.783748706182
