8.184638 9999
16.19109 9999
24.145392 9999
32.018782 9999.0
40.025848 9999
47.960465 9999
56.052967 9999
64.054814 9999.0
72.013221 9999
79.866218 9999
87.702926 9999
95.560828 9999.0
103.647218 9999
111.519893 9999
119.290663 9999
127.129759 9999.0
135.304053 9999
143.090723 9999
150.995481 9999
158.751264 9999.0
166.806178 9999
174.695382 9999
182.483435 9999
190.387544 9999.0
198.242696 9999
206.068616 9999
213.936985 9999
221.827856 9999.0
229.780799 9999
237.602172 9999
245.375046 9999
253.2968 9999.0
261.168389 9999
268.92338 9999
276.779199 9999
284.835804 9999.0
292.622106 9999
300.344409 9999
308.933309 9999
316.889409 9999.0
324.693894 9999
332.431501 9999
340.18666 9999
348.077788 9999.0
356.131511 9999
364.020158 9999
371.641326 9999
379.396414 9999.0
387.267472 9999
394.972628 9999
402.811382 9999
410.668336 9999.0
418.509232 9999
426.393536 9999
434.165698 9999
441.770836 9999.0
449.509775 9999
457.31378 9999
465.269302 9999
472.792312 9999.0
480.563248 9999
488.218576 9999
496.256015 9999
503.96511 9999.0
511.801944 9999
519.60719 9999
527.31132 9999
535.050762 9999.0
542.854864 9999
550.559402 9999
558.265219 9999
565.972412 9999.0
573.857947 9999
581.529883 9999
589.201917 9999
596.792316 9999.0
604.528217 9999
612.483895 9999
620.222295 9999
628.044807 9999.0
636.016696 9999
643.770714 9999
651.429958 9999
659.101981 9999.0
666.887026 9999
674.591107 9999
682.397138 9999
690.134567 9999.0
698.457356 9999
706.047373 9999
713.884239 9999
721.723483 9999.0
729.427256 9999
737.132901 9999
744.787737 9999
752.692377 9999.0
760.430848 9999
768.102863 9999
775.908842 9999
783.632197 9999.0
791.417722 9999
799.274439 9999
806.846994 9999
814.718218 9999.0
822.522471 9999
830.181602 9999
838.549967 9999
846.255189 9999.0
854.076303 9999
861.682338 9999
869.286583 9999
876.974132 9999.0
884.781465 9999
892.46918 9999
900.35742 9999
907.95088 9999.0
915.784646 9999
923.43895 9999
931.09419 9999
938.999276 9999.0
946.770623 9999
954.426554 9999
962.365478 9999
970.003457 9999.0
977.708291 9999
985.300619 9999
992.984062 9999
1000.57347 9999.0
1008.411925 9999
1016.020434 9999
1023.671515 9999
1031.362962 9999.0
1039.18279 9999
1046.803614 9999
1054.510528 9999
1062.197972 9999.0
1070.036447 9999
1077.674829 9999
1085.546189 9999
1093.037347 9999.0
1100.939509 9999
1108.811331 9999
1116.483371 9999
1123.988299 9999.0
1131.844413 9999
1139.465021 9999
1147.321939 9999
1155.011104 9999.0
1162.847294 9999
1170.335202 9999
1177.973585 9999
1185.730555 9999.0
1193.483659 9999
1201.039561 9999
1209.045895 9999
1216.785765 9999.0
1224.521374 9999
1232.175898 9999
1239.814272 9999
1247.386319 9999.0
1255.208417 9999
1262.8635 9999
1270.468891 9999
1278.242606 9999.0
1286.077755 9999
1293.700542 9999
1301.45585 9999
1309.110017 9999.0
1316.939417 9999
1324.5889 9999
1332.242573 9999
1339.999122 9999.0
1347.819209 9999
1355.60806 9999
1363.129894 9999
1370.701509 9999.0
1378.789262 9999
1386.595007 9999
1394.082724 9999
1401.823217 9999.0
1409.497317 9999
1417.249741 9999
1424.78737 9999
1432.325028 9999.0
1440.147211 9999
1447.801591 9999
1455.407336 9999
1463.03171 9999.0
1471.084671 9999
1478.772267 9999
1486.327974 9999
1494.016935 9999.0
1501.804307 9999
1509.394081 9999
1516.964337 9999
1524.605193 9999.0
1532.628179 9999
1540.330627 9999
1547.868817 9999
1555.506456 9999.0
1563.280541 9999
1570.834765 9999
1578.406707 9999
1586.013048 9999.0
1593.782992 9999
1601.470834 9999
1608.992734 9999
1616.697467 9999.0
1624.43586 9999
1632.057158 9999
1639.67999 9999
1647.238352 9999.0
1655.00676 9999
1662.627099 9999
1670.449728 9999
1678.320645 9999.0
1686.112918 9999
1693.664643 9999
1701.3197 9999
1709.910306 9999.0
1717.664541 9999
1725.202797 9999
1732.859312 9999
1740.628971 9999.0
1748.751613 9999
1756.290612 9999
1763.844015 9999
1771.417953 9999.0
1779.154816 9999
1786.77727 9999
1794.431479 9999
1802.838073 9999.0
1810.708774 9999
1818.297545 9999
1825.918926 9999
1833.491625 9999.0
1841.279225 9999
1848.901094 9999
1856.606374 9999
1864.194156 9999.0
1872.002376 9999
1879.604679 9999
1887.292156 9999
1895.183728 9999.0
1902.939537 9999
1910.491667 9999
1918.096963 9999
1925.68464 9999.0
1933.423003 9999
1941.044901 9999
1948.683162 9999
1956.923562 9999.0
1964.761638 9999
1972.432901 9999
1980.087238 9999
1987.658506 9999.0
1995.6984 9999
2003.25279 9999
2010.975408 9999
2018.498913 9999.0
2026.234716 9999
2033.856687 9999
2041.51161 9999
2049.050794 9999.0
2056.87214 9999
2064.74304 9999
2072.314767 9999
2079.971437 9999.0
2089.12673 9999
2096.714146 9999
2104.352621 9999
2112.17373 9999.0
2120.046244 9999
2127.618439 9999
2135.423814 9999
2143.046734 9999.0
2150.900765 9999
2158.472982 9999
2166.129314 9999
2173.749599 9999.0
2181.687264 9999
2189.326713 9999
2196.964805 9999
2204.754509 9999.0
2212.608438 9999
2220.317672 9999
2227.968878 9999
2235.823145 9999.0
2243.611595 9999
2251.30142 9999
2259.054606 9999
2266.596516 9999.0
2274.498326 9999
2282.172282 9999
2289.826091 9999
2297.502577 9999.0
2305.352874 9999
2313.090574 9999
2320.89637 9999
2328.402915 9999.0
2336.390302 9999
2344.028577 9999
2351.700425 9999
2359.407024 9999.0
2367.296393 9999
2375.014834 9999
2382.637507 9999
2390.359623 9999.0
2398.180627 9999
2405.953762 9999
2413.524337 9999
2421.345697 9999.0
2429.184399 9999
2436.790129 9999
2444.46174 9999
2452.10141 9999.0
2460.00614 9999
2467.57603 9999
2475.281247 9999
2483.069412 9999.0
2490.80841 9999
2498.646998 9999
2506.234691 9999
2513.878208 9999.0
2521.896105 9999
2529.617917 9999
2537.322085 9999
2544.878672 9999.0
2552.784885 9999
2560.470171 9999
2568.076303 9999
2575.683549 9999.0
2583.620775 9999
2591.241496 9999
2598.929374 9999
2606.634617 9999.0
2614.606875 9999
2622.211023 9999
2629.982554 9999
2637.657906 9999.0
2645.594813 9999
2653.249506 9999
2660.904184 9999
2668.626516 9999.0
2676.701307 9999
2684.369256 9999
2692.207851 9999
2699.964617 9999.0
2707.818275 9999
2715.473865 9999
2723.112134 9999
2730.800506 9999.0
2738.722507 9999
2746.410864 9999
2754.05012 9999
2761.75602 9999.0
2769.627254 9999
2777.230517 9999
2784.919416 9999
2792.574591 9999.0
2800.429931 9999
2808.051592 9999
2815.622594 9999
2823.313002 9999.0
2831.133627 9999
2838.822067 9999
2846.494869 9999
2854.097342 9999.0
2862.169545 9999
2869.958497 9999
2877.731568 9999
2885.370727 9999.0
2893.324582 9999
2900.962713 9999
2908.634308 9999
2916.357575 9999.0
2924.279051 9999
2931.94977 9999
2939.640578 9999
2947.295102 9999.0
2955.248787 9999
2962.874178 9999
2970.509423 9999
2978.380814 9999.0
2986.218953 9999
2993.840936 9999
3001.628555 9999
3009.585313 9999.0
3017.340224 9999
3024.917031 9999
3032.550524 9999
3040.322591 9999.0
3048.194535 9999
3056.066897 9999
3063.586637 9999
3071.327813 9999.0
3079.464965 9999
3087.088876 9999
3094.660387 9999
3102.295201 9999.0
3110.201919 9999
3117.838822 9999
3125.478298 9999
3133.167227 9999.0
3141.038593 9999
3148.696752 9999
3156.33312 9999
3164.172728 9999.0
3172.061193 9999
3179.647485 9999
3187.504969 9999
3195.208643 9999.0
3203.046336 9999
3210.784507 9999
3218.557379 9999
3226.210871 9999.0
3234.18304 9999
3241.871234 9999
3249.459432 9999
3257.067255 9999.0
3265.036666 9999
3272.608569 9999
3280.246973 9999
3288.069277 9999.0
3296.041285 9999
3303.796842 9999
3311.501172 9999
3319.373722 9999.0
3327.145183 9999
3334.817328 9999
3342.457917 9999
3350.327226 9999.0
3358.131179 9999
3365.77033 9999
3373.391951 9999
3381.133252 9999.0
3388.972309 9999
3396.657753 9999
3404.295396 9999
3412.101847 9999.0
3420.023317 9999
3427.596659 9999
3435.300265 9999
3443.256395 9999.0
3451.026128 9999
3458.68217 9999
3466.336901 9999
3474.091384 9999.0
3482.080347 9999
3489.752143 9999
3497.340995 9999
3505.096907 9999.0
3512.950884 9999
3520.572378 9999
3528.328411 9999
3536.051214 9999.0
3544.004503 9999
3551.759682 9999
3559.498854 9999
3567.372055 9999.0
3575.274802 9999
3582.86427 9999
3590.486833 9999
3598.190995 9999.0
3606.198171 9999
3613.767178 9999
3621.423221 9999
3629.06113 9999.0
3636.985665 9999
3644.689122 9999
3652.375481 9999
3660.1648 9999.0
3668.069607 9999
3675.825495 9999
3683.680853 9999
3691.20656 9999.0
3699.141221 9999
3706.762531 9999
3714.417306 9999
3722.055108 9999.0
3730.028612 9999
3737.633 9999
3745.305769 9999
3752.927328 9999.0
3760.898126 9999
3768.586177 9999
3776.224752 9999
3783.980375 9999.0
3791.986134 9999
3799.590981 9999
3807.179264 9999
3814.922042 9999.0
3822.99012 9999
3830.478171 9999
3838.098842 9999
3845.654459 9999.0
3853.576784 9999
3861.163602 9999
3868.770824 9999
3876.526745 9999.0
3884.314121 9999
3891.969241 9999
3899.606997 9999
3907.311526 9999.0
3915.416952 9999
3922.971756 9999
3930.494953 9999
3938.050744 9999.0
3945.870034 9999
3953.358184 9999
3960.980514 9999
3968.569709 9999.0
3976.423457 9999
3984.67902 9999
3992.216941 9999
3999.993211 9999.0
4007.814218 9999
4015.3503 9999
4022.988542 9999
4030.543404 9999.0
4038.598081 9999
4046.236933 9999
4053.774569 9999
4061.581726 9999.0
4069.369306 9999
4076.890571 9999
4084.529238 9999
4092.334829 9999.0
4100.108819 9999
4107.660867 9999
4115.348307 9999
4122.905742 9999.0
4130.69256 9999
4138.263762 9999
4145.90309 9999
4153.742637 9999.0
4161.762741 9999
4169.618526 9999
4177.25826 9999
4184.964961 9999.0
4193.066735 9999
4200.572897 9999
4208.142864 9999
4216.082258 9999.0
4224.054058 9999
4231.659402 9999
4239.580362 9999
4247.105263 9999.0
4254.824051 9999
4262.396451 9999
4270.020402 9999
4277.705992 9999.0
4285.728348 9999
4293.28343 9999
4300.871513 9999
4308.628322 9999.0
4316.499934 9999
4324.239416 9999
4331.775278 9999
4339.547499 9999.0
4347.286887 9999
4354.890141 9999
4362.478975 9999
4370.251966 9999.0
4378.122201 9999
4385.746088 9999
4393.332412 9999
4400.987945 9999.0
4408.91168 9999
4416.548627 9999
4424.419881 9999
4431.943241 9999.0
4439.83136 9999
4447.435407 9999
4455.075786 9999
4462.711901 9999.0
4470.600335 9999
4478.504179 9999
4486.07736 9999
4493.735612 9999.0
4501.674573 9999
4509.242327 9999
4516.9143 9999
4524.453185 9999.0
4532.377044 9999
4540.046664 9999
4547.734482 9999
4555.508273 9999.0
4563.445328 9999
4571.13654 9999
4578.771418 9999
4586.643165 9999.0
4594.448303 9999
4602.303934 9999
4610.060361 9999
4617.683969 9999.0
4625.570619 9999
4633.159426 9999
4640.845122 9999
4648.45235 9999.0
4656.440243 9999
4664.11274 9999
4671.700354 9999
4679.323508 9999.0
4687.227293 9999
4694.898637 9999
4702.504298 9999
4710.492285 9999.0
4718.36505 9999
4725.986583 9999
4733.57369 9999
4741.515308 9999.0
4749.351285 9999
4756.906578 9999
4764.594214 9999
4772.418187 9999.0
4780.405241 9999
4788.094608 9999
4795.782992 9999
4803.455803 9999.0
4811.442831 9999
4819.098073 9999
4826.937518 9999
4834.625206 9999.0
4842.613765 9999
4850.302591 9999
4857.98977 9999
4865.697503 9999.0
4873.71767 9999
4881.440253 9999
4889.109589 9999
4896.866783 9999.0
4904.787528 9999
4912.409992 9999
4920.098471 9999
4928.040627 9999.0
4935.875008 9999
4943.562734 9999
4951.234543 9999
4959.190149 9999.0
4967.148092 9999
4974.717113 9999
4982.322581 9999
4990.262959 9999.0
4998.249892 9999
5005.820827 9999
5013.445717 9999
5021.14819 9999.0
5029.103057 9999
5036.824468 9999
5044.630317 9999
5053.220842 9999.0
5061.074471 9999
5068.762886 9999
5076.400354 9999
5084.121719 9999.0
5092.146016 9999
5099.949952 9999
5107.621525 9999
5115.545516 9999.0
5123.498239 9999
5131.087538 9999
5138.775266 9999
5146.68086 9999.0
5154.586487 9999
5162.124452 9999
5169.762338 9999
5177.470326 9999.0
5185.272278 9999
5192.961895 9999
5200.683224 9999
5208.388626 9999.0
5216.297567 9999
5224.182318 9999
5231.655575 9999
5239.213267 9999.0
5247.063723 9999
5254.618883 9999
5262.35867 9999
5269.945717 9999.0
5277.867506 9999
5285.589885 9999
5293.295928 9999
5301.134295 9999.0
5309.071286 9999
5316.860858 9999
5324.581986 9999
5332.186284 9999.0
5340.109126 9999
5347.798285 9999
5355.636418 9999
5363.242866 9999.0
5371.162823 9999
5378.801407 9999
5386.672567 9999
5394.328429 9999.0
5402.299396 9999
5409.887856 9999
5417.57756 9999
5425.233007 9999.0
5433.071068 9999
5440.674938 9999
5448.316159 9999
5455.951544 9999.0
5463.891282 9999
5471.712441 9999
5479.35072 9999
5487.24104 9999.0
5495.144288 9999
5502.732173 9999
5511.022664 9999
5518.844556 9999.0
5526.699218 9999
5534.336777 9999
5542.142446 9999
5549.883203 9999.0
5557.952963 9999
5565.407967 9999
5573.046488 9999
5580.685941 9999.0
5588.538888 9999
5596.078524 9999
5603.665717 9999
5611.172204 9999.0
5619.076829 9999
5626.665732 9999
5634.253395 9999
5641.891084 9999.0
5649.830028 9999
5657.435227 9999
5665.05676 9999
5672.747315 9999.0
5680.60121 9999
5688.106302 9999
5695.94428 9999
5703.432041 9999.0
5711.30342 9999
5718.858597 9999
5726.480892 9999
5734.169488 9999.0
5742.158047 9999
5749.897653 9999
5757.501433 9999
5765.073765 9999.0
5773.01249 9999
5780.582614 9999
5788.138443 9999
5795.928356 9999.0
5803.885144 9999
5811.371612 9999
5818.992185 9999
5826.564676 9999.0
5834.435284 9999
5842.074038 9999
5849.678986 9999
5857.519669 9999.0
5865.406254 9999
5872.977951 9999
5880.582864 9999
5888.188334 9999.0
5896.095788 9999
5903.799295 9999
5911.519249 9999
5919.246646 9999.0
5927.214564 9999
5934.785665 9999
5942.540437 9999
5950.046081 9999.0
5958.01727 9999
5965.608179 9999
5973.528743 9999
5980.987015 9999.0
5989.338521 9999
5996.95907 9999
6004.448403 9999
6012.202536 9999.0
6020.224648 9999
6027.831279 9999
6035.451432 9999
6043.008616 9999.0
6050.846083 9999
6058.483268 9999
6066.089018 9999
6073.860608 9999.0
6081.749716 9999
6089.370061 9999
6097.010211 9999
6104.615619 9999.0
6112.705825 9999
6120.50783 9999
6128.012225 9999
6135.551125 9999.0
6143.542784 9999
6151.145218 9999
6158.749471 9999
6166.373288 9999.0
6174.360704 9999
6181.931589 9999
6189.653863 9999
6197.524755 9999.0
6205.748463 9999
6213.269623 9999
6220.891391 9999
6228.564298 9999.0
6236.601694 9999
6244.27178 9999
6251.82762 9999
6259.732843 9999.0
6267.705462 9999
6275.577928 9999
6283.214643 9999
6291.088902 9999.0
6298.958683 9999
6306.530296 9999
6314.218667 9999
6322.157298 9999.0
6330.113169 9999
6337.802764 9999
6345.423033 9999
6353.03028 9999.0
6361.184107 9999
6368.822783 9999
6376.443672 9999
6384.048534 9999.0
6392.037281 9999
6399.709304 9999
6407.36438 9999
6415.00712 9999.0
6422.973954 9999
6430.565284 9999
6438.250833 9999
6446.106984 9999.0
6454.094599 9999
6461.715572 9999
6469.63864 9999
6477.295557 9999.0
6485.285444 9999
6492.938636 9999
6500.593181 9999
6509.099559 9999.0
6517.036625 9999
6524.70866 9999
6532.39597 9999
6540.070775 9999.0
6548.073433 9999
6555.728535 9999
6563.383133 9999
6571.038446 9999.0
6578.993747 9999
6586.648512 9999
6594.471666 9999
6602.261676 9999.0
6610.067427 9999
6617.669671 9999
6625.658677 9999
6633.196058 9999.0
6641.101424 9999
6648.85733 9999
6656.578493 9999
6664.18503 9999.0
6672.171824 9999
6679.761548 9999
6687.382709 9999
6695.040512 9999.0
6702.942007 9999
6710.565543 9999
6718.169319 9999
6725.810466 9999.0
6733.863345 9999
6741.686217 9999
6749.306389 9999
6756.928624 9999.0
6764.833474 9999
6772.38766 9999
6780.160462 9999
6787.816693 9999.0
6795.753714 9999
6803.292022 9999
6810.98126 9999
6818.836028 9999.0
6826.84221 9999
6834.446423 9999
6841.983584 9999
6849.475002 9999.0
6857.463758 9999
6865.018483 9999
6872.471144 9999
6880.043468 9999.0
6888.014827 9999
6895.671019 9999
6903.092777 9999
6910.60195 9999.0
6918.451623 9999
6926.124599 9999
6933.679142 9999
6941.484297 9999.0
6949.206439 9999
6956.811227 9999
6964.367239 9999
6972.157439 9999.0
6979.87677 9999
6987.400859 9999
6994.906266 9999
7002.490632 9999.0
7010.379294 9999
7017.850677 9999
7025.40675 9999
7033.112495 9999.0
7040.933092 9999
7048.470986 9999
7056.009434 9999
7063.732399 9999.0
7071.686388 9999
7079.145578 9999
7086.696945 9999
7094.237716 9999.0
7102.194328 9999
7109.612819 9999
7117.134028 9999
7124.671252 9999.0
7132.478112 9999
7139.982617 9999
7147.47065 9999
7157.213104 9999.0
7164.998563 9999
7172.504337 9999
7180.074341 9999
7187.680798 9999.0
7195.553033 9999
7203.040696 9999
