15.246997 13.205384016
30.675155 13.297082901
46.389425 13.432849884
61.622111 13.0944128036
75.822627 11.927806139
89.49948 11.5345339775
103.688772 12.0642709732
118.033459 12.0641231537
132.342692 9999
145.860364 11.4082129002
159.329689 9999
173.882428 12.4180419445
189.094505 13.0591340065
203.628717 12.1438150406
217.740408 11.9945600033
231.752498 9999.0
246.286277 12.296587944
260.411248 11.9900200367
274.391944 11.8190939426
288.919294 12.3028428555
303.24923 12.171738863
318.016372 12.6583521366
332.141391 11.8890221119
347.332272 13.0767879486
360.77437 9999.0
374.777485 11.7690689564
389.497477 12.5883581638
403.719512 12.0529000759
417.470054 11.5089330673
432.347731 12.7474961281
447.147586 12.6650309563
460.618786 9999
474.964721 9999
488.977512 9999.0
502.715192 11.4811549187
516.619591 11.7954571247
530.296515 11.5100729465
544.321734 11.7689371109
558.660487 12.2112560272
573.618496 12.8163690567
587.831549 11.9495480061
601.884439 11.8944051266
617.309185 13.2861390114
631.841352 12.3518970013
645.905439 11.9288928509
660.383693 12.324422121
675.037298 12.4312529564
690.000075 12.8428812027
704.932478 12.8115861416
719.50329 12.2675440311
734.148276 12.5280718803
748.235467 11.9426980019
762.412002 11.9178478718
776.007809 11.4505791664
790.357934 12.23042202
804.864517 12.1759490967
818.662061 11.6693840027
833.580025 12.8035109043
848.186261 12.3608169556
862.580367 12.2516009808
876.040029 9999.0
890.968892 12.6802909374
905.35167 12.2710149288
920.762077 13.273458004
935.309969 12.2674131393
949.814973 12.3712220192
963.877109 9999.0
978.473653 12.3657550812
992.580796 11.9402999878
1007.398908 12.6823120117
1022.153206 12.6081278324
1037.433715 13.1779990196
1051.049055 9999
1065.159684 9999
1079.183976 11.9208409786
1093.29688 11.8940780163
1108.237757 12.783839941
1122.271275 11.891559124
1136.810011 12.2832629681
1150.90863 11.9731740952
1165.31361 12.3614668846
1179.982152 12.4034330845
1193.998205 11.925549984
1209.36585 13.2175941467
1223.968412 12.3104979992
1238.334174 12.2503960133
1253.043324 12.6045808792
1267.255721 11.9698200226
1281.529404 12.1503400803
1294.508833 9999.0
1308.81879 12.0529489517
1323.199069 12.2654361725
1337.18918 11.8620140553
1351.322409 11.8678250313
1366.039969 12.5722370148
1380.588731 12.4368829727
1394.871286 11.9988570213
1408.38126 9999
1422.119255 11.6138241291
1437.164223 12.8856229782
1450.697655 11.4032618999
1465.373796 12.5600118637
1479.440111 11.896091938
1495.050923 13.4643380642
1510.204416 13.0249218941
1524.108996 9999
1539.062976 12.835242033
1552.783168 9999.0
1567.224081 12.1761078835
1581.250798 11.8815970421
1595.305762 11.9201939106
1609.755126 12.2296760082
1625.342527 13.4456720352
1640.253129 12.7447059155
1655.162978 12.633961916
1669.16797 11.8609821796
1683.907 12.5932610035
1698.599439 12.4155409336
1712.593131 11.8514258862
1727.297396 12.5735330582
1741.493326 11.9276928902
1755.671888 12.0475039482
1770.975574 13.1640191078
1785.756032 12.4960589409
1800.44958 12.5588469505
1815.28248 12.7154181004
1828.806028 9999
1843.218238 12.2716341019
1856.917435 11.5849490166
1871.184075 11.9906790257
1885.552462 12.229984045
1899.449612 11.7544898987
1913.758362 12.0510210991
1928.195718 12.2897229195
1942.839499 12.4910261631
1957.897999 12.8169260025
1972.518328 12.4802200794
1987.442626 12.8044340611
2002.28118 12.6009190083
2017.369618 12.9606890678
2032.40798 12.884747982
2046.724173 12.038643837
2060.806547 11.9447388649
2075.684448 12.7379071712
2089.66795 11.7455859184
2103.548777 9999
2117.027082 9999.0
2131.51941 12.23488307
2145.783891 12.1227259636
2160.174522 12.2363648415
2174.899711 12.4720680714
2189.875653 12.8619208336
2204.208428 12.1819479465
2219.048711 12.5760099888
2233.964039 12.7909140587
2249.096514 13.0040438175
2263.196904 11.8946449757
2277.292989 11.9576089382
2292.496433 13.0561771393
2306.511952 11.7388141155
2320.60655 11.9630560875
2334.670175 11.9406580925
2348.001623 9999
2362.413593 9999
2377.300615 12.761220932
2391.668727 12.138035059
2406.014219 12.212569952
2421.097688 12.929120779
2435.455868 12.0595691204
2450.106091 12.5185120106
2463.834947 11.5772080421
2479.995299 13.8552210331
2494.408376 12.2696540356
2508.901356 12.2353198528
2523.893816 12.8565609455
2537.93584 11.8927240372
2553.525544 13.3453109264
2567.174272 11.5350110531
2581.179616 11.8868591785
2595.371077 11.9631938934
2609.799705 12.3070459366
2623.843896 11.9046220779
2637.93347 9999
2651.916435 11.8773388863
2666.198965 12.1357679367
2681.176108 12.7071800232
2695.472181 12.1596140862
2709.97835 12.3499948978
2724.184838 11.9672160149
2738.329837 12.011343956
2752.446037 11.9759688377
2766.630942 11.9271218777
2781.205718 12.4558739662
2794.871889 9999.0
2809.873833 12.745869875
2824.21234 12.2113649845
2838.397586 12.0356378555
2853.218138 12.5456740856
2867.405391 12.0657470226
2881.414868 11.8763961792
2896.158104 12.475053072
2910.895003 12.6218910217
2925.34592 12.3102030754
2940.316371 12.7259800434
2954.486414 11.9795618057
2969.501644 12.8890910149
2983.615446 11.8641369343
2997.229309 11.4871749878
3011.403535 12.0433270931
3025.103912 11.4693069458
3040.152739 12.9226539135
3054.3131 12.0296030045
3068.768742 12.2868831158
3084.021746 13.1144530773
3097.966468 11.8187329769
3112.381039 12.1446959972
3126.709906 12.1814680099
3140.793404 11.9477119446
3156.264982 13.2051510811
3170.914025 12.5054519176
3185.192222 12.0836098194
3199.141503 9999
3213.228564 11.9470219612
3227.063033 11.5672929287
3241.336325 12.1507270336
3254.897244 9999.0
3269.811057 12.6339521408
3283.977943 12.0221970081
3299.071476 12.950619936
3313.766673 12.4440758228
3328.448703 12.5461537838
3342.771519 12.1810879707
3357.267496 12.3178489208
3370.953361 11.5585188866
3385.221372 12.1360340118
3399.321044 11.8483691216
3413.236794 11.7670340538
3428.663535 13.2922019958
3442.713777 11.7917740345
3457.573554 12.8155121803
3471.905746 12.201310873
3486.3766 12.205302
3501.484957 12.9535548687
3516.092935 12.4551589489
3530.876901 12.5303001404
3545.547451 12.5114159584
3559.690733 12.0028688908
3573.243399 9999
3588.635306 13.2358310223
3602.791097 12.0307850838
