3.84024 9999
11.298114 1.98612062136
18.790425 1.97743479411
26.378864 1.96728873253
29.955644 9999
37.38351 1.97190101941
45.104693 1.96767942111
52.49914 1.97192835808
60.020743 1.96808338165
67.429428 1.96963596344
70.995298 9999.0
78.841011 1.97912716866
86.417373 1.97299933434
93.809187 1.97660287221
101.219403 1.96922310193
104.852903 9999.0
112.919433 1.97110629082
120.325639 1.97555438677
127.887657 1.96862769127
131.583342 9999
138.992716 1.97375472387
142.71295 9999
150.238003 1.97157446543
157.673259 1.96985896428
165.115049 1.9786819617
172.611131 1.96894526482
180.27892 1.97390770912
187.683399 1.96971702576
195.142934 1.97353426615
202.607789 1.96783836683
210.04549 1.96727967262
217.711432 1.9737443924
225.261375 1.97851904233
228.829051 9999
232.585548 9999
236.114803 9999
243.574699 1.96885474523
251.235974 1.97284436226
258.645489 1.96737392743
266.142521 1.96974738439
273.707496 1.97798665365
281.109293 1.96866901716
288.881443 1.97508621216
296.451387 1.97210597992
303.955817 1.97289133072
311.402944 1.97296706835
315.054925 9999.0
322.811351 1.97424634298
330.282387 1.96617897352
337.763618 1.96719193459
345.22867 1.97437294324
352.637001 1.96671557426
360.255771 1.96859804789
367.84161 1.97238278389
375.218957 1.97064002355
382.654675 1.97076265017
390.150478 1.96818399429
397.811999 1.96835239728
405.33548 1.97267238299
413.016237 1.97363495827
420.428261 1.97725105286
428.053714 1.96845595042
435.813682 1.97370839119
443.290773 1.97516361872
450.670809 1.97227629026
458.578137 1.97742668788
466.124532 1.97111034393
469.681631 9999
477.161207 1.97330665588
484.555615 1.97483094533
492.372882 1.97457663218
499.786436 1.9724872907
507.303162 1.97292033831
514.915963 1.97273699443
519.093343 9999
526.527417 1.9711133639
533.996699 1.971534729
541.406274 1.96724669139
548.873598 1.97164034843
552.690048 9999
560.153665 1.97033341726
567.570003 1.97511998812
575.01588 1.96867195765
582.499828 1.9652736187
590.138218 1.9704896609
597.536682 1.96887962023
601.04594 9999
608.488441 1.97920838992
616.023034 1.97690733274
623.856967 1.96953320503
631.312909 1.97216868401
638.770953 1.97516258558
646.225939 1.9718679587
653.669835 1.97341410319
661.262167 1.96654057503
668.714543 1.9726720651
676.311104 1.97001028061
683.802602 1.96690670649
691.227837 1.97364997864
699.239153 1.97507699331
706.634826 1.96805342038
714.044078 1.97859176
721.517562 1.96867704391
728.983816 1.97170464198
736.700666 1.97630866369
744.214197 1.97561057409
751.83527 1.97686163584
759.298231 1.97881563505
767.00342 1.9788886706
774.855009 1.98033563296
782.476849 1.97690661748
790.106987 1.97726941109
797.926839 1.97102944056
805.480824 1.97224466006
809.048533 9999
816.441791 1.96729699771
823.962007 1.97573868434
831.679955 1.96702774366
839.073129 1.97176369031
842.828784 9999
850.316755 1.97177203496
857.817237 1.9751756986
861.663834 9999
869.123195 1.9765680631
876.559659 1.97626193364
883.995371 1.97559762001
891.592027 1.97609392802
899.364127 1.9698343277
907.020876 1.97473096848
914.439719 1.97473502159
921.835886 1.96664698919
929.374733 1.97336705526
937.118413 1.97078267733
944.517722 1.97592369715
951.895738 1.97258440653
959.309819 1.96838800112
966.824336 1.97134240468
970.854198 9999
978.330979 1.98187232018
981.89335 9999
989.372684 1.98313077291
996.815358 1.97026960055
1000.385204 9999.0
1008.114424 1.9757010142
1015.548257 1.97131999334
1023.073934 1.97612452507
1030.612042 1.97270671527
1038.251073 1.98232126236
1045.894541 1.97555200259
1053.408197 1.96825671196
1060.922004 1.96844696999
1068.315117 1.96632639567
1075.780216 1.96954401334
1083.687444 1.97808893522
1091.18203 1.97181367874
1098.853488 1.97862172127
1106.606846 1.97861202558
1114.377516 1.96893231074
1121.816294 1.97292296092
1129.460937 1.97429498037
1136.844035 1.96950062116
1144.4958 1.97484699885
1151.922877 1.97209326426
1159.416984 1.97033596039
1166.846607 1.97677898407
1174.399577 1.96733236313
1182.232643 1.97208897273
1189.903034 1.98302133878
1197.33194 1.97104867299
1204.760369 1.96798626582
1212.488256 1.97335561117
1219.906944 1.97700428963
1223.543622 9999
1230.939371 1.97249531746
1238.334082 1.97126237551
1246.196612 1.96782294909
1253.576552 1.96922103564
1261.16881 1.97017765045
1268.636991 1.97118433317
1276.078508 1.97289919853
1279.94582 9999
1287.367186 1.97244230906
1294.827323 1.97041392326
1302.385652 1.96904738744
1309.797975 1.9722896417
1317.941523 1.96911899249
1325.357839 1.96548906962
1332.830785 1.97659269969
1340.231005 1.97334035238
1347.688201 1.97599426905
1355.338132 1.96964430809
1362.757719 1.97285000483
1370.18604 1.97401460012
1377.68824 1.97617435455
1385.117435 1.97138873736
1392.785778 1.97411433856
1400.246789 1.97272404035
1407.666368 1.97183728218
1415.080974 1.9699280262
1422.494174 1.97145493825
1430.120732 1.97360539436
1433.97254 9999
1441.407414 1.97600007057
1448.931968 1.97353363037
1452.609533 9999
1460.09241 1.97198867798
1467.89392 1.97241568565
1475.325457 1.97042338053
1482.852451 1.97311043739
1490.292064 1.96811072032
1497.731878 1.97118234634
1505.462856 1.97279731433
1512.982074 1.97088694572
1520.408238 1.97201100985
1527.831357 1.97148903211
1535.276085 1.98455063502
1543.185277 1.9715950489
1550.644327 1.96916890144
1558.089608 1.98009800911
1565.539567 1.96847168605
1572.911032 1.97244000435
1576.666379 9999
1584.102062 1.97446099917
1591.586375 1.98192509015
1595.087447 9999
1602.502938 1.96905104319
1609.915669 1.9771493276
1617.607836 1.97718365987
1625.078799 1.97097929319
1632.500455 1.96860265732
1640.048008 1.97977002462
1647.530983 1.96937704086
1655.290541 1.96567209562
1662.745929 1.9760304292
1670.140978 1.97137562434
1677.667657 1.97365673383
1685.084195 1.97192136447
1692.732089 1.97326533
1700.159751 1.96804563204
1707.679689 1.9682516257
1715.192677 1.97384500504
1722.615432 1.97794000308
1730.265919 1.98197333018
1737.665504 1.97128566106
1745.105141 1.97179230054
1752.554572 1.97028700511
1759.968506 1.96934994062
1767.669614 1.97396032015
1775.142591 1.97806127866
1782.532837 1.96973697344
1789.943625 1.97138166428
1797.489229 1.97037132581
1805.569626 1.96946493785
1813.007653 1.96604132652
1820.536928 1.97005065282
1827.943185 1.97032101949
1831.741252 9999
1839.199572 1.97231292725
1846.634615 1.97484993935
1854.038785 1.97225387891
1861.502799 1.9715599219
1869.220068 1.97897839546
1876.675451 1.97322130203
1880.300296 9999
1884.028498 9999
1891.48554 1.97039794922
1898.918867 1.97006567319
1906.621439 1.97362001737
1914.301271 1.96900963783
1921.711773 1.97440330187
1929.172663 1.97065027555
1937.278273 1.97574106852
1944.812346 1.96661273638
1952.266975 1.96994042397
1959.744776 1.97217607498
1967.414878 1.96736772855
1974.85902 1.97162763278
1982.32615 1.97482101123
1989.776969 1.9719979763
1997.173931 1.97451440493
2004.98237 1.97423529625
2008.561878 9999
2016.034114 1.97685933113
2023.468819 1.97132062912
2030.975409 1.97898538907
2038.859786 1.97237475713
2046.436035 1.96806963285
2054.101391 1.97587696711
2061.577473 1.97063795726
2069.510063 1.97515265147
2077.026938 1.96657101313
2084.41961 1.97062190374
2092.003273 1.97222503026
2099.723392 1.97182035446
2107.30148 1.970616738
2114.692763 1.96641000112
2122.316802 1.969525973
2130.264567 1.96973864237
2133.787394 9999
2141.396951 1.97161364555
2148.788161 1.97005987167
2156.210968 1.97022239367
2163.999077 1.96984775861
2171.460142 1.97426724434
2178.899216 1.9788236618
2186.343291 1.97509002686
2193.72328 1.9683166345
2201.471724 1.96776334445
2208.92487 1.99045332273
2216.342613 1.96860361099
2223.749409 1.96860933304
2231.180299 1.97271633148
2239.268296 1.97214531898
2246.883416 1.97259934743
2254.368639 1.9679043293
2261.815554 1.97081096967
2269.537856 1.97137101491
2276.962871 1.97661701838
2284.477523 1.97242760658
2288.054546 9999
2295.570754 1.97109206518
2303.383765 1.97728498777
2310.802206 1.96726512909
2318.217142 1.97252901395
2325.665774 1.98156428337
2333.089418 1.97307769457
2340.697495 1.96855203311
2348.120078 1.9707570076
2355.643593 1.97738806407
2363.093917 1.97741723061
2370.539019 1.9775733153
2374.463713 9999
2381.870927 1.9684929053
2385.485322 9999
2392.917439 1.97197532654
2400.316268 1.9727036953
2407.716549 1.97140169144
2415.33526 1.97018837929
2422.982364 1.97426724434
2430.37702 1.96834802628
2437.808203 1.97160903613
2445.285038 1.97190260887
2453.005493 1.97117900848
2460.391583 1.9683880806
2467.915992 1.97775864601
2475.392473 1.97682571411
2479.024831 9999.0
2486.69696 1.97815330823
2494.383459 1.9696653684
2501.794483 1.97413595517
2509.365815 1.97495230039
2517.149923 1.97397430738
2524.589177 1.97067332268
2531.976693 1.96979967753
2539.413881 1.97972400983
2547.062389 1.97639632225
2554.990542 1.96968690554
2562.465644 1.96752055486
2569.907705 1.97252504031
2573.486945 9999
2581.028016 1.97340766589
2588.796795 1.98217423757
2592.394896 9999
2599.875716 1.96990935008
2607.391941 1.97184300423
2615.00523 1.97243062655
2623.018342 1.97189195951
2630.441558 1.96928461393
2637.915784 1.97277696927
2645.515203 1.97308071454
2653.34744 1.97001139323
2660.757238 1.97340846062
2668.200627 1.98638439178
2675.676272 1.96914037069
2683.062852 1.96865431468
2690.607599 1.97185269992
2698.129597 1.96777280172
2705.568733 1.97226691246
2712.975564 1.9697458744
2720.448266 1.97431174914
2728.250645 1.97560898463
2735.6779 1.97337865829
2739.428769 9999
2746.875869 1.9699567159
2754.307271 1.97699737549
2762.098748 1.97036528587
2765.661242 9999
2773.071289 1.97379835447
2780.478106 1.97025640806
2787.870789 1.96918908755
2795.56193 1.97188305855
2803.163104 1.97456598282
2810.592874 1.96626106898
2818.000067 1.9714384079
2825.471087 1.9663066864
2833.145218 1.96716427803
2840.55756 1.97413102786
2848.036084 1.96666606267
2855.453879 1.9714105924
2862.9626 1.96951389313
2870.719735 1.97070733706
2878.175333 1.98391755422
2885.734162 1.97863491376
2893.443327 1.97427765528
2901.184756 1.96996768316
2908.681422 1.966914018
2916.094678 1.980032444
2923.557521 1.96772758166
2931.033928 1.97434536616
2938.78572 1.97709838549
2946.222591 1.97928706805
2949.790921 9999
2957.273554 1.97579169273
2964.710243 1.97008426984
2968.68098 9999
2976.209068 1.97156866391
2983.775369 1.97308603923
2991.211869 1.97220675151
2998.706879 1.98472237587
3006.393972 1.96778798103
3013.876705 1.97783215841
3021.290632 1.97314802806
3024.916819 9999
3032.384049 1.9766412576
3040.179371 1.97297930717
3047.75785 1.97548007965
3055.33283 1.98374827703
3062.852682 1.97429498037
3071.078293 1.98118034999
3078.555189 1.97437898318
3086.160907 1.97228391965
3089.798015 9999
3097.294707 1.97105399768
3105.247099 1.97459300359
3108.778569 9999
3116.222152 1.9730463028
3123.818425 1.9701479276
3131.527086 1.97632726034
3139.197183 1.9710688591
3146.655632 1.97639632225
3154.118543 1.97750933965
3157.72275 9999
3165.201353 1.97416496277
3172.822736 1.97313865026
3180.237864 1.97168493271
3187.638066 1.97210097313
3191.187304 9999
3198.666176 1.98259528478
3206.381458 1.97061602275
3214.065351 1.97338167826
3221.522259 1.97963905334
3228.963894 1.97250199318
3236.680923 1.97646276156
3244.20446 1.97165060043
3251.651869 1.97111837069
3259.170603 1.9767563343
3266.785311 1.96948003769
3274.779997 1.97191341718
3282.225653 1.97427996
3289.763227 1.96918265025
3297.216009 1.97013378143
3304.979589 1.97633266449
3312.658518 1.97505259514
3320.098433 1.97069636981
3327.566873 1.97769172986
3335.203531 1.97716498375
3342.86441 1.96853303909
3350.665454 1.97953335444
3358.304865 1.97318172455
3365.754378 1.97142100334
3373.463687 1.97489023209
3380.998895 1.97744456927
3388.527474 1.96998906136
3395.962278 1.97253108025
3403.811232 1.97821537654
3411.25068 1.97230323156
3418.898433 1.97694540024
3426.378165 1.9733950297
3434.157421 1.97871589661
3441.79848 1.96965805689
3449.301656 1.97227740288
3456.739286 1.98167705536
3464.417592 1.97561001778
3467.981736 9999
3471.495022 9999
3478.929827 1.97266809146
3486.356312 1.97023733457
3493.76564 1.97229599953
3501.424799 1.97060537338
3508.946798 1.96713829041
3516.411055 1.97651934624
3523.843228 1.96888589859
3531.238744 1.97286264102
3538.908791 1.97087462743
3546.363959 1.97312172254
3553.847033 1.9744070371
3561.454892 1.9734176
3569.181532 1.98098889987
3576.793733 1.975288709
3584.226138 1.97294863065
3591.787654 1.97307697932
3599.418393 1.97606778145
3606.890811 1.98300766945
