8.510036 6.47418189049
17.66752 6.95196199417
27.020737 7.21236205101
36.105352 6.93504500389
45.321479 6.95964884758
54.48062 6.97826099396
63.580543 6.94569277763
72.118399 6.38287305832
81.149605 6.66012501717
89.546326 6.2414700985
98.682246 6.99249386787
107.363527 6.53177404404
116.428641 6.79125499725
125.564319 6.97346282005
135.108446 7.3605389595
144.037715 6.76760697365
153.042546 6.71090507507
162.533297 7.33805894852
171.731599 9999
181.222328 7.36601400375
190.589179 7.1083278656
199.737691 9999
208.505206 6.63471698761
217.584357 6.92850589752
226.5572 6.69895601273
235.525209 6.84383511543
243.945838 6.26221489906
253.013422 6.93064212799
262.25355 6.96580410004
271.037294 6.65515398979
280.112872 6.92975115776
289.248956 6.99201798439
298.464348 6.95557785034
307.506106 6.91274499893
316.640724 9999
325.397517 6.64762282372
334.168215 6.50022792816
342.498729 6.1875898838
350.773664 6.11671590805
359.511972 6.58422088623
368.809037 6.92338395119
376.912712 5.95912194252
385.532454 6.48328495026
394.411969 6.73942494392
403.321607 6.65920996666
412.107232 6.64036607742
421.184236 6.954600811
430.24985 6.9274969101
439.144433 6.63591313362
447.958558 6.64947581291
456.734355 6.64116001129
465.644944 6.76976704597
474.927436 6.99155688286
484.046308 6.97558093071
493.155959 6.98457193375
502.188225 6.89409899712
511.456032 7.02313494682
519.728646 6.13891291618
528.902506 7.04135203362
538.053471 7.00782513618
547.360317 7.03075504303
556.011207 6.5178630352
564.877981 6.70037102699
573.858777 6.85865998268
582.265664 6.1474738121
591.169626 6.77338600159
600.042416 6.7593421936
609.173976 7.0013859272
618.061466 6.6275510788
627.37479 7.14785313606
636.191201 6.65630888939
645.12166 6.82835006714
653.884655 6.51510310173
663.419946 9999
672.512858 6.95468592644
681.181866 6.53771400452
690.460214 6.92737603188
699.567403 6.99285292625
708.452775 6.71645283699
717.613942 7.02591896057
725.811411 5.94628882408
734.871277 6.93305206299
743.450537 6.44574999809
752.441222 6.79857110977
761.736784 7.02063298225
771.233005 7.36624908447
780.024708 6.6643781662
789.232852 7.07765007019
798.597148 7.09974598885
807.373483 6.63296198845
815.694202 6.19276213646
824.5122 9999.0
834.022972 7.23389387131
843.402218 9999
852.048407 6.51650714874
860.477838 9999.0
870.240564 7.40056300163
879.424022 7.05412602425
887.68324 6.10444092751
896.476849 6.65199995041
905.825871 6.94542098045
915.004662 7.02519822121
923.379568 6.21862506866
932.796213 7.24523305893
941.674096 6.58048582077
950.394343 6.57067298889
959.108833 6.54765892029
968.530303 7.23879599571
977.321651 6.53307700157
986.39852 6.9306781292
995.209449 6.65323591232
1003.973864 6.61630916595
1012.78062 6.53997802734
1021.547191 6.62593889236
1030.624275 6.91994786263
1040.26769 7.4888920784
1049.102399 9999
1058.253192 6.98876190186
1067.352925 6.96175599098
1076.477744 6.94876909256
1085.292623 6.53443288803
1094.469525 7.01276493073
1103.526857 6.89528799057
1112.2723 6.60981106758
1121.106072 6.54877495766
1129.821121 6.56140398979
1138.992198 7.01974892616
1148.414404 7.25078105927
1157.704515 6.98161792755
1166.475852 6.63111710548
1175.596178 6.99006009102
1184.724068 6.98871994019
1193.369083 6.40515089035
1202.075766 6.55324196815
1210.721407 6.49914908409
1219.348712 6.47289705276
1228.662988 7.02835202217
1237.079031 6.27738499641
1246.223485 6.99828100204
1254.508982 6.15655589104
1263.875021 9999
1272.816692 6.8080561161
1282.473138 9999
1291.206203 6.57630205154
1300.014602 6.53559589386
1309.201371 7.04850912094
1318.42449 7.04744505882
1326.628419 6.08362817764
1335.636674 6.7098031044
1344.325531 6.51922011375
1353.018024 6.55231809616
1361.890364 9999.0
1371.201032 7.03869986534
1380.298016 7.03342604637
1389.497618 7.04436802864
1398.336108 6.68514895439
1407.718386 7.08688306808
1416.849868 9999
1426.279424 7.28898787498
1435.140918 6.7314760685
1444.358885 6.82632684708
1453.947563 7.44189715385
1463.524534 7.43648290634
1472.724062 7.03152489662
1482.090618 9999
1490.848526 6.62538003922
1499.937087 6.96114110947
1508.843034 6.72353100777
1517.559351 6.43992590904
1526.836105 7.1304731369
1536.413503 9999
1545.10862 6.55103087425
1554.338336 6.96201205254
1563.459956 6.94354009628
1572.746471 7.13223099709
1581.563694 6.67230296135
1590.762428 6.91870093346
1600.015318 7.07160615921
1608.818141 6.65794491768
1618.003933 7.04271602631
1627.552514 7.24733519554
1635.936082 6.24380588531
1645.052619 6.95214605331
1653.956403 6.75589084625
1662.943618 6.71036696434
1671.916966 6.81951999664
1681.016505 6.95437002182
1690.134243 6.92865800858
1698.537348 6.13039398193
1707.267382 6.56347799301
1716.181338 6.76160311699
1725.047096 6.69477009773
1733.928301 6.63063097
1743.040333 6.96031308174
1752.725399 9999
1761.452968 6.57341003418
1770.276875 6.56245994568
1779.171171 6.74235010147
1787.921108 6.59564900398
1797.08867 7.00367689133
1806.125207 6.75716686249
1815.192701 6.9124610424
1824.004132 6.65168786049
1833.410513 7.23430299759
1841.953639 6.29952287674
1851.221996 7.09402084351
1859.910532 6.54223704338
1869.424428 7.3675699234
1878.417963 6.69048810005
1887.549476 6.93604898453
1896.711709 6.99893498421
1905.845016 6.9556620121
1915.024972 6.9035961628
1924.153847 6.97438716888
1933.024192 6.72217392921
1941.651742 6.46968698502
1951.077953 7.01735901833
1959.968977 9999
1968.724248 6.60416102409
1977.135219 6.26335597038
1986.506588 7.08133077621
1995.610304 6.93449497223
2004.774076 7.02683496475
2013.495018 6.57870292664
2022.36209 6.61142301559
2031.905099 7.38751411438
2040.76196 6.72141194344
2049.613324 6.72609710693
2058.445043 6.55727314949
2066.801562 6.21301913261
2075.581141 6.64605593681
2084.754795 7.01754498482
2093.628504 6.58378601074
2103.122925 7.36066102982
2112.641046 7.37793707848
2121.405655 6.62803816795
2130.626835 6.94943094254
2139.329479 6.56536507607
2148.304304 9999
2157.362239 6.88541889191
2166.7372 9999
2175.480064 6.62348413467
2184.3873 6.7681350708
2193.560916 7.02600383759
2202.753166 6.93698406219
2212.206693 9999
2221.29069 9999
2230.158914 6.71117901802
2238.391664 6.01966619492
2247.114195 6.56233501434
2255.973249 9999
2265.087684 6.98029398918
2273.920351 6.56899118423
2283.169264 9999
2292.237371 6.92283987999
2300.47224 6.09656596184
2309.83376 7.07962584496
2318.562896 6.58334493637
2327.192222 6.53860211372
2336.271201 6.9202439785
2345.295827 6.63629007339
2354.861906 7.41097211838
2363.923215 6.92017102242
2372.59667 6.5310959816
2381.588204 6.72039413452
2390.428599 6.66106581688
2399.637052 7.0333969593
2408.734378 6.92870497704
2418.011775 6.9686589241
2427.215609 7.03221201897
2436.317059 6.97471904755
2445.364713 6.90035820007
2454.904697 7.24651408195
2464.309745 7.22947096825
2473.062685 9999
2482.203841 6.96533489227
2491.509382 7.04112315178
2500.31259 6.64563298225
2509.358096 6.92370414734
2518.5567 7.05802607536
2527.753633 6.92401218414
2536.992409 7.08009290695
2545.798011 6.63833403587
2554.349749 6.41538310051
2563.631917 7.00646114349
2572.4301 6.6453371048
2581.628339 7.06157898903
2590.752662 6.94865179062
2600.096158 7.04837298393
2609.404624 9999
2618.258607 6.70355796814
2627.471937 7.07156300545
2636.694099 6.94479203224
2645.383018 6.55554795265
2654.479136 6.94273781776
2663.778072 7.15097212791
2672.673075 6.60924100876
2681.332504 6.4953649044
2690.843212 7.35605597496
2699.659691 6.67141413689
2708.861466 6.91229081154
2717.974407 6.96532392502
2727.125564 6.98549509048
2735.965737 9999.0
2745.3786 9999
2754.212752 6.6407160759
2763.242018 6.86225914955
2772.433848 7.02703809738
2781.158986 6.4219019413
2790.604316 7.29488396645
2799.757802 7.02705693245
2808.876382 6.94778203964
2818.015652 6.86800408363
2826.905772 6.7618329525
2836.033935 6.9916100502
2845.205489 7.02563905716
2854.741346 9999
2863.764227 6.84895086288
2873.293901 7.38539290428
2881.993373 6.54189801216
2891.141283 9999
2900.105072 6.79949307442
2909.165311 6.91093683243
2918.152074 6.87881493568
2927.113159 6.56528902054
2935.789838 6.53694105148
2944.122098 6.17497396469
2953.390914 9999.0
2962.636248 6.96360087395
2971.564675 6.76209402084
2980.747421 7.02385997772
2989.636245 6.74357509613
2998.84034 6.93781399727
3008.064618 7.05915999413
3016.356206 6.13338899612
3025.068393 6.56647396088
3033.911761 6.56476092339
3042.999285 6.96623802185
3052.314954 7.16386890411
3061.419083 6.92999005318
3070.660647 6.96853590012
3080.164763 7.35179615021
3088.894441 6.57517695427
3097.549888 6.49933505058
3106.16755 6.22544503212
3115.097237 6.77615714073
3123.383109 6.12320709229
3132.866541 7.34698605537
3141.771231 6.59970283508
3150.579388 6.61732387543
3159.711812 6.97812700272
3169.196613 7.33060908318
3177.649423 9999
3186.043437 9999
3194.670279 6.51091909409
3204.070407 7.25834512711
3213.19682 6.8433098793
3222.447337 7.09435296059
3231.286022 6.67562198639
3240.367666 6.93007707596
3249.800259 7.04126095772
3258.946177 7.01435995102
3268.226559 9999
3276.588715 6.20893096924
3286.026608 9999
3294.863747 6.68458485603
3303.708198 6.69721102715
3313.272005 7.39975190163
3322.541704 6.9790520668
3331.364317 6.63861489296
3340.362305 6.89134192467
3349.115406 6.63103294373
3357.961211 6.57774996758
3366.996821 6.90854120255
3375.744473 6.61334085464
3384.121765 6.20389795303
3392.813682 9999
3402.187738 9999
3410.202524 5.88962316513
3418.605383 6.26542210579
3427.062805 6.19860005379
3435.946197 6.75569987297
3444.999666 6.90670990944
3453.787783 6.67560696602
3462.749921 6.63526797295
3471.425377 6.65100121498
3480.531181 6.95832800865
3489.480036 6.82901215553
3498.755952 6.87928509712
3507.45268 6.57950592041
3516.56353 6.98870992661
3525.541238 6.85632181168
3534.460623 6.73449802399
3542.65273 6.04981684685
3551.329366 6.52514696121
3560.033432 6.53696990013
3568.862097 6.55689907074
3577.2316 6.21013498306
3586.3236 6.95449018478
3595.820107 7.36848306656
3605.088833 6.99659705162
