30.165152 1.38167471886
59.200696 1.31878348589
88.152922 1.32217770815
118.523173 1.38830660582
148.976675 1.39458303452
179.530709 1.39396210909
209.932795 1.38980214596
240.338446 1.3870455265
271.043396 1.39799153805
301.54453 1.39564180374
332.314839 1.40280302763
363.034284 1.39961274862
392.154562 1.32723760605
421.207563 1.3285872817
451.976529 1.40626369715
482.813646 1.41022753716
511.86683 1.32397727966
542.36985 1.39884861708
571.538961 1.32405166626
602.460206 1.42084913254
631.632021 1.3270015955
662.165842 1.39969927073
692.736204 1.39290832281
723.406781 1.40063296556
754.310609 1.40720323324
783.61374 1.33123469353
814.216139 1.40490179062
844.836985 1.39889971018
875.558281 1.40382678509
904.892573 1.33355683088
933.996091 1.32775970697
964.815822 1.40970927477
995.637018 1.40286941528
1026.122899 1.39310173988
1056.811356 1.40310269594
1085.945687 1.32623422146
1116.366069 1.39206162691
1145.401798 1.32128441334
1175.889123 1.39871286154
1206.676343 1.40660550594
1235.86262 1.32437163591
1264.798297 1.32364864349
1295.285889 1.39454983473
1324.622066 1.33256574869
1355.15797 1.39809679985
1384.376454 1.32853051424
1413.046741 1.30860683918
1442.199175 1.32630106211
1471.301717 1.32842780352
1500.287244 1.3180459857
1529.239817 1.32313630581
1558.311797 1.32328472137
1588.84522 1.40113778114
1617.866408 1.31938223839
1646.901219 1.32456394434
1676.186667 1.33053218126
1710.65966 1.59866967201
1739.712361 1.32001799345
1770.082934 1.39314848185
1799.11811 1.32118787766
1827.887103 1.31455959082
1857.056909 1.32613657713
1887.259355 1.38338681459
1916.145592 1.31331048012
1944.982022 1.3144000411
1973.933591 1.31678688526
2002.786636 1.31737886667
2031.771825 1.31848638058
2060.791109 1.32664413452
2091.194858 1.39011507034
2120.314827 1.3244253993
2154.803397 1.60007449389
2183.959034 1.32606208324
2212.975444 1.32564460039
2243.663258 1.4023252368
2274.599893 1.41304284334
2303.719005 1.32363520861
2332.737521 1.32322913408
2361.707544 1.32016555071
2392.360073 1.40812395811
2421.497062 1.32765847445
2450.565922 1.33091423512
2481.135707 1.39683921337
2510.272509 1.32543621063
2539.308791 1.32622152567
2568.343754 1.32158044577
2598.831041 1.39862997532
2629.520459 1.40181105137
2658.837519 1.33468798399
2693.426265 1.60476634502
2724.130223 1.4019726038
2754.733698 1.395538342
2789.423814 1.60143139362
2818.608969 1.32671294212
2847.794972 1.32873922586
2876.948308 1.32522816658
2907.367745 1.39865880013
2936.553518 1.32513905764
2965.507481 1.3217900753
2996.060017 1.39553829432
3025.196683 1.32344213724
3059.502204 1.58835732937
3088.64117 1.3259894371
3117.65658 1.32349914312
3148.344691 1.40124195814
3177.3471 1.31952562332
3211.769786 1.59603719711
3240.873736 1.32516181469
3269.743815 1.3183947444
3298.910328 1.32380882502
3327.846831 1.32049318552
3358.320091 1.38936361074
3392.855756 1.59330176115
3421.891945 1.31730458736
3450.844694 1.32334097624
3481.064677 1.38161293268
3515.603574 1.58947085142
3544.606286 1.31942863464
3574.759623 1.37994002104
3603.9956 1.3267688036
