8.531265 6.55256104469
16.347079 5.73020911217
24.770661 6.26411700249
33.68332 9999.0
41.965354 6.07433581352
49.818771 5.74430513382
57.828212 5.8787381649
66.513536 6.59966182709
74.928535 6.12442302704
83.635772 6.60925102234
91.935493 6.17634415627
100.572474 6.52545499802
109.12443 9999
117.830254 6.60509204865
126.098883 6.13581800461
134.715844 6.49554395676
143.141725 6.18020391464
151.81102 6.58331108093
160.213528 9999
168.90295 6.58087015152
177.72749 6.59808897972
186.40264 6.57562494278
195.548634 7.05311107635
203.802342 6.15671300888
212.631246 6.58719086647
221.182603 6.47162222862
229.487102 6.19244194031
238.285593 9999.0
247.093206 6.58152914047
255.740063 6.59635806084
263.751749 5.88212418556
271.966151 6.12683796883
280.274674 6.06027507782
289.299871 9999
297.446192 6.08813714981
305.37734 5.83845901489
313.835169 6.21441793442
322.122829 6.19900202751
330.83183 6.58878588676
339.103252 6.18474388123
347.198496 5.86685085297
356.308027 9999
364.144017 5.76401185989
373.131351 6.89714503288
381.867832 6.51510691643
390.484825 6.51566290855
398.713053 9999
406.657458 9999.0
415.067747 6.1914870739
423.970299 9999
432.840573 6.76794505119
441.180032 6.23777604103
449.91713 6.52177190781
458.502046 6.50052285194
467.250073 6.64299821854
475.448322 6.1080698967
483.954042 6.28502416611
492.459985 9999
500.742342 6.18053793907
508.990241 6.16232895851
518.038584 9999
526.698916 6.55449199677
535.442871 6.63531899452
544.127191 6.57578492165
552.536672 6.17122912407
561.226288 6.59141921997
569.906556 6.56356906891
577.659973 5.6776201725
586.119784 6.22401690483
594.639204 9999
602.986107 6.21247601509
611.677703 6.60117506981
620.245082 6.32854795456
629.179708 9999
637.245699 9999
645.447291 6.0971570015
653.889726 6.19392704964
662.179083 6.17766809464
670.776386 6.47211194038
679.298705 9999.0
688.171837 6.64142489433
696.004546 5.71234202385
704.860722 9999
713.521662 6.53933000565
722.525149 9999
731.254316 6.60633778572
739.529512 6.14633011818
748.237857 6.57209181786
757.135264 6.6473338604
765.570559 9999
774.090952 9999
782.446514 6.25246310234
790.927889 6.22152781487
799.202597 6.16425490379
808.009256 9999
816.230217 6.12318086624
824.630864 6.14278697968
833.552703 9999
841.879912 6.20301413536
850.111382 6.1448829174
858.890841 6.54955887794
866.922425 9999
875.587315 6.57836604118
884.588993 6.89493894577
893.337104 6.49223709106
901.651827 6.20560503006
910.363826 6.60462999344
918.491761 6.036714077
927.033807 6.32724690437
935.606422 6.48751020432
944.278793 6.57929396629
952.694524 9999.0
961.033536 6.09821510315
969.749896 6.60553503036
978.215514 9999
986.910018 6.58614683151
995.853645 6.71055388451
1004.283432 6.34525895119
1012.906744 6.5066921711
1021.198151 6.18759298325
1029.671727 6.23697900772
1037.636048 5.85730719566
1045.878836 6.13703489304
1054.681212 9999.0
1063.169636 6.24329304695
1071.062037 5.75452017784
1078.940599 5.79069304466
1087.460397 9999.0
1096.412553 6.6956949234
1105.056835 6.55291390419
1113.756736 6.57972192764
1122.719931 6.85289096832
1131.599802 6.66300010681
1140.257985 6.53264498711
1148.924004 6.57691311836
1158.073747 7.04925894737
1167.11742 9999
1175.407265 6.20635414124
1184.045571 6.56221795082
1192.379181 6.22439908981
1201.090524 6.49232196808
1209.719621 6.51956415176
1218.78271 6.935806036
1226.769349 5.87944602966
1235.193674 6.17869377136
1243.232584 5.95246315002
1251.542994 6.18765997887
1259.949991 6.27696895599
1268.782922 6.60790991783
1277.018734 6.11160087585
1285.746518 6.61541819572
1293.640591 5.76589894295
1301.794699 5.90446710587
1310.054795 6.14936995506
1318.786713 6.61056804657
1327.015493 6.12712097168
1335.400357 6.15560603142
1344.168865 6.66232514381
1352.463167 6.18830490112
1360.77969 9999.0
1369.760715 9999
1378.739223 9999
1387.147626 6.29639196396
1395.733847 6.48456001282
1403.716763 5.70704293251
1412.715406 9999
1421.323634 6.49561715126
1430.037947 6.6061000824
1438.828592 6.52867913246
1447.394726 6.46385502815
1455.705134 6.20335316658
1464.33249 6.51596403122
1473.08609 6.50705909729
1482.315954 7.11602282524
1490.879546 6.45364999771
1498.77338 5.74403715134
1507.382553 6.36780118942
1515.641623 6.13502383232
1523.900999 6.12786412239
1532.5893 6.59204101562
1541.460509 6.61459088326
1550.084057 6.51086592674
1558.743005 6.51039600372
1567.54626 9999.0
1576.005085 6.23529696465
1583.821391 5.69327306747
1592.10941 6.18999505043
1600.71266 6.49921488762
1608.627536 5.68857383728
1616.823719 6.08035302162
1625.525125 6.56331396103
1634.220036 6.60811710358
1642.798647 6.32439184189
1651.025211 6.11157202721
1659.476886 9999
1668.060657 6.4970510006
1676.827866 6.53203296661
1685.341735 9999
1694.366843 6.92687296867
1703.011904 6.52827596664
1711.444843 6.17912888527
1720.082619 6.52121806145
1728.686407 6.48737597466
1736.77068 5.93488097191
1745.224961 6.20989584923
1753.501926 6.17155694962
1762.226903 6.61647701263
1770.956535 6.62317895889
1779.318763 6.11561393738
1787.642985 6.24155282974
1796.383925 6.63409280777
1805.363686 6.86694717407
1814.125699 6.53148794174
1822.846829 6.60382699966
1830.74323 5.77787995338
1839.144533 6.31006407738
1847.183237 5.80860710144
1855.625904 9999
1864.101101 9999
1872.49129 6.25982522964
1881.262961 6.4785888195
1889.928268 6.57248806953
1898.135353 6.10159802437
1906.481548 6.23490595818
1914.481529 5.76462507248
1922.769106 6.18314790726
1931.397644 6.52637195587
1939.680855 6.16737794876
1947.756027 5.80248689651
1956.014217 6.12941098213
1964.649259 6.51963615417
1973.252792 6.4916639328
1981.321806 5.81007504463
1989.984606 6.52721500397
1997.789702 5.6995241642
2006.591193 9999.0
2014.621471 5.79064297676
2023.704065 6.97130393982
2032.320583 6.50026321411
2040.670475 6.25020003319
2049.197908 6.3011431694
2057.497487 6.18388104439
2065.837648 6.20646691322
2074.45824 6.51287794113
2082.892071 6.19149899483
2090.691509 5.68999505043
2099.394009 6.60882496834
2107.673907 6.15650987625
2116.076581 6.14310288429
2124.688675 6.50761294365
2133.349887 6.5151309967
2141.900089 6.47359108925
2149.937386 5.802038908
2158.14897 6.10601806641
2166.528499 6.25392007828
2175.730969 7.0863699913
2184.575287 6.60056900978
2193.233203 6.55050396919
2201.120711 5.76989483833
2209.968 9999.0
2218.538671 6.31558895111
2227.179885 6.52730894089
2235.709588 6.41745781898
2243.573852 5.76807785034
2252.462908 6.63939404488
2260.265364 5.69764518738
2268.180583 5.79904389381
2276.616715 9999.0
2285.438099 6.5890250206
2294.028003 6.48386693001
2302.221959 9999
2310.897469 6.57516598701
2319.841725 9999
2328.495015 6.54499912262
2336.754889 6.13368701935
2345.61536 9999.0
2353.910811 6.0523109436
2362.213998 6.18423700333
2370.903021 6.57471299171
2379.17456 6.15923213959
2387.963542 6.54780220985
2396.711282 6.62951588631
2405.370176 6.53136205673
2413.716105 6.23920798302
2422.159012 6.23364806175
2429.772234 5.49266815186
2438.522726 6.6496489048
2447.706433 9999.0
2456.246091 6.27681803703
2464.574759 6.21217703819
2472.815807 6.12399888039
2481.396508 6.46611404419
2490.595947 6.93534994125
2498.93545 6.23883318901
2507.17317 6.12594008446
2515.65205 9999.0
2523.635718 5.78621101379
2531.940989 6.20504784584
2540.225094 6.16508102417
2548.43264 6.10821700096
2557.273528 6.56994104385
2565.694278 6.26610994339
2573.579603 5.72551989555
2582.122163 9999.0
2591.427896 9999
2599.656745 6.12339401245
2608.274364 6.48770403862
2616.050923 5.66648197174
2624.197703 9999
2632.35952 6.04163002968
2640.599899 6.11597013474
2648.943182 6.20587205887
2657.846006 6.62580800056
2666.759018 6.79506206512
2675.394488 6.52482199669
2683.257122 5.75252604485
2692.017235 6.50886416435
2700.615011 9999
2709.368014 6.62167000771
2718.011609 6.5476770401
2726.774715 6.54297614098
2735.035486 6.15642094612
2743.768392 6.62681889534
2752.466843 6.56426310539
2761.035226 6.30794405937
2770.034741 6.85303401947
2777.992347 5.82589101791
2786.510324 6.4020280838
2795.398958 6.62946820259
2804.150959 6.6277680397
2812.890877 6.64017605782
2821.428659 9999.0
2829.834385 6.13278508186
2838.514349 6.5448679924
2847.322255 9999
2855.418269 6.00285816193
2864.254261 6.6050760746
2873.010567 6.64640784264
2881.017596 9999
2890.115517 7.01472306252
2898.574072 6.22185206413
2906.897763 6.18865013123
2915.557036 6.53643989563
2923.82474 6.14567899704
2932.178748 6.12550806999
2940.814605 6.51079416275
2949.439154 6.47939109802
2958.317216 9999.0
2966.765001 6.20213007927
2974.994516 6.11267113686
2982.963585 5.8476729393
2991.595265 6.51470804214
3000.362314 6.52176189423
3008.93057 9999
3017.562864 6.50138998032
3026.649956 6.96860909462
3035.49702 6.60566401482
3044.139274 6.53463506699
3052.764917 6.51150798798
3061.041561 6.15768098831
3069.817554 6.52682900429
3078.138447 6.18039107323
3086.77181 6.50731420517
3095.380774 6.4966480732
3104.332873 9999
3113.453413 6.99346494675
3122.260897 6.68774700165
3130.59742 6.23240494728
3138.924492 6.11366796494
3147.527663 6.48156404495
3155.786883 6.12905502319
3163.560521 5.68178009987
3171.663507 5.85330200195
3180.141834 9999
3188.367572 6.13129687309
3196.991331 6.52494192123
3205.434743 6.19989895821
3214.091583 6.54121208191
3222.701693 6.47615408897
3230.599672 5.7824819088
3239.064134 6.22681188583
3246.9121 5.73323917389
3255.229667 6.20517611504
3263.47385 6.10807991028
3272.112959 9999
3280.775689 6.54345417023
3288.583843 5.70689892769
3296.919511 6.23980808258
3306.076437 6.89235806465
3314.772826 6.59755301476
3323.425528 6.55042719841
3332.206395 6.67621183395
3340.940234 6.50514006615
3348.945446 5.87837791443
3357.281697 6.24739694595
3365.52392 6.14220190048
3374.540777 9999
3382.43934 5.79817008972
3391.569089 6.97821593285
3399.886923 6.22833204269
3408.307534 6.2001209259
3416.540761 6.1367931366
3425.229772 6.57723593712
3433.944407 6.61378192902
3442.792195 6.5840959549
3450.669139 5.78919506073
3458.925137 6.13832092285
3467.143314 6.1188120842
3475.017577 5.63183307648
3484.240029 7.12148213387
3492.594296 6.22160220146
3501.26153 6.57528614998
3509.874783 9999
3518.48302 6.51068687439
3526.726114 6.14588499069
3535.481917 6.64587593079
3544.376975 6.61245298386
3552.791323 6.29851412773
3561.135568 6.19837379456
3569.565208 6.33318185806
3577.600055 5.80167007446
3586.02121 6.30438494682
3594.685696 6.53344702721
3602.961184 6.17400884628
