2.033615 0.00180902481079
3.618315 0.00192185640335
5.283913 0.00268061161041
6.946601 0.00197829008102
8.540394 0.00312367677689
10.121234 0.00188949108124
11.955628 0.00192396640778
13.535495 0.00190140008926
15.088336 0.00221939086914
16.697694 0.00197861194611
18.261481 0.00193068981171
19.931484 0.00194435119629
21.524777 0.00190623998642
23.059101 0.00188111066818
24.725794 0.00232862234116
26.308862 0.00365934371948
28.133143 0.00189893245697
29.861708 0.00184981822968
31.471264 0.00187879800797
33.437447 0.0019184589386
35.07336 0.00330555438995
36.749168 0.00186941623688
38.424087 0.00203405618668
40.131676 0.00360534191132
41.814271 0.00198941230774
43.439938 0.00192583799362
45.198522 0.00197141170502
46.824241 0.00330830812454
48.446745 0.00187252759933
50.151454 0.00245205163956
51.84805 0.00194025039673
53.46704 0.00299690961838
55.110243 0.0020124912262
56.699531 0.00187534093857
58.313491 0.00202074050903
59.930012 0.00199466943741
61.483593 0.00186177492142
63.065966 0.00196213722229
64.884072 0.00197588205338
66.528714 0.00194543600082
68.196298 0.00194153785706
69.887779 0.00192929506302
71.431023 0.00189802646637
73.013117 0.00321308374405
74.761939 0.00351889133453
76.369701 0.00371671915054
78.04086 0.00191684961319
79.756356 0.0038117647171
81.360723 0.00272394418716
82.923667 0.00190985202789
84.646215 0.00253648757935
86.212366 0.00196480751038
87.794677 0.00229433774948
89.433789 0.00194628238678
91.004135 0.00189636945724
92.633426 0.00192885398865
94.206522 0.00189826488495
96.153678 0.00195269584656
97.92319 0.00302914381027
99.534075 0.00193102359772
101.115777 0.00205852985382
102.807045 0.00256508588791
104.373326 0.00219105482101
105.962958 0.00196192264557
107.603184 0.00352218151093
109.210763 0.00229513645172
110.888575 0.00376074314117
112.465651 0.0021791100502
114.040344 0.00248974561691
115.75455 0.00191787481308
117.473376 0.00190768241882
119.055223 0.00299135446548
120.652476 0.00348113775253
122.264041 0.0019779920578
123.8989 0.00287519693375
125.57971 0.00210754871368
128.641763 0.00195680856705
130.391286 0.00210952758789
132.017001 0.00195050239563
133.594201 0.00197284221649
135.177012 0.00251237154007
136.750155 0.00196483135223
138.328423 0.00199925899506
139.911553 0.0019784450531
141.513897 0.00295333862305
143.119298 0.00196574926376
144.724063 0.00259553194046
146.302764 0.00201680660248
147.883562 0.00195419788361
149.569517 0.0019229054451
151.267214 0.00235223770142
152.81349 0.0020773768425
154.37116 0.00200881958008
156.043374 0.00196861028671
157.674351 0.00202921628952
159.453055 0.00215171575546
161.148853 0.00202486515045
162.717957 0.00197193622589
164.387518 0.0019217133522
166.005699 0.0023273229599
167.654817 0.00191699266434
169.254262 0.00190834999084
170.802948 0.00202802419662
172.359992 0.00191035270691
173.992337 0.00214190483093
175.578437 0.00226676464081
177.386356 0.00226414203644
178.971568 0.0020646572113
180.538017 0.00209089517593
182.142773 0.00210773944855
183.703952 0.00190575122833
185.383514 0.00197774171829
186.931135 0.00194510221481
188.582758 0.00195890665054
190.490141 0.00192384719849
192.03014 0.00198038816452
193.627124 0.00194566249847
195.19898 0.00196173191071
196.848299 0.0019126534462
198.419934 0.0018944978714
200.165163 0.00276942253113
201.76821 0.00188972949982
203.310917 0.00195337533951
204.862578 0.00229983329773
206.483307 0.00198454856873
208.104512 0.00197001695633
209.670396 0.00192469358444
211.21518 0.00227953195572
212.846836 0.00195090770721
214.515369 0.00235224962234
216.115098 0.00194473266602
217.675451 0.00234773159027
219.286108 0.0023050069809
221.465343 0.0019763469696
223.145874 0.00188881158829
224.743992 0.00250025987625
226.335434 0.00221747159958
227.994461 0.00205948352814
229.559315 0.00208557844162
231.138174 0.00216962099075
232.733174 0.00200124979019
234.289158 0.00189409255981
235.870275 0.00210164785385
237.42127 0.00187929868698
239.091143 0.00361182689667
240.682662 0.00197130441666
242.256353 0.00198456048965
243.849771 0.00279767513275
245.549084 0.00252794027328
247.163438 0.00248450040817
248.786062 0.00198171138763
250.431467 0.0035652756691
252.276205 0.00194270610809
253.88574 0.00248364210129
255.494887 0.00193314552307
257.112601 0.00298601388931
258.734393 0.0021724820137
260.263091 0.00207359790802
261.849018 0.00215455293655
263.398735 0.00190629959106
265.341164 0.00203338861465
266.884183 0.00195803642273
268.654229 0.00192118883133
270.218451 0.00193982124329
271.829872 0.00194803476334
273.532709 0.00198016166687
275.196962 0.00326728820801
276.940537 0.00226398706436
278.519415 0.00209740400314
280.122963 0.00194715261459
281.750897 0.0019412279129
283.886159 0.00199106931686
285.459292 0.00192637443542
287.023981 0.00195175409317
288.680644 0.00190501213074
290.22943 0.00189566612244
291.782868 0.00197006464005
293.334945 0.0019702911377
295.136249 0.00195691585541
296.738735 0.0019508600235
298.287874 0.00192720890045
299.861952 0.00192965269089
301.415648 0.00197727680206
302.988025 0.00248938798904
304.655142 0.00271301269531
306.28433 0.00198346376419
307.920533 0.00204119682312
309.535304 0.00250173807144
311.233533 0.00186488628387
312.939263 0.00311788320541
314.885441 0.00189232826233
316.445976 0.00199365615845
318.036666 0.00205719470978
319.707217 0.0021207690239
321.278768 0.0020131111145
322.935932 0.00194348096848
324.518824 0.00187311172485
326.216345 0.00191190242767
327.901425 0.00189007520676
329.486428 0.00192509889603
331.212667 0.00196714401245
332.84045 0.00192078351974
334.434388 0.00192736387253
336.076576 0.00338268280029
337.621643 0.00195093154907
339.307934 0.00200659036636
340.914145 0.00192809104919
342.511963 0.00249472856522
344.139017 0.00191431045532
346.006546 0.00197077989578
347.641288 0.00212495326996
349.36375 0.00412594079971
350.938423 0.00198147296906
352.628528 0.00360295772552
354.246163 0.00230177640915
355.831364 0.00197752714157
357.375685 0.0019504070282
359.023797 0.00315574407578
360.670014 0.00197719335556
362.236773 0.00204087495804
363.81262 0.00205297470093
365.481955 0.00187954902649
367.126466 0.00222935676575
368.719795 0.0019359588623
370.318308 0.0019678235054
371.948858 0.00448597669601
373.531485 0.00283081531525
375.138026 0.00196352005005
377.158039 0.00200769901276
378.713757 0.00192763805389
380.305973 0.001930809021
382.042622 0.00364770889282
383.605583 0.00198396444321
385.198913 0.00203206539154
386.84584 0.00198284387589
388.411785 0.00199303627014
390.129678 0.00195499658585
391.709713 0.00198286771774
393.29003 0.00194458961487
394.86023 0.00197925567627
396.553353 0.00244688987732
398.12916 0.00207642316818
399.687046 0.00196657180786
401.288898 0.00253877639771
403.091949 0.00240484476089
404.657964 0.00212759971619
406.238765 0.00193127393723
408.375476 0.00195900201797
410.076346 0.00265263319016
411.623887 0.00238168239594
413.268004 0.00196069478989
414.910721 0.00238355398178
416.536305 0.00222930908203
418.186883 0.00199749469757
419.774237 0.00199816226959
421.367477 0.00267604589462
423.063488 0.00195580720901
424.619159 0.00208184719086
426.209008 0.00191793441772
427.895615 0.00195715427399
429.480513 0.00195022821426
431.055471 0.00185333490372
432.808395 0.00253013372421
434.411241 0.00299344062805
435.986426 0.00207763910294
437.558514 0.00191890001297
439.551997 0.00228492021561
441.128929 0.00289204120636
442.786044 0.00194388628006
444.455116 0.00190424919128
446.008971 0.00188703536987
447.673607 0.00216723680496
449.671963 0.00363426208496
451.269541 0.0024011015892
452.874621 0.00209115743637
454.478114 0.00192036628723
456.097658 0.0020383477211
457.703126 0.00194025039673
459.305933 0.00227580070496
460.871685 0.00192347764969
462.557834 0.00186747312546
464.183618 0.00392804145813
465.867351 0.0021760225296
467.424338 0.00197070837021
469.01708 0.00192300081253
470.891004 0.00194127559662
472.468476 0.00227442979813
474.0478 0.00191867351532
475.621723 0.00266183614731
477.149042 0.00193039178848
478.761915 0.0019636631012
480.57374 0.00386360883713
482.214854 0.00189661979675
483.827294 0.00355681180954
485.503917 0.00188630819321
487.136663 0.00423102378845
488.837816 0.00197155475616
490.51002 0.00215120315552
492.099032 0.00192662477493
493.738926 0.00199375152588
495.335965 0.00204318761826
496.912736 0.00267648696899
498.62148 0.00194711685181
500.235056 0.00226744413376
502.431529 0.00195137262344
504.096017 0.00208431482315
505.786664 0.00192165374756
507.41764 0.00191403627396
509.019791 0.00214195251465
510.63408 0.00281686782837
512.480465 0.00207705497742
514.052164 0.00198627710342
515.597779 0.00200499296188
517.211624 0.00356895923615
518.806295 0.00195508003235
520.373203 0.00205438137054
522.02608 0.00204988718033
523.770327 0.0019367814064
525.351991 0.00205684900284
526.935397 0.00204076766968
528.542303 0.00215351581573
530.174382 0.00260392427444
531.742966 0.00235321521759
533.64107 0.00194045305252
535.245073 0.00203654766083
536.907038 0.00201122760773
538.499646 0.00201493501663
540.069557 0.00195333957672
541.638165 0.00210701227188
543.259629 0.0019482254982
544.839412 0.00208010673523
546.456017 0.00199594497681
548.030347 0.00198744535446
549.676541 0.00194664001465
551.263205 0.00201276540756
552.843151 0.00330549478531
554.478075 0.00199151039124
556.05784 0.00194164514542
557.74647 0.00201772451401
559.323783 0.00192120075226
561.061927 0.00210967063904
562.692666 0.00294215679169
564.905607 0.00198957920074
566.505291 0.00194453001022
568.089179 0.00191824436188
569.910942 0.00292501449585
571.486473 0.00239903926849
573.078934 0.0019890666008
574.762367 0.00194280147552
576.568682 0.00204980373383
578.189028 0.00216764211655
579.832259 0.00197371244431
581.475715 0.0020615696907
583.212398 0.00199897289276
584.817088 0.00194779634476
586.43405 0.00230160951614
588.21147 0.00330729484558
589.827738 0.00277274847031
591.42202 0.00238955020905
592.99673 0.00206208229065
594.654491 0.00194660425186
596.658084 0.00200130939484
598.222291 0.00247505903244
599.87047 0.00195827484131
601.45538 0.00189168453217
603.043496 0.00221000909805
604.742293 0.00194380283356
606.423476 0.00191549062729
608.010719 0.00244016647339
609.643732 0.00241658687592
611.301559 0.00194656848907
612.867153 0.00188653469086
614.442022 0.00193074941635
616.102909 0.00229655504227
617.657294 0.00217891931534
619.234871 0.00191094875336
620.852631 0.00331718921661
622.660627 0.00369337797165
624.273773 0.00194920301437
625.866771 0.00195243358612
627.970638 0.00275186300278
629.636319 0.0020730137825
631.199724 0.00192528963089
632.824651 0.00276696681976
634.512587 0.00235459804535
636.230296 0.00200086832047
637.821218 0.00238010883331
639.491676 0.00198411941528
641.044999 0.00198627710342
642.583402 0.00217237472534
644.386622 0.00304248332977
645.966593 0.0019162774086
647.510162 0.00196633338928
649.041926 0.00201020240784
650.604815 0.00259337425232
652.251536 0.00206116437912
653.812428 0.00243688821793
655.387119 0.00217753648758
657.062572 0.00206797122955
658.995598 0.00192722082138
660.571062 0.00198348760605
662.16629 0.00231802463531
663.782444 0.0022970199585
665.369658 0.00211815834045
667.005564 0.00246887207031
668.576844 0.00226866006851
670.221121 0.00203320980072
671.814445 0.00206432342529
673.440694 0.00355325937271
675.033371 0.00213916301727
676.673916 0.00328676700592
678.227313 0.00200897455215
679.827089 0.00199652910233
681.383319 0.00194282531738
682.918527 0.00216538906097
684.552445 0.00192859172821
686.156453 0.00190931558609
687.733602 0.00195966959
690.186083 0.00195101499557
691.766797 0.00190292596817
693.517088 0.00348769426346
695.172984 0.00190849304199
696.771791 0.00204639434814
698.359492 0.0020182967186
699.937279 0.00254510641098
701.544039 0.00196830034256
703.202388 0.00313169956207
704.771139 0.00196964740753
706.327468 0.00257762670517
707.973567 0.0024901509285
709.589633 0.00211991071701
711.133142 0.00199375152588
712.801065 0.00196979045868
714.345347 0.00208343267441
715.942041 0.00349813699722
717.660434 0.00195914506912
719.230962 0.00195553302765
721.33 0.00328735113144
722.909503 0.00193738937378
724.48326 0.00189982652664
726.122144 0.00238299369812
727.682459 0.00194672346115
729.323662 0.00300933122635
731.013409 0.00185532569885
732.605713 0.00341665744781
734.2205 0.00196354389191
735.879236 0.00216621160507
737.498275 0.00200709104538
739.05965 0.00195657014847
740.75134 0.00193905830383
742.459909 0.0021062374115
744.068835 0.00237835645676
745.683988 0.00196129083633
747.292373 0.00252313613892
749.031819 0.00192538499832
750.571443 0.0021213054657
752.610726 0.00194197893143
754.257024 0.00198553800583
755.851808 0.00299335718155
757.528867 0.00246789455414
759.08066 0.001964366436
760.973101 0.00205858945847
762.598138 0.00282945632935
764.211518 0.00197404623032
765.823552 0.00245846509933
767.454116 0.00189565420151
769.00332 0.002115213871
770.613095 0.00270199775696
772.296157 0.00199192762375
774.002613 0.00197200775146
775.611808 0.00204833745956
777.177207 0.00194365978241
778.768953 0.00203695297241
780.304875 0.00196495056152
781.854737 0.00227513313293
783.78695 0.00258650779724
785.5978 0.00245106220245
787.249772 0.00193676948547
788.800361 0.00192943811417
790.408481 0.00349901914597
792.07209 0.00189771652222
793.746921 0.00204305648804
795.35189 0.00304095745087
797.042923 0.00197464227676
798.804585 0.00205324888229
800.432233 0.00195533037186
801.981461 0.00199029445648
803.595771 0.00502933263779
805.238501 0.00195111036301
806.80428 0.00195286273956
808.358007 0.00196126699448
809.956643 0.00210702419281
811.506126 0.00196059942245
813.095881 0.00195472240448
815.117964 0.00247704982758
816.761265 0.00192999839783
818.38339 0.00193511247635
820.107407 0.0021480679512
821.677696 0.00241503715515
823.27186 0.00196341276169
824.852345 0.00213216543198
826.431543 0.00197509527206
828.161446 0.00199526548386
829.742819 0.00199147462845
831.273789 0.00198343992233
832.950041 0.00347471237183
834.498465 0.00198814868927
836.055075 0.00213987827301
837.621397 0.00248372554779
839.218386 0.00201277732849
840.92403 0.00223979949951
842.479124 0.00199379920959
844.243882 0.00202196836472
846.200262 0.00209612846375
847.847118 0.00209195613861
849.422314 0.00249712467194
851.029336 0.00202860832214
852.584866 0.00197364091873
854.134471 0.00201358795166
855.795048 0.0022243976593
857.389812 0.00192675590515
858.95984 0.00198886394501
860.585758 0.00231857299805
862.18345 0.00213884115219
863.745993 0.0021678686142
865.678349 0.002203810215
867.364361 0.00194084644318
868.912866 0.00207360982895
870.510106 0.00193471908569
872.212305 0.00208220481873
873.868071 0.00432010889053
875.625601 0.00207741260529
877.71576 0.00206575393677
879.384237 0.00203078985214
880.977506 0.00188899040222
882.591784 0.00224604606628
884.230083 0.00197095870972
885.882813 0.00244923830032
887.53296 0.00204535722733
889.108941 0.00198956727982
890.690782 0.00252929925919
892.278012 0.00342055559158
893.879181 0.00197113752365
895.500989 0.00206376314163
897.221159 0.00196553468704
898.806653 0.00219451189041
900.430855 0.00205007791519
902.179448 0.0020635843277
903.863488 0.00202893018723
905.525339 0.00236971378326
907.120976 0.00195800065994
909.118543 0.00365713834763
910.741336 0.002115046978
912.412797 0.00193458795547
914.061059 0.00198998451233
915.613548 0.00196911096573
917.198192 0.00199489593506
918.782085 0.00285128355026
920.395531 0.00193326473236
921.94547 0.00197750329971
923.538041 0.00193123817444
925.10024 0.00193382501602
926.825693 0.00193748474121
928.54499 0.00728690624237
930.150706 0.00332628488541
931.739439 0.00202236175537
933.466174 0.00204020738602
935.077827 0.00204665660858
936.649763 0.00197006464005
938.364735 0.00219742059708
940.459305 0.00201451778412
942.140441 0.00199761390686
943.727123 0.00199989080429
945.343919 0.00196619033813
946.904902 0.00195355415344
948.47939 0.00196478366852
950.165495 0.00207643508911
951.751103 0.00190925598145
953.452289 0.00190887451172
955.174914 0.00210167169571
956.801558 0.00193521976471
958.475984 0.00354360342026
960.089185 0.00273963212967
961.692183 0.00287895202637
963.258992 0.0020783662796
964.906059 0.00208015441895
966.460815 0.00194376707077
968.086004 0.00359500646591
969.709524 0.00200898647308
971.695873 0.00195435285568
973.300208 0.00205795764923
974.86394 0.0019456744194
976.484236 0.00193322896957
978.067675 0.00201202630997
979.667484 0.0023796081543
981.29934 0.00294141769409
982.931346 0.00219743251801
984.598409 0.00193157196045
986.289093 0.0025102853775
987.85464 0.00195301771164
989.558422 0.00214251279831
991.181962 0.00261195898056
992.880941 0.00194165706635
994.470302 0.00199774503708
996.112712 0.00243381261826
997.644756 0.00196059942245
999.22098 0.00226284265518
1001.476511 0.00201795101166
1003.289593 0.00195583105087
1004.853221 0.0019721031189
1006.425817 0.00193711519241
1008.095848 0.00202715396881
1009.642228 0.00196752548218
1011.32125 0.00196758508682
1012.91422 0.00199664831161
1014.582454 0.00212959051132
1016.136609 0.00239096879959
1017.794982 0.00202661752701
1019.389544 0.00196884870529
1021.025789 0.0024560213089
1022.649816 0.00220350027084
1024.284618 0.0044450879097
1025.907937 0.00196605920792
1027.493124 0.0020693898201
1029.028198 0.00201797485352
1030.595091 0.00209658145905
1032.173685 0.00202069282532
1034.090995 0.00202242136002
1035.668183 0.00224046707153
1037.376812 0.00206645727158
1039.359637 0.00195232629776
1041.132268 0.00193667411804
1042.731681 0.00206078290939
1044.351254 0.00257742404938
1046.028245 0.00310207605362
1047.972993 0.00192461013794
1049.55489 0.00341712236404
1051.161163 0.00206896066666
1052.804379 0.00198750495911
1054.420958 0.00235784053802
1055.970424 0.00214915275574
1057.561078 0.00197567939758
1059.098584 0.00201299190521
1060.684856 0.00198212862015
1062.309837 0.00206581354141
1063.918869 0.00372720956802
1065.667812 0.00216554403305
1067.39619 0.00192505121231
1068.929982 0.00192435979843
1070.619298 0.00193737745285
1072.234203 0.00198143720627
1073.840471 0.00219651460648
1075.418893 0.00191841125488
1077.041962 0.00193583965302
1078.641255 0.00232908725739
1080.251239 0.00204184055328
1081.891183 0.00233252048492
1083.494749 0.00224236249924
1085.113295 0.0018982052803
1086.71482 0.0019186258316
1088.404334 0.00201022624969
1090.071468 0.00197480916977
1091.740135 0.00198791027069
1093.866403 0.00198837518692
1095.413951 0.00202425718307
1097.217865 0.00199078321457
1098.864321 0.00194725990295
1100.636903 0.00295604467392
1103.055919 0.00204584598541
1104.615738 0.0023007273674
1106.265735 0.00335586071014
1107.93984 0.00343011617661
1109.712032 0.00194654464722
1111.262423 0.00237530469894
1112.853627 0.00224213600159
1114.577379 0.00190485715866
1116.165308 0.0020814538002
1117.881455 0.00412586927414
1119.580854 0.00191668272018
1121.230898 0.00216497182846
1122.962021 0.00199723243713
1124.576607 0.00291149616241
1126.200511 0.00235236883163
1128.386763 0.00216993093491
1129.976221 0.00226956605911
1131.642646 0.00195260047913
1133.349625 0.00199227333069
1135.032275 0.00191079378128
1136.894802 0.00194619894028
1138.914418 0.00199462175369
1140.513884 0.00203011035919
1142.106016 0.00201253890991
1143.793732 0.00203248262405
1145.371474 0.0021556019783
1146.970843 0.00236947536469
1148.659915 0.00192477703094
1150.225145 0.0019363284111
1151.796087 0.00352872610092
1153.376793 0.00193930864334
1155.062289 0.00223653316498
1156.72991 0.00389868021011
1158.319892 0.00194038152695
1160.377816 0.00196934938431
1162.019163 0.00214691162109
1163.759692 0.00193302631378
1165.426714 0.0020911693573
1167.09726 0.00204235315323
1168.776153 0.00221661329269
1170.531964 0.00200890302658
1172.132448 0.00212213993073
1173.785872 0.00223920345306
1175.375806 0.00208610296249
1176.960081 0.00193394422531
1179.679937 0.00200103521347
1181.296449 0.00203108787537
1182.855301 0.00196588039398
1184.794582 0.00195069313049
1186.362031 0.00203227996826
1187.933142 0.00193186998367
1189.710632 0.00276857614517
1191.751424 0.00200598239899
1193.314169 0.00202745199203
1195.172908 0.00200883150101
1196.747354 0.00205359458923
1198.31616 0.00205414295197
1200.08427 0.00328749418259
1201.825016 0.00210757255554
1203.548816 0.00197329521179
1205.161508 0.00215232372284
1206.733298 0.00202534198761
1208.700771 0.00395629405975
1210.813248 0.00233836174011
1212.392538 0.00216077566147
1213.99015 0.00202740430832
1215.713682 0.00234498977661
1217.29054 0.00198653936386
1218.869323 0.00240470170975
1220.427029 0.00196150541306
1222.855765 0.00200700759888
1224.539575 0.00197231769562
1226.17283 0.00194680690765
1227.767148 0.00229003429413
1229.341946 0.00194582939148
1231.025836 0.00193220376968
1232.648092 0.00197167396545
1234.284747 0.00205640792847
1235.933403 0.00196686983109
1238.233937 0.00205982923508
1239.854464 0.00223551988602
1241.417231 0.0021084189415
1242.988672 0.00295088291168
1244.702649 0.00364067554474
1246.287573 0.00197850465775
1247.955121 0.00210440158844
1249.625885 0.00197650194168
1251.208171 0.00199810266495
1252.889209 0.00258282423019
1255.702478 0.00200134515762
1257.714197 0.00199121236801
1259.310961 0.00264210700989
1260.98878 0.00198564529419
1262.577118 0.00193903446198
1264.490969 0.0022553563118
1266.109922 0.00450268983841
1267.754457 0.00196404457092
1269.552296 0.00233385562897
1271.107588 0.00194725990295
1273.26802 0.00209113359451
1275.018975 0.00192521810532
1277.392339 0.00201927423477
1278.993288 0.00201038122177
1280.733083 0.00195630788803
1282.359395 0.00375586748123
1284.054954 0.00378111600876
1285.979969 0.00195524692535
1287.664059 0.00247067213058
1289.2655 0.00201103687286
1290.960218 0.00197246074677
1292.721793 0.00229032039642
1294.297353 0.00228599309921
1296.010997 0.00213088989258
1297.615989 0.0019518494606
1299.216771 0.00192469358444
1301.524441 0.00294979810715
1303.189994 0.00234022140503
1304.811523 0.00367292165756
1306.418085 0.00300384759903
1310.008246 0.00335954427719
1312.149651 0.00200750827789
1313.780343 0.00203814506531
1315.374574 0.00194728374481
1318.002699 0.00402681827545
1319.756721 0.00207611322403
1321.41326 0.00411040782928
1323.189939 0.00194305181503
1324.818828 0.00223722457886
1326.548406 0.00196384191513
1328.165714 0.00233466625214
1329.924831 0.00215032100677
1331.562126 0.00200225114822
1333.14874 0.00408674478531
1334.788449 0.0019909620285
1336.388689 0.0022349357605
1338.04153 0.00380930900574
1339.710252 0.00189778804779
1341.381534 0.00215693712234
1342.966068 0.00201780796051
1344.538912 0.00193798542023
1346.245909 0.00237731933594
1348.124241 0.00402170419693
1350.478943 0.00209292173386
1352.088736 0.00414432287216
1353.65886 0.00200006961823
1355.306314 0.00219769477844
1356.89737 0.00204912424088
1358.721707 0.00193821191788
1360.299148 0.00211572647095
1361.897647 0.00200272798538
1363.505782 0.00200619697571
1365.210333 0.00205689668655
1366.796262 0.00221337080002
1368.595437 0.00197374820709
1370.213059 0.00198550224304
1371.852346 0.00193362236023
1373.437626 0.00383485555649
1375.388953 0.00191546678543
1376.952308 0.00214754343033
1378.776425 0.00234580039978
1380.605164 0.00208106040955
1382.216673 0.00289398431778
1383.955892 0.00222197771072
1385.620776 0.00188517570496
1387.254193 0.00195199251175
1388.909033 0.00193122625351
1390.610694 0.00251852273941
1392.190157 0.00215802192688
1393.794415 0.00201101303101
1395.557745 0.0020171046257
1397.100306 0.00193576812744
1398.672936 0.0023268699646
1400.286184 0.00263508558273
1401.932087 0.00202431678772
1403.681699 0.00204222202301
1405.245338 0.0018933057785
1406.870364 0.00195397138596
1408.501845 0.00194896459579
1410.276706 0.00216799974442
1412.166214 0.00202113389969
1413.877781 0.00257731676102
1415.50185 0.00279496908188
1417.153322 0.00195978879929
1418.896038 0.00226324796677
1420.62788 0.00252712965012
1422.246398 0.00292737483978
1423.858084 0.00197767019272
1425.558009 0.0024111866951
1427.198365 0.00227539539337
1428.807634 0.00199817419052
1430.517748 0.00224968194962
1432.83706 0.00199644565582
1434.42703 0.00278766155243
1436.068186 0.00197647809982
1437.661704 0.00202604532242
1439.558268 0.00247052907944
1441.16887 0.00194265842438
1443.115733 0.00195844173431
1444.754399 0.00218288898468
1446.370285 0.00205763578415
1447.957188 0.00197989940643
1449.516181 0.00250065326691
1451.098433 0.00207308530807
1452.701684 0.00229313373566
1454.377825 0.00398136377335
1456.03464 0.00200461149216
1457.711505 0.00207124948502
1459.31095 0.00196253061295
1461.198486 0.00192859172821
1462.780529 0.00270427465439
1464.408546 0.00242688655853
1466.170134 0.00228658914566
1467.800034 0.00231477022171
1470.460787 0.00189244747162
1472.05576 0.00202963352203
1474.130805 0.00201711654663
1475.923709 0.00199568271637
1477.550853 0.00193556547165
1479.136403 0.00199947357178
1480.773399 0.00257116556168
1482.443871 0.00202664136887
1484.015948 0.00200998783112
1485.62836 0.00208353996277
1487.213946 0.00190171003342
1488.822915 0.00200707912445
1490.461575 0.00195443630219
1492.197132 0.0019327878952
1493.805776 0.00194783210754
1495.44507 0.0019392490387
1497.063227 0.00289220809937
1498.640634 0.00204360485077
1500.281853 0.00201267004013
1501.945775 0.00197496414185
1503.572938 0.00243146419525
1506.229696 0.00277146100998
1507.837248 0.00196282863617
1509.499884 0.00378407239914
1511.071007 0.00204702615738
1512.69701 0.00191873311996
1514.269561 0.00255682468414
1515.882092 0.00194053649902
1517.457502 0.00200065374374
1519.099392 0.00219777822495
1520.756761 0.00308022499084
1522.392938 0.00331842899323
1524.013596 0.00206679105759
1525.642163 0.00193936824799
1527.338917 0.00391616821289
1528.893695 0.00197858810425
1530.47824 0.00198467969894
1532.177987 0.00219857692719
1533.810292 0.00222318172455
1535.394533 0.00215194225311
1537.602479 0.00194705724716
1539.217881 0.00204931497574
1540.858404 0.00225813388824
1542.663793 0.00198813676834
1545.019433 0.00231249332428
1546.613824 0.00199698209763
1548.187421 0.00335785150528
1550.056652 0.00208920240402
1551.906229 0.0020747423172
1553.600249 0.00207995176315
1555.181203 0.00192847251892
1556.824535 0.00248880386353
1558.659978 0.00202476978302
1560.256978 0.00264819860458
1561.858926 0.00196726322174
1563.511294 0.00200567245483
1565.174003 0.00209349393845
1566.872964 0.00317267179489
1568.903285 0.00247195959091
1570.568652 0.0022004365921
1572.203985 0.00269315242767
1573.95656 0.0019810795784
1575.651636 0.00211622714996
1577.239236 0.00219304561615
1578.889263 0.00198143720627
1580.86636 0.00195289850235
1582.544494 0.00421440601349
1584.154745 0.0019616484642
1585.803225 0.00194177627563
1587.416605 0.00348476171494
1589.139941 0.00197733640671
1590.783891 0.00343450307846
1592.366659 0.00200680494308
1594.010713 0.00203506946564
1595.639395 0.00198663473129
1597.213983 0.00201623439789
1598.749332 0.00208350419998
1600.751773 0.00209640264511
1602.417268 0.00198307037354
1604.027674 0.00205335617065
1605.799578 0.0021483540535
1607.391254 0.00192176103592
1609.177097 0.00343680381775
1610.826124 0.00281043052673
1612.517383 0.00193696022034
1614.228098 0.00260751247406
1615.823896 0.00287826061249
1617.928992 0.00187963247299
1619.516159 0.00310034751892
1621.118174 0.00262058973312
1622.679248 0.00211869478226
1624.40503 0.00246832370758
1626.01806 0.00211815834045
1627.583002 0.00201871395111
1629.209405 0.0019261598587
1631.203818 0.00200016498566
1632.836731 0.00244945287704
1634.412986 0.0019713640213
1636.030011 0.00200425386429
1637.635415 0.00199142694473
1639.226932 0.00199956893921
1640.931318 0.00196218490601
1642.517112 0.00199571847916
1644.487491 0.00262734889984
1646.073006 0.0020522236824
1647.669379 0.00228006839752
1649.343389 0.00232954025269
1651.141241 0.00201417207718
1652.86373 0.00260462760925
1654.454397 0.00204504728317
1656.133436 0.00226774215698
1658.598831 0.00222138166428
1660.288025 0.00211087465286
1662.372683 0.0042020201683
1663.954689 0.0019672870636
1665.711619 0.00205291509628
1667.32596 0.00269453525543
1668.99792 0.00199574232101
1670.724432 0.00424131155014
1672.315284 0.00295630693436
1673.963395 0.00195951461792
1675.777045 0.00357496738434
1677.409139 0.00213040113449
1679.056034 0.00344189405441
1680.810474 0.0019073843956
1682.459713 0.00237644910812
1684.069834 0.00208234786987
1685.763822 0.00229525566101
1687.361373 0.00194952487946
1688.969174 0.00243735313416
1690.618068 0.00197968482971
1692.246346 0.00194571018219
1694.280206 0.00191699266434
1695.961846 0.00198310613632
1697.526173 0.00197846889496
1699.173252 0.0023698925972
1700.847905 0.00229305028915
1702.55171 0.00378744602203
1704.294674 0.00291781425476
1706.002461 0.00224509239197
1707.581652 0.00198810100555
1709.156145 0.00192950963974
1711.09375 0.00192462205887
1712.776001 0.00303103923798
1714.364423 0.0020480632782
1715.998037 0.00198072195053
1717.595276 0.00200860500336
1719.125365 0.00192893743515
1720.750997 0.00216267108917
1722.398714 0.00251369476318
1724.10521 0.00198673009872
1726.538292 0.00271452665329
1728.171096 0.00359163284302
1729.865108 0.00359154939651
1731.70118 0.00226958990097
1733.267889 0.00232646465302
1735.277712 0.00204598903656
1736.998486 0.0020072221756
1738.63682 0.0019979596138
1740.208376 0.0019654750824
1741.824761 0.00216990709305
1743.656668 0.00209186077118
1745.340281 0.00288460254669
1746.98807 0.00201402902603
1748.532594 0.00198130607605
1750.38203 0.00280601978302
1751.98646 0.00198781490326
1753.680831 0.00359886884689
1755.328843 0.00196067094803
1757.412436 0.00322089195251
1759.134274 0.00289397239685
1760.755047 0.00207448005676
1762.328374 0.00261243581772
1764.505531 0.00228017568588
1766.107981 0.00193300247192
1767.732599 0.00261229276657
1769.378617 0.0019407749176
1770.972346 0.00359694957733
1772.607202 0.00200408697128
1774.196682 0.00194749832153
1775.790642 0.00360018014908
1777.395508 0.00277127027512
1779.04448 0.00244481563568
1780.607695 0.00190309286118
1782.182497 0.00227172374725
1783.818727 0.00197011232376
1785.384196 0.00203756093979
1787.031079 0.00223369598389
1788.849357 0.00275353193283
1790.467952 0.00281089544296
1792.076079 0.0020476937294
1793.742284 0.00266695022583
1795.313117 0.00190097093582
1796.994155 0.00252549648285
1798.606365 0.00203460454941
1800.272485 0.00205699205399
1801.86868 0.00233008861542
1803.509558 0.00191732645035
1805.065632 0.00194356441498
1806.703478 0.00305166244507
1808.326293 0.00308063030243
1809.92598 0.00196944475174
1811.705813 0.00197489261627
1813.309597 0.0019144654274
1814.946688 0.00260814428329
1816.628341 0.00212590694427
1818.225413 0.00255069732666
1820.32948 0.00200335979462
1821.908295 0.00198795795441
1823.504477 0.00198179483414
1825.121705 0.00348683595657
1826.742099 0.00257698297501
1828.436898 0.00194095373154
1830.615889 0.00199679136276
1832.206563 0.00196570158005
1833.773625 0.00203311443329
1835.390051 0.00286250114441
1837.021308 0.00264629125595
1838.621591 0.00195740461349
1840.363751 0.00438680648804
1842.072181 0.00204424858093
1843.723996 0.00241676568985
1845.272355 0.00208579301834
1846.886145 0.00274546146393
1848.469612 0.00201545953751
1850.187521 0.00426034927368
1852.222905 0.00207499265671
1853.826539 0.00226936340332
1855.447019 0.00325967073441
1857.157556 0.00259639024734
1858.748287 0.00190290212631
1860.418733 0.00223755836487
1862.099515 0.00279985666275
1863.704785 0.00204141139984
1866.094266 0.00198085308075
1867.69802 0.00207898616791
1869.451891 0.00228625535965
1871.108828 0.00202112197876
1872.703483 0.00197265148163
1874.352136 0.00206205844879
1875.931744 0.0019760966301
1877.515215 0.00193698406219
1879.085847 0.00238245725632
1881.027628 0.00198413133621
1883.125051 0.00229426622391
1884.867529 0.00389558076859
1886.479308 0.00199368000031
1888.034111 0.00194865465164
1889.920074 0.00202771425247
1891.512362 0.00194494724274
1893.149021 0.00194720029831
1894.75659 0.00194629430771
1896.316338 0.00197077989578
1897.963987 0.00213606357574
1899.570484 0.00215753316879
1901.248178 0.00218925476074
1902.848195 0.00199526548386
1904.472332 0.00233905315399
1906.064477 0.00247384309769
1907.621609 0.00201922655106
1909.280403 0.00202207565308
1910.881611 0.00203503370285
1912.541528 0.00385715961456
1915.547489 0.00205557346344
1917.169208 0.00206614732742
1918.750119 0.00194094181061
1920.42851 0.00204336643219
1922.023765 0.00209989547729
1923.621237 0.00209220647812
1925.16216 0.00206370353699
1926.788043 0.00243541002274
1928.406392 0.00213558673859
1930.094249 0.00217883586884
1931.837179 0.00200380086899
1933.564891 0.00193772315979
1935.237432 0.00194194316864
1936.912938 0.00204464197159
1938.546213 0.00282709598541
1940.181342 0.00214445590973
1941.791354 0.00195707082748
1943.408726 0.00368230342865
1945.4938 0.00243886709213
1947.220461 0.00195615291595
1948.761605 0.00196715593338
1950.672037 0.00216479301453
1952.336087 0.00196990966797
1953.970011 0.00255665779114
1955.600157 0.00212491750717
1957.252848 0.00194683074951
1958.861556 0.00199074745178
1960.434661 0.00199879407883
1962.051596 0.00192278623581
1963.667749 0.00197540521622
1965.337072 0.00213395357132
1966.970117 0.00195447206497
1968.577426 0.00312302112579
1970.209344 0.0022221326828
1971.845599 0.00197200775146
1973.512768 0.00222829580307
1975.176601 0.00225126743317
1977.135306 0.00216493606567
1978.821653 0.00214830636978
1980.444531 0.00227690935135
1982.140418 0.00263760089874
1983.849833 0.00222864151001
1985.488036 0.00207766294479
1987.536924 0.00319354534149
1989.409761 0.00203092098236
1991.282803 0.00201125144958
1993.144697 0.00198705196381
1994.732548 0.00210970640182
1996.315167 0.0020003080368
1997.892457 0.00231268405914
1999.51359 0.00206750631332
2001.082098 0.00211762189865
2002.890144 0.00194436311722
2004.523639 0.00209873914719
2006.223957 0.00203183889389
2008.489238 0.00243511199951
2010.170466 0.0020879149437
2011.771417 0.00190213918686
2013.380548 0.00202345848083
2015.180436 0.00196676254272
2016.853964 0.00196421146393
2018.582666 0.00248973369598
2020.225777 0.00192205905914
2023.011093 0.00195015668869
2024.595098 0.00236364603043
2026.305218 0.00198540687561
2027.864279 0.00211421251297
2029.458613 0.00200264453888
2031.063492 0.00284222364426
2032.688528 0.00192764997482
2034.358565 0.00354443788528
2036.040065 0.00191961526871
2037.702254 0.00194046497345
2039.600719 0.00215803384781
2041.168062 0.00217674970627
2042.83315 0.00193287134171
2044.415581 0.00231589078903
2045.983444 0.00192626714706
2047.578223 0.00239766836166
2049.172185 0.00332777500153
2050.85652 0.0019403219223
2052.553935 0.0022034406662
2054.14476 0.00209552049637
2055.87011 0.00205130577087
2057.567717 0.0019272685051
2059.253681 0.00204858779907
2060.926513 0.00357410907745
2062.558872 0.00244033336639
2064.270438 0.00348036289215
2065.923143 0.0027559876442
2067.587138 0.00216139554977
2069.275563 0.00197550058365
2071.204956 0.00206130743027
2072.794798 0.00212157964706
2074.388017 0.00208925008774
2076.164063 0.00216157436371
2077.793138 0.0021542429924
2079.401484 0.00211288928986
2080.964197 0.00231046676636
2082.56183 0.00194510221481
2084.149071 0.0021208524704
2085.831106 0.00196993350983
2087.450477 0.00204206705093
2089.137517 0.0019784450531
2090.722192 0.00202775001526
2092.329793 0.00221107006073
2093.954127 0.00216258764267
2095.686254 0.00195565223694
2097.32098 0.00303765535355
2099.096179 0.00238864421844
2100.687712 0.00206080675125
2102.848841 0.00204747915268
2104.475118 0.00248394012451
2106.131853 0.00230883359909
2107.758461 0.00393894910812
2109.358051 0.00203411579132
2111.429548 0.00207459926605
2113.070333 0.00197641849518
2114.899377 0.00211734771729
2116.528383 0.00241161584854
2118.147358 0.00197511911392
2119.718173 0.00201351642609
2121.361294 0.00211716890335
2122.958812 0.00202746391296
2124.5997 0.00214935541153
2126.208711 0.00201361179352
2127.819667 0.00202469825745
2129.538008 0.00207045078278
2131.185101 0.00196141004562
2132.864744 0.00229785442352
2134.947541 0.0020415186882
2136.710249 0.00201818943024
2138.340084 0.00211002826691
2139.986777 0.0022885799408
2141.557463 0.00200487375259
2143.141949 0.00206651687622
2144.833442 0.00200325250626
2146.572256 0.00209089517593
2148.239517 0.00197398662567
2149.833574 0.00195008516312
2151.440343 0.00394899845123
2153.05606 0.00191522836685
2154.796412 0.00213335752487
2156.345333 0.00201377868652
2157.961284 0.00290968418121
2159.605833 0.00196570158005
2161.238688 0.00314770936966
2162.933018 0.00199099779129
2164.611304 0.00196317434311
2166.789029 0.0021901845932
2168.384627 0.00250020027161
2170.093951 0.00410383939743
2171.720414 0.00196094512939
2173.402941 0.00310845375061
2175.00069 0.00214095115662
2176.677215 0.00201835632324
2178.320017 0.00224723815918
2180.477221 0.00202084779739
2182.063062 0.00205399990082
2183.720999 0.00208960771561
2185.335658 0.0020235657692
2187.051474 0.00205960273743
2188.634313 0.00214949846268
2190.313277 0.00434762239456
2192.009739 0.0021045923233
2193.64106 0.00507769584656
2195.244931 0.00205097198486
2197.195055 0.0020347237587
2198.825307 0.00232754945755
2200.412957 0.00202240943909
2202.052564 0.00196294784546
2203.67671 0.00272052288055
2205.435818 0.00258982181549
2207.090643 0.00225368738174
2208.728588 0.00261875391006
2210.381023 0.00207223892212
2211.967167 0.00201908349991
2213.544198 0.00239474773407
2215.173951 0.0034041762352
2216.771949 0.00230947732925
2218.408381 0.00314527750015
2220.207455 0.00211913585663
2221.933859 0.00213588476181
2224.001118 0.00197166204453
2225.626353 0.00308607816696
2227.673594 0.00205124616623
2229.355666 0.0020560503006
2231.008885 0.00194896459579
2232.60321 0.00201070308685
2234.215545 0.00273058414459
2235.943437 0.00217409133911
2237.534091 0.0020893573761
2239.138037 0.00190923213959
2240.824543 0.00204743146896
2242.451754 0.00195063352585
2244.085439 0.00202496051788
2245.689048 0.00248509645462
2247.290967 0.00196752548218
2248.947894 0.00206915140152
2250.791552 0.00202189683914
2252.441847 0.00195226669312
2254.055569 0.00193495750427
2255.881835 0.00208947658539
2257.504609 0.00284216403961
2259.672536 0.00242309570313
2261.336227 0.00273687839508
2262.994247 0.00198525190353
2264.564864 0.00196853876114
2266.608979 0.00215624570847
2268.224081 0.00194447040558
2269.788988 0.00198723077774
2271.438302 0.00203338861465
2273.242381 0.00215305089951
2274.961283 0.00255109071732
2276.729116 0.00201941728592
2278.369701 0.00201225280762
2279.958897 0.00329564809799
2281.700438 0.0019553899765
2283.429418 0.00304431915283
2285.067612 0.00204770565033
2286.756398 0.00202430486679
2288.501288 0.00206608772278
2290.826164 0.0022997379303
2292.477511 0.00208731889725
2294.071574 0.00200310945511
2295.694854 0.00308204889297
2297.414433 0.00246620178223
2299.449191 0.00212198495865
2301.013749 0.00222418308258
2302.644502 0.00201289653778
2304.285122 0.00484865903854
2306.096455 0.00199706554413
2307.796183 0.00510206222534
2309.463129 0.00211727619171
2311.084548 0.00233116149902
2312.679289 0.00272234678268
2314.319839 0.0021343588829
2315.884536 0.00203205347061
2317.560915 0.00310512781143
2319.181685 0.00209649801254
2321.0742 0.00218275785446
2322.727024 0.00286926031113
2324.327195 0.00345023870468
2325.909134 0.00213460922241
2327.658566 0.0035173535347
2329.378496 0.00222251415253
2331.062006 0.0029047369957
2332.716277 0.00198949575424
2334.309748 0.00198501348495
2335.916375 0.00196455717087
2337.513756 0.00198711156845
2339.175383 0.00319842100143
2340.892188 0.00196921825409
2343.376034 0.00225576162338
2344.983622 0.0037082195282
2346.675116 0.00272397994995
2348.312839 0.00244102478027
2350.014142 0.00197840929031
2352.027937 0.00205212831497
2353.705268 0.00206097364426
2355.258535 0.00196808576584
2356.988365 0.00205054283142
2358.700727 0.00213315486908
2360.307913 0.00244153738022
2361.962294 0.00383131504059
2363.616699 0.00270766019821
2365.298034 0.00311363935471
2366.990724 0.00218071937561
2368.75091 0.00202523469925
2370.375502 0.00193938016891
2372.060033 0.00277639627457
2373.68334 0.00198700428009
2375.274108 0.00194209814072
2376.849355 0.0030055642128
2378.574145 0.00290288925171
2380.134533 0.00201748609543
2381.820387 0.00228266716003
2383.949326 0.00315120220184
2385.585306 0.00357038974762
2387.212091 0.00195540189743
2388.888267 0.00410044193268
2390.559337 0.00198670625687
2392.176713 0.00272325277328
2393.853251 0.00255589485168
2395.473101 0.0043320775032
2397.161127 0.0046727180481
2398.798396 0.00214223861694
2400.558892 0.00305064916611
2402.172093 0.0028909444809
2403.787257 0.0019998550415
2405.428371 0.0021075129509
2407.066864 0.00196160078049
2408.736885 0.00205518007278
2410.473806 0.00191043615341
2412.093738 0.00226203203201
2413.670925 0.00187928676605
2415.835574 0.00343673229218
2417.517695 0.00263549089432
2419.981121 0.00202223062515
2421.633062 0.00281145572662
2423.26567 0.00209114551544
2424.884927 0.00196921825409
2426.472215 0.00201314687729
2428.009009 0.00202128887177
2429.660377 0.00248031616211
2431.277964 0.00237658023834
2432.898952 0.0021520614624
2434.491533 0.00229995250702
2436.128058 0.0037477850914
2437.820018 0.0020387172699
2439.396003 0.00195158720016
2441.020309 0.00332440137863
2442.650556 0.00221698284149
2444.303738 0.00200394392014
2446.453976 0.00315315723419
2448.117014 0.00416263341904
2449.887043 0.00427023172379
2451.527485 0.00199240446091
2453.248702 0.00357245206833
2454.860916 0.00207337141037
2457.246442 0.0019402384758
2459.015894 0.00193965435028
2460.626314 0.0020663022995
2462.27288 0.00199583768845
2463.882804 0.00449315309525
2465.605625 0.00208057165146
2467.311441 0.0024721622467
2468.95884 0.00219113826752
2470.630277 0.0047678232193
2472.337153 0.00198678970337
2473.980263 0.00270689725876
2475.643074 0.00377020835876
2477.709355 0.00209356546402
2479.403166 0.00199499130249
2481.081996 0.00397206544876
2482.64452 0.00196344852448
2484.25978 0.00206817388535
2485.861817 0.00197288990021
2487.486314 0.00211124420166
2489.138494 0.00240670442581
2490.794544 0.00190519094467
2492.448556 0.00205034017563
2494.924683 0.00206001996994
2496.522023 0.00197740793228
2498.126522 0.00212934017181
2499.790021 0.00279802083969
2501.419421 0.00279387235641
2503.043301 0.00287835597992
2504.642251 0.00192089080811
2506.452776 0.00254511833191
2508.658638 0.00195807218552
2510.332009 0.00194510221481
2511.99142 0.00455375909805
2513.639502 0.00350732803345
2515.254254 0.00202705860138
2516.963303 0.00223104953766
2518.641253 0.00211145877838
2520.254212 0.00259833335876
2521.943619 0.00328996181488
2523.579293 0.00304762125015
2525.208629 0.00205128192902
2526.893323 0.00356792211533
2528.859648 0.001975274086
2530.545334 0.00206582546234
2532.164814 0.00222486257553
2533.83442 0.0036762714386
2535.441325 0.0019757270813
2537.046336 0.00215281248093
2539.001725 0.00205014944077
2540.795704 0.00200055837631
2542.451849 0.00209367275238
2544.073877 0.00260277986526
2545.806312 0.00203648805618
2547.441228 0.00209670066833
2549.032257 0.00253368616104
2550.749724 0.00203236341476
2552.337923 0.00208144187927
2554.03464 0.00348962545395
2555.667256 0.00248283147812
2557.3833 0.00212404727936
2558.963638 0.0019731760025
2560.610266 0.00197678804398
2562.591792 0.00373469591141
2564.284955 0.00207879543304
2565.85214 0.00204110145569
2567.469437 0.00211662054062
2569.46386 0.00211981534958
2571.073132 0.00209867954254
2572.723879 0.00260498523712
2574.535149 0.00205974578857
2576.151408 0.00208011865616
2577.849247 0.00205954313278
2579.482151 0.00193984508514
2581.099883 0.00195468664169
2582.696396 0.00206677913666
2584.275903 0.00222189426422
2586.127678 0.0022247672081
2587.822529 0.00269223451614
2589.557101 0.0019951581955
2591.206135 0.00206292867661
2593.176674 0.00334858894348
2594.862101 0.00223091840744
2596.589766 0.00232999324799
2598.255516 0.00196868181229
2600.988805 0.00201103687286
2602.5985 0.00210824012756
2604.190037 0.00201470851898
2605.810232 0.00202459096909
2607.431871 0.00303186178207
2609.011816 0.00196100473404
2610.722525 0.00202639102936
2612.347752 0.00204241275787
2613.96605 0.0043505191803
2615.575034 0.00311231613159
2617.412052 0.00199018716812
2619.019808 0.00207381248474
2620.716133 0.00349358320236
2622.555162 0.00205148458481
2624.147446 0.00341629981995
2625.880488 0.0021225810051
2627.494321 0.00199112892151
2629.228178 0.00207228660583
2631.256841 0.00328410863876
2632.914084 0.00264519453049
2634.529178 0.00198234319687
2636.140016 0.00282354354858
2637.857478 0.00191719532013
2639.433692 0.00190057754517
2641.188065 0.00203641653061
2642.939141 0.00207494497299
2644.672259 0.00342029333115
2646.287821 0.00359482765198
2648.118491 0.00215569734573
2649.805802 0.00414386987686
2651.583015 0.00207443237305
2653.194594 0.00198516845703
2654.915912 0.00195717811584
2656.592749 0.00220116376877
2658.217066 0.00204693078995
2659.913392 0.00256971120834
2661.984625 0.00216661691666
2663.695142 0.00312163829803
2665.464522 0.00225158929825
2667.111685 0.00235195159912
2668.727083 0.00285918712616
2670.462871 0.00324319601059
2672.039156 0.00197139978409
2673.611951 0.00200046300888
2675.304525 0.00204659700394
2676.880913 0.00202574729919
2678.479507 0.00251488685608
2680.063866 0.00195064544678
2681.832201 0.00232936143875
2683.438655 0.00348929166794
2685.070578 0.00204318761826
2686.669158 0.00205842256546
2688.235825 0.00199618339539
2689.912104 0.00213811397552
2691.607107 0.00416662693024
2693.482904 0.0021416425705
2695.134472 0.00243105888367
2696.768641 0.00216474533081
2698.42435 0.00217900276184
2700.127279 0.00209444761276
2701.802928 0.00197261571884
2703.41744 0.00272778272629
2705.069249 0.00199254751205
2706.710538 0.00290833711624
2708.319746 0.0020206451416
2709.977772 0.00278450250626
2711.560592 0.00330322980881
2713.211147 0.00262223482132
2714.872229 0.00212827920914
2716.48946 0.00196045637131
2718.086815 0.00202280282974
2719.696631 0.00197566747665
2721.391911 0.00200446844101
2722.998558 0.00195740461349
2725.170825 0.00233758687973
2726.796234 0.00207636356354
2728.432076 0.00202604532242
2730.037908 0.00207043886185
2731.769851 0.00194967985153
2733.404634 0.00198196172714
2735.03499 0.00194493532181
2736.727658 0.00212309360504
2738.409719 0.00197043418884
2739.990756 0.0019876241684
2741.6552 0.00197933912277
2743.296964 0.00200531482697
2744.994311 0.00194869041443
2746.565465 0.00264018774033
2748.189139 0.0029205083847
2749.907615 0.00324940681458
2751.609307 0.00215659141541
2753.171099 0.00265892744064
2754.75548 0.00284031629562
2756.794978 0.0020586848259
2758.393158 0.00202853679657
2759.979869 0.00258660316467
2761.64658 0.00197941064835
2763.21182 0.00197644233704
2764.82889 0.0037452340126
2766.468008 0.00357730388641
2768.089649 0.00199626684189
2769.683015 0.00190819501877
2771.297605 0.00191468000412
2772.934025 0.00198262929916
2774.540751 0.00217567682266
2776.154732 0.0023562669754
2777.882272 0.00194557905197
2779.564978 0.00204734802246
2781.252515 0.00203635692596
2782.992425 0.00209655761719
2784.600511 0.00203717947006
2786.821511 0.00201059579849
2788.837527 0.00201280117035
2790.448817 0.00198352336884
2792.135488 0.00204789638519
2793.81966 0.00219348669052
2795.391946 0.00209490060806
2796.98087 0.0020935177803
2798.588448 0.0020155787468
2800.186845 0.00268141031265
2801.80129 0.00201910734177
2803.586191 0.00260081291199
2805.380222 0.00309016704559
2806.986721 0.00200961828232
2808.697506 0.00340583324432
2810.31632 0.00201631784439
2811.87887 0.00211577415466
2814.068788 0.0038787484169
2815.70863 0.00206557512283
2817.284403 0.00197738409042
2819.41369 0.00213074684143
2821.055 0.00199018716812
2822.670269 0.00204893350601
2824.337214 0.00214551687241
2826.015816 0.00248514413834
2827.625556 0.0027453660965
2829.670137 0.00204598903656
2831.311991 0.00218603610992
2832.936539 0.00220527648926
2834.566073 0.00194597244263
2836.915581 0.00268799066544
2838.677009 0.00240547657013
2840.284266 0.00203131437302
2841.921238 0.00222984552383
2843.65406 0.00289363861084
2845.315876 0.00240126848221
2847.053665 0.00205478668213
2848.698765 0.00295802354813
2850.997983 0.00209454298019
2852.618987 0.00319888591766
2854.954294 0.00208503007889
2856.628101 0.00249592065811
2858.289566 0.00194735527039
2860.102172 0.00254882574081
2861.829011 0.00192962884903
2863.428572 0.00230852365494
2865.082806 0.00210334062576
2866.68605 0.00209262371063
2868.452942 0.00214900970459
2870.110517 0.00202558040619
2871.762907 0.00198607444763
2873.374037 0.00208176374435
2875.01295 0.00200794935226
2876.59024 0.00198502540588
2878.207228 0.00231530666351
2879.825506 0.00232062339783
2881.886637 0.00209387540817
2883.510865 0.00199214220047
2885.155253 0.00232850313187
2886.761618 0.00200446844101
2889.334011 0.00196380615234
2891.033064 0.00219303369522
2892.645874 0.00283987522125
2894.47574 0.00197523832321
2896.054901 0.00199913978577
2897.657412 0.00303704738617
2899.283859 0.00234274864197
2900.934046 0.00196900367737
2902.886149 0.00293321609497
2904.56839 0.00349458456039
2906.288793 0.00322723388672
2908.233847 0.00295816659927
2909.874945 0.00206816196442
2911.584385 0.00236878395081
2913.759105 0.00229015350342
2916.127693 0.00404382944107
2917.703973 0.0019763469696
2919.306218 0.00231002569199
2921.045462 0.00377608537674
2922.738074 0.00199140310287
2924.332289 0.00196818113327
2926.044971 0.00206404924393
2927.691752 0.00206116437912
2929.305687 0.0031102180481
2931.628203 0.00230040550232
2933.17299 0.00208926200867
2934.887788 0.00200735330582
2936.464575 0.0020210981369
2938.115587 0.00206164121628
2939.79224 0.0023420214653
2941.415267 0.0020416021347
2942.997009 0.00227973461151
2945.126925 0.00234241485596
2946.727301 0.00200755596161
2948.386898 0.00199538469315
2950.065355 0.0019660115242
2951.793527 0.00190823078156
2953.49015 0.00200991630554
2955.230587 0.00199619531631
2956.819098 0.00215796232224
2958.845652 0.00203640460968
2960.560135 0.00202989578247
2962.16439 0.00201146602631
2963.750481 0.00222568511963
2965.380509 0.00209840536118
2967.00161 0.00207968950272
2968.645768 0.00208034515381
2970.367558 0.00196980237961
2972.139227 0.00194708108902
2973.786327 0.00207518339157
2975.699958 0.00201007127762
2977.289213 0.00207713842392
2978.879594 0.00204654932022
2981.577756 0.00217525959015
2983.157084 0.00291095972061
2984.790119 0.00292357206345
2986.421882 0.00263625383377
2988.036886 0.00196053981781
2989.611819 0.00238265991211
2991.271938 0.00237110853195
2992.849721 0.00203297138214
2994.404068 0.00200859308243
2996.042279 0.00198799371719
2997.681832 0.00197315216064
2999.339408 0.00335484743118
3000.985425 0.00209488868713
3002.554463 0.00199254751205
3004.174785 0.00216647386551
3006.371063 0.00209144353867
3007.966225 0.00212073326111
3009.822481 0.00263231992722
3011.522995 0.00242704153061
3013.187718 0.00207257270813
3014.796523 0.00199645757675
3016.496104 0.0025173664093
3018.186227 0.00330554246902
3019.772067 0.00224560499191
3021.52436 0.00226504802704
3023.142658 0.00206795930862
3024.772025 0.00206824541092
3026.424167 0.00317610502243
3028.121492 0.00203102827072
3029.712014 0.00203070640564
3031.384386 0.00344191789627
3033.735697 0.00221577882767
3035.33738 0.00211353302002
3037.279207 0.00235528945923
3039.059155 0.00198045969009
3041.750789 0.00358271598816
3043.468882 0.0020992398262
3045.200516 0.00238194465637
3046.870017 0.0023733496666
3048.494914 0.00232120752335
3050.142837 0.0023594379425
3051.716523 0.00213060379028
3053.359085 0.00273864269257
3054.936376 0.00199674367905
3056.567727 0.00202744007111
3058.192018 0.00206960439682
3059.79082 0.00229471921921
3061.432271 0.00202796459198
3063.026319 0.00376764535904
3064.660934 0.00205364227295
3066.341088 0.00199685096741
3068.299939 0.00214923620224
3069.867523 0.00211570262909
3071.472489 0.00231041908264
3073.126809 0.00356961488724
3074.720102 0.00195661783218
3076.405079 0.00213245153427
3078.055916 0.00208351612091
3079.735745 0.00238478183746
3081.446832 0.00325525999069
3083.13839 0.00208187103271
3084.727974 0.00233346223831
3086.402526 0.0025021314621
3088.011062 0.00262995958328
3089.825565 0.00448175668716
3091.421278 0.00203431844711
3093.043047 0.00224945545197
3094.68895 0.0020583152771
3096.298237 0.00199236869812
3098.103132 0.00235102176666
3100.66171 0.0019898891449
3102.251928 0.00336861610413
3103.861475 0.00198895931244
3105.569987 0.00204246044159
3107.140462 0.00203495025635
3108.875045 0.00263748168945
3110.550693 0.00200264453888
3112.166673 0.00196843147278
3113.81608 0.00195845365524
3115.445565 0.00226910114288
3117.100363 0.00250235795975
3118.708287 0.00193967819214
3120.288575 0.00230596065521
3121.859718 0.0020080447197
3123.510529 0.00337561368942
3125.12728 0.00211580991745
3126.849164 0.0022044301033
3128.963227 0.00278934240341
3131.098356 0.00211474895477
3132.697207 0.0023267865181
3134.920536 0.00204282999039
3136.579437 0.0019736289978
3138.175427 0.00197552442551
3139.998527 0.00256415605545
3141.59714 0.00200144052505
3143.172367 0.00201078653336
3144.838173 0.00293040275574
3146.607826 0.00228124856949
3148.2085 0.00201923847198
3149.834129 0.00201895236969
3151.584433 0.00325630903244
3153.257559 0.00226863622665
3155.190266 0.00205574035645
3156.948204 0.00245170593262
3159.369089 0.00255763530731
3161.519341 0.00203559398651
3163.185325 0.00211455821991
3164.937203 0.0019798874855
3166.534052 0.00210070610046
3168.149717 0.00199187994003
3169.726105 0.00201865434647
3171.371446 0.00200350284576
3172.946075 0.00200041532516
3174.581901 0.00200319290161
3176.18018 0.00201869010925
3177.781394 0.00210201740265
3179.362634 0.00200144052505
3181.027293 0.00198473930359
3182.686305 0.002574467659
3184.309497 0.00230848789215
3185.98077 0.00239162445068
3187.656708 0.00201715230942
3189.295977 0.00207241773605
3190.933456 0.00352368354797
3192.968631 0.00206028223038
3194.705198 0.00197485685349
3196.331628 0.00305190086365
3197.897838 0.0019625544548
3199.611205 0.00260605812073
3201.218153 0.00199965238571
3202.850076 0.0020216345787
3204.441723 0.00197297334671
3206.362658 0.00331945419312
3208.088324 0.00205916166306
3209.696053 0.00207592248917
3211.325722 0.00194751024246
3213.129743 0.0022355556488
3214.818502 0.00208494663239
3216.35646 0.00195435285568
3217.972015 0.00208876132965
3220.084074 0.0019912481308
3221.707139 0.00196924209595
3223.665893 0.00199850797653
3225.284567 0.00199790000916
3226.900575 0.00198984146118
3228.502751 0.00245800018311
3230.350939 0.00194405317307
3231.959147 0.00210242271423
3233.548238 0.0019736289978
3235.242375 0.00192005634308
3236.926 0.00206488370895
3238.551947 0.00404909849167
3240.199835 0.00286455154419
3241.855906 0.00296583175659
3243.500868 0.00362801551819
3245.087476 0.00200493335724
3246.678547 0.00198465585709
3248.245532 0.00202444791794
3249.88101 0.00209724903107
3251.47967 0.0020831823349
3253.10748 0.00197855234146
3255.286685 0.0020591378212
3257.016841 0.00200715065002
3258.634025 0.00221183300018
3260.40838 0.00255618095398
3262.008352 0.00211589336395
3263.604576 0.0021689414978
3265.556435 0.00278339385986
3267.139058 0.00196503400803
3268.818691 0.00236124992371
3270.393128 0.0020059466362
3271.97583 0.00220586061478
3273.551567 0.00212107896805
3275.168543 0.00254920721054
3276.790023 0.00198683738708
3278.452876 0.00194073915482
3280.045228 0.00196055173874
3281.631782 0.00198829174042
3283.238899 0.00197342634201
3285.163573 0.0019625544548
3287.673534 0.002199614048
3289.265618 0.00198285579681
3290.875034 0.00194494724274
3292.543035 0.00332539081573
3294.231763 0.00253014564514
3295.889573 0.00349225997925
3297.538472 0.00197867155075
3299.175718 0.00269758701324
3300.778543 0.00228464603424
3302.389047 0.00191768407822
3304.060418 0.0019742846489
3305.649385 0.00195447206497
3307.245413 0.00321012735367
3309.194444 0.00359493494034
3310.915183 0.00231187343597
3312.553971 0.0040699005127
3314.131242 0.00228338241577
3315.814951 0.00201109647751
3317.535455 0.0019926905632
3320.052409 0.00374077558517
3321.70419 0.0020290851593
3323.446479 0.00195189714432
3324.989066 0.00200818777084
3326.582561 0.0020207285881
3328.514484 0.00357195138931
3330.205858 0.00287419557571
3332.060183 0.00219713449478
3333.696697 0.00387045145035
3335.316785 0.0027155995369
3336.89459 0.00200510025024
3338.589515 0.0028809428215
3340.14035 0.00195735692978
3341.753919 0.00398573875427
3343.516661 0.00205428600311
3345.13502 0.00195883512497
3346.724272 0.00206189155579
3348.507376 0.00352740287781
3350.659744 0.00374728441238
3352.226887 0.00194606781006
3353.853546 0.00206499099731
3355.477382 0.00194790363312
3357.30228 0.00197542905807
3358.883613 0.00200370550156
3360.50962 0.00193576812744
3362.122845 0.00206544399261
3364.16528 0.00210576057434
3365.723631 0.00227183103561
3367.335126 0.00199247598648
3368.967598 0.0029901266098
3370.707008 0.00192997455597
3372.362614 0.00205091238022
3374.169161 0.00202924013138
3375.753004 0.0020192027092
3377.361353 0.00209062099457
3379.068918 0.00206211805344
3380.980816 0.00227636098862
3382.54661 0.00197916030884
3384.22298 0.00199238061905
3385.89822 0.00201150178909
3387.484024 0.00202536582947
3389.115007 0.0026473402977
3390.731907 0.00194298028946
3392.291463 0.00209749937057
3393.915052 0.00263882875443
3395.704306 0.0021545290947
3397.279702 0.00216290950775
3399.086151 0.0020335316658
3400.703207 0.00189619064331
3402.346674 0.00260299444199
3403.970471 0.00279307365417
3405.602894 0.00206332206726
3407.28621 0.00201199054718
3408.908616 0.00201346874237
3410.540013 0.00248806476593
3412.340659 0.00200420618057
3414.09747 0.00196920633316
3415.707097 0.00198752880096
3417.332418 0.00201051235199
3418.965807 0.00196964740753
3420.516312 0.00202174186707
3422.211276 0.00208764076233
3424.05671 0.00198038816452
3425.670363 0.00367554426193
3427.246929 0.00192552804947
3428.824574 0.00196399688721
3430.453817 0.00192309617996
3432.152615 0.00299015045166
3433.720029 0.00193560123444
3435.413352 0.00191453695297
3437.047501 0.00201922655106
3438.655297 0.00206173658371
3440.359501 0.00376306772232
3441.97482 0.00196806192398
3444.025446 0.00200828313828
3445.592154 0.00200318098068
3447.209504 0.00208883285522
3448.817163 0.00204038619995
3450.4884 0.00194365978241
3452.096559 0.00199037790298
3453.711288 0.00200086832047
3455.344338 0.00353283882141
3456.966876 0.00352364778519
3458.545216 0.00199884176254
3460.172967 0.00222667455673
3461.721902 0.00201315879822
3463.630635 0.00199992656708
3465.197526 0.00200313329697
3466.781729 0.00198547840118
3468.35762 0.00201644897461
3469.943995 0.00315099954605
3471.574835 0.00198454856873
3473.302595 0.00200072526932
3475.475454 0.00287318229675
3477.228885 0.00298751592636
3478.920421 0.0021054148674
3480.500982 0.00200047492981
3482.357124 0.00217039585114
3483.957833 0.0020493388176
3485.694452 0.00193655490875
3487.267141 0.0025822520256
3488.871085 0.00203288793564
3490.514755 0.0038388133049
3492.470801 0.00205862522125
3494.233319 0.00202476978302
3495.835763 0.00208129882813
3497.76838 0.00204911231995
3499.454525 0.00199799537659
3501.126174 0.0019807100296
3502.800426 0.00226000547409
3504.414504 0.00196585655212
3506.325492 0.00315021276474
3507.928467 0.0019765496254
3509.521984 0.00223305225372
3511.117013 0.00252575874329
3512.913616 0.00190880298615
3514.468923 0.00199519395828
3516.120237 0.00203742980957
3517.824021 0.00217071771622
3519.453012 0.00199445486069
3521.163968 0.00204664468765
3522.875848 0.00194404125214
3524.496052 0.00245985984802
3526.151508 0.00200201272964
3527.776479 0.00204086303711
3529.46791 0.0031023144722
3531.295436 0.00210882425308
3532.888857 0.00205808877945
3534.46764 0.00228358507156
3536.145678 0.00279335975647
3538.261901 0.00197812318802
3539.870482 0.00192791223526
3541.652764 0.00194381475449
3543.238144 0.0021594285965
3544.939578 0.00285260677338
3546.704459 0.00224039554596
3548.332703 0.00207571983337
3549.888456 0.00200871229172
3551.558195 0.00303238630295
3553.203417 0.00234661102295
3554.801074 0.00208746194839
3556.487263 0.00212552547455
3558.234984 0.00196903944016
3559.828024 0.00189604759216
3561.541991 0.00201088190079
3563.156139 0.00194156169891
3564.766975 0.00295934677124
3566.401606 0.00206844806671
3567.972144 0.00334289073944
3569.994619 0.0020427942276
3571.628782 0.00201641321182
3573.211744 0.00325300693512
3574.841842 0.00197299718857
3576.515539 0.00352069139481
3578.357565 0.00259654521942
3579.957814 0.00201349258423
3581.579371 0.00246086120605
3583.371808 0.00198973417282
3584.968019 0.00208364725113
3586.569134 0.00202231407166
3588.278041 0.00201053619385
3589.906887 0.00198800563812
3591.497008 0.00232315063477
3593.1303 0.00199947357178
3594.752745 0.00325850248337
3596.358119 0.00194711685181
3598.066645 0.00311790704727
3599.840069 0.00202996730804
