7.850145 1.79048244158
15.65443 1.76826238632
23.452127 1.79566192627
31.234057 1.7908765475
39.322911 1.81523076693
47.228707 1.84228833516
54.985515 1.78094093005
62.724371 1.78276904424
70.680158 1.81213839849
78.472059 1.80334464709
86.358071 1.82805164655
94.11648 1.78864049911
102.103518 1.81453696887
109.862131 1.78894877434
117.567807 1.7805056572
125.337764 1.78119516373
133.210019 1.78141299884
140.950342 1.78655465444
148.638393 1.77345561981
156.394355 1.79269830386
164.282679 1.78769294421
172.105651 1.80941780408
179.928251 1.80107394854
187.650336 1.78779673576
195.626996 1.81182630857
203.278708 1.76709055901
211.068957 1.79763468107
218.807977 1.7906806469
226.646788 1.75919151306
234.368607 1.77669334412
242.124831 1.78475038211
249.88 1.79316202799
257.786954 1.79638163249
265.476174 1.76608602206
273.267673 1.79091533025
281.020427 1.77971410751
288.977537 1.80270806948
296.732218 1.79834699631
304.521569 1.81321795781
312.210219 1.76998027166
320.103114 1.77446524302
327.822322 1.7817337513
335.561191 1.78420130412
343.233727 1.76618075371
351.106132 1.7750389576
358.864193 1.7866156896
366.634247 1.78576930364
374.357113 1.7896630764
382.246018 1.78630296389
389.86972 1.73654739062
397.2739 1.67888895671
404.946599 1.75715255737
412.95246 1.81924200058
420.611635 1.75233999888
428.347346 1.78324699402
436.070677 1.77451999982
444.043131 1.79430731138
451.732474 1.76061065992
459.521729 1.78637909889
467.343197 1.8019062678
475.234021 1.78190390269
483.022396 1.78455066681
490.74456 1.78820737203
498.466785 1.78501367569
506.459468 1.80530142784
514.198045 1.78750038147
521.918221 1.77598532041
529.576991 1.76603889465
537.563131 1.79991785685
545.271415 1.77910137177
553.057972 1.78868031502
560.730655 1.76712997754
568.686393 1.78036642075
576.411675 1.76815835635
584.117204 1.77636766434
591.853615 1.78945334752
599.801816 1.76343631744
607.51551 1.77655704816
615.220603 1.77450768153
622.960443 1.77815763156
630.933216 1.78252434731
638.689467 1.76896739006
646.461373 1.79938666026
654.183425 1.77800099055
662.105773 1.76539595922
669.832058 1.77900266647
677.718072 1.81332961718
685.373357 1.76759433746
693.245526 1.75951623917
701.035512 1.78953138987
708.741182 1.77264992396
716.430708 1.77398061752
724.239371 1.76157323519
731.992802 1.77629510562
739.948565 1.83364534378
747.753864 1.79389564196
755.810697 1.81187860171
763.482208 1.75827534993
771.273623 1.78449559212
779.078013 1.80317465464
786.98285 1.77238829931
794.588469 1.7509299914
802.3452 1.76451476415
810.284008 1.76953132947
818.956795 2.00296696027
826.679701 1.79158465068
834.801921 1.85373528798
842.508979 1.78293164571
850.496534 1.78430700302
858.236838 1.76933693886
866.008987 1.77816994985
873.781547 1.78103637695
882.170816 1.92691103617
889.926699 1.79142562548
897.9364 1.84510461489
905.939834 1.88313674927
914.145615 1.80341029167
922.100842 1.83378434181
930.224405 1.90750702222
938.195567 1.83999236425
946.303071 1.77894035975
954.142118 1.78992454211
961.913778 1.78238836924
969.969432 1.87436040243
978.043012 1.806204319
985.865088 1.74834362666
993.871569 1.858654658
1001.626956 1.80114706357
1010.333522 1.99941770236
1018.106536 1.79555193583
1026.732796 2.02127893766
1034.467725 1.78012561798
1042.874696 1.91330901782
1050.947612 1.89727640152
1059.019707 1.818171978
1066.961521 1.78213032087
1075.366434 1.91466363271
1083.101983 1.7788793246
1091.564065 1.98040008545
1099.466748 1.8280026118
1108.041287 1.95845802625
1115.728809 1.76960364978
1123.73589 1.84961501757
1131.541399 1.77717002233
1139.547456 1.80625931422
1147.269326 1.77580300967
1155.508866 1.95454033216
1163.347799 1.81522027651
1171.503758 1.78609267871
1179.279444 1.77454845111
1187.049725 1.78051439921
1195.390496 1.96599531174
1203.561442 1.85760013262
1211.334066 1.7909210523
1218.989746 1.75445127487
1227.396683 2.01461060842
1235.372331 1.76827430725
1243.125687 1.78213238716
1250.763138 1.75102241834
1258.672371 1.82063603401
1266.795187 1.78386767705
1274.765373 1.86811065674
1282.890462 1.85378567378
1290.594098 1.75802644094
1298.949919 1.88902966181
1306.789433 1.8246456782
1314.762075 1.78661529223
1322.517835 1.79683470726
1330.473654 1.75573738416
1338.179047 1.77676463127
1346.018164 1.7942006588
1354.257629 1.9392952919
1362.514148 1.87689860662
1370.302902 1.80562933286
1378.462372 1.90452829997
1386.320259 1.81786958377
1394.48761 1.84603619576
1402.844483 1.98371728261
1410.850609 1.82409095764
1418.823291 1.78879507383
1427.162551 1.88643789291
1434.935282 1.81199701627
1443.258388 1.92727065086
1451.5135 1.96731654803
1459.406989 1.77191638947
1467.326025 1.83084495862
1475.481973 1.92361664772
1483.121935 1.76399636269
1491.344221 1.86897063255
1499.390492 1.85894028346
1507.372615 1.81616401672
1515.110944 1.71794438362
1523.418044 1.86677535375
1531.156772 1.79068835576
1539.196321 1.83055766424
1546.8688 1.76317103704
1555.50844 2.01443258921
1563.431516 1.85181808472
1571.470845 1.83092689514
1579.376978 1.84207201004
1587.482833 1.81451932589
1595.338534 1.77883998553
1603.443917 1.8155216376
1611.433947 1.83239205678
1620.258312 1.94105299314
1628.193091 1.82015538216
1636.569502 1.96423403422
1644.942491 1.99516034126
1652.915025 1.77530503273
1661.240678 1.9810702006
1669.044168 1.79310735067
1676.966439 1.842410326
1685.472586 1.81501404444
1693.245821 1.77307740847
1701.151124 1.82468740145
1709.209064 1.89248402913
1717.516975 1.76132575671
1725.986402 2.035090367
1733.793001 1.81468462944
1741.88278 1.85565662384
1750.172304 1.86194340388
1757.863536 1.7419992288
1765.84957 1.87010558446
1773.705382 1.78159499168
1781.929311 1.81418267886
1789.750533 1.77299539248
1797.893133 1.91386063894
1805.629747 1.78220001856
1813.718787 1.78393427531
1821.374555 1.7672753334
1829.147286 1.79046607018
1836.986518 1.81143267949
1845.06247 1.8234539032
1852.914335 1.81436332067
1861.370651 2.02727158864
1869.04276 1.77422801654
1877.382883 1.89670976003
1885.072019 1.76395495733
1892.84757 1.7809416453
1900.534079 1.77110568682
1908.506857 1.73282090823
1916.279141 1.77773928642
1924.135699 1.81742811203
1932.141129 1.85477312406
1940.315908 1.71961903572
1948.169844 1.7808286349
1956.425885 1.92260026932
1964.25109 1.79444392522
1972.257615 1.7562623024
1979.959719 1.75638508797
1988.04919 1.89247957865
1995.938282 1.83681400617
2004.09454 1.82808597883
2011.804849 1.78408559163
2019.806535 1.83619594574
2027.913106 1.91679128011
2035.901887 1.78626696269
2043.607656 1.77892502149
2051.692576 1.8741859595
2059.703078 1.8856716156
2067.710532 1.76586000125
2076.048541 1.90210668246
2084.237658 1.92320966721
2091.893793 1.77066493034
2100.700508 2.004023393
2108.55714 1.80007235209
2116.862459 1.96650735537
2124.718332 1.82852156957
2132.945852 1.77801728249
2141.450458 2.02553288142
2149.438041 1.80883995692
2157.22654 1.7970152696
2165.381812 1.83727860451
2173.307229 1.76906363169
2181.243921 1.85300302505
2189.517973 1.96857229869
2197.48932 1.75349998474
2205.314746 1.81782253583
2213.384588 1.88250573476
2221.207011 1.79627633095
2229.597469 1.90521470706
2237.673448 1.90581496557
2245.642027 1.78663301468
2253.666239 1.79370562236
2261.891633 1.83290727933
2269.913837 1.77667768796
2277.783593 1.80853764216
2286.208861 2.0150059859
2294.380073 1.77897469203
2302.201713 1.74115141233
2310.140194 1.84305866559
2318.229693 1.91934967041
2326.369163 1.75717329979
2334.259023 1.82817093531
2342.4175 1.8625626564
2350.420678 1.82570870717
2359.294509 1.93162870407
2367.050578 1.78979007403
2375.440539 1.97721926371
2383.229644 1.81425499916
2391.369401 1.7882030805
2399.607114 1.95249501864
2407.649914 1.81548476219
2415.788334 1.89623594284
2424.160253 1.83231329918
2432.549747 1.89601532618
2440.708295 1.90427629153
2449.329092 2.00619459152
2457.534414 1.82803869247
2465.85827 1.97151462237
2473.596482 1.78645173709
2481.502079 1.78408193588
2489.858747 1.77539960543
2497.831114 1.84356808662
2505.772384 1.81736207008
2513.709746 1.75937374433
2522.115584 1.86708895365
2529.921831 1.76132861773
2537.911514 1.8503425916
2545.601243 1.7723180453
2554.173406 1.95074828466
2562.447349 1.90859071414
2570.419769 1.86028265953
2578.425711 1.7788327535
2586.598177 1.84941069285
2594.971438 1.97022636731
2602.809755 1.76611733437
2611.149964 1.90157500903
2619.375588 1.84515500069
2627.311618 1.78460772832
2635.752116 2.00917204221
2643.741497 1.8753443559
2651.76613 1.78310267131
2659.635634 1.80730573336
2667.74149 1.89540600777
2675.547561 1.78644967079
2683.802996 1.85991962751
2692.093522 1.8862760067
2700.100986 1.79911231995
2708.522384 1.9844083786
2716.727004 1.75602912903
2724.501506 1.78511023521
2732.606789 1.9005595843
2740.997687 2.00812443097
2749.186016 1.79458443324
2757.125651 1.85875463486
2765.151714 1.87874277433
2772.871064 1.7805899779
2781.159908 1.83371829987
2788.982645 1.78563372294
2796.774523 1.78584671021
2804.661348 1.837651968
2812.767997 1.76789800326
2820.489555 1.76248637835
2828.578666 1.88124839465
2836.535287 1.8620077769
2844.941153 1.77726236979
2852.63018 1.77203599612
2860.786428 1.89992332458
2869.042653 1.96434736252
2877.281646 1.79857778549
2885.60539 1.97899659475
2893.344092 1.78043762843
2901.303121 1.80101172129
2910.057635 1.84115290642
2917.846558 1.78805335363
2926.318848 1.98740895589
2934.174328 1.81405631701
2943.014769 1.97225467364
2950.753835 1.78925800323
2958.7105 1.78371198972
2966.732233 1.89247965813
2974.771585 1.79681404432
2982.527161 1.77481293678
2990.483206 1.85801188151
2998.673396 1.85856199265
3006.711802 1.75591723124
3014.967828 1.87096635501
3023.008128 1.87064822515
3030.783719 1.80336435636
3039.455001 1.92194994291
3047.226222 1.78670128187
3055.08238 1.81919535001
3063.288744 1.94987368584
3071.277201 1.76934893926
3079.182927 1.75887838999
3086.855612 1.75290942192
3094.761836 1.85209568342
3103.218593 1.84172097842
3111.006791 1.78304282824
3119.483105 1.99563193321
3127.219084 1.76978739103
3135.725933 1.9198846817
3143.602165 1.78826141357
3151.38718 1.76060676575
3159.529842 1.92099062602
3167.419476 1.73416566849
3175.254842 1.79279398918
3183.230936 1.85352039337
3191.270677 1.82641069094
3199.539808 1.78458142281
3207.396585 1.78424866994
3215.819513 2.00515707334
3223.541412 1.79094926516
3232.281675 1.93577861786
3240.003437 1.78704595566
3247.809816 1.78957144419
3255.932137 1.8546675841
3263.959071 1.78251926104
3271.944232 1.8039589723
3280.152615 1.8857729435
3288.206633 1.82903663317
3296.429104 1.82058000565
3304.40245 1.77966125806
3312.508079 1.88809871674
3320.831207 1.96483500799
3329.220656 1.78287394842
3337.659483 1.99468827248
3345.449315 1.79263305664
3353.190712 1.80400927862
3361.829198 1.94691602389
3369.501743 1.768450737
3377.193003 1.75662295024
3385.312922 1.89121500651
3393.836066 1.81582490603
3401.658028 1.76739597321
3410.064857 1.98698472977
3417.923235 1.81544431051
3426.760504 1.94225263596
3435.134061 1.98533805211
3442.939324 1.80887476603
3450.796218 1.80980571111
3458.968603 1.7994983991
3466.707009 1.79320232073
3474.429964 1.76656476657
3482.468983 1.88802337646
3490.590985 1.76606702805
3498.464867 1.81691471736
3506.503597 1.87404799461
3514.259742 1.79284238815
3522.231624 1.74727010727
3530.637837 1.99798369408
3538.39421 1.79745968183
3546.66647 1.89887396495
3555.32681 1.94816231728
3563.32921 1.81660898527
3571.668796 1.9465590318
3579.442081 1.80447840691
3587.730856 1.76091329257
3595.521145 1.79539473852
3603.442941 1.85076705615
3611.131806 1.76422524452
3619.288704 1.79692228635
3627.093702 1.69601734479
3634.833478 1.76194302241
3642.645913 1.76879668236
3651.378961 1.97867266337
3659.384917 1.88528601329
3667.394219 1.77264698346
3675.596465 1.9290146033
3683.769698 1.75638071696
3691.576566 1.79173874855
3699.64803 1.8924656709
3707.837629 1.91315340996
3715.876355 1.75790365537
3724.316061 1.98199359576
3732.489929 1.92889507612
3740.848605 1.88939905167
3749.08554 1.82541974386
3757.308352 1.88182560603
3765.347674 1.88052622477
3773.119699 1.78194864591
3781.680016 1.81458234787
3789.631682 1.85459399223
3797.671432 1.82719866435
3805.410803 1.75860865911
3813.70119 1.7927116553
3821.688786 1.75833376249
3829.494968 1.79700271289
3837.234117 1.78292965889
3845.674014 1.89032276471
3853.846671 1.84797000885
3861.77134 1.84316754341
3869.574727 1.78317840894
3877.768273 1.76413504283
3885.486914 1.79004041354
3893.510145 1.796479702
3901.633963 1.88018234571
3909.822421 1.78717009226
3918.278586 2.00978533427
3926.186937 1.81510043144
3934.558636 1.9713083903
3942.796702 1.84202623367
3951.286344 1.99446590741
3958.942354 1.76686398188
3966.714532 1.78021907806
3975.538009 1.82680336634
3983.330228 1.78827937444
3991.733276 1.97565301259
3999.458924 1.79304909706
4008.14588 1.91957028707
4015.985275 1.81638534864
4024.023639 1.83556135496
4032.263653 1.96780792872
4040.619594 1.81196228663
4048.327544 1.77176864942
4056.83415 1.91066622734
4064.625632 1.78209733963
4073.030695 1.85376397769
4080.866923 1.75301726659
4088.893067 1.86464866002
4097.296387 2.02151664098
4105.269561 1.74767200152
4113.225696 1.77580897013
4121.566713 1.97961235046
4129.270023 1.77488001188
4137.609886 1.87264164289
4145.698989 1.81992093722
4153.671539 1.84840973218
4161.510521 1.7910776933
4169.583246 1.78059800466
4177.639506 1.79785029093
4185.479653 1.80916102727
4193.985252 2.04268328349
4201.990515 1.75598096848
4210.330456 1.9187022845
4218.202979 1.83031098048
4226.042563 1.81575640043
4234.73201 1.84059635798
4242.588921 1.80350931485
4250.330161 1.77438433965
4258.733408 1.98606562614
4266.80657 1.75389568011
4274.4278 1.73762830098
4282.351434 1.8162056605
4290.056632 1.77395796776
4298.563196 1.88221327464
4306.571212 1.88859732946
4314.54541 1.76778554916
4322.865745 1.96736637751
4331.056921 1.7299144268
4339.04378 1.85097034772
4347.049786 1.87502733866
4355.206157 1.91097728411
4363.261604 1.78317594528
4371.087269 1.77608187993
4379.323991 1.92633374532
4387.095616 1.80319134394
4395.786094 1.9487045606
4404.377551 2.00053993861
4412.267037 1.83039371173
4420.191122 1.804621617
4428.747107 1.84578291575
4436.733631 1.77561402321
4444.472044 1.78567608198
4452.712107 1.96323474248
4460.871195 1.81398065885
4468.774411 1.80049101512
4476.93017 1.87835526466
4485.170937 1.96683835983
4493.459578 1.78810596466
4501.732278 1.96504131953
4509.654645 1.85573307673
4517.761407 1.81610004107
4526.384165 1.81889208158
4534.279736 1.77951002121
4542.062531 1.78669730822
4550.104857 1.87844832738
4558.290778 1.81913097699
4566.463388 1.88756434123
4574.823256 1.9811706543
4582.495466 1.77522802353
4591.065822 1.93957559268
4598.808215 1.79553969701
4606.844127 1.87414574623
4614.986687 1.92970895767
4623.32646 1.81408071518
4631.062073 1.78710627556
4639.318218 1.96409440041
4647.190678 1.83010101318
4656.369347 2.00924865405
4664.10649 1.79284063975
4672.593515 1.99356222153
4680.336502 1.78565224012
4688.775257 1.82622559865
4696.678684 1.79125706355
4704.434022 1.78962635994
4712.023049 1.75007136663
4720.429313 1.80441069603
4728.167567 1.77360431353
4736.624719 1.99871134758
4744.563849 1.85733064016
4753.420846 1.89718294144
4761.31015 1.83874297142
4769.56658 1.9603117307
4777.362074 1.80812295278
4785.394679 1.75078900655
4793.233936 1.79395604134
4801.59017 1.90131123861
4809.612208 1.83463962873
4818.369889 1.87199958165
4826.241975 1.77025469144
4833.981133 1.79485932986
4842.170925 1.91489863396
4851.014432 2.00209760666
4858.717777 1.78517373403
4867.15863 2.00240763028
4874.86209 1.77062328657
4883.334357 1.79333074888
4891.340838 1.85438076655
4899.150814 1.75281906128
4907.25235 1.89352528254
4915.324698 1.79477866491
4923.23349 1.77308392525
4931.687453 1.98658998807
4939.593651 1.83284838994
4947.650202 1.76845439275
4955.739193 1.83023206393
4963.912541 1.89674766858
4972.11292 1.9095501105
4980.644484 1.84538094203
4988.714104 1.79624700546
4997.123284 1.99045062065
5004.875587 1.79897228877
5013.432322 1.91837461789
5021.789529 1.91172003746
5029.894247 1.89944299062
5037.616904 1.78152338664
5046.406454 2.01855341593
5054.214727 1.81801931063
5061.9684 1.7783343792
5070.409416 1.98759063085
5079.39835 1.99229637782
5087.270931 1.79095840454
5095.110368 1.77561370532
5103.466314 1.9585331281
5111.575187 1.77007214228
5119.544862 1.83072916667
5127.520679 1.78828875224
5135.29032 1.78068097432
5143.766738 1.78764096896
5151.703261 1.81621321042
5159.874774 1.92556961377
5167.631183 1.80692863464
5176.491084 1.95776796341
5184.209793 1.78055421511
5192.599875 1.99343570073
5200.389182 1.7934970061
5208.314694 1.73222494125
5216.288207 1.76802698771
5224.455909 1.84494566917
5232.379605 1.83897391955
5240.519031 1.77425106366
5248.424856 1.79025403659
5256.814701 1.97000821431
5264.686737 1.83576997121
5273.777368 2.05597758293
5282.184869 2.00365932782
5289.842629 1.7513765494
5297.762255 1.79700303078
5306.138161 1.80188369751
5314.108414 1.85104497274
5321.996267 1.82608707746
5329.671983 1.74419426918
5338.258395 1.8971619606
5345.9682 1.77034338315
5353.936828 1.8451063633
5362.443345 2.02181895574
5370.71618 1.81600761414
5378.622889 1.75655166308
5386.898567 1.94418700536
5394.934152 1.8732000192
5403.774284 1.88167150815
5411.6145 1.78047466278
5420.00397 1.96795320511
5427.825823 1.79662044843
5436.71592 1.92643499374
5444.707291 1.85587922732
5453.134737 1.93502537409
5460.517737 1.68100667
5468.727034 1.79044063886
5476.731993 1.84890500704
5484.802245 1.88127994537
5492.758078 1.80206298828
5501.38405 1.79673902194
5509.286763 1.77260367076
5517.125927 1.77911742528
5524.851308 1.74934736888
5533.324445 1.8905749321
5541.280458 1.83970594406
5549.282988 1.86146132151
5557.122674 1.79564936956
5565.801463 1.80561296145
5573.635893 1.80836701393
5581.379226 1.77265397708
5589.099728 1.77750031153
5597.452775 1.81989343961
5605.25879 1.78384629885
5613.381678 1.91214474042
5621.573355 1.92930801709
5629.594074 1.74590396881
5637.465939 1.82910100619
5645.525172 1.88405028979
5653.196548 1.76674509048
5661.267246 1.76338926951
5669.323496 1.87617429097
5677.246524 1.83830793699
5685.118518 1.77907530467
5694.210627 1.97129670779
5701.931124 1.77939001719
5710.404397 2.02786668142
5718.193515 1.80595699946
5726.499245 1.81840570768
5733.90577 1.68031477928
5741.778609 1.82551312447
5750.150383 1.90580701828
5758.490583 1.82992768288
5766.262807 1.78728866577
5774.6022 1.9618519942
5782.441296 1.8144976298
5791.198615 1.94983665148
5799.23788 1.88710562388
5807.580292 1.95524406433
5815.370432 1.7769185702
5823.714785 1.75278369586
5831.581521 1.82342727979
5839.567634 1.87302366892
5847.522901 1.80453093847
5856.183211 1.84534637133
5864.203531 1.79985507329
5871.99257 1.74522638321
5880.351608 1.97199002902
5888.554218 1.76399294535
5896.961334 1.99556501706
5905.000318 1.86303766569
5913.106003 1.90800436338
5921.616226 1.79906129837
5930.220323 1.9791785876
5938.09199 1.82699505488
5946.025701 1.79864231745
5954.302973 1.80764357249
5962.279601 1.78219262759
5970.549307 1.97366968791
5978.455691 1.83579230309
5987.211122 1.86690227191
5994.984849 1.7883986632
6002.889818 1.78225572904
6011.229835 1.97528934479
6019.338296 1.76391299566
6027.774999 1.9930413564
6035.614896 1.81999135017
6043.588195 1.81517028809
6052.015589 1.86841233571
6059.968869 1.85315863291
6068.134988 1.9138739109
6076.395206 1.94590433439
6084.501417 1.76785063744
6093.057945 1.98719668388
6100.896655 1.81018193563
6108.902756 1.83377830187
6117.166313 1.81719263395
6124.998277 1.80967330933
6133.070992 1.81398797035
6141.179199 1.90551733971
6149.499803 1.8031569322
6157.606951 1.8942685922
6165.595137 1.84002327919
6173.551456 1.86303464572
6182.207326 1.86013968786
6190.117072 1.8180586497
6197.953448 1.79270569483
6205.958687 1.8592300415
6214.081826 1.78832769394
6221.85411 1.79988630613
6230.443606 2.01618361473
6238.203775 1.77810907364
6246.75628 1.82756527265
6254.498844 1.79291733106
6262.334269 1.80724565188
6270.124505 1.80968729655
6278.949938 1.93815167745
6287.035995 1.85093339284
6294.743414 1.76926469803
6302.864444 1.92518305779
6311.038524 1.80873862902
6319.210692 1.92266066869
6327.567014 1.9917113781
6335.405538 1.80257137616
6343.794725 1.77886533737
6351.785901 1.84710272153
6359.559631 1.79556941986
6367.546321 1.85519909859
6376.385848 1.91143027941
6384.378401 1.87122631073
6392.2475 1.79763905207
6400.070605 1.78425033887
6408.426943 1.86109725634
6416.300236 1.75638365746
6424.455172 1.91103569667
6432.729841 1.9752377669
6441.117856 1.79599396388
6449.541308 1.97107235591
6457.39795 1.82574367523
6465.27056 1.81474129359
6473.575702 1.77902531624
6481.661254 1.7878537178
6489.471272 1.78853829702
6497.06403 1.73792298635
6505.466776 1.85012396177
6514.076406 1.99034333229
6521.962398 1.82286071777
6529.834621 1.76386467616
6538.144416 1.83563065529
6546.430313 1.90477657318
6554.498957 1.8073627154
6562.408788 1.76480944951
6570.698915 1.81247965495
6578.922009 1.9427233537
6586.727006 1.79433465004
6594.650046 1.80451130867
6603.008422 1.80379621188
6611.579393 2.05600476265
6619.601925 1.85036802292
6627.440844 1.81293288867
6636.067689 1.94634739558
6643.77034 1.76754307747
6651.742598 1.83602237701
6660.182555 1.94825792313
6668.524767 1.80938474337
6676.58513 1.80131864548
6684.93358 1.95620902379
6692.642996 1.7831287384
6701.197128 1.87016328176
6709.21909 1.87149238586
6717.261557 1.79395071665
6725.481262 1.95654066404
6733.98772 1.85867468516
6741.877771 1.8387064139
6750.016123 1.89235409101
6757.805352 1.75728233655
6766.578732 1.8721019427
6774.534679 1.77487238248
6782.374227 1.76933598518
6790.179378 1.80042505264
6798.586886 1.82514103254
6806.34156 1.79236324628
6814.247681 1.78885102272
6822.53743 1.94572869937
6830.697445 1.78861363729
6838.449251 1.78779069583
6846.371961 1.84656500816
6854.662191 1.89805293083
6863.020221 1.83072892825
6871.323714 1.82839298248
6879.346476 1.86822660764
6887.252054 1.75982499123
6896.04264 1.96654454867
6903.881093 1.77481190364
6912.521132 2.02549600601
6920.297337 1.80587561925
6928.950632 1.95605158806
6936.94028 1.85599970818
6944.979065 1.84227228165
6952.867694 1.85292728742
6961.459627 1.79853741328
6969.497368 1.77507599195
6977.986784 2.00241319338
6985.709273 1.78611103694
6994.466327 1.87910087903
7002.98924 1.99002432823
7010.9623 1.84809994698
7018.834741 1.80748931567
7027.291391 1.76344736417
7035.296409 1.88088472684
7043.43615 1.85254391034
7051.292147 1.77391727765
7059.898673 1.80804069837
7067.854092 1.7837249438
7075.610054 1.76618162791
7083.43329 1.76118604342
7091.855196 1.87362209956
7099.761759 1.76651032766
7108.150879 1.98866828283
7116.006541 1.79611706734
7124.233604 1.78343462944
7132.002299 1.79326065381
7140.395322 1.90787593524
7148.463677 1.84358930588
7157.087897 1.80344796181
7165.311564 1.95022296906
7173.15027 1.8125770092
7181.122575 1.81958500544
7189.613469 1.84027202924
7197.402359 1.7735303243
7205.607349 1.93065706889
