2.135869 0.00180221796036
3.877717 0.00199029445648
5.631231 0.0018724322319
7.351702 0.00187505483627
9.034883 0.00185985565186
10.733322 0.00203968286514
12.530841 0.00196750164032
14.289173 0.00191615819931
15.93858 0.0019091963768
17.65777 0.00272970199585
19.389427 0.0019283413887
21.156486 0.0024446606636
22.892183 0.00261565446854
25.135142 0.00306241512299
27.59607 0.00203548669815
29.330033 0.00194249153137
31.024074 0.00192770957947
32.950361 0.0018794298172
34.637434 0.00196468830109
36.469968 0.00345476865768
38.162567 0.00192637443542
39.841193 0.00189131498337
42.003915 0.00268326997757
43.931449 0.0037288069725
45.939784 0.00198333263397
47.735973 0.00358746051788
49.396082 0.00197174549103
51.13681 0.0029812335968
52.78357 0.00195395946503
54.630084 0.00288562774658
56.443588 0.00195167064667
58.152881 0.00188136100769
60.003026 0.00251622200012
61.683146 0.00217880010605
63.819297 0.00202565193176
65.534445 0.00196328163147
67.261937 0.0020330786705
69.059624 0.00225995779037
70.776092 0.00188891887665
72.481191 0.00255200862885
74.177358 0.00215431451797
75.921274 0.00188366174698
77.662418 0.00230801105499
79.384261 0.00193529129028
81.066332 0.00191593170166
82.940329 0.00194516181946
84.591731 0.00210373401642
86.326594 0.00300133228302
88.077505 0.00195161104202
89.751982 0.00197485685349
91.538107 0.00194715261459
93.357345 0.00291299819946
95.263722 0.00193591117859
96.972012 0.00197355747223
98.645944 0.00213152170181
100.361883 0.00197415351868
102.075083 0.00193519592285
103.779657 0.00251376628876
105.608141 0.00266559123993
107.318457 0.00197837352753
109.102111 0.00214402675629
110.79507 0.00191783905029
112.585659 0.00273492336273
114.389975 0.00207269191742
116.14637 0.0019883275032
117.821852 0.00197092294693
119.547375 0.00279842615128
121.305468 0.00277547836304
123.089895 0.00258790254593
125.03638 0.00194746255875
127.015513 0.0019709944725
128.757883 0.00215908288956
130.50384 0.00225695371628
132.291575 0.00193605422974
134.038432 0.00294750928879
135.813065 0.00197275876999
137.571547 0.00221773386002
139.3511 0.00192762613297
141.074775 0.002849650383
142.819586 0.0029390335083
144.545401 0.00197610855103
146.222841 0.00207504034042
148.009122 0.00241420269012
149.786805 0.00200227499008
151.514931 0.00248081684113
153.404768 0.00192371606827
155.113956 0.00194042921066
156.789339 0.00198209285736
158.790176 0.00203510522842
160.47627 0.00221630334854
162.195947 0.00189926624298
163.900193 0.00199644565582
165.874037 0.00198141336441
167.607244 0.00195426940918
169.423246 0.00194400548935
171.5009 0.00199345350266
173.30099 0.00208683013916
174.982594 0.00230233669281
176.698269 0.00357964038849
178.394169 0.00190666913986
180.208882 0.00192832946777
181.913254 0.00192589759827
183.699216 0.00209167003632
185.376743 0.00196479558945
187.037784 0.00195263624191
189.029353 0.00198441743851
191.119391 0.00238296985626
192.886761 0.0021129488945
194.761877 0.00224823951721
196.449497 0.00190141201019
198.183096 0.00197081565857
200.041561 0.0018995642662
201.732291 0.00189166069031
203.498949 0.00233799219131
205.202018 0.00191303491592
206.894886 0.00192096233368
208.575345 0.00191223621368
210.324615 0.00280430316925
212.005659 0.00194152593613
213.707675 0.0019923210144
215.547833 0.00195491313934
217.269223 0.00294840335846
218.960627 0.00199673175812
220.684902 0.00219336748123
222.919482 0.00203099250793
224.811721 0.00473062992096
226.519209 0.00243672132492
228.295817 0.00231355428696
230.018995 0.00328831672668
231.772074 0.0019193649292
233.479938 0.00209839344025
235.139698 0.00195263624191
236.894597 0.00338460206985
238.656427 0.00194506645203
240.357114 0.00254790782928
242.112172 0.00198103189468
243.860224 0.00198220014572
245.633132 0.00192300081253
247.371876 0.00333206653595
249.092904 0.00194448232651
250.83337 0.00194970369339
252.696539 0.00428462028503
254.709808 0.0019593834877
256.532161 0.00197821855545
258.214907 0.0019570350647
259.99687 0.00195307731628
261.727359 0.0020996928215
263.4177 0.00336390733719
265.071581 0.00190501213074
266.89668 0.00249915122986
268.621055 0.0021245598793
270.538714 0.00328825712204
272.314089 0.0020191192627
273.997523 0.00208685398102
275.666426 0.00194236040115
277.622164 0.0019751906395
279.301578 0.00195475816727
281.073498 0.00344754457474
282.80484 0.00201795101166
284.507424 0.00190457105637
286.572394 0.00237853527069
288.310958 0.002115213871
290.016919 0.00195610523224
291.763604 0.00284061431885
293.548657 0.00230901241302
295.356443 0.00197546482086
297.051836 0.00204238891602
298.733172 0.0020164847374
300.399361 0.00200749635696
302.150976 0.0030556678772
303.822142 0.00205569267273
305.49838 0.0020054936409
307.352346 0.00198239088058
309.13663 0.00199233293533
310.771988 0.00195499658585
312.444777 0.00207600593567
314.186085 0.00188002586365
315.975091 0.00194276571274
318.330803 0.00195200443268
320.069724 0.00199753046036
321.792365 0.00282152891159
323.512908 0.00191308259964
325.159215 0.00236719846725
326.913433 0.0019694685936
328.790096 0.00292341709137
330.544352 0.00458500385284
332.244332 0.00199095010757
334.041048 0.00197720527649
335.721767 0.00189806222916
337.437074 0.00237100124359
339.127993 0.00193902254105
340.911079 0.00204484462738
342.625812 0.00196616649628
344.353152 0.00253919363022
346.063276 0.00204310417175
347.735745 0.00193865299225
349.889928 0.00195381641388
351.622314 0.00254898071289
353.453999 0.00196624994278
355.199313 0.00198582410812
356.988717 0.00242722034454
358.713939 0.00197117328644
360.391414 0.00292181968689
362.151892 0.0020486831665
363.813349 0.00279972553253
365.528199 0.00225627422333
367.277066 0.00285551548004
368.98372 0.00247032642365
370.869673 0.00212142467499
372.600923 0.00191227197647
374.408718 0.00292428731918
376.256221 0.00196743011475
377.967044 0.0019539475441
379.689091 0.00228589773178
381.975147 0.00231286287308
383.728873 0.00210620164871
385.545373 0.00197979211807
387.390986 0.00230818986893
389.136703 0.00217400789261
390.902872 0.00215592384338
392.670804 0.00208849906921
394.497129 0.00196760892868
396.237381 0.00200307369232
397.944259 0.00199911594391
399.683989 0.00194640159607
401.378119 0.00228292942047
403.215146 0.00197441577911
404.984475 0.00236405134201
406.697376 0.00206644535065
408.514471 0.00293780565262
410.241798 0.00305418968201
412.426813 0.00211491584778
414.267063 0.0024037361145
415.962542 0.00204023122787
417.698521 0.00290769338608
419.408804 0.00197982788086
421.112989 0.00239396095276
422.812293 0.00197423696518
424.676527 0.00340555906296
426.573495 0.0019402384758
428.429821 0.00234118700027
430.18477 0.0036626458168
431.894616 0.00233021974564
433.572407 0.00193592309952
435.396776 0.00293918848038
437.124098 0.002405834198
438.837461 0.00375111103058
440.671952 0.00194317102432
442.664167 0.00220540761948
444.43855 0.00205639600754
446.147106 0.0019428730011
447.836045 0.00198625326157
449.555991 0.00235395431519
451.25169 0.00197504758835
452.941573 0.00189232826233
454.637533 0.00208579301834
456.426039 0.00197342634201
458.134183 0.00271686315536
459.844496 0.00228989124298
461.60532 0.00204480886459
463.288195 0.00205738544464
465.032841 0.00192778110504
466.807701 0.00199747085571
468.513329 0.00195503234863
470.218675 0.0019851565361
471.966395 0.00431044101715
473.943342 0.00502852201462
475.636557 0.00194152593613
477.564334 0.00304559469223
479.257651 0.00199429988861
480.996694 0.00322474241257
482.805975 0.00201128721237
484.495664 0.00214819908142
486.379589 0.00193202495575
488.06886 0.00192604064941
489.83672 0.00206248760223
491.813235 0.00197911262512
493.641536 0.00201117992401
495.372979 0.00453757047653
497.046428 0.0019662976265
498.74484 0.00191333293915
500.530156 0.00212061405182
502.428689 0.0019385933876
505.083842 0.00198695659637
506.838387 0.00200492143631
508.605191 0.00191962718964
510.297769 0.00222469568253
511.986795 0.00232301950455
513.681513 0.00193908214569
515.438213 0.00199155807495
517.150409 0.00197290182114
518.941172 0.00199270248413
520.803885 0.00241873264313
522.604484 0.00194257497787
524.317355 0.00198613405228
526.082977 0.00306379795074
527.76361 0.00206524133682
529.493974 0.00198712348938
531.213132 0.00193905830383
533.135141 0.00193302631378
534.889826 0.00234876871109
536.981362 0.00204749107361
538.6985 0.00200934410095
540.405055 0.00200365781784
542.21337 0.00286595821381
544.069706 0.00208512544632
545.799595 0.00271489620209
547.583382 0.00198786258698
549.278504 0.00204681158066
551.021115 0.00196032524109
552.913568 0.00198291540146
554.66585 0.0019736289978
556.302356 0.00197168588638
558.036362 0.00244346857071
559.757368 0.00194025039673
561.686578 0.00192909240723
563.366151 0.00194877386093
565.076543 0.00191270112991
566.727136 0.00193700790405
568.738416 0.00193524360657
570.421175 0.00191469192505
572.105212 0.00207114219666
573.996368 0.00205570459366
575.788527 0.00194463729858
577.527076 0.00205734968185
579.257583 0.00191667079926
581.071984 0.00209224224091
582.821742 0.00192034244537
584.512875 0.00241808891296
586.539024 0.00229699611664
588.288894 0.00199407339096
589.930256 0.00194356441498
591.736816 0.00215539932251
593.455613 0.00195282697678
595.24331 0.00250256061554
597.025789 0.00407681465149
599.013721 0.00202938318253
600.745627 0.00198404788971
602.525232 0.00198650360107
604.285284 0.00201507806778
605.990322 0.00205738544464
607.695573 0.00195883512497
609.373295 0.00259128808975
611.27002 0.00207040309906
612.991332 0.00192023515701
614.697092 0.00195755958557
616.394243 0.00197763442993
618.051174 0.00202059745789
619.80737 0.00199059247971
621.480241 0.00197179317474
623.322817 0.00196223258972
624.995961 0.00196270942688
626.725071 0.00195419788361
628.433618 0.00193765163422
630.58742 0.0021466255188
632.404007 0.00201077461243
634.093893 0.00252765417099
636.085594 0.00198440551758
637.941424 0.00196704864502
639.649952 0.00197533369064
641.47838 0.00192254781723
643.199379 0.00280871391296
644.890648 0.00251647233963
646.680239 0.00227694511414
648.392461 0.00193159580231
650.108662 0.00232425928116
651.811511 0.00231795310974
653.559078 0.00266928672791
655.324545 0.00197098255157
657.061134 0.00200493335724
658.805178 0.00381470918655
660.525727 0.00212078094482
662.619286 0.00402698516846
664.306237 0.00193873643875
665.975242 0.00241564512253
667.936181 0.00196915864944
669.648921 0.0027206659317
671.329289 0.00194833278656
673.166255 0.00293430089951
674.909538 0.00223615169525
676.609084 0.00194091796875
678.283198 0.00196976661682
680.021637 0.00365434885025
681.689192 0.00210794210434
683.388047 0.00189518928528
685.086899 0.00193068981171
686.786573 0.00195417404175
688.765046 0.00212725400925
690.431284 0.00211474895477
692.150624 0.00194902420044
694.279423 0.00198278427124
695.972021 0.00394263267517
697.723118 0.00190234184265
699.490241 0.00187700986862
701.264125 0.00350182056427
703.046286 0.00191247463226
704.853317 0.00202816724777
706.540478 0.00194351673126
708.323528 0.00196976661682
710.059938 0.00194191932678
711.721466 0.00194156169891
713.453532 0.00200663805008
715.207698 0.00240185260773
716.885498 0.00192967653275
718.580645 0.00199975967407
720.398888 0.00192193984985
722.064634 0.00196236371994
723.926454 0.00199414491653
725.913379 0.00197867155075
727.575002 0.00198154449463
729.234845 0.00193085670471
730.932378 0.00195108652115
732.602325 0.0018950343132
734.379547 0.00194005966187
736.069907 0.00212523937225
737.76866 0.00200574398041
739.435277 0.00198447704315
741.152535 0.00225571393967
742.940901 0.00198483467102
744.691004 0.00228471755981
746.374033 0.00270999670029
748.106401 0.00247418880463
749.974102 0.00273144245148
751.734921 0.00499194860458
753.562638 0.00241799354553
755.546081 0.00197876691818
757.694769 0.00202449560165
759.401212 0.00368249416351
761.236088 0.00196045637131
763.05541 0.00194883346558
764.745055 0.00196139812469
766.589413 0.00196328163147
768.407375 0.00198309421539
770.24572 0.00458688735962
771.93958 0.00198794603348
773.641525 0.00205888748169
775.478888 0.00225068330765
777.198079 0.00191634893417
778.83009 0.00196080207825
780.757313 0.00195646286011
782.465593 0.00202053785324
784.152651 0.00200616121292
786.134492 0.00200558900833
788.475961 0.00199551582336
790.201953 0.0019572019577
791.902102 0.0019807934761
793.599895 0.00231121778488
795.294132 0.00197418928146
797.083656 0.00202050209045
798.778672 0.0019282579422
800.463284 0.00194610357285
802.185809 0.00190531015396
803.967291 0.00229659080505
805.631879 0.00194646120071
807.283034 0.00200047492981
809.049888 0.00217618942261
810.856803 0.0021334528923
812.798319 0.00193433761597
814.429268 0.001975274086
816.124907 0.00196248292923
818.289248 0.00196789503098
820.766201 0.00339094400406
822.481131 0.00193601846695
824.150503 0.00198849439621
825.829756 0.00195562839508
827.53186 0.001930975914
829.384453 0.00229266881943
831.07655 0.00187340974808
832.83875 0.00191189050674
834.498967 0.00192227363586
836.191695 0.00210369825363
837.92227 0.00210107564926
839.57175 0.00197596549988
841.443387 0.00196175575256
843.134926 0.00221923589706
844.913056 0.00198503732681
846.600483 0.0020648598671
848.285874 0.00199986696243
850.055056 0.00368413925171
852.246864 0.00267903804779
853.9857 0.00197287797928
855.69444 0.00198338031769
857.420218 0.00196624994278
859.336167 0.00197153091431
861.067309 0.00198148488998
862.7795 0.00233387947083
864.466187 0.00194381475449
866.217513 0.00198986530304
867.938436 0.00197501182556
869.675082 0.00197422504425
871.360995 0.00204652547836
873.382007 0.00208785533905
875.129331 0.00303120613098
876.97786 0.00198435783386
878.667984 0.00213578939438
880.346577 0.0019519329071
882.093377 0.00189806222916
884.033231 0.00205688476563
885.75591 0.00196021795273
887.562587 0.00328154563904
889.294668 0.0019343495369
891.005234 0.00193014144897
892.713942 0.0019639134407
894.623894 0.00198463201523
896.350824 0.0019938826561
898.168841 0.00298686027527
900.020085 0.00202339887619
901.724456 0.00204352140427
903.402181 0.00192773342133
905.099946 0.00199239253998
906.814219 0.00219020843506
908.555973 0.00205109119415
910.310983 0.00200550556183
912.000425 0.00196466445923
913.722116 0.00199276208878
915.781366 0.001984167099
917.499056 0.00215562582016
919.558784 0.00198837518692
921.277403 0.00267800092697
922.955242 0.00198701620102
924.699878 0.00203183889389
926.439426 0.00206233263016
928.355518 0.00199058055878
930.049514 0.0019581079483
931.948753 0.00198693275452
933.832383 0.00199890136719
935.521291 0.00193070173264
937.376761 0.00212779045105
939.152608 0.00196598768234
940.860982 0.00193448066711
942.545744 0.0019376039505
944.260748 0.0020868897438
946.159967 0.00194728374481
947.894059 0.00190944671631
949.828652 0.00192099809647
951.564336 0.0019557595253
953.252574 0.00207409858704
954.933842 0.00195891857147
956.636645 0.00195763111115
958.312195 0.00228875875473
960.035098 0.00240677595139
961.711171 0.00195639133453
963.376364 0.00197393894196
965.077639 0.00214881896973
966.903979 0.00203323364258
968.596351 0.0018782377243
970.472991 0.00290279388428
972.239018 0.00195106267929
973.959303 0.00198982954025
975.899883 0.00194888114929
977.92125 0.00198490619659
979.704993 0.0022533416748
981.377793 0.00272182226181
983.181051 0.0019190788269
984.940854 0.00200049877167
986.672208 0.00307731628418
988.607081 0.00192345380783
990.362966 0.00299333333969
992.023666 0.00200157165527
993.904063 0.00373450517654
995.697469 0.00202836990356
997.351376 0.00194658041
999.133242 0.00453243255615
1000.954662 0.00207614898682
1002.667049 0.00199704170227
1004.447611 0.00195252895355
1006.167385 0.00203284025192
1008.030277 0.00204323530197
1010.241387 0.00198887586594
1011.901931 0.00195729732513
1013.622162 0.00376492738724
1015.457482 0.00262581110001
1017.209416 0.00196342468262
1018.948612 0.00380208492279
1020.639693 0.00194996595383
1022.372234 0.0019767999649
1024.131621 0.00199244022369
1025.903454 0.00217835903168
1027.741859 0.0019789814949
1029.626025 0.00199655294418
1031.335111 0.00197342634201
1033.023952 0.00194240808487
1034.722213 0.00239903926849
1036.533391 0.00196874141693
1038.24805 0.00200209617615
1039.986752 0.00227086544037
1042.476007 0.00196552276611
1044.211526 0.00275555849075
1045.930924 0.00194677114487
1047.637601 0.00197956562042
1049.331839 0.0024440407753
1051.229066 0.00198959112167
1052.941429 0.00196816921234
1054.80276 0.00201833248138
1056.525718 0.00221700668335
1058.197621 0.00316774845123
1059.959791 0.00198093652725
1061.716567 0.00398565530777
1063.470945 0.00200560092926
1065.159205 0.0020862698555
1066.998289 0.00189609527588
1068.683546 0.00194536447525
1070.500719 0.00192036628723
1073.191692 0.00197414159775
1074.903183 0.00186886787415
1076.587035 0.00191943645477
1078.278219 0.00199037790298
1080.083914 0.00185090303421
1081.927349 0.00192108154297
1083.648886 0.00190126895905
1085.315496 0.00192034244537
1087.048792 0.0026747584343
1088.746086 0.00344980955124
1090.51431 0.00212241411209
1092.331816 0.00202560424805
1094.510457 0.00197268724442
1096.168421 0.00211986303329
1098.03996 0.00191113948822
1099.803172 0.00191557407379
1101.497113 0.00192741155624
1103.935005 0.00237838029861
1105.665585 0.00197595357895
1107.450264 0.00198451280594
1109.125467 0.00193521976471
1110.968936 0.00202555656433
1112.737489 0.00196527242661
1114.411252 0.00196764469147
1116.122104 0.00315270423889
1117.81763 0.00210162401199
1119.501178 0.00197720527649
1121.18798 0.00193160772324
1123.160002 0.00192189216614
1124.852045 0.00189923048019
1126.535622 0.00190235376358
1128.272632 0.00196315050125
1129.958673 0.00197689533234
1131.644359 0.00194028615952
1133.358718 0.00193537473679
1135.247524 0.00200085639954
1136.976856 0.00192275047302
1138.669653 0.00198044776917
1140.388981 0.00199683904648
1142.487657 0.00196130275726
1144.227412 0.00312879085541
1146.012003 0.00394480228424
1147.772877 0.00198127031326
1149.423569 0.00195107460022
1151.165473 0.00296956300735
1152.86825 0.0022837638855
1154.58591 0.0019504904747
1156.233991 0.00194059610367
1157.951128 0.00196399688721
1159.740564 0.00200481414795
1161.410178 0.00193005800247
1163.193852 0.00198440551758
1164.928568 0.00192848443985
1167.093071 0.0021767616272
1168.832056 0.00313185453415
1170.603899 0.00198105573654
1172.397024 0.0020188331604
1174.126357 0.00194563865662
1175.817607 0.00348935127258
1177.754355 0.0020052075386
1179.461371 0.00201814174652
1181.186666 0.00242509841919
1182.926794 0.0021667599678
1184.640445 0.00196318626404
1186.578106 0.001993060112
1188.441075 0.00204390287399
1190.145265 0.0021959900856
1192.01513 0.00205146074295
1193.911755 0.00223026275635
1195.70416 0.00196921825409
1198.299471 0.002521443367
1200.255353 0.00206201076508
1201.957148 0.00192708969116
1203.69796 0.00196690559387
1205.44761 0.00201176404953
1207.112283 0.0019343495369
1208.798302 0.00194144248962
1210.490686 0.00197051763535
1212.368006 0.00225319862366
1214.085791 0.0020024061203
1215.851812 0.00196597576141
1217.555345 0.00204548835754
1219.21942 0.0019460439682
1220.9789 0.00239732265472
1222.776432 0.00266627073288
1224.6356 0.00318959951401
1226.344419 0.00231425762177
1228.012566 0.00202293395996
1230.271971 0.00233683586121
1232.226214 0.00202299356461
1233.871413 0.00196071863174
1235.657388 0.00196807384491
1237.369212 0.00201383829117
1239.14559 0.00195379257202
1240.824567 0.00199313163757
1242.549185 0.00222916603088
1244.257902 0.00198737382889
1246.13236 0.00213894844055
1247.834732 0.00198421478271
1249.594059 0.00352354049683
1251.360751 0.00200827121735
1253.040589 0.00200638771057
1254.770325 0.00196162462234
1256.581115 0.00197314023972
1258.292012 0.00203591585159
1260.014929 0.00230947732925
1262.435587 0.00297708511353
1264.167607 0.00196021795273
1265.908757 0.00203070640564
1267.628388 0.00285594463348
1269.39506 0.00303395986557
1271.092484 0.00242097377777
1272.814313 0.00194317102432
1274.488882 0.00194047689438
1276.493556 0.00197863578796
1278.297986 0.0024106502533
1280.070498 0.00197108983994
1282.024632 0.0019161939621
1283.688222 0.00193946361542
1285.343773 0.00191488265991
1287.16967 0.00196527242661
1288.908376 0.00202299356461
1290.632144 0.00272295475006
1292.323572 0.00194075107574
1294.585816 0.00238382816315
1296.389094 0.00195974111557
1298.137675 0.00358500480652
1299.868264 0.0020078420639
1301.747922 0.00194869041443
1303.434395 0.00192658901215
1305.115379 0.00197952985764
1306.835364 0.00197664499283
1308.562183 0.00204125642776
1310.238378 0.00193452835083
1311.927688 0.00192854404449
1313.840989 0.00201162099838
1315.635488 0.00199871063232
1317.422192 0.00194925069809
1319.109594 0.00199961662292
1320.810912 0.00201227664948
1322.644614 0.00197093486786
1324.424731 0.00221790075302
1326.473975 0.00261838436127
1328.687992 0.00198928117752
1330.484532 0.0032212972641
1332.173544 0.00198862552643
1333.843213 0.00226134061813
1335.90031 0.00379558801651
1337.672699 0.00200572013855
1339.326331 0.00195969343185
1341.076014 0.00220965147018
1342.886942 0.00199812650681
1344.680678 0.00225652456284
1346.388749 0.00205181837082
1348.080222 0.0026216506958
1349.753967 0.00195055007935
1351.432273 0.00198707580566
1353.190985 0.00198382139206
1354.931183 0.00229536294937
1356.879881 0.00201462507248
1358.598027 0.00345101356506
1360.249804 0.00198534727097
1362.026611 0.00193547010422
1364.213244 0.00190317630768
1365.873471 0.00193644762039
1367.702805 0.0024297118187
1369.411743 0.00232532024384
1371.125889 0.00213522911072
1372.851415 0.00217167139053
1374.624908 0.0024182677269
1376.368492 0.00195393562317
1378.082048 0.00197691917419
1379.894725 0.00195108652115
1381.651231 0.00193971395493
1383.39976 0.00193316936493
1385.1533 0.0021436214447
1386.964804 0.00363509654999
1389.358436 0.00210112333298
1391.120728 0.00197756290436
1392.819493 0.00198200941086
1394.597446 0.00198019742966
1396.310063 0.00195755958557
1398.031817 0.00196814537048
1399.707875 0.00196461677551
1401.373705 0.0019694685936
1403.081459 0.001977622509
1405.107535 0.00270099639893
1406.775422 0.00195782184601
1408.543226 0.00299060344696
1410.345025 0.00191613435745
1412.04135 0.00381488800049
1413.944704 0.0019748210907
1415.689586 0.00192877054214
1417.390739 0.00245251655579
1419.192729 0.00205863714218
1421.339557 0.00480977296829
1423.153396 0.00206401348114
1424.849759 0.00223169326782
1426.59036 0.00198030471802
1428.288954 0.00198385715485
1430.027547 0.00270622968674
1431.687288 0.00197556018829
1433.363046 0.00204883813858
1435.147935 0.00202044248581
1436.849228 0.00198466777802
1438.60452 0.00432994365692
1440.32424 0.00220645666122
1442.102544 0.00195822715759
1443.807889 0.00202331542969
1445.525294 0.00191395282745
1447.275503 0.00188292264938
1449.154204 0.00270600318909
1450.859465 0.00192210674286
1453.224403 0.00202076435089
1454.922529 0.00317229032516
1456.751608 0.00219479799271
1458.56232 0.00224764347076
1460.336315 0.00357683897018
1462.076031 0.00201137065887
1463.907881 0.00198504924774
1465.655481 0.00196828842163
1467.59711 0.00196838378906
1469.340962 0.00199927091599
1471.087387 0.00194656848907
1472.832737 0.00200716257095
1474.609672 0.00198487043381
1476.293708 0.00198419094086
1477.991192 0.00219897031784
1479.657302 0.00196962356567
1481.489388 0.00201423168182
1483.449576 0.00282016992569
1485.231861 0.00196319818497
1487.029877 0.00237696170807
1489.021363 0.00197877883911
1490.873802 0.00198035240173
1492.588695 0.00195424556732
1494.307386 0.00194782018661
1496.020043 0.00305935144424
1497.740713 0.00199064016342
1499.532252 0.0027539730072
1501.351373 0.00194054841995
1503.140238 0.00484693050385
1504.788472 0.00195809602737
1506.731203 0.00195133686066
1508.474329 0.00196070671082
1510.164858 0.00212984085083
1511.920505 0.00282436609268
1514.058433 0.00229671001434
1515.738276 0.00204054117203
1517.40601 0.00197480916977
1519.098002 0.00194013118744
1520.931044 0.00224264860153
1522.633293 0.0023709654808
1524.273446 0.00197756290436
1526.071241 0.0022019982338
1528.034026 0.00216566324234
1529.753035 0.00193892717361
1531.584651 0.00194087028503
1533.254972 0.00193630456924
1534.984367 0.00341758728027
1536.687909 0.00208336114883
1538.361991 0.00196990966797
1540.100019 0.00198526382446
1541.828818 0.00192143917084
1543.613428 0.00301058292389
1545.535091 0.00196852684021
1547.250851 0.00263907909393
1548.929233 0.00212309360504
1550.682811 0.00253392457962
1552.612318 0.00201635360718
1554.401003 0.00206133127213
1556.076809 0.00193613767624
1557.763729 0.00201206207275
1559.497494 0.00192680358887
1561.193445 0.00195212364197
1562.88026 0.00191720724106
1564.652848 0.00227600336075
1566.406931 0.00253964662552
1568.131533 0.00210456848145
1569.913754 0.0041019320488
1571.632051 0.00258263349533
1573.398102 0.00194956064224
1575.10437 0.00194753408432
1577.330339 0.00216612815857
1579.056967 0.00209376811981
1580.713163 0.00190140008926
1582.536623 0.00190019607544
1584.233834 0.00203858613968
1586.098612 0.00320866107941
1587.777955 0.00200897455215
1589.777109 0.00297709703445
1591.629237 0.00193383693695
1593.36477 0.00192005634308
1595.304347 0.0040664434433
1596.991373 0.00200234651566
1598.72106 0.0019966006279
1600.390491 0.00257533788681
1602.126405 0.0023487329483
1603.766272 0.00209854841232
1605.476062 0.0019415140152
1607.183018 0.0019785284996
1609.154898 0.00196704864502
1610.913329 0.00251994132996
1612.738456 0.00273642539978
1614.722331 0.0020222902298
1616.597712 0.00199774503708
1618.433559 0.00294562578201
1620.165354 0.00269221067429
1622.097652 0.00206568241119
1623.83557 0.00342403650284
1625.577114 0.00199688673019
1627.254951 0.00190576314926
1628.931461 0.00195599794388
1630.57875 0.00271785259247
1632.317602 0.00199073553085
1634.11129 0.00239338874817
1635.877967 0.0033732175827
1637.557102 0.00198775529861
1639.577045 0.00203548669815
1641.29508 0.00198454856873
1643.005947 0.00204606056213
1644.775362 0.00196812152863
1646.578284 0.00315493345261
1648.311102 0.00190364122391
1650.017115 0.00189746618271
1651.762511 0.001908826828
1653.57935 0.00214357376099
1655.319282 0.00208166837692
1657.028989 0.00192003250122
1658.715377 0.00191730260849
1660.435391 0.00379980802536
1662.159265 0.00214354991913
1664.070479 0.00357619524002
1665.880106 0.0020240187645
1667.545878 0.00251588821411
1669.276529 0.00195167064667
1671.333384 0.00421363115311
1673.103368 0.00265961885452
1674.856359 0.00282635688782
1676.620011 0.00199576616287
1678.283453 0.00197570323944
1679.96058 0.00200080871582
1681.743734 0.00198549032211
1683.44519 0.00227979421616
1685.187686 0.00320785045624
1687.17247 0.00193930864334
1688.892491 0.00190886259079
1690.668949 0.00196301937103
1692.369427 0.00195858478546
1694.085214 0.00192093849182
1695.78385 0.0025589466095
1697.475755 0.00194889307022
1699.142386 0.00194565057755
1701.07928 0.00194022655487
1703.340951 0.00199111700058
1705.050948 0.00202765464783
1706.786583 0.00244799852371
1708.45409 0.00202995538712
1710.211865 0.00192841291428
1711.977478 0.00263411998749
1713.796731 0.00199035406113
1715.53994 0.00194903612137
1717.296891 0.00212794542313
1719.0408 0.00196118354797
1720.81967 0.00248564481735
1722.742683 0.00203895568848
1724.522593 0.00205643177032
1726.315777 0.001988530159
1728.231398 0.00200968980789
1729.935218 0.00196175575256
1731.657919 0.00197012424469
1733.652762 0.00197252035141
1735.352198 0.00223740339279
1737.037435 0.00207794904709
1738.755369 0.0032775759697
1740.492799 0.00197138786316
1742.208262 0.00195701122284
1743.911575 0.00220415592194
1745.631642 0.00275783538818
1747.366239 0.00188765525818
1749.093747 0.00193076133728
1750.781884 0.00199533700943
1752.460054 0.00195083618164
1754.269828 0.00195285081863
1755.936402 0.00198854207993
1757.648066 0.00201269388199
1759.551674 0.00197329521179
1761.526429 0.00198972225189
1763.243632 0.00204782485962
1765.372753 0.00198767185211
1767.153502 0.00258228778839
1768.919065 0.00195865631104
1770.746934 0.00340852737427
1772.470274 0.00193430185318
1774.194022 0.00194936990738
1775.899446 0.00200580358505
1777.601505 0.00199822187424
1779.320329 0.00203087329865
1781.241414 0.00199220180511
1782.977599 0.00194687843323
1784.721348 0.00249925851822
1786.570205 0.0019336104393
1788.244881 0.00189123153687
1790.115766 0.00195577144623
1791.775957 0.0019972205162
1793.512123 0.00196632146835
1795.456544 0.00192371606827
1797.888152 0.00276250839233
1799.572468 0.00199412107468
1801.315561 0.00295879840851
1803.009903 0.00197430849075
1804.750033 0.00193637609482
1806.56775 0.00190596580505
1808.475462 0.00193458795547
1810.336285 0.00325820446014
1812.066562 0.00278164148331
1813.78173 0.00199514627457
1815.550557 0.00199542045593
1817.214016 0.00198894739151
1818.894148 0.00194832086563
1820.550612 0.00209674835205
1822.216271 0.00210384130478
1823.913767 0.00209400653839
1825.664701 0.00197921991348
1827.385147 0.0020357131958
1829.376309 0.00196590423584
1831.074617 0.00201196670532
1832.836359 0.00196017026901
1834.541229 0.00195301771164
1836.297947 0.00309498310089
1838.001754 0.00194163322449
1839.783167 0.00191848278046
1841.525835 0.00194742679596
1843.237866 0.00200870037079
1845.004221 0.00381262302399
1846.732181 0.00382649898529
1848.393992 0.00197458267212
1850.118908 0.00216414928436
1851.891752 0.00198271274567
1853.741296 0.0031427025795
1855.637309 0.00219333171844
1857.379858 0.00232857465744
1859.132391 0.00208911895752
1861.235256 0.00237485170364
1863.015556 0.00198502540588
1864.839578 0.00217306613922
1866.918051 0.00276815891266
1868.602093 0.00196715593338
1870.267073 0.00197250843048
1872.005575 0.00254611968994
1873.724862 0.00196208953857
1875.41768 0.00225952863693
1877.160018 0.00197064876556
1878.843457 0.0020023226738
1880.631364 0.00201545953751
1882.379896 0.00220504999161
1884.090992 0.00259345769882
1885.924539 0.00203481912613
1887.607669 0.00266807079315
1889.3713 0.00198264122009
1891.078041 0.00195426940918
1893.147566 0.00194352865219
1894.886688 0.00369176864624
1896.576787 0.00198402404785
1898.405959 0.0028589963913
1900.213061 0.00199158191681
1901.923318 0.00197521448135
1903.930905 0.00245826244354
1905.71052 0.00236448049545
1907.398079 0.00197402238846
1909.13229 0.0019134759903
1910.823382 0.00258424282074
1912.64652 0.00197824239731
1914.375354 0.00201689004898
1916.116447 0.0030722618103
1917.819864 0.00198608636856
1919.491003 0.00200111865997
1921.386549 0.00193833112717
1923.416294 0.00194951295853
1925.225441 0.00206115245819
1927.007636 0.00221551656723
1928.740294 0.00193375349045
1930.44936 0.00215402841568
1932.127628 0.00200048685074
1933.951467 0.00265730619431
1935.690987 0.00269213914871
1937.37542 0.00196717977524
1939.048958 0.00198225975037
1940.80989 0.00191370248795
1942.509166 0.00194889307022
1944.219539 0.00261362791061
1945.898194 0.00225502252579
1947.586926 0.0019446849823
1949.299331 0.00209273099899
1951.071274 0.00200848579407
1952.828247 0.00235433578491
1955.000572 0.00194413661957
1956.731456 0.00328835248947
1958.600244 0.00196490287781
1960.3642 0.00354241132736
1962.103781 0.00200206041336
1963.792583 0.00192316770554
1965.464649 0.00211428403854
1967.183508 0.00197957754135
1968.847654 0.00220159292221
1970.717914 0.00256676673889
1972.418281 0.00201358795166
1974.082006 0.00197511911392
1976.014665 0.00192861557007
1977.719261 0.00228042602539
1979.419797 0.0023699760437
1981.225391 0.00198372602463
1982.921557 0.00195593833923
1984.674834 0.00195118188858
1986.80389 0.00206379890442
1988.524407 0.00195821523666
1990.29531 0.00224648714066
1991.984215 0.00220987796783
1993.917238 0.00198858976364
1995.731857 0.00222885608673
1997.429194 0.00202125310898
1999.159505 0.00267835855484
2000.888635 0.00221840143204
2002.621396 0.00197238922119
2004.30203 0.00200885534286
2006.067789 0.00193154811859
2007.763228 0.0023538351059
2009.459793 0.00196312665939
2011.130262 0.00281678438187
2012.927097 0.0019224524498
2014.717728 0.00290489196777
2016.581868 0.00195218324661
2018.748897 0.0019545674324
2020.477261 0.00204951763153
2022.200888 0.0019101023674
2023.942869 0.00283561944962
2025.672936 0.00238429307938
2027.538672 0.00217045545578
2029.315681 0.00195175409317
2031.032737 0.00203503370285
2032.732734 0.00199834108353
2034.433409 0.00196298360825
2036.139875 0.00190477371216
2037.905475 0.00208530426025
2039.589861 0.00214192867279
2041.328754 0.00201331377029
2043.112848 0.00198892354965
2044.923814 0.00191440582275
2046.891925 0.00203812122345
2048.939282 0.00204854011536
2050.634117 0.00203588008881
2052.575448 0.00225839614868
2054.317787 0.00251880884171
2056.012612 0.00193549394608
2057.831865 0.00292032957077
2059.546991 0.0027512550354
2061.295389 0.00363886356354
2063.086029 0.00252928733826
2064.773045 0.00196727514267
2066.483779 0.00255753993988
2068.201296 0.00200200080872
2069.999883 0.0020205616951
2071.868887 0.0022772192955
2073.569977 0.00204504728317
2075.287518 0.00190440416336
2077.045576 0.00313847064972
2078.74269 0.00192815065384
2081.041475 0.00198681354523
2082.923795 0.00196152925491
2084.683614 0.00195090770721
2086.36994 0.00241997241974
2088.08735 0.00205281972885
2090.001494 0.00199763774872
2091.864997 0.00196721553802
2093.54231 0.00200656652451
2095.314906 0.00200145244598
2096.974494 0.00197597742081
2098.736577 0.00326385498047
2100.499079 0.00192507505417
2102.225878 0.00195918083191
2103.923909 0.00194689035416
2105.733032 0.00191377401352
2107.446089 0.00228620767593
2109.313922 0.0019430398941
2111.326552 0.00197650194168
2113.033312 0.00201895236969
2114.893356 0.00200792551041
2116.578221 0.00228526592255
2118.345813 0.0019340634346
2120.025549 0.00265973806381
2121.770679 0.00209150314331
2123.42734 0.00197275876999
2125.139841 0.00203038454056
2126.938117 0.00217655897141
2128.804737 0.0023145198822
2130.47833 0.00197257995605
2132.224669 0.00233134031296
2133.938346 0.00191140174866
2135.642064 0.00195024013519
2137.313359 0.00193849802017
2139.029349 0.00321074724197
2140.888708 0.001975440979
2143.184255 0.0022208571434
2144.861341 0.00194636583328
2146.614253 0.0021614074707
2148.359817 0.00206615924835
2150.044075 0.00196822881699
2151.781098 0.00191314220428
2153.499315 0.00200735330582
2155.233344 0.00204781293869
2156.981029 0.00260629653931
2158.714253 0.00196019411087
2160.552399 0.00202533006668
2162.265843 0.00197085142136
2163.997776 0.00194667577744
2165.741904 0.00207830667496
2167.545765 0.00194669961929
2169.256367 0.00201367139816
2170.970158 0.0022406578064
2172.788251 0.0019791841507
2175.100453 0.00193817615509
2176.800968 0.00192196369171
2178.676816 0.00196624994278
2180.485725 0.00197981595993
2182.371465 0.00245800018311
2184.12402 0.00202399492264
2185.952105 0.00200846195221
2187.682193 0.00212149620056
2189.441713 0.00196838378906
2191.22933 0.00202658176422
2192.929344 0.00231989622116
2194.590455 0.00200444459915
2196.470282 0.0019978761673
2198.15913 0.00221238136292
2200.015316 0.00212914943695
2201.717017 0.00200984477997
2203.456555 0.00197588205338
2205.456061 0.00200974941254
2207.16427 0.00344363451004
2208.875532 0.00200922489166
2210.580657 0.00332889556885
2212.518446 0.00203351974487
2214.23862 0.00240390300751
2215.953895 0.00200692415237
2217.649693 0.00203860998154
2219.458417 0.00200530290604
2221.277654 0.00214323997498
2223.049061 0.00461784601212
2224.753805 0.00248965024948
2226.426221 0.00200024843216
2228.294439 0.00203623771667
2230.076033 0.00197468996048
2231.799579 0.00336680412292
2233.530285 0.00193423032761
2235.252527 0.00199733972549
2237.231871 0.00209469795227
2239.123303 0.00194581747055
2240.839314 0.00199674367905
2242.738748 0.00272442102432
2244.434573 0.00211274623871
2246.158894 0.00201423168182
2247.841893 0.00200526714325
2249.668395 0.00200673341751
2251.316622 0.00228359699249
2253.030315 0.00206518173218
2254.78601 0.00198694467545
2256.456065 0.00201088190079
2258.157129 0.00198132991791
2259.958102 0.00211876630783
2261.7134 0.00222556591034
2263.457666 0.0019960641861
2265.277873 0.00198307037354
2266.958691 0.00214091539383
2269.446332 0.00217045545578
2271.209277 0.00199658870697
2272.895011 0.00195285081863
2274.597084 0.00197479724884
2276.424065 0.00210678577423
2278.196398 0.00212972164154
2279.930494 0.00200037956238
2281.735902 0.00254008769989
2283.464975 0.00241273641586
2285.317219 0.00229974985123
2287.064313 0.00210047960281
2288.836737 0.00196973085403
2290.596922 0.00199002027512
2292.316 0.00229715108871
2294.096342 0.00221335887909
2295.827476 0.00202124118805
2297.550928 0.00201662778854
2299.539699 0.00195801258087
2301.252907 0.00241270065308
2303.195424 0.00236124992371
2304.936167 0.00195021629333
2306.648608 0.00198336839676
2308.334431 0.00219753980637
2310.043543 0.00228863954544
2311.708236 0.00285611152649
2313.451056 0.00211876630783
2315.918763 0.00216475725174
2317.697638 0.0019553899765
2319.500156 0.0022439956665
2321.288153 0.00261960029602
2323.007861 0.00200126171112
2324.937652 0.00274740457535
2326.696913 0.0019712805748
2328.409727 0.00215400457382
2330.874197 0.0019837141037
2332.581766 0.00200300216675
2334.55149 0.00214430093765
2336.236501 0.00198494195938
2337.897557 0.00195206403732
2339.681857 0.00194588899612
2341.419221 0.00240976810455
2343.16213 0.00196869373322
2344.859505 0.0025452375412
2346.678118 0.00428133010864
2348.436086 0.0019700884819
2350.136453 0.00198526382446
2352.08999 0.00195851325989
2353.798612 0.00222781896591
2355.503719 0.0020207285881
2357.322868 0.00219368934631
2359.01838 0.00208075046539
2360.816979 0.00196032524109
2363.031817 0.00194894075394
2364.727544 0.00198750495911
2366.475015 0.00195354223251
2368.359328 0.00229536294937
2370.111565 0.00196378231049
2371.817104 0.00192931890488
2373.661931 0.00198975801468
2375.410758 0.00274939537048
2377.155291 0.00213072299957
2379.04556 0.0020898103714
2380.778454 0.0034947514534
2382.52749 0.00241334438324
2384.25123 0.0019877076149
2386.08069 0.00197476148605
2387.808243 0.00207545757294
2389.443722 0.00197724103928
2391.129278 0.00195950269699
2393.039331 0.00405960083008
2395.202813 0.00216312408447
2396.915888 0.00198068618774
2398.586168 0.00195426940918
2400.407733 0.00403890609741
2402.081611 0.00196716785431
2403.736905 0.00207546949387
2405.579416 0.0019539475441
2407.363768 0.00196607112885
2409.061445 0.00194941759109
2410.780481 0.00351374149323
2412.529217 0.00220394134521
2414.384001 0.00203659534454
2416.13257 0.00245568752289
2417.841714 0.00195828676224
2419.632386 0.00316158533096
2421.345697 0.00218493938446
2423.328163 0.00328198671341
2424.989134 0.00198093652725
2427.161022 0.00189923048019
2428.917001 0.00195298194885
2430.59738 0.00219733715057
2432.297204 0.00194293260574
2434.004464 0.00197111368179
2435.899137 0.00216732025146
2437.679887 0.0044048666954
2439.427935 0.00198374986649
2441.159886 0.00405167341232
2442.865212 0.00199028253555
2444.520411 0.00193148851395
2446.261516 0.00194709300995
2447.961869 0.00194371938705
2449.663649 0.002130818367
2451.377364 0.00191280841827
2453.086221 0.0023738026619
2454.814429 0.00435584783554
2456.649535 0.00200221538544
2459.056648 0.002135014534
2460.80236 0.00192543268204
2462.508571 0.00198761224747
2464.290994 0.00200756788254
2466.043356 0.00200760364532
2467.741072 0.00194514989853
2469.882709 0.00194246768951
2471.60376 0.0029989361763
2473.280084 0.00221269130707
2475.067301 0.00280355215073
2476.819808 0.00449278354645
2478.542423 0.00205295085907
2480.29262 0.00245473384857
2481.980961 0.00198551416397
2483.771972 0.00199605226517
2485.660686 0.00199884176254
2487.467605 0.0051007270813
2489.603525 0.00198175907135
2491.292189 0.00197892189026
2493.061942 0.00200674533844
2494.852234 0.00192855596542
2496.598772 0.0019367814064
2498.400483 0.00328940153122
2500.452454 0.00197075605392
2502.138469 0.00194895267487
2504.027218 0.00198732614517
2505.699781 0.00197639465332
2507.418635 0.00219057798386
2509.204101 0.0019851565361
2510.915871 0.00194536447525
2512.63504 0.00196672677994
2514.358775 0.00254507064819
2516.078675 0.00208327770233
2517.800021 0.00214564800262
2520.016888 0.00348521471024
2521.685026 0.00200929641724
2523.544342 0.00334924459457
2525.295987 0.0020453453064
2527.045721 0.00196316242218
2528.785988 0.00197204351425
2530.483267 0.00200607776642
2532.183972 0.00203816890717
2533.983522 0.00197042226791
2535.723017 0.00192948579788
2537.594853 0.00196403264999
2539.350842 0.00201345682144
2541.019915 0.00193158388138
2542.793108 0.00202978849411
2544.519108 0.00216854810715
2546.235249 0.00220379829407
2548.001123 0.00256850719452
2549.720981 0.00193065404892
2552.033555 0.00199851989746
2553.717493 0.00203996896744
2555.373681 0.00198740959167
2557.192743 0.00196495056152
2558.933044 0.00197267532349
2560.598293 0.00196884870529
2562.31922 0.00237694978714
2564.263451 0.00191949605942
2566.045594 0.0019898891449
2567.793307 0.00282847881317
2569.489589 0.00244716405869
2571.154419 0.00217334032059
2572.854372 0.00191489458084
2574.554062 0.00187484025955
2576.276889 0.00265593528748
2578.022068 0.00210798978806
2579.789134 0.00195022821426
2581.579298 0.00233714580536
2583.559297 0.00204249620438
2585.297317 0.00209848880768
2587.032433 0.00197464227676
2588.787862 0.00332677364349
2590.489834 0.00198526382446
2592.133915 0.00200760364532
2593.943015 0.00197902917862
2595.647944 0.00198128223419
2597.326977 0.00195907354355
2599.10417 0.00195105075836
2600.790763 0.0019961476326
2602.485263 0.0019856095314
2604.315557 0.00196602344513
2606.008611 0.00242292881012
2607.737862 0.00194838047028
2609.468283 0.00195373296738
2611.233324 0.00195863246918
2612.899961 0.00212806463242
2615.239097 0.00208505392075
2616.910367 0.00201386213303
2618.698357 0.00315079689026
2620.34619 0.00207706689835
2622.101861 0.00225414037704
2623.796728 0.0019623041153
2625.527628 0.00193701982498
2627.318901 0.00194838047028
2629.157186 0.00194385051727
2630.927796 0.00201495885849
2632.68096 0.00344278812408
2634.399322 0.00190942287445
2636.10267 0.00211921930313
2637.792566 0.00198049545288
2639.591523 0.00196018218994
2641.310248 0.00193524360657
2643.085866 0.00194834470749
2644.823859 0.00196692943573
2646.941356 0.0020095705986
2648.58393 0.00196106433868
2650.3819 0.00283496379852
2652.13334 0.00198396444321
2653.814119 0.00198287963867
2655.573694 0.00200623273849
2657.3364 0.00201536417007
2659.040741 0.0019947052002
2660.69 0.00201522111893
2662.513438 0.00196268558502
2664.305914 0.00241575241089
2665.995952 0.00206526517868
2667.768448 0.00212870836258
2669.467612 0.00197139978409
2671.185821 0.00213408470154
2673.035879 0.00208461284637
2674.749467 0.00195664167404
2676.478725 0.002368080616
2678.862679 0.00264081954956
2680.551702 0.00200154781342
2682.211065 0.0019739151001
2684.013751 0.00199151039124
2685.685341 0.00195549726486
2687.497177 0.00324358940125
2689.221189 0.0027822971344
2690.991461 0.00198472738266
2692.667758 0.00192894935608
2694.632086 0.00215631723404
2696.460437 0.00208373069763
2698.22728 0.00200470685959
2699.952166 0.00397742986679
2701.66668 0.00198607444763
2703.387745 0.00195350646973
2705.185627 0.00196884870529
2706.892082 0.00231685638428
2708.992663 0.00199527740479
2711.272477 0.00425578355789
2713.219824 0.00207381248474
2714.930104 0.0020227432251
2716.661474 0.00196053981781
2718.387626 0.00199066400528
2720.053276 0.00203452110291
2721.735629 0.00196099281311
2723.623839 0.00195112228394
2725.375493 0.00190501213074
2727.142693 0.00331593751907
2728.955649 0.00191439390182
2730.755386 0.0021142244339
2732.453842 0.00199744701385
2734.256595 0.00205954313278
2735.940177 0.00202513933182
2737.673108 0.00205628871918
2739.455881 0.0023280620575
2741.540676 0.00216661691666
2743.435352 0.00196834802628
2745.364326 0.00194072723389
2747.09275 0.00237610340118
2748.816185 0.00194845199585
2750.512569 0.00252220630646
2752.283578 0.00193394422531
2754.022125 0.00196050405502
2755.80093 0.0019806265831
2757.755318 0.00196139812469
2759.475785 0.00194308757782
2761.21985 0.0020080447197
2763.183985 0.00201278924942
2764.860134 0.00200935602188
2766.706389 0.00349764823914
2768.449182 0.00262855291367
2770.189205 0.00199563503265
2772.338343 0.00293829441071
2774.067291 0.00190349817276
2775.872327 0.00205597877502
2777.627117 0.0019194483757
2779.301912 0.00199644565582
2781.113258 0.00198799371719
2782.946508 0.00189986228943
2784.633266 0.00193759202957
2786.35278 0.00308009386063
2788.145815 0.00195375680923
2789.866763 0.00196208953857
2791.715273 0.00229790210724
2793.600724 0.00308548212051
2795.369486 0.00206046104431
2797.085899 0.00201333761215
2798.821478 0.00193858146667
2800.554981 0.0024471282959
2802.287387 0.00197038650513
2804.824826 0.00472602844238
2806.590049 0.00376893281937
2808.310622 0.00207490921021
2810.115123 0.00190845727921
2811.807985 0.00191805362701
2813.503187 0.00192586183548
2815.325788 0.00314246416092
2817.039133 0.00240299701691
2818.864768 0.00191836357117
2820.693681 0.00199376344681
2822.409103 0.00197869539261
2824.168865 0.00199929475784
2825.884242 0.00233501195908
2827.697341 0.00198220014572
2829.459871 0.00194892883301
2831.174482 0.00195266008377
2832.845445 0.00198130607605
2834.537086 0.00197823047638
2836.766076 0.00202720165253
2838.451778 0.00198751688004
2840.245004 0.00201023817062
2841.953195 0.00198495388031
2843.672754 0.00197049379349
2845.392616 0.0022071480751
2847.185902 0.00195953845978
2848.886256 0.00198731422424
2850.6131 0.00215042829514
2852.500217 0.00194541215897
2854.306728 0.00190297365189
2856.052007 0.00194922685623
2857.788119 0.00208208560944
2859.540083 0.00245915651321
2861.290463 0.00200715065002
2863.131878 0.00205105543137
2864.9001 0.00368802547455
2866.577698 0.0019338965416
2868.553716 0.00203914642334
2870.421187 0.00205411911011
2872.259734 0.00263915061951
2874.017349 0.00194189548492
2875.717307 0.00380086898804
2877.472314 0.00222046375275
2879.113114 0.00212072134018
2880.880092 0.004669880867
2882.601116 0.00245540142059
2884.304861 0.00264105796814
2886.044506 0.00280816555023
2887.754216 0.00198179483414
2889.460065 0.00199576616287
2891.135192 0.00199998617172
2892.844541 0.00194218158722
2894.679567 0.00278853178024
2896.487458 0.00196490287781
2898.198935 0.00207154750824
2900.413851 0.00293155908585
2902.113895 0.00198370218277
2903.822936 0.00220332145691
2905.546673 0.00196563005447
2907.239977 0.00393975973129
2908.919194 0.00190161466599
2910.707355 0.0019656419754
2912.382481 0.00199130773544
2914.038797 0.00197904109955
2915.7879 0.00199261903763
2917.468651 0.00199009180069
2919.162274 0.00196318626404
2920.876678 0.0021701335907
2922.612558 0.00219097137451
2924.322047 0.00251675844193
2926.037879 0.00240386724472
2927.821784 0.00428572893143
2929.49736 0.0023766875267
2931.563117 0.00196034908295
2933.366404 0.0021436214447
2935.08692 0.00243127346039
2936.914304 0.00218468904495
2938.639389 0.00268213748932
2940.37529 0.002206158638
2942.241639 0.0019570350647
2944.020845 0.0025374174118
2945.901438 0.00216257572174
2947.905459 0.00266518592834
2949.643309 0.0024911403656
2951.458923 0.00387274026871
2953.16467 0.00235915184021
2954.921582 0.0020299077034
2956.683032 0.0047259926796
2958.612484 0.00195455551147
2960.318999 0.00195798873901
2962.499933 0.00198667049408
2964.295483 0.00194560289383
2966.046637 0.00192658901215
2967.761573 0.00192099809647
2969.470692 0.00200558900833
2971.182441 0.00273914337158
2972.891018 0.0022928237915
2974.621142 0.00198006629944
2976.337528 0.00232075452805
2978.140182 0.00193710327148
2979.844832 0.00194916725159
2981.574415 0.00216683149338
2983.298002 0.0019007563591
2984.981804 0.00193029642105
2986.71811 0.00190598964691
2988.49592 0.00192425251007
2990.217662 0.00239570140839
2991.928027 0.00199706554413
2994.18556 0.00204079151154
2995.894041 0.00195019245148
2997.586019 0.00222984552383
2999.30637 0.00194330215454
3001.005517 0.00195544958115
3002.711803 0.0034325838089
3004.469775 0.00198069810867
3006.19825 0.00250217914581
3007.882082 0.00212451219559
3009.870564 0.00204347372055
3011.573834 0.00296969413757
3013.294779 0.00213239192963
3014.976353 0.00252895355225
3016.686897 0.00200189352036
3018.446935 0.00195791721344
3020.103318 0.00199843645096
3021.876512 0.00324975252151
3023.555095 0.00194593667984
3025.683374 0.00190899372101
3027.410198 0.00194699764252
3029.144679 0.0030778169632
3030.887345 0.00253932476044
3032.602324 0.00209552049637
3034.416137 0.00192915201187
3036.085292 0.00213985443115
3037.880706 0.00198706388474
3039.594704 0.00247328281403
3041.298951 0.001955473423
3043.045892 0.00193383693695
3044.741075 0.00209628343582
3046.469483 0.00304518938065
3048.335212 0.00196095705032
3050.141636 0.00196176767349
3051.905542 0.0020201921463
3053.718905 0.00246034860611
3055.58198 0.00348094701767
3057.97941 0.00194734334946
3059.72328 0.00201872587204
3061.418315 0.0025374174118
3063.0544 0.00202667713165
3064.771834 0.00196769237518
3066.472026 0.00198622941971
3068.220749 0.00198854207993
3069.956303 0.00196541547775
3071.707007 0.00198465585709
3073.354261 0.00198575258255
3075.411556 0.00218728780746
3077.229709 0.00194519758224
3079.004165 0.00205231904984
3080.737535 0.00215356349945
3082.437374 0.00196340084076
3084.182271 0.00199649333954
3085.824271 0.00210466384888
3087.527095 0.00191359519958
3089.711894 0.00197831392288
3091.397097 0.00199538469315
3093.119051 0.00213803052902
3094.792555 0.0019421339035
3096.631625 0.00195727348328
3098.449535 0.0027752995491
3100.15707 0.00195400714874
3101.883094 0.00194127559662
3103.604751 0.00193625688553
3105.406339 0.00250173807144
3107.114459 0.00195630788803
3108.930321 0.00196137428284
3110.620483 0.00218372344971
3112.468925 0.00341836214066
3114.244878 0.00280120372772
3115.971073 0.00199793577194
3117.687354 0.00300986766815
3119.491984 0.00194226503372
3121.493858 0.00242252349854
3123.186684 0.00259857177734
3124.908066 0.00424991846085
3126.587884 0.00211253166199
3128.339177 0.00368835926056
3130.090884 0.00200802087784
3131.760862 0.00217998027802
3133.482445 0.00204420089722
3135.153477 0.00197130441666
3136.867903 0.00279000997543
3138.603131 0.00198805332184
3140.290022 0.00208427906036
3142.194488 0.00195926427841
3143.840329 0.00194765329361
3145.635112 0.002234852314
3147.351509 0.00194412469864
3149.047245 0.00196889638901
3150.860948 0.00208758115768
3152.99974 0.00268558263779
3154.696117 0.00243039131165
3156.57013 0.00250982046127
3158.460458 0.00195652246475
3160.102708 0.00197937488556
3161.875175 0.00302494764328
3163.619024 0.00202058553696
3165.291769 0.00199797153473
3167.046653 0.00221549272537
3168.797867 0.00317286252975
3170.576425 0.00356370210648
3172.327228 0.00194919109344
3174.045885 0.00197862386703
3175.851013 0.00234314203262
3177.806349 0.00198783874512
3179.53532 0.00194965600967
3181.352511 0.00193862915039
3183.615301 0.00196919441223
3185.294027 0.00198361873627
3187.019861 0.00197131633759
3188.82178 0.00199491977692
3190.55077 0.00364373922348
3192.278784 0.00195281505585
3193.947316 0.00211207866669
3195.69996 0.0021090388298
3197.447369 0.00211764574051
3199.470374 0.00193848609924
3201.189676 0.00201708078384
3202.919257 0.00201215744019
3204.670923 0.00207890272141
3206.387907 0.00211148262024
3208.138493 0.00196840763092
3210.014738 0.00204219818115
3211.743876 0.00194733142853
3213.509988 0.00250570774078
3215.762389 0.00206478834152
3217.532686 0.00193299055099
3219.47225 0.00194507837296
3221.155615 0.00213364362717
3222.892738 0.00197808742523
3224.623164 0.00193688869476
3226.367523 0.00227060317993
3228.235531 0.0019371509552
3230.005729 0.00254242420197
3231.717215 0.00197526216507
3233.391161 0.00195162296295
3235.08381 0.00204381942749
3236.745871 0.00199489593506
3238.49392 0.00208305120468
3240.192085 0.00196257829666
3241.906352 0.00431501865387
3243.647605 0.00196486711502
3245.344375 0.00201045274734
3247.600976 0.00369951725006
3249.444001 0.00221829414368
3251.171037 0.00248032808304
3252.870286 0.00198600292206
3254.652617 0.00210779905319
3256.362988 0.00209432840347
3258.125869 0.0020005941391
3259.822029 0.00200388431549
3261.52168 0.00193456411362
3263.200314 0.00209217071533
3265.013454 0.00303150415421
3266.832942 0.00212579965591
3268.50202 0.0029025554657
3270.217338 0.00206512212753
3271.949566 0.0020613193512
3273.720479 0.00196237564087
3275.489799 0.00347419977188
3277.160361 0.00200281143188
3279.15017 0.00191804170609
3280.858266 0.00191123485565
3282.687022 0.0023048043251
3284.561244 0.0031705737114
3286.392368 0.00208245515823
3288.07769 0.00191696882248
3289.777895 0.00194976329803
3291.470963 0.00191469192505
3293.1434 0.00193710327148
3294.892277 0.00194836854935
3296.635557 0.00195140838623
3298.338059 0.00194000005722
3300.148227 0.00193033218384
3301.798804 0.00199060440063
3303.530593 0.00286239385605
3305.225272 0.00199229717255
3306.983538 0.00241743326187
3308.707816 0.00189588069916
3310.759722 0.00205497741699
3312.437624 0.0022976398468
3314.262358 0.00192111730576
3316.194034 0.00197751522064
3317.923267 0.00198879241943
3319.612192 0.00349949598312
3321.313194 0.00194779634476
3323.06806 0.00204770565033
3324.83062 0.00332055091858
3326.6155 0.00201143026352
3328.405809 0.00203903913498
3330.205936 0.00287349224091
3331.879597 0.00209760665894
3333.775234 0.00346676111221
3335.612438 0.00200084447861
3337.3923 0.00191684961319
3339.119001 0.00225841999054
3341.134611 0.00197869539261
3342.916706 0.00204167366028
3344.623919 0.00220305919647
3346.386538 0.00195242166519
3348.144999 0.00331335067749
3349.820585 0.00193697214127
3351.704562 0.00233451128006
3353.38867 0.00193259716034
3355.18758 0.00352622270584
3356.88715 0.00198087692261
3358.674621 0.00263705253601
3360.348612 0.00200278759003
3362.177376 0.00357129573822
3363.881619 0.00195064544678
3365.609293 0.00191591978073
3367.347887 0.00203875303268
3369.055179 0.00202441215515
3370.723091 0.00192153453827
3372.910686 0.00273449420929
3374.646933 0.00200446844101
3376.373417 0.00197484493256
3378.142162 0.00197193622589
3379.934847 0.00198146104813
3381.725951 0.00203619003296
3383.458721 0.00196619033813
3385.124129 0.00199447870255
3386.803003 0.00199866294861
3388.52051 0.00225001573563
3390.253921 0.00213743448257
3392.045196 0.00205899477005
3393.801986 0.00199594497681
3395.494447 0.00193312168121
3397.373379 0.00260639190674
3399.167161 0.00197638273239
3400.889598 0.00336580276489
3402.591755 0.00198916196823
3404.580085 0.00195926427841
3406.371925 0.00336112976074
3408.088182 0.00265330076218
3409.799209 0.00193561315536
3411.538378 0.00310027599335
3413.38825 0.00194597244263
3415.23494 0.00242003202438
3417.022119 0.00198968648911
3418.759264 0.00198911428452
3420.575934 0.00239950418472
3422.320455 0.00193332433701
3424.151761 0.00196311473846
3425.868527 0.0018533706665
3427.553238 0.00231366157532
3429.371295 0.00198291540146
3431.306796 0.00192300081253
3432.953959 0.00207464694977
3435.150198 0.00202622413635
3436.99388 0.00211538076401
3438.721705 0.00289509296417
3440.491191 0.00233342647552
3442.181886 0.00195927619934
3443.964822 0.00262740850449
3445.669232 0.0019880771637
3447.350609 0.00234643220901
3449.081472 0.00195574760437
3450.822646 0.00241912603378
3452.596904 0.0032879114151
3454.309875 0.00212997198105
3456.23385 0.00197769403458
3457.911387 0.00215073823929
3459.620883 0.00273292064667
3461.303937 0.00200992822647
3462.948097 0.00194970369339
3464.645473 0.00198910236359
3466.89347 0.00211679935455
3468.612417 0.00331852436066
3470.400338 0.00249742269516
3472.176307 0.00298693180084
3474.071223 0.0037340760231
3475.965296 0.00192432403564
3477.735005 0.00360223054886
3479.466665 0.00195420980453
3481.213202 0.00198112726212
3482.977461 0.00195415019989
3484.663578 0.00382254123688
3486.488691 0.00195530653
3488.211086 0.00195180177689
3489.905675 0.00194232463837
3491.631946 0.00272240638733
3493.498616 0.00250338315964
3495.200293 0.001946413517
3497.501765 0.00196338891983
3499.22541 0.00190850496292
3500.886789 0.00195271968842
3502.574161 0.00195385217667
3504.280184 0.00224025249481
3506.001642 0.00194061994553
3507.943255 0.00194245576859
3509.698634 0.00203974246979
3511.487373 0.0020779967308
3513.277614 0.00203409194946
3514.931918 0.00200924873352
3516.646049 0.00193096399307
3518.422054 0.0020049571991
3520.152135 0.00193765163422
3521.873936 0.00377638339996
3523.649304 0.00212837457657
3525.339162 0.00194895267487
3527.066564 0.00231931209564
3529.229698 0.0022256731987
3531.025497 0.00193781852722
3532.76014 0.00200808048248
3534.455788 0.00195608139038
3536.215112 0.00191295146942
3537.935266 0.00197496414185
3539.66047 0.00197900533676
3541.353575 0.00198117494583
3543.189115 0.00206565856934
3544.970759 0.00329786539078
3546.64463 0.0019702911377
3548.53836 0.00358738899231
3550.435039 0.00199605226517
3552.14143 0.00205097198486
3554.048765 0.00228961706161
3555.855292 0.00199004411697
3557.649982 0.00197687149048
3559.849716 0.00309549570084
3561.535198 0.0019313454628
3563.267636 0.00192258358002
3565.244125 0.00302579402924
3566.956761 0.00287548303604
3568.800386 0.00212759971619
3570.472844 0.00212894678116
3572.252714 0.00193845033646
3573.95434 0.00203858613968
3575.696709 0.00191750526428
3577.425746 0.00194073915482
3579.134267 0.00193662643433
3580.850899 0.00361053943634
3582.648284 0.00193784236908
3584.376657 0.00258748531342
3586.171397 0.00200372934341
3587.873987 0.00204647779465
3589.700263 0.00355863571167
3591.893722 0.00197155475616
3593.605315 0.00200415849686
3595.382197 0.00210880041122
3597.065709 0.00197252035141
3598.837803 0.00198209285736
3600.53782 0.00195895433426
