4.350981 9999
7.8189 9999
11.321841 9999
14.973819 9999
37.72002 1.01683346033
60.785164 1.02265940905
83.683662 1.02027722597
108.766565 1.1247600317
133.767381 1.12382121086
156.983478 1.03178416491
180.063979 1.03078086376
203.362436 1.0322696209
226.59424 1.03639954329
249.743194 1.02743647099
273.028491 1.03546518087
296.407766 1.03943259716
319.672671 1.04040294886
342.070606 0.993773567677
367.404103 1.1455681324
390.820827 1.04043085575
414.134917 1.04007108212
437.534699 1.04116368294
460.899709 1.04424923658
486.250183 1.14095779657
509.598243 1.04412329197
534.682562 1.1205608964
557.996743 1.04098101854
581.313608 1.0361595273
603.644497 0.99390039444
626.20938 0.999052762985
648.47364 0.991347789764
670.722747 0.982782697678
692.920079 0.98668358326
716.234864 1.03605691195
739.467636 1.03640543222
762.033074 0.998355460167
784.281111 0.986977541447
807.545728 1.03237860203
832.595981 1.12997344732
855.077715 0.992550039291
877.558122 0.997080433369
900.007768 0.992061460018
922.238129 0.988589632511
944.837062 0.999890530109
967.151722 0.991190195084
990.499775 1.03409677744
1013.649084 1.03311340809
1035.946696 0.983394813538
1058.261979 0.99009128809
1081.494175 1.02992022038
1104.47554 1.02627429962
1129.626272 1.12803509235
1152.123507 0.99837577343
1175.421942 1.03101650476
1198.504849 1.03256646395
1223.707772 1.13020896912
1246.20332 0.998162782192
1269.434954 1.02870187759
1291.750537 0.99300082922
1314.230904 0.99466329813
1336.378866 0.984016394615
1359.761038 1.03287010193
1382.909542 1.03377205133
1405.457837 0.99590729475
1427.906548 0.995662128925
1450.23742 0.988110816479
1473.436922 1.03508878946
1495.968475 0.996438670158
1519.133624 1.03411271572
1542.298185 1.03039547205
1565.663291 1.04442629814
1588.11225 0.993002784252
1611.244046 1.03183592558
1633.675943 0.992525875568
1655.957981 0.988041484356
1679.04239 1.02459176779
1702.12123 1.02692654133
1724.518474 0.990148317814
1747.367542 1.02085965872
1769.649216 0.982413196564
1791.846962 0.984281206131
1814.961756 1.02368398905
1838.180284 1.03588643074
1861.413306 1.03177819252
1883.474708 0.979198849201
1905.908586 0.992110908031
1928.871256 1.02574477196
1951.1728 0.986682856083
1973.433998 0.98960095644
1995.865513 0.993154680729
2019.081625 1.03405992985
2042.279539 1.03163142204
2064.427651 0.983420777321
2086.841642 0.990430152416
2109.074137 0.987328958511
2131.590853 0.993259906769
2153.853761 0.987442851067
2176.301576 0.991009056568
2198.667294 0.994975316525
2221.031079 0.987376081944
2244.162398 1.03194828033
2266.594215 0.989308929443
2289.596631 1.02781561613
2312.107813 0.99590678215
2334.60582 0.999251174927
2357.887965 1.03409688473
2380.253346 0.99220700264
2405.505902 1.13219614029
2430.87041 1.14156273603
2453.334037 0.993950462341
2475.800312 1.00098162889
2498.29914 0.996763598919
2520.646142 0.993933057785
2543.077736 0.990276098251
2565.275443 0.985904693604
2588.707388 1.03698612452
2611.20605 1.00015301704
2633.636913 0.991680598259
2656.769754 1.03081376553
2682.402831 1.1395359993
2704.834846 0.996342766285
2730.234232 1.14064222574
2752.699398 0.99671587944
2775.214085 0.993329739571
2798.42962 1.03820720911
2820.86189 0.990171897411
2843.208752 0.992078459263
2868.392835 1.12954239845
2890.807512 0.995141720772
2913.272785 0.994319105148
2935.686822 0.992322647572
2958.285445 0.999739766121
2980.583323 0.992254590988
3003.849011 1.02821542025
3027.031694 1.03218020201
3049.512248 0.993134236336
3071.877687 0.995473301411
3095.226001 1.03501763344
3117.457569 0.986311423779
3139.972838 0.995458650589
3162.287495 0.992040038109
3185.601958 1.03414767981
3207.884378 0.990181326866
3233.083692 1.12681151628
3256.232712 1.03241719007
3279.464845 1.02686240673
3301.745548 0.991753149033
3324.977954 1.03027899265
3347.293305 0.990454375744
3370.541933 1.0322399497
3392.95672 0.995393407345
3416.355039 1.03763450384
3439.504862 1.03486713171
3461.885554 0.988023662567
3484.283139 0.994438612461
3507.702041 1.03510012627
3530.084088 0.993423807621
3552.595742 0.992891049385
3577.628394 1.12589513063
3600.259865 0.995029342175
