44.129978 2.1163069129
88.203913 2.10598545074
132.651414 2.1280377984
177.56683 2.15272310972
224.667135 2.26014230251
228.64085 9999
272.316121 2.10855329037
276.360916 9999
320.77754 2.13546293974
364.70848 2.10788378716
408.744438 2.1072499156
452.675588 2.10478783846
497.335597 2.14104624987
541.419547 2.10977598429
545.362853 9999
589.493183 2.13044686317
633.706355 2.11664897203
678.303495 2.13410750628
722.849772 2.13242419958
726.711272 9999
770.730374 2.12513170242
814.752705 2.10862047672
858.683458 2.10549675226
902.790137 2.11078283787
946.984015 2.11559258699
991.852446 2.13877522945
1036.548127 2.13913998604
1040.590341 9999
1084.252163 2.10792326927
1128.569106 2.12330502272
1172.851719 2.12281279564
1216.916136 2.10849591494
1260.866496 2.10532417297
1305.263764 2.12365623713
1349.414793 2.1171037674
1393.570051 2.11219519377
1437.997338 2.13043938875
1482.272072 2.12166824341
1526.670837 2.12437452078
1571.117186 2.12977712154
1615.508901 2.12308955193
1659.634397 2.10703564882
1706.020175 2.22452069521
1709.968033 9999
1754.129298 2.13175909519
1798.574666 2.12400484085
1842.515654 2.10721290112
1886.619464 2.10926853418
1931.325475 2.13958315849
1975.587542 2.12044984102
2020.087633 2.13385658264
2064.526134 2.12354825735
2108.549408 2.10978814363
2152.899097 2.12258079052
2197.001165 2.107023561
2241.403575 2.12317506075
2285.482143 2.11092079878
2329.539082 2.10688743591
2373.691414 2.11640548706
2417.975209 2.1201431632
2462.339592 2.124104321
2506.961005 2.1382584691
2551.012712 2.1111929059
2595.158514 2.10949236155
2599.257664 9999
2642.835977 2.104791224
2686.608105 2.10421234369
2731.200215 2.13190600872
2775.156329 2.1099758625
2819.399583 2.12274720669
2863.822802 2.11726945639
2867.703652 9999
2911.587424 2.11993666887
2955.664263 2.10979839563
2999.601921 2.10285373926
3044.357333 2.13691576719
3088.981415 2.13484882116
3092.952715 9999
3136.900727 2.12100170851
3181.065877 2.11340199709
3185.185783 9999
3231.896464 2.25827754736
3275.755145 2.10623940229
3319.87249 2.11660901308
3324.13553 9999
3368.172087 2.12804634571
3412.360123 2.11804922819
3456.264015 2.1033249259
3500.492907 2.11777532101
3546.917578 2.22728457451
3591.761913 2.14824639559
3636.002075 2.11727819443
