8.577289 9999
13.339642 9999
18.128154 9999
28.07376 9999
32.832087 9999.0
40.85108 9999
47.940636 9999
55.149978 9999
68.415209 2.8428059419
82.994203 3.2924507459
96.085111 2.85336605708
107.421252 2.38778758049
119.494682 2.40040429433
130.825761 2.39399290085
142.777006 2.38779997826
154.227884 2.38965996106
166.207066 2.38728086154
170.747848 9999
184.845236 2.92783029874
196.886792 2.38469076157
208.77276 2.37982122103
220.691285 2.38570197423
232.761689 2.37937895457
245.349468 2.43666100502
257.235547 2.3808649381
269.286029 2.38430539767
281.216649 2.38873100281
293.147378 2.3835460345
305.847745 2.42249703407
319.588571 2.84952267011
324.323856 9999.0
336.423326 2.38986770312
349.556904 2.79859272639
364.939358 3.20238041878
377.614907 2.42166201274
389.491034 2.38330229123
401.38603 2.38514693578
414.429739 2.70426392555
426.364076 2.38649566968
437.622529 2.38645331065
442.548984 9999
456.746246 2.85987329483
468.725432 2.39179174105
480.788164 2.39169430733
492.734325 2.38351297379
498.707283 9999
511.737182 2.40254028638
523.556698 2.31058430672
538.328438 3.02854498227
549.956871 2.30794509252
561.753469 2.30885537465
573.630301 2.31832973162
586.238817 2.32036860784
598.640535 2.36562053363
610.860352 2.35273536046
622.530799 2.31265902519
634.272246 2.30098525683
645.875321 2.30210494995
657.53355 2.309871912
670.219078 2.31493560473
682.8206 2.3182006677
694.512417 2.30232167244
702.143288 9999
713.769568 2.30931067467
725.432964 2.30797163645
737.293728 2.31356461843
742.025714 9999
749.507923 9999
761.144874 2.31641936302
773.921177 2.41914168994
786.216732 2.35825991631
798.75964 2.35837229093
812.362022 2.39854296048
824.023884 2.3143453598
835.675175 2.29760964712
847.476736 2.30695573489
858.747238 2.38784225782
866.173613 9999.0
877.974318 2.31153265635
890.810487 2.37305164337
902.762278 2.38555041949
915.224754 2.36733261744
927.071888 2.37518874804
938.720184 2.30361803373
950.471901 2.30546267827
966.485403 3.2236837546
978.168534 2.32111199697
983.199275 9999
994.834005 2.30366802216
1007.471274 2.32402038574
1019.403718 2.38510902723
1032.147263 2.31593457858
1043.796465 2.29933142662
1055.527042 2.35659503937
1068.065475 2.50178702672
1079.750498 2.305965662
1087.420239 9999.0
1099.22971 2.30945444107
1110.884399 2.31170892715
1123.532539 2.3260919253
1137.87896 2.85237669945
1149.539733 2.30559802055
1161.789141 2.35423239072
1161.954041 9999
1174.514515 2.31713469823
1186.168851 2.30678931872
1190.887576 9999
1203.498035 2.43490664164
1215.391189 2.31691257159
1226.540724 2.31195632617
1238.187773 2.30119927724
1243.224141 9999
1254.488523 2.38779727618
1266.403011 2.38253704707
1279.075934 2.32584730784
1291.124215 2.38541007042
1303.082285 2.38085667292
1314.712213 2.30638432503
1327.48209 2.31984035174
1340.128951 2.32649167379
1347.589726 9999.0
1359.747624 2.38993358612
1359.774192 9999
1371.476775 2.3159503142
1383.119176 2.30044666926
1394.546774 2.38089768092
1406.76593 2.35481524467
1411.58083 9999
1419.100227 9999.0
1425.355967 9999
1437.043192 2.31923500697
1448.75678 2.30663235982
1456.234377 9999.0
1468.026758 2.30880737305
1472.74808 9999
1486.154525 2.35312771797
1497.81634 2.30097532272
1512.209581 2.87038493156
1519.681425 9999
1531.93368 2.35543163617
1544.036958 2.38269432386
1556.615744 2.42894466718
1556.640369 9999
1564.120309 9999.0
1576.082988 2.38215430578
1576.110482 9999
1580.874882 9999
1592.53125 2.30350502332
1598.491248 9999.0
1612.17751 2.41719532013
1619.62361 9999
1635.354887 3.24519602458
1647.425402 2.3827346166
1659.016146 2.30253736178
1663.196479 9999
1663.225871 9999
1675.905284 2.32846101125
1687.659622 2.30328472455
1698.791957 2.30402541161
1710.401595 2.30321566264
1715.327729 9999
1727.553929 2.35580031077
1739.149757 2.30604100227
1751.38185 2.35353326797
1755.749648 9999
1767.600711 2.42176040014
1779.543468 2.38884600004
1794.305708 3.26928957303
1802.147416 9999
1814.006235 2.37650267283
1814.031578 9999
1826.2827 2.35801998774
1838.07658 2.3087755839
1849.929259 2.37155739466
1861.784298 2.39076932271
1874.198081 2.50181730588
1886.067103 2.42925667763
1893.518773 9999.0
1905.588874 2.38393004735
1917.205262 2.30121326447
1929.43577 2.35638173421
1929.608835 9999
1942.208127 2.78383294741
1954.070441 2.38280765216
1966.864968 2.38439297676
1975.777697 9999
1980.451118 9999
1992.305535 2.37951533
1998.176617 9999.0
2005.755727 9999
2016.947131 2.30649336179
2028.612736 2.30927228928
2033.586417 9999
2039.833515 9999
2039.862684 9999
2052.10813 2.36184461912
2065.286526 2.41196839015
2070.270082 9999
2075.016528 9999
2086.13198 2.30920036634
2099.700958 2.5130704244
2104.566987 9999
2109.213897 9999
2116.694398 9999
2128.640175 2.38772336642
2142.919369 2.87074772517
2154.735832 2.30614097913
2166.678378 2.38607907295
2179.300008 2.42911036809
2191.1248 2.30811699231
2195.324176 9999
2207.252636 2.3907263279
2211.476759 9999.0
2224.618305 2.4031662941
2236.236094 2.30889630318
2248.212629 2.39412601789
2254.123321 9999
2265.783854 2.30119005839
2270.864318 9999
2275.703461 9999
2287.359992 2.31503502528
2293.267251 9999
2305.512701 2.35935131709
2311.352672 9999
2323.044969 2.31997934977
2334.400278 2.30404599508
2347.460985 2.85787296295
2352.462494 9999
2352.498972 9999
2357.034383 9999.0
2369.810641 2.32110373179
2369.855171 9999
2380.937702 2.30300100644
2386.882817 9999
2391.655999 9999.0
2403.447868 2.29868729909
2417.642714 2.85486793518
2422.375914 9999.0
2427.416506 9999
2439.364593 2.38842598597
2452.037653 2.32570091883
2464.614274 2.32002234459
2469.548415 9999
2476.416492 9999
2488.016094 2.3003560702
2499.187894 2.30730732282
2512.407933 2.82205971082
2527.141602 3.24673930804
2531.281992 9999.0
2543.706549 2.3538239797
2543.746973 9999
2555.429842 2.3066444397
2562.895338 9999.0
2574.953118 2.38137968381
2574.99637 9999
2586.876665 2.43886200587
2599.525922 2.32859063148
2612.582663 2.85380864143
2624.841879 2.35589830081
2636.572449 2.30642263095
2649.356974 2.31986522675
2657.042512 9999
2668.93869 2.38046908379
2673.268818 9999
2677.903375 9999
2682.595622 9999
2694.841851 2.35046871503
2702.339776 9999.0
2708.431631 9999
2721.008385 2.31406569481
2727.025417 9999
2738.726269 2.34557000796
2750.503079 2.31807724635
2754.982288 9999
2766.95012 2.3927453359
2781.193401 2.50016498566
2787.763276 9999
2799.352273 2.29720203082
2811.022974 2.31596803665
2822.693693 2.30665500959
2822.870107 9999
2834.504566 2.31102363269
2847.111403 2.32131902377
2858.755964 2.29643464088
2872.233713 2.35925594966
2883.878273 2.30814599991
2895.018249 2.31883041064
2899.927361 9999
2912.552154 2.32375677427
2924.188233 2.31120467186
2935.796136 2.30655129751
2940.683765 9999
2952.256465 2.3010234038
2963.894165 2.31192803383
2975.502445 2.30249063174
2987.29905 2.31137259801
2998.468104 2.32010865211
3010.14993 2.31331396103
3021.942264 2.3062616984
3034.216669 2.35846265157
3040.114015 9999
3047.611012 9999.0
3060.039384 2.35602601369
3067.518613 9999
3079.346024 2.37526464462
3086.429454 9999
3098.045011 2.30324133237
3110.319362 2.3567747275
3122.958706 2.35174798965
3135.25207 2.35430590312
3142.695555 9999.0
3154.511573 2.30224164327
3166.155377 2.29706764221
3173.650604 9999.0
3185.498257 2.31264503797
3197.811334 2.37120405833
3209.476465 2.31440703074
3221.260064 2.30051056544
3233.594848 2.36884260178
3238.310165 9999
3250.001741 2.31325705846
3262.820101 2.3207116127
3274.447974 2.29954751333
3286.354967 2.38044667244
3286.522189 9999
3286.547706 9999
3291.307635 9999
3304.039974 2.37164664268
3315.747117 2.30545035998
3320.491337 9999.0
3332.305053 2.30540998777
3344.904513 2.43579967817
3356.038212 2.30873330434
3367.786958 2.30118028323
3380.402227 2.31514771779
3391.537001 2.29744466146
3403.348844 2.31100432078
3415.224037 2.37710205714
3426.862841 2.30806899071
3431.708315 9999
3439.15547 9999
3451.4243 2.36184930801
3458.859184 9999.0
3470.149544 2.30126722654
3481.821119 2.30044229825
3493.507586 2.35797262192
3505.938241 2.34903995196
3517.040104 2.30658435822
3528.733125 2.30371538798
3536.410982 9999
3548.097786 2.30813646317
3552.319414 9999
3564.032288 2.31073800723
3575.329167 2.29868356387
3586.946029 2.29601025581
3598.526848 2.29665104548
3610.604854 2.38278269768
3610.63587 9999
3621.723167 2.30943822861
3632.920752 2.31343960762
3640.529491 9999
3653.104712 2.31832377116
3664.728868 2.30143229167
3676.575575 2.30626861254
3688.172462 2.29665899277
3699.846643 2.30704204241
3704.748619 9999
3716.409281 2.30816904704
3729.726022 2.36159062386
3741.423981 2.30457337697
3753.183406 2.30187805494
3765.136519 2.39312664668
3777.339567 2.34922130903
3789.746325 2.3577653567
3801.361991 2.29883432388
3813.013292 2.30295936267
3824.863098 2.31419324875
3837.852576 2.3928129673
3842.55171 9999
3854.483096 2.38814973831
3866.354026 2.30536691348
3866.389426 9999
3871.148005 9999
3882.757182 2.30506126086
3889.8402 9999.0
3902.212468 2.35883593559
3913.84305 2.30729087194
3925.511425 2.31245660782
3933.139846 9999
3945.105684 2.40488624573
3957.317597 2.35866498947
3962.264377 9999
3966.943868 9999
3978.571908 2.29970971743
3990.169684 2.30145263672
4001.9579 2.31762099266
4013.535469 2.30200791359
4021.19911 9999.0
4033.047302 2.32619071007
4044.975074 2.38759700457
4056.593207 2.30305870374
4064.237767 9999
4075.869005 2.30403971672
4088.134467 2.35615229607
4099.491939 2.31779026985
4099.520569 9999
4111.158918 2.30614932378
4122.99528 2.35736393929
4134.798192 2.32207036018
4146.477211 2.30785560608
4159.144176 2.32755231857
4171.280812 2.38815498352
4175.40776 9999
4187.019664 2.3077703317
4198.980994 2.38344971339
4210.789281 2.30176663399
4222.505329 2.32671729724
4232.113795 9999.0
4243.925697 2.30236498515
4256.517358 2.31549708049
4269.077983 2.32683173815
4280.864006 2.29824558894
4292.488785 2.30918137232
4304.157771 2.30417672793
4316.213796 2.3885409832
4331.170022 3.08483203252
4343.83576 2.34100143115
4355.681338 2.31726002693
4367.586676 2.38321113586
4378.947144 2.38850514094
4390.785784 2.30868172646
4402.450864 2.32481527328
4409.36693 9999.0
4421.817221 2.34662699699
4433.460617 2.30096435547
4445.18845 2.31176265081
4456.969475 2.30022438367
4464.412186 9999
4476.01413 2.30100893974
4487.381034 2.30241465569
4492.535805 9999
4504.199787 2.30480066935
4515.868681 2.30777867635
4528.943072 2.40066901843
4540.551192 2.30479208628
4548.016302 9999.0
4560.74929 2.31785607338
4572.405416 2.30663029353
4584.382555 2.40428860982
4589.239465 9999
4600.869782 2.30956164996
4600.904069 9999
4612.576503 2.30794699987
4624.28047 2.31486757596
4636.862043 2.4934416612
4649.067369 2.3547085921
4663.338352 2.86661672592
4680.002838 3.34144266446
4692.256574 2.35783402125
4697.124797 9999.0
4697.386307 9999
4708.474589 2.30713629723
4720.292391 2.31467763583
4720.325759 9999
4732.244959 2.39161721865
4745.005526 2.3165213267
4751.077493 9999
4762.697918 2.31496532758
4774.533218 2.30558228493
4780.572528 9999
4792.493547 2.38575196266
4804.112349 2.30436428388
4816.229216 2.39442340533
4828.445707 2.35082936287
4840.418659 2.3550666968
4851.823208 2.38589994113
4865.872078 2.51645723979
4877.755606 2.3822889328
4890.441315 2.31432374318
4896.159497 9999
4907.876892 2.31106702487
4919.544258 2.31625334422
4925.445451 9999
4937.242496 2.38365093867
4948.865085 2.31009229024
4953.103251 9999.0
4957.986423 9999
4969.14548 2.3027493159
4981.86723 2.37432368596
4994.307481 2.43088475863
4999.208531 9999
5010.899101 2.31137267749
5022.579037 2.31038101514
5022.609884 9999
5034.246129 2.3628060023
5046.326882 2.42154773076
5046.377681 9999
5058.993212 2.32128572464
5070.962218 2.42510398229
5083.688948 2.31909767787
5097.470765 2.92756597201
5108.631119 2.3122446537
5116.718792 9999
5128.885924 2.48551861445
5136.404232 9999
5141.399914 9999.0
5148.778961 9999
5154.632379 9999
5166.880409 2.35786533356
5172.827461 9999.0
5184.666988 2.3281536897
5189.270452 9999
5202.782942 2.39951300621
5214.424488 2.31016095479
5222.053464 9999
5227.15285 9999
5240.619999 2.52518407504
5253.080871 2.49213139216
5260.707964 9999
5272.589689 2.38338096937
5284.504029 2.39982962608
5298.974721 2.86527196566
5311.393409 2.46520996094
5323.639323 2.35044542948
5328.7865 9999
5340.990704 2.35023339589
5355.266467 2.86734461784
5355.499522 9999
5355.532609 9999
5367.12786 2.3009270827
5378.811639 2.31695167224
5383.612571 9999
5391.090504 9999.0
5398.919756 9999
5404.915795 9999
5412.385226 9999
5424.078635 2.32217804591
5436.831504 2.32073537509
5448.516503 2.30587999026
5462.212077 2.54070353508
5477.819109 3.64435505867
5490.061067 2.35427276293
5496.481169 9999.0
5506.260264 9999
5510.993002 9999
5516.041588 9999
5523.482406 9999
5528.282033 9999.0
5535.805856 9999
5548.511038 2.31436832746
5553.704216 9999
5560.811013 9999.0
5572.592853 2.30844036738
5584.504524 2.38284405073
5596.163684 2.30887103081
5608.0121 2.30932068825
5620.031229 2.44327735901
5620.0685 9999
5624.900472 9999
5636.611042 2.32212233543
5642.444404 9999
5647.5272 9999
5659.483289 2.43472337723
5667.044912 9999.0
5674.431023 9999
5687.262154 2.35416229566
5698.93408 2.31009689967
5704.816642 9999
5717.427833 2.31853532791
5730.356705 2.398853302
5743.266654 2.79894971848
5747.994922 9999
5759.635573 2.31059638659
5764.869079 9999.0
5778.80746 2.41240270933
5789.889551 2.30280693372
5802.134067 2.35330804189
5802.324688 9999
5814.382561 2.4116080602
5825.570552 2.30327995618
5830.270282 9999
5844.492084 2.86002834638
5856.294523 2.35114638011
5856.32472 9999
5869.6238 2.42141874631
5874.47758 9999
5887.12344 2.32481590907
5899.936143 2.32091959318
5911.551927 2.31428861618
5911.586063 9999
5919.059136 9999.0
5923.843819 9999
5935.468214 2.30244437853
5940.200383 9999
5951.86321 2.31649001439
5964.670309 2.33384195964
5976.341204 2.31770269076
5976.372292 9999
5988.27622 2.38206402461
5988.491602 9999
6000.433383 2.39604989688
6007.908227 9999
6013.623062 9999
6026.20165 2.30901559194
6037.972558 2.30918645859
6050.306894 2.44991739591
6054.540122 9999
6066.17024 2.30072037379
6071.933866 9999
6076.700348 9999
6088.615281 2.38489834468
6100.542236 2.42651470502
6113.260029 2.53860735893
6124.418239 2.29816095034
6124.453269 9999
6136.151992 2.31970802943
6136.366388 9999
6148.321045 2.42786296209
6160.282384 2.38881039619
6171.466912 2.30540776253
6171.681896 9999
6183.781056 2.4477853775
6188.927008 9999
6193.640606 9999
6198.293213 9999
6210.556811 2.35335365931
6210.75601 9999
6223.38685 2.44388771057
6228.20739 9999
6232.716406 9999
6244.647052 2.3246708711
6257.1741 2.39955043793
6269.602 2.35777099927
6283.440314 2.43404992421
6295.562501 2.40376694997
6307.450631 2.38440934817
6312.159292 9999
6325.217583 2.41053167979
6331.090856 9999
6337.02828 9999
6341.816146 9999
6354.560219 2.36240037282
6367.955784 2.36631234487
6380.932947 2.44434102376
6380.985644 9999
6392.641189 2.3049223423
6398.77324 9999.0
6404.984296 9999
6409.279101 9999
6421.847904 2.31266864141
6434.336042 2.43800735474
6446.187237 2.32316295306
6460.201942 2.51471265157
6475.664085 3.63888192177
6487.026209 2.3109746774
6493.151021 9999
6493.18337 9999
6497.913737 9999
6511.225444 2.35536503792
6515.927953 9999
6515.955864 9999
6527.727268 2.33839424451
6538.86299 2.29788422585
6542.995149 9999.0
6548.282391 9999
6555.782611 9999
6567.486364 2.35465836525
6567.531178 9999
6580.301391 2.35401201248
6580.521945 9999
6593.082796 2.31776197751
6600.527194 9999
6600.556967 9999
6600.582739 9999
6607.568604 9999
6619.142628 2.30105566978
6627.348602 9999
6627.376467 9999
6632.033537 9999
6644.733388 2.32883985837
6644.772472 9999
6650.45159 9999.0
6662.275968 2.35135698318
6673.947625 2.30597734451
6687.956804 2.50163865089
6702.273231 2.53852462769
6715.013728 2.34887901942
6715.047854 9999
6726.80245 2.32835698128
6740.005922 2.4038960139
6752.384476 2.45998533567
6763.488004 2.30860598882
6769.429965 9999
6781.079701 2.35718417168
6786.202337 9999
6798.834012 2.3287276427
6806.670911 9999
6806.718943 9999
6812.833413 9999
6818.741433 9999
6830.683334 2.39917000135
6842.475964 2.3102786541
6854.110158 2.35674730937
6866.725442 2.32537937164
6871.644076 9999
6885.653543 2.51580961545
6897.269371 2.30681173007
6911.969423 3.23439629873
6916.832352 9999
6928.68903 2.3584810098
6940.675536 2.38634999593
6951.850744 2.30061833064
6956.335103 9999
6960.56018 9999.0
6972.618566 2.38291867574
6977.2906 9999
6989.211643 2.38611062368
6996.696107 9999.0
7007.971896 2.30342340469
7008.011254 9999
7020.590399 2.42964426676
7033.373566 2.33892631531
7045.168441 2.30301133792
7050.294725 9999
7061.850484 2.4430077076
7074.458307 2.32175803185
7086.212256 2.30652968089
7093.905131 9999
7102.634645 9999
7115.383639 2.64273969332
7129.762622 2.85593708356
7134.511824 9999
7145.703999 2.30541141828
7153.25406 9999
7165.011874 2.35473577181
7177.271207 2.35622080167
7190.827462 2.35574420293
7203.656641 2.39476807912
