7.754572 2.00528359413
15.378334 2.01383296649
22.989281 2.0062473615
30.596106 2.00604057312
38.351271 2.01566727956
45.919004 2.00535233816
53.479962 2.00110252698
61.01717 2.00582933426
68.762772 2.00444730123
76.332196 2.00114496549
83.924758 2.01532165209
87.558624 9999
95.129384 2.00263031324
98.889108 9999
102.525206 9999
110.099236 2.00739097595
117.6388 2.00558861097
125.195295 2.00883730253
132.775892 2.01236796379
140.48066 2.00431696574
148.064037 2.00219472249
155.684862 2.01862955093
163.331019 2.01871371269
167.07203 9999
170.696155 9999
178.230752 2.00129501025
185.802032 2.00830539068
193.377428 2.00425561269
201.008612 2.01156926155
208.729325 2.00536028544
216.31069 2.00588822365
219.980783 9999
223.610177 9999
231.235317 2.01375969251
235.018815 9999
242.612162 2.027267615
250.222406 2.00868630409
253.88136 9999
261.417046 2.00185863177
269.122213 2.01192061106
276.717721 2.00827598572
280.344665 9999
287.948632 2.01589369774
291.52727 9999
299.091912 2.00769464175
302.862516 9999
310.399297 2.00149671237
314.051618 9999
321.610291 2.00425068537
329.241368 2.02149367332
337.057602 2.0325700442
344.649288 2.01201367378
352.260766 2.01695831617
355.909613 9999
363.45009 2.00129834811
371.192364 2.02355861664
378.774422 2.00693758329
382.405218 9999
390.031365 2.0223596096
397.66654 2.02057035764
405.35551 2.00261330605
412.945424 2.01553964615
420.517317 2.0038040479
428.079643 2.01002462705
435.836208 2.00569272041
439.467626 9999
447.097305 2.01250465711
454.680838 2.01143741608
462.242566 2.00592192014
469.975159 2.00161639849
477.546203 2.01658741633
485.169637 2.01502839724
492.759016 2.00918300947
500.488287 2.01698740323
508.105107 2.00982729594
515.649393 2.00808437665
523.24531 2.00603930155
531.001742 2.01340126991
538.609596 2.00663137436
546.199309 2.00217398008
553.755883 2.00461896261
561.472899 2.00809868177
569.023358 2.00176525116
572.622696 9999
580.16254 2.00056926409
587.743886 2.00235501925
595.519266 2.01058268547
603.133307 2.0135076046
610.694711 2.00540479024
618.275772 2.01456093788
626.057481 2.01983324687
633.63267 2.00223199526
641.20211 2.01088436445
648.79352 2.00540693601
652.588216 9999
660.192741 2.01291664441
663.816932 9999
671.372058 2.00828003883
678.973739 2.01094826063
686.732583 2.01343973478
694.303242 2.00321435928
701.843338 2.00519601504
709.41556 2.00993498166
717.187554 2.01125820478
720.803537 9999
724.441471 9999
731.960739 2.00133570035
739.554218 2.00282629331
747.212688 2.01540724436
754.964102 2.01180171967
762.604637 2.01829997698
770.190551 2.0098824501
777.764376 2.01421499252
785.512711 2.00132830938
789.134531 9999
796.741003 2.01311858495
804.372638 2.01463238398
812.017465 2.0186150074
818.526283 1.57441798846
826.014286 1.97055363655
832.973631 1.74928164482
840.546886 2.00483504931
848.142626 2.01300032934
856.022429 2.01464700699
863.586435 2.00441201528
871.147135 2.00562063853
878.694963 2.0015159448
886.506548 2.01834360758
894.11864 2.01828757922
901.75812 2.01749563217
909.391775 2.01893639565
917.226001 2.02677067121
924.874307 2.02037167549
932.40569 2.00104029973
940.000974 2.01216936111
947.822236 2.00816766421
955.402347 2.00779978434
963.009013 2.01083230972
966.611655 9999
974.194792 2.00365797679
981.938726 2.00150060654
989.523914 2.0124279658
997.067957 2.00416366259
1004.613081 2.0033677419
1012.4086 2.01827605565
1020.030281 2.01380062103
1023.678382 9999
1031.303323 2.01712536812
1038.911998 2.00681694349
1046.666348 2.01825825373
1054.208403 2.00870498021
1061.846107 2.01750230789
1069.45823 2.01506296794
1077.198426 2.00117723147
1084.795518 2.00961065292
1092.378244 2.016532739
1099.999801 2.01260972023
1107.806091 2.01249798139
1115.408308 2.00314974785
1123.073125 2.00068561236
1130.680055 2.00678157806
1138.441731 2.01065929731
1142.094646 9999
1145.714224 9999
1153.349427 2.01200167338
1160.93205 2.004854997
1164.759584 9999
1172.29615 2.00126258532
1179.91878 2.02699661255
1187.555148 2.01605129242
1195.12053 2.00637499491
1202.866708 2.01061534882
1210.46525 2.00967232386
1218.082029 2.01611272494
1221.720163 9999
1225.312836 9999.0
1233.157672 2.01468873024
1236.802994 9999
1244.419775 2.01042596499
1252.028228 2.01115139325
1259.649008 2.01130898794
1267.375858 2.00193238258
1274.980932 2.01620340347
1278.617505 9999
1286.213326 2.01305739085
1293.861446 2.02013039589
1297.620087 9999
1305.232475 2.02314265569
1312.892694 2.02194197973
1320.512394 2.01522795359
1328.096511 2.00990875562
1335.80225 2.00320402781
1343.367322 2.0084883372
1350.932214 2.00592637062
1358.552861 2.01861802737
1366.319159 2.01237511635
1369.960137 9999
1377.549782 2.00085353851
1385.182373 2.01800839106
1392.779417 2.01636830966
1400.547357 2.00807929039
1408.139091 2.01080203056
1415.730331 2.00971293449
1419.367959 9999
1426.997356 2.01832008362
1429.61032 9999
1436.938176 1.93057235082
1443.408658 1.6398367087
1447.017761 9999
1454.625573 2.01773897807
1462.199905 2.00830340385
1469.939184 2.01426760356
1477.547998 2.01401257515
1485.155012 2.00820644697
1492.820663 2.02550959587
1499.396884 1.60426712036
1506.984418 2.01383010546
1514.567016 2.00972676277
1518.177694 9999
1525.732274 2.00442544619
1533.547408 2.01655666033
1541.151902 2.00995564461
1548.75085 2.00475772222
1556.364648 2.01566267014
1564.146075 2.00591357549
1567.786093 9999
1575.378798 2.00261147817
1583.014324 2.01924673716
1590.646201 2.01798947652
1598.397489 2.01182468732
1605.997541 2.01109576225
1609.596252 9999
1617.170123 2.00924706459
1624.753404 2.00958498319
1632.508753 2.00376232465
1640.147526 2.01821128527
1643.779116 9999
1651.375258 2.00836730003
1659.011266 2.0076183478
1666.801483 2.01331528028
1674.408793 2.00901603699
1682.009206 2.00638008118
1689.615789 2.01598437627
1697.424602 2.01822503408
1705.028675 2.00908033053
1712.616078 2.01607028643
1716.283082 9999
1723.867875 2.01544769605
1727.680882 9999
1735.262388 2.01313837369
1742.850768 2.01392245293
1750.426926 2.00895039241
1754.044137 9999.0
1757.866401 9999
1765.4433 2.01369206111
1769.082206 9999
1776.707078 2.01716105143
1784.263325 2.00744438171
1792.024188 2.00071159999
1799.585671 2.00473395983
1807.168328 2.0062576135
1814.735314 2.00676298141
1818.569775 9999
1826.150143 2.00084765752
1833.725401 2.01291569074
1837.371819 9999
1844.960195 2.01024667422
1848.753551 9999
1856.33562 2.00920303663
1863.920029 2.00368102392
1871.520667 2.01544761658
1879.184817 2.01957273483
1883.007855 9999
1890.565043 2.00548934937
1898.203133 2.02682606379
1905.813345 2.0117029349
1913.447229 2.02829233805
1917.214325 9999
1924.819717 2.01927431424
1932.413776 2.00123667717
1940.028381 2.01032368342
1947.632245 2.0044148763
1955.386063 2.00399033229
1962.943584 2.00140595436
1970.502276 2.00758377711
1978.086105 2.00256665548
1985.86786 2.00051291784
1993.466064 2.00698542595
2001.030262 2.00203275681
2008.652643 2.00727796555
2016.406128 2.00654864311
2024.014568 2.01397562027
2031.609719 2.02224683762
2039.226224 2.01145831744
2047.030162 2.01931842168
2054.662005 2.01502426465
2062.225838 2.00139840444
2069.806315 2.01322929064
2077.555011 2.00964434942
2081.220689 9999
2088.813343 2.0078552564
2096.396442 2.0099542141
2103.975901 2.01011164983
2111.773813 2.02223141988
2119.40165 2.0083386898
2126.958158 2.00416700045
2134.571491 2.01435899734
2142.344169 2.0146056811
2145.949022 9999
2153.575463 2.0156715711
2161.183629 2.0081744194
2168.831377 2.01624766986
2176.590155 2.01079837481
2184.226932 2.01623058319
2187.865177 9999
2195.408857 2.00615859032
2199.035997 9999.0
2206.89651 2.00914963086
2214.477117 2.0050517718
2222.080152 2.00997368495
2229.706958 2.01138361295
2237.451703 2.00914025307
2245.08237 2.01731737455
2252.63469 2.00586501757
2260.229773 2.01072001457
2268.01904 2.01212731997
2275.63929 2.01007302602
2283.225795 2.0061767896
2290.828311 2.00159740448
2298.594911 2.00698701541
2302.222335 9999
2305.856481 9999
2313.401031 2.01011665662
2320.999487 2.01514029503
2328.788242 2.01042723656
2336.399251 2.01266233126
2344.011693 2.01287460327
2351.606691 2.00964196523
2359.363082 2.01360654831
2366.993429 2.01859879494
2374.582722 2.00649897257
2378.300365 9999
2385.895834 2.0015296936
2393.705668 2.02623287837
2401.322383 2.00692208608
2408.928776 2.01553567251
2416.493946 2.01311262449
2420.316638 9999
2427.908897 2.00972565015
2435.446276 2.00179100037
2439.099013 9999
2446.710424 2.0095752875
2454.510113 2.00188032786
2462.135222 2.0085290273
2469.751499 2.01314409574
2477.368702 2.01246261597
2485.176032 2.00871125857
2492.804935 2.01386833191
2500.388092 2.00574000676
2507.998256 2.00704026222
2515.758277 2.00698773066
2523.338716 2.00159700712
2530.955702 2.01221235593
2538.547748 2.00525395075
2546.314515 2.01465535164
2553.89257 2.0075314045
2561.49515 2.02014311155
2569.118872 2.02643632889
2576.867396 2.0161866347
2580.499792 9999
2588.126484 2.00656294823
2595.704659 2.00658202171
2603.326061 2.00809033712
2607.225739 9999
2614.813458 2.01956971486
2622.380263 2.00707960129
2630.006184 2.01737968127
2637.575439 2.01186299324
2645.345931 2.01454806328
2652.963519 2.01219590505
2660.559894 2.00186665853
2668.15575 2.01544125875
2675.939174 2.00863202413
2683.593285 2.01921264331
2691.165907 2.00558964411
2698.771367 2.01967263222
2706.540548 2.01306827863
2714.142688 2.00572435061
2721.753704 2.00650032361
2729.380559 2.01293031375
2737.190168 2.00532102585
2744.763821 2.00601299604
2752.343166 2.00264104207
2759.935346 2.00699265798
2767.659872 2.00612632434
2775.257017 2.01265263557
2782.845076 2.00747672717
2786.467163 9999
2794.158579 2.01477026939
2801.912053 2.01057068507
2809.511088 2.01475437482
2817.081185 2.01006110509
2824.665429 2.00811362267
2828.483198 9999
2836.065867 2.01290297508
2839.683046 9999
2847.260278 2.00752965609
2854.905119 2.01611812909
2858.71516 9999
2866.306637 2.00538070997
2873.923427 2.02273774147
2881.520181 2.00106064479
2889.160227 2.03091605504
2892.96996 9999
2900.508316 2.00298595428
2908.064145 2.00567301114
2911.703384 9999
2919.359834 2.0240705808
2927.13175 2.0071636041
2930.786913 9999
2938.37766 2.00433238347
2945.950022 2.01244767507
2953.506525 2.00199691455
2961.293281 2.01022768021
2968.893747 2.01741162936
2976.519541 2.01621762911
2984.121712 2.00752067566
2991.842229 2.00065239271
2999.439827 2.00677061081
3007.074565 2.01429041227
3014.68454 2.00598931313
3022.465521 2.01726555824
3030.072815 2.01189939181
3037.652848 2.0030289491
3045.217518 2.0094927152
3053.002875 2.00443561872
3056.619276 9999
3060.270227 9999
3067.860729 2.01734566689
3075.478843 2.01222427686
3083.239276 2.00330042839
3086.897615 9999
3094.492011 2.0099047025
3102.063318 2.00581375758
3109.675072 2.01738627752
3113.504374 9999
3121.123169 2.00865928332
3128.71541 2.01253175735
3136.3313 2.0115237236
3143.91979 2.00254503886
3151.663412 2.00240405401
3159.234381 2.00627859433
3166.895984 2.0130156676
3170.502857 9999
3178.08611 2.01081228256
3185.884098 2.0211280187
3193.421764 2.00472362836
3201.041774 2.01972961426
3208.664553 2.01474364599
3216.418719 2.00490633647
3224.04238 2.02145457268
3231.666411 2.01443934441
3239.286192 2.00865928332
3247.085754 2.00855429967
3254.665704 2.0094037056
3258.270031 9999
3265.849275 2.00416970253
3269.512538 9999.0
3277.359125 2.0201810201
3285.006017 2.01876330376
3292.566149 2.00167997678
3300.234092 2.02900028229
3308.018468 2.01140491168
3315.618109 2.01106532415
3323.266739 2.0221089522
3330.860313 2.00368905067
3338.619 2.01733899117
3342.276126 9999
3349.863029 2.00109132131
3357.429881 2.00580596924
3365.011397 2.01497133573
3372.762779 2.00962432226
3380.326129 2.01102789243
3387.887619 2.00843437513
3395.478282 2.01943834623
3403.233546 2.00670202573
3410.779614 2.00325433413
3418.410953 2.01135142644
3425.969996 2.00617694855
3433.758558 2.00922036171
3441.344628 2.00687074661
3444.960308 9999
3452.554921 2.0110616684
3460.122241 2.00617337227
3467.935633 2.01563636462
3475.605492 2.01186092695
3479.255821 9999
3486.881478 2.00875234604
3490.509715 9999.0
3498.388222 2.00601243973
3505.946468 2.00651661555
3513.587487 2.01863249143
3521.193128 2.00767525037
3529.00661 2.0114206473
3536.593589 2.00547798475
3544.13728 2.00379657745
3551.723827 2.01589600245
3559.486317 2.00619069735
3563.08535 9999
3566.717217 9999
3574.304965 2.0055167675
3581.852271 2.00170207024
3585.479307 9999.0
3593.288162 2.01401257515
3600.919345 2.01916305224
3608.498951 2.00496633848
3616.092752 2.00525768598
3623.853979 2.00720008214
3631.434487 2.00156879425
3639.031965 2.00167496999
3642.680718 9999
3650.24784 2.00422525406
3658.028491 2.00362523397
3665.606724 2.00577934583
3673.208055 2.0163312753
3680.779791 2.01325146357
3684.592344 9999
3692.219095 2.02116171519
3699.819797 2.02069441477
3703.428059 9999
3711.012513 2.01947704951
3718.750315 2.00556659698
3726.324032 2.00319925944
3733.941367 2.01668628057
3741.482025 2.00421063105
3749.263642 2.00277590752
3756.928453 2.03026302656
3764.519181 2.01603595416
3772.122278 2.00100111961
3779.912781 2.0178240935
3787.472132 2.00353932381
3795.02006 2.00167028109
3802.587084 2.00593233109
3810.366314 2.00827590624
3817.988624 2.01788624128
3825.587749 2.01720897357
3833.215648 2.00536934535
3841.020708 2.01577099164
3848.57782 2.00224002202
3856.185392 2.00732199351
3863.814215 2.01859172185
3871.520224 2.00116840998
3879.115569 2.00320331256
3886.685694 2.00106279055
3894.312934 2.02201660474
3898.153197 9999
3905.732463 2.00288470586
3913.308552 2.01507568359
3920.900507 2.01302369436
3928.508254 2.01163609823
3936.259905 2.00624044736
3943.809344 2.00754801432
3951.369768 2.00255227089
3958.941689 2.00306471189
3962.790004 9999
3970.382874 2.01801363627
3977.986647 2.00857432683
3985.579495 2.00920629501
3989.215954 9999.0
3997.100116 2.0275610288
4004.67438 2.00690229734
4012.265294 2.01209592819
4015.891127 9999
4023.476919 2.00960842768
4031.220785 2.01117865245
4038.835835 2.00673333804
4046.399907 2.00617400805
4050.044428 9999
4057.630586 2.01240404447
4065.402559 2.01497165362
4072.987591 2.00741831462
4080.627925 2.02254613241
4088.209372 2.00122054418
4095.992024 2.01765926679
4099.659813 9999
4107.274991 2.01649665833
4114.859367 2.00289297104
4118.484287 9999.0
4126.297637 2.00401798884
4133.877719 2.00253200531
4141.425553 2.00739034017
4149.045796 2.01318359375
4156.91233 2.01412606239
4164.534627 2.00929633776
4168.14649 9999
4175.778793 2.00567563375
4179.406199 9999.0
4187.216966 2.01809271177
4194.854699 2.01623336474
4202.431646 2.00309626261
4210.079308 2.02579569817
4217.818062 2.00653807322
4225.416453 2.01555132866
4233.037213 2.01528890928
4240.612656 2.00568803151
4248.382819 2.01391204198
4255.952861 2.01340730985
4263.563246 2.01501576106
4267.192278 9999
4274.779764 2.00424321493
4282.549394 2.01070300738
4290.159395 2.00987935066
4297.740699 2.00836968422
4305.308353 2.00867962837
4313.106663 2.0029759407
4320.695827 2.01802134514
4328.297101 2.01381357511
4335.925515 2.01753600438
4343.722335 2.01809867223
4351.324068 2.0042309761
4358.915821 2.01255957286
4366.599646 2.02958496412
4374.354698 2.00596570969
4381.917589 2.00340628624
4389.50012 2.00755095482
4397.088449 2.01835203171
4404.890575 2.00540566444
4412.506787 2.01620372136
4420.142679 2.03058004379
4427.687051 2.00864275297
4435.523183 2.01877037684
4443.126884 2.00710233053
4450.665156 2.00212788582
4458.223309 2.00732636452
4466.054671 2.0161626339
4473.635649 2.00804305077
4481.218189 2.01101064682
4488.795056 2.01442948977
4492.606712 9999
4500.226901 2.01577862104
4507.872454 2.0266846021
4515.468265 2.00711623828
4523.020149 2.00564130147
4530.800489 2.00193969409
4538.364763 2.01366837819
4545.981229 2.01839931806
4553.589492 2.00192467372
4561.432222 2.01431934039
4569.03889 2.01126495997
4576.650198 2.0067606767
4584.237211 2.00459512075
4592.050671 2.02179106077
4599.662718 2.00188032786
4603.297314 9999
4610.886812 2.00183773041
4618.468164 2.00445834796
4626.29439 2.01533937454
4629.925094 9999
4637.502019 2.01584545771
4645.154433 2.02347135544
4652.749506 2.00936961174
4660.573227 2.02537743251
4668.232418 2.02518192927
4675.813199 2.00246167183
4683.416036 2.00613903999
4687.277023 9999
4690.889776 9999
4698.451659 2.0083741347
4706.013102 2.00135739644
4713.570506 1.99984868368
4717.158562 9999.0
4725.03135 2.01255806287
4732.604569 2.00546709696
4740.204046 2.00888562202
4743.843994 9999
4751.413254 2.00962130229
4759.186828 2.02685213089
4766.767639 2.02119493484
4774.369879 2.00780661901
4781.963722 2.00691898664
4789.743662 2.01133569082
4797.326205 2.01387302081
4804.916093 2.00932065646
4812.525906 2.01480531693
4820.323508 2.00587129593
4827.853542 2.00334127744
4835.455372 2.00848595301
4839.082813 9999
4846.728934 2.01312200228
4854.566754 2.02188666662
4862.178512 2.00726230939
4869.760228 2.01018865903
4877.373913 2.01608427366
4885.172317 2.01631561915
4892.757499 2.01937699318
4900.356665 2.00900832812
4907.982659 2.00845591227
4915.803628 2.02409768105
4923.41472 2.00731158257
4931.030131 2.01096868515
4938.640899 2.00733566284
4946.455066 2.0192340215
4954.033 2.01194055875
4961.650498 2.0104906559
4969.221549 2.0019659996
4977.047347 2.02074940999
4980.665295 9999
4988.227512 2.00390736262
4995.828541 2.00870140394
5003.410511 2.00367840131
5011.236844 2.02074368795
5018.846137 2.00126838684
5026.465551 2.01353232066
5034.07896 2.01071333885
5041.841087 2.00856892268
5049.427935 2.0114979744
5053.050539 9999
5060.727138 2.02156996727
5068.278365 2.00468365351
5072.097023 9999
5079.668308 2.00118168195
5087.315061 2.00849103928
5094.923261 2.01782766978
5102.534065 2.01627802849
5110.2788 2.01476240158
5117.904693 2.01687995593
5125.470209 2.00468373299
5133.066632 2.00699766477
5140.852775 2.01418034236
5148.450955 2.00394407908
5156.078018 2.0131483078
5163.632645 2.00263635317
5171.38201 2.01468332609
5178.978664 2.01100254059
5182.574399 9999
5190.136777 2.00545859337
5197.739993 2.00884604454
5205.537274 2.02420473099
5213.095833 2.00634058317
5220.666366 2.0066532294
5228.226337 2.00126838684
5235.99315 2.0040166378
5243.585446 2.0024193128
5251.148811 2.00447670619
5258.707651 2.00539064407
5266.520028 2.01953331629
5270.121108 9999
5277.723999 2.00963624318
5285.282303 2.00651629766
5292.935066 2.02860792478
5300.703459 2.00613474846
5308.302594 2.0053850015
5315.900964 2.00431934992
5323.501416 2.00976530711
5331.288154 2.00321936607
5338.913511 2.01878960927
5346.512915 2.00770163536
5354.095296 2.01270763079
5361.887655 2.01122498512
5369.505439 2.0229417483
5373.160913 9999
5380.744501 2.01025907199
5388.345005 2.00368213654
5392.122045 9999
5399.726659 2.00587995847
5407.352287 2.01974900564
5414.931502 2.00587010384
5422.517922 2.00297665596
5430.272686 2.01831563314
5437.890241 2.0182243983
5445.511262 2.01231789589
5453.090427 2.01590196292
5460.931518 2.00942365328
5468.54057 2.00622868538
5472.155898 9999
5479.710223 2.00483926137
5487.319709 2.0033826828
5495.135279 2.02709094683
5502.715832 2.0147125721
5510.299417 2.0075246493
5517.889325 2.00629703204
5525.747209 2.02623724937
5529.382559 9999
5532.993873 9999
5540.589419 2.00396776199
5548.231395 2.00986202558
5556.000374 2.00676425298
5563.602858 2.01983793577
5571.248507 2.01254526774
5578.92471 2.0198682944
5586.698679 2.00783793132
5594.284893 2.00255258878
5597.939559 9999
5605.597423 2.02020295461
5613.229877 2.00535472234
5621.054892 2.01396751404
5628.624941 2.01590394974
5636.251432 2.01185750961
5643.802146 2.00910504659
5647.632308 9999
5655.203172 2.00417470932
5662.838203 2.02161931992
5670.381301 2.00475041072
5678.026844 2.0199025472
5685.803783 2.00598239899
5693.392747 2.00721629461
5700.992104 2.01400192579
5708.574719 2.00549936295
5716.302031 2.00515127182
5723.903185 2.00611909231
5731.51082 2.02270030975
5739.165005 2.01587637266
5747.004371 2.01608967781
5754.569754 2.00909630458
5762.250145 2.0151711305
5769.842295 2.00549427668
5777.638791 2.01203592618
5785.19888 2.00404302279
5792.843592 2.01597030958
5800.428023 2.01038543383
5808.225454 2.01584235827
5811.847327 9999
5815.455544 9999
5823.066974 2.0171816349
5830.636229 2.00767366091
5838.421575 2.01972969373
5845.976415 2.00517662366
5853.577381 2.0184489886
5861.21575 2.014270703
5868.992295 2.00696730614
5876.606032 2.01017999649
5884.184013 2.00257436434
5891.744799 2.00776569049
5899.545704 2.01161662738
5907.134882 2.0034011205
5914.70965 2.00446033478
5922.272683 2.00408069293
5930.078844 2.01637458801
5937.666187 2.0093489488
5945.249029 2.00389361382
5952.80535 2.00240866343
5960.566168 2.01030842463
5968.123785 2.00982157389
5975.747143 2.02374569575
5983.326364 2.0135362943
5991.115002 2.00930825869
5998.741424 2.01868534088
6006.319039 2.00150966644
6013.914097 2.01061097781
6021.729351 2.01534700394
6025.353995 9999
6032.987378 2.01891620954
6040.580812 2.00319306056
6048.145822 2.01283629735
6055.97939 2.02077627182
6059.621124 9999
6063.246517 9999
6070.84827 2.00835069021
6078.463603 2.01129833857
6086.226539 2.01520299911
6093.788218 2.0034383138
6101.362176 2.0081319809
6104.971317 9999
6112.583316 2.00871666272
6120.374551 2.00566164653
6127.94897 2.00901142756
6135.567792 2.0098092556
6143.155214 2.00485038757
6150.952323 2.00621501605
6158.514792 2.0041150252
6166.092999 2.01326362292
6173.693791 2.01429669062
6181.509514 2.0094742775
6189.104724 2.00965325038
6196.701365 2.00596698125
6204.277338 2.00362205505
6212.213393 2.01075426737
6219.802041 2.01625696818
6223.452126 9999
6231.019887 2.00533167521
6238.645399 2.01204236348
6246.402356 2.01881686846
6253.97674 2.01129396756
6261.558405 2.00314537684
6269.118885 2.00501203537
6276.896265 2.0071896712
6284.496769 2.0029489994
6292.081997 2.00380071004
6299.732085 2.01332322756
6303.511153 9999
6311.096051 2.00282700857
6314.68567 9999
6322.268165 2.007736365
6329.866087 2.00834592183
6337.431805 2.00357397397
6345.187214 2.00313305855
6348.865001 9999
6356.458093 2.01571297646
6364.050747 2.00602730115
6371.640839 2.00906634331
6379.369559 2.01277669271
6386.968556 2.00986162821
6394.568573 2.00635361671
6402.144644 2.00303697586
6405.918893 9999
6413.524152 2.01334007581
6421.15881 2.01119470596
6428.708853 2.00439532598
6436.270805 2.00435058276
6444.076981 2.00478696823
6451.664204 2.01097798347
6459.218235 2.00717862447
6462.817063 9999
6466.451929 9999.0
6474.341515 2.01655133565
6477.96639 9999
6485.559238 2.00832740466
6493.116209 2.00610963504
6500.671885 2.00714262327
6508.472395 2.01374737422
6516.069111 2.00398302078
6523.713718 2.0155172348
6531.286167 2.00796929995
6535.091503 9999
6542.672634 2.01568110784
6550.303763 2.01561824481
6557.859691 2.00556659698
6565.411611 2.00324670474
6569.227517 9999
6576.799519 2.00161767006
6584.398399 2.0100060304
6591.978925 2.00507060687
6595.648714 9999.0
6603.48915 2.01811361313
6611.120279 2.01399366061
6618.702048 2.00201845169
6626.290321 2.00835728645
6634.040594 2.0101556778
6641.588421 2.0062426726
6649.208008 2.00284862518
6656.770259 2.0079703331
6664.484078 2.00295631091
6672.105913 2.01374411583
6675.73706 9999
6683.338661 2.00225257874
6686.96827 9999.0
6694.719191 2.00432729721
6702.32265 2.01022696495
6709.903928 2.0034532547
6717.497485 2.01509428024
6725.276301 2.0032907327
6732.866154 2.00449601809
6740.508807 2.01205857595
6748.134906 2.0110613505
6755.999916 2.01148764292
6763.654167 2.0147506396
6771.324358 2.02460606893
6778.958833 2.01612035433
6786.762732 2.01337536176
6790.389718 9999
6797.934265 2.00643261274
6805.533272 2.01975735029
6813.125889 2.01618003845
6820.926496 2.00218566259
6828.595419 2.01940131187
6836.203532 2.01046593984
6839.842775 9999
6847.498942 2.02928932508
6855.336 2.00854372978
6862.892629 2.00219496091
6870.480392 2.00487263997
6878.100199 2.01442495982
6885.906049 2.00927400589
6893.52013 2.00716972351
6901.119148 2.01328500112
6908.731875 2.02502393723
6916.60326 2.03298370043
6920.265868 9999
6927.87471 2.0045367082
6935.49266 2.0116490523
6943.15768 2.01081403097
6950.902173 2.01077842712
6958.468897 2.0159453551
6966.105436 2.01571981112
6973.795854 2.02602537473
6981.616099 2.00882665316
6989.268662 2.02289827665
6996.870201 2.00253009796
7004.448108 2.00840504964
7012.2171 2.00888458888
7015.895756 9999
7023.463422 2.00728901227
7031.042695 2.00770831108
7034.656012 9999.0
7042.458015 2.01842093468
7050.102329 2.01448631287
7057.722723 2.0084883372
7065.354701 2.02029037476
7073.143608 2.01452732086
7080.703907 2.00766261419
7088.251124 2.00207074483
7091.910085 9999
7099.521494 2.00810027122
7107.328093 2.01739231745
7114.892227 2.00985972087
7122.527953 2.01620960236
7126.168594 9999
7133.806657 2.01250537237
7141.601749 2.01074433327
7145.254652 9999
7152.837258 2.01273091634
7156.493036 9999
7164.126877 2.01338100433
7171.926566 2.00222357114
7179.50868 2.00416143735
7187.145764 2.01792637507
7194.732186 2.01002462705
7202.490301 2.0019009908
