5.934402 1.16412822405
11.772843 1.16556604703
17.60923 1.16346208254
23.850974 1.29035663605
29.652407 1.15470767021
35.777243 1.26868534088
41.831062 1.16320164998
47.714943 1.17328095436
53.522921 1.15474923452
59.326173 1.14413841565
65.197759 1.17785159747
71.086334 1.17809573809
77.123248 1.18099625905
83.024553 1.17865331968
88.848972 1.1606713136
94.784863 1.17528303464
100.689216 1.18409967422
106.659072 1.21238636971
112.964899 1.27714029948
118.818123 1.16921869914
124.673447 1.17205611865
130.844795 1.27497736613
136.765407 1.20119690895
142.686228 1.16881402334
148.64112 1.2034842968
154.511974 1.17674009005
160.436267 1.1937743028
166.254067 1.16168371836
172.092336 1.17139895757
178.0326 1.17500344912
183.950693 1.18063060443
189.808244 1.17108805974
196.025723 1.29818534851
201.93118 1.19288667043
207.771796 1.16776458422
213.689635 1.16577625275
219.630475 1.18608705203
225.831565 1.29009532928
231.689505 1.17167433103
237.590511 1.19838404655
243.532341 1.19265937805
249.535306 1.18837602933
255.439323 1.1902466615
261.625148 1.28075273832
267.500492 1.18722335498
273.404217 1.19034139315
279.237888 1.16442497571
285.226443 1.18378527959
291.130617 1.17249457041
297.021394 1.17530965805
302.872922 1.1635406812
308.810402 1.2021399339
314.715365 1.18135960897
321.039406 1.27606431643
326.957493 1.18808929125
332.779504 1.16547576586
338.620128 1.16592335701
344.523101 1.18936928113
350.428571 1.18964234988
356.429738 1.18001071612
362.28461 1.17015838623
368.138091 1.16982467969
374.359385 1.29563991229
380.213537 1.17644246419
386.201706 1.20286798477
392.272364 1.19839866956
398.110984 1.15908940633
404.002257 1.17162299156
409.872079 1.17313440641
415.744156 1.17926867803
421.594876 1.16680995623
427.602895 1.18512328466
433.554034 1.19902165731
439.395633 1.16923467318
445.363797 1.20487062136
451.270647 1.18263928095
457.172236 1.18168536822
463.510034 1.27975304921
469.831575 1.32810902596
475.718682 1.1823943456
481.889957 1.28619265556
487.744969 1.17226099968
493.765968 1.18267440796
499.640312 1.1783970197
505.791309 1.27698008219
511.729322 1.19763962428
517.786352 1.23085697492
523.805321 1.17364199956
529.862307 1.23554213842
536.096881 1.29803522428
541.971919 1.17388439178
547.909324 1.20435738564
553.929359 1.17286165555
559.848648 1.17785294851
565.756173 1.18881591161
571.960545 1.2896176974
578.131253 1.27816398938
584.417344 1.28157242139
590.288545 1.17233697573
596.176101 1.17979605993
602.430118 1.29355168343
608.35139 1.18336431185
614.741679 1.29629238447
620.960386 1.28574299812
627.152145 1.2712410291
633.305823 1.26979366938
639.211334 1.17837929726
645.181847 1.15972900391
651.132797 1.19391496976
656.991732 1.16568398476
662.892785 1.18158427874
668.749107 1.17072208722
674.620678 1.16868066788
680.673257 1.17892138163
686.609583 1.19135006269
692.551269 1.20074073474
698.418974 1.1718070507
704.309111 1.18547765414
710.27854 1.20192265511
716.282028 1.17729965846
722.206539 1.18993631999
728.10817 1.18289661407
734.098948 1.20533736547
739.969172 1.17337067922
746.191707 1.2879242897
752.242213 1.17772976557
758.231655 1.21627561251
764.166916 1.17998361588
770.072845 1.17272035281
775.928653 1.17118875186
781.832786 1.17992170652
788.239766 1.29411951701
794.173875 1.19025262197
800.044361 1.17087101936
805.969095 1.17977905273
811.886546 1.18550697962
817.912212 1.16889492671
823.831962 1.19330358505
829.784817 1.20140775045
835.737543 1.20349438985
841.609627 1.17067440351
847.880749 1.31118766467
853.969439 1.17314211528
859.842394 1.17157443364
865.726906 1.17564868927
871.898157 1.27455568314
877.785917 1.18397370974
883.640515 1.16516669591
889.68073 1.1757449309
895.632657 1.19601869583
901.521302 1.17446192106
907.492801 1.20583264033
913.399809 1.18212302526
919.320124 1.19147237142
925.37285 1.17347741127
931.360673 1.21112974485
937.268095 1.1826423804
943.201765 1.19606574376
949.106168 1.18825705846
955.010644 1.18163903554
961.382517 1.27210672696
967.239904 1.17102265358
973.194524 1.19317499797
979.462395 1.30622331301
985.351589 1.17573134104
991.374822 1.18446397781
997.293958 1.18091694514
1003.113157 1.15750598907
1009.30177 1.27771735191
1015.141785 1.15669441223
1021.013571 1.16872374217
1027.181469 1.19569778442
1033.437135 1.29417061806
1039.30636 1.17369310061
1045.277988 1.20438798269
1051.436452 1.2758623759
1057.557028 1.19051027298
1063.708874 1.26839971542
1069.94681 1.28541954358
1076.103512 1.27074313164
1081.988852 1.17066303889
1088.029845 1.18196042379
1094.267483 1.29520702362
1100.240219 1.19581898053
1106.14072 1.17362864812
1112.032024 1.1852329572
1118.417266 1.27371263504
1124.320449 1.18727000554
1130.227174 1.17466163635
1136.417244 1.27135698001
1142.336788 1.18009495735
1148.458431 1.19744904836
1154.44313 1.18923997879
1160.364364 1.186388731
1166.602691 1.2912940979
1172.526389 1.19212698936
1178.581303 1.18111769358
1184.519744 1.1938800017
1190.389859 1.171920379
1196.293986 1.18082269033
1202.480628 1.27126566569
1208.352231 1.1717830499
1214.504828 1.19802498817
1220.512176 1.21088171005
1226.450638 1.18838167191
1232.351053 1.17979796727
1238.305601 1.19651206334
1244.227831 1.18140641848
1250.418816 1.20383667946
1256.336573 1.18707601229
1262.24025 1.18436106046
1268.095231 1.16558607419
1274.002885 1.17876267433
1279.940771 1.19400008519
1286.358534 1.27639365196
1292.563824 1.28417174021
1298.471434 1.17719769478
1304.722063 1.29256860415
1310.693553 1.19321568807
1316.815783 1.1929426988
1322.703059 1.17923227946
1328.944405 1.29728460312
1334.881964 1.18966635068
1340.732597 1.16747371356
1346.855894 1.18516294161
1353.095798 1.30157438914
1359.062841 1.19609800975
1364.968156 1.18627667427
1370.858051 1.17883173625
1376.89263 1.17323335012
1382.797583 1.18050400416
1388.71973 1.18722931544
1394.890303 1.26245188713
1401.128733 1.28866871198
1407.232612 1.17649316788
1413.153174 1.19040735563
1419.124312 1.20425804456
1425.016289 1.177115043
1430.966568 1.19737966855
1436.858695 1.17609286308
1442.960119 1.17909026146
1448.933946 1.19641868273
1454.836907 1.1793700854
1460.72564 1.17840806643
1466.729846 1.21353467306
1472.598155 1.17197362582
1478.736 1.18953235944
1484.910995 1.26993298531
1491.128369 1.28459572792
1497.003397 1.16960668564
1503.153703 1.25936937332
1509.242051 1.17920072873
1515.133202 1.17142732938
1521.01759 1.17285863558
1526.97283 1.20249271393
1532.85965 1.17763996124
1538.766355 1.18068464597
1544.934787 1.19479044278
1550.873978 1.18637641271
1556.694583 1.15381097794
1562.600996 1.18279147148
1568.821924 1.2846596241
1574.876701 1.1752123038
1580.745092 1.17215069135
1586.704309 1.18765600522
1592.554435 1.17170937856
1598.508922 1.1955335935
1604.613347 1.2422320048
1611.071308 1.3065726757
1616.973021 1.18637235959
1622.877015 1.16671069463
1628.814895 1.1872344017
1635.040527 1.29444400469
1641.424909 1.28930695852
1647.348393 1.18739597003
1653.520819 1.26965371768
1659.407378 1.18063600858
1665.308592 1.16948231061
1671.429845 1.17821931839
1677.336912 1.17447559039
1683.322416 1.20828374227
1689.243348 1.18621428808
1695.165271 1.18633802732
1701.386529 1.29579909643
1707.473958 1.16652433077
1713.34439 1.17469763756
1719.24939 1.18899130821
1725.19063 1.19082665443
1731.092246 1.17819142342
1737.029104 1.19175577164
1743.117137 1.16657201449
1749.005359 1.17099197706
1754.909223 1.17901031176
1760.796846 1.18459526698
1766.75535 1.19683297475
1772.639437 1.17607839902
1778.827867 1.19710890452
1784.718493 1.18284598986
1790.622353 1.17215371132
1796.494113 1.17458160718
1802.715755 1.29148697853
1808.883053 1.18686596553
1814.921075 1.21714138985
1820.876451 1.19387801488
1827.100687 1.29088600477
1832.984244 1.17969973882
1839.141168 1.17774470647
1845.060659 1.18701235453
1851.264475 1.27655768394
1857.119238 1.16973829269
1863.340514 1.28642765681
1869.448151 1.18540708224
1875.30187 1.16624697049
1881.50523 1.28695027033
1887.692976 1.2782386144
1893.881228 1.28070632617
1900.353879 1.29562322299
1906.225624 1.17158754667
1912.510312 1.30870294571
1918.665345 1.26884667079
1924.553407 1.17308561007
1930.528449 1.14974967639
1936.461193 1.18329040209
1942.349746 1.18062400818
1948.288144 1.1874461174
1954.224734 1.19815166791
1960.129451 1.18699264526
1966.150415 1.17200104396
1972.073373 1.18521801631
1978.009516 1.18342622121
1983.967696 1.20238542557
1989.82215 1.1687353452
1995.740267 1.1896036466
2001.860549 1.18068607648
2007.784969 1.18128538132
2013.703032 1.18947331111
2019.57721 1.16558535894
2025.444728 1.16603326797
2031.41718 1.1976073583
2037.605335 1.18045369784
2043.478442 1.17486198743
2049.415216 1.19678203265
2055.350518 1.19526394208
2061.204852 1.17174863815
2067.146047 1.1958313783
2073.264065 1.1825217406
2079.201875 1.18617335955
2085.125484 1.20082036654
2091.164594 1.22969293594
2097.065168 1.18276222547
2102.953355 1.17695029577
2109.024552 1.19121408463
2114.915096 1.17105237643
2120.833785 1.18432807922
2127.020883 1.28195325534
2133.195077 1.27621165911
2139.797172 1.32476695379
2145.985055 1.28487070402
2151.89184 1.17726071676
2157.810965 1.18750969569
2163.665444 1.15874258677
2169.786423 1.18151895205
2175.677869 1.16769997279
2181.630291 1.19643060366
2187.585909 1.19250400861
2193.453584 1.1680970192
2199.659019 1.27426242828
2205.829872 1.18449568748
2211.738158 1.17515540123
2217.92253 1.2789440155
2223.761329 1.16334994634
2229.981189 1.28958972295
2236.253005 1.19802840551
2242.144231 1.16977127393
2248.132023 1.20013133685
2254.069626 1.20131889979
2259.97055 1.1790192922
2266.060878 1.18193205198
2272.083716 1.21039819717
2278.068488 1.20422093074
2284.05881 1.20120660464
2290.230713 1.26733199755
2296.417924 1.18488335609
2302.637163 1.2848285834
2308.476462 1.15776904424
2314.377693 1.1841553847
2320.265765 1.17251896858
2326.386866 1.18059563637
2332.275303 1.17353868484
2338.49995 1.28998661041
2344.387886 1.17027934392
2350.304861 1.18628231684
2356.463348 1.17905298869
2362.366494 1.18619863192
2368.235073 1.16819532712
2374.107709 1.17276159922
2380.014079 1.17540168762
2385.95067 1.1954360803
2392.105997 1.18018333117
2397.991419 1.17618076007
2403.914192 1.18452898661
2410.220048 1.30423760414
2416.154065 1.1807633241
2422.261137 1.18416372935
2428.497939 1.28163592021
2434.401232 1.18198037148
2440.324661 1.18971101443
2446.262433 1.19210799535
2452.467998 1.17887274424
2458.369035 1.18457428614
2464.656868 1.30845141411
2470.561842 1.18192974726
2476.800159 1.29179437955
2482.908319 1.16124606133
2488.795664 1.17731833458
2494.664023 1.17453797658
2500.885198 1.29323601723
2506.738419 1.1627767086
2512.743176 1.2092470328
2518.880836 1.17435105642
2524.85514 1.2018310229
2530.756682 1.1766072909
2536.610384 1.18280903498
2542.548812 1.19519670804
2548.437182 1.17831134796
2554.52477 1.18154573441
2560.46166 1.18662730853
2566.40075 1.1902569135
2572.307373 1.18272058169
2578.175418 1.17376891772
2584.113936 1.19407788912
2590.284295 1.17788267136
2596.192666 1.18109830221
2602.144471 1.18950565656
2608.084013 1.18854896228
2613.952746 1.17418034871
2620.17686 1.29410529137
2626.648575 1.29189904531
2632.618608 1.20186273257
2638.439849 1.15524458885
2644.30914 1.1680662632
2650.19974 1.17505057653
2656.653274 1.27502497037
2662.508534 1.17167925835
2668.463511 1.19904200236
2674.363499 1.18063402176
2680.218761 1.1656417052
2686.42447 1.21841756503
2692.331374 1.17616566022
2698.265456 1.17515603701
2704.254539 1.20143127441
2710.211377 1.19400231043
2716.482623 1.2955160141
2722.616811 1.17748673757
2728.875026 1.29880992572
2734.812197 1.19631902377
2740.764925 1.196209987
2746.634855 1.16957402229
2752.858721 1.19913403193
2758.760048 1.18263904254
2764.584853 1.15582299232
2770.456711 1.17273624738
2776.291587 1.15418767929
2782.177803 1.17406105995
2788.369425 1.18176643054
2794.253861 1.17113407453
2800.141389 1.17568890254
2806.045835 1.18078859647
2811.91801 1.16843001048
2817.791033 1.16387494405
2824.010889 1.18417668343
2829.933033 1.18004163106
2835.872581 1.19647232691
2841.843454 1.19383764267
2847.780548 1.19179964066
2853.848056 1.17805131276
2859.839014 1.19364229838
2865.707008 1.15633765856
2871.662823 1.18609436353
2877.616879 1.18036866188
2883.537352 1.17909661929
2889.675109 1.17406105995
2895.930049 1.30020562808
2901.90085 1.20719941457
2907.789416 1.17705965042
2913.943232 1.26871736844
2920.131951 1.17503261566
2926.037838 1.17600067457
2932.027546 1.20092829069
2937.914527 1.17658058802
2943.88606 1.19737068812
2949.824051 1.20239774386
2956.028724 1.17813762029
2961.94918 1.18630838394
2967.900449 1.19619576136
2974.121356 1.29626599948
2980.376825 1.2929169337
2986.634507 1.20994067192
2992.536928 1.17810440063
2998.443889 1.18221433957
3004.360957 1.18483169874
3010.632249 1.29688064257
3016.907136 1.19332798322
3022.857689 1.19766934713
3028.829689 1.20037500064
3034.76784 1.19113000234
3040.973022 1.28162535032
3047.496624 1.3041806221
3053.468313 1.20314701398
3059.48915 1.21845038732
3065.356785 1.17395798365
3071.228695 1.17319560051
3077.382966 1.17812331518
3083.237049 1.16679708163
3089.194827 1.18961930275
3095.113057 1.18640470505
3101.020713 1.18396433194
3107.205111 1.28446865082
3113.493127 1.20225818952
3119.481453 1.20775357882
3125.354319 1.17809327443
3131.306068 1.19676240285
3137.231066 1.18928877513
3143.365008 1.17341264089
3149.287456 1.18222792943
3155.124864 1.16875799497
3161.015591 1.17255401611
3166.96623 1.19850643476
3172.870444 1.1775636673
3179.225274 1.28059132894
3185.229917 1.20963565509
3191.420826 1.28540372849
3197.390057 1.20429730415
3203.243514 1.16347328822
3209.451944 1.19314042727
3215.369126 1.18550070127
3221.273201 1.18686302503
3227.21101 1.19220662117
3233.102617 1.16534630458
3238.98782 1.17969489098
3245.24194 1.21120794614
3251.212585 1.20065832138
3257.153994 1.18496568998
3263.137579 1.21163741748
3269.046233 1.17987537384
3275.19657 1.1774216493
3281.137898 1.19107802709
3287.022581 1.17526563009
3293.231053 1.27192083995
3299.168793 1.19312906265
3305.669808 1.27936331431
3311.590367 1.19032907486
3317.511989 1.19267996152
3323.403873 1.18086067835
3329.323288 1.17573491732
3335.542597 1.20021065076
3341.764546 1.28899598122
3347.701345 1.19534301758
3353.588531 1.17115966479
3359.464481 1.17398834229
3365.6353 1.1742943128
3371.569439 1.1840766271
3377.457058 1.17372099559
3383.648605 1.28243462245
3389.920768 1.30025537809
3396.054883 1.17268443108
3402.308658 1.30303033193
3408.29722 1.19772664706
3414.15478 1.16346446673
3420.324372 1.27518693606
3426.793715 1.27298434575
3432.698521 1.18087546031
3438.569578 1.16155600548
3444.473852 1.18249130249
3450.37753 1.17429232597
3456.486545 1.18579634031
3462.437475 1.18898868561
3468.625026 1.27760434151
3474.816024 1.28225326538
3480.720751 1.18174393972
3486.922097 1.18124508858
3492.893051 1.19950763385
3498.797465 1.18213526408
3504.655358 1.1625863711
3510.556555 1.18365176519
3516.797215 1.29067691167
3522.999035 1.18379275004
3528.870449 1.16743397713
3534.794684 1.17926732699
3540.730155 1.19550689061
3546.700536 1.20003302892
3552.591766 1.17133641243
3558.793434 1.17955096563
3564.816795 1.2070453167
3570.701801 1.17949493726
3576.640954 1.19644236565
3582.526915 1.17888196309
3588.415547 1.17526666323
3594.603466 1.17663574219
3600.524956 1.18649458885
3606.448279 1.18602164586
3612.40347 1.19865004222
3618.571755 1.27459565798
3624.709443 1.17303029696
3630.630307 1.18316102028
3636.688117 1.23550709089
3642.638912 1.19458238284
3648.52689 1.17935069402
3654.417843 1.17619331678
3660.636652 1.19070529938
3666.690089 1.20858263969
3672.931802 1.29740595818
3678.865753 1.19259262085
3684.836618 1.21009103457
3690.978652 1.15747793516
3696.862031 1.17487335205
3702.78485 1.18709031741
3708.721967 1.19144225121
3714.612213 1.17267394066
3720.832908 1.28695034981
3727.035312 1.17399406433
3732.940301 1.17580596606
3738.860692 1.18697396914
3744.76811 1.17887703578
3750.957241 1.27830529213
3757.093911 1.17281468709
3762.999462 1.17366520564
3768.967587 1.20712534587
3774.873515 1.18279695511
3780.74152 1.17171200116
3786.712934 1.19589360555
3792.884272 1.17621469498
3798.842256 1.18828996023
3804.693287 1.15757513046
3810.616536 1.19088935852
3816.502584 1.17646129926
3822.393104 1.1750617822
3828.460819 1.16755898794
3834.419463 1.19223038356
3840.637158 1.28850825628
3846.574852 1.19328633944
3852.463547 1.17439103127
3859.003013 1.28515863419
3865.188535 1.28181465467
3871.043295 1.17129556338
3876.980577 1.19039869308
3882.818273 1.15288543701
3889.043859 1.20520965258
3894.91439 1.16901636124
3900.799275 1.17825007439
3906.690343 1.1778819561
3912.657812 1.20470396678
3918.545415 1.17587471008
3924.686371 1.19664899508
3930.624336 1.18054866791
3936.458382 1.16085926692
3942.413073 1.19649004936
3948.353362 1.19831800461
3954.238969 1.16445167859
3960.463916 1.18999489148
3966.698395 1.29298472404
3972.587838 1.18279067675
3978.506879 1.18857463201
3984.41119 1.18075195948
3990.665854 1.19082665443
3996.521161 1.16543340683
4002.392163 1.16981267929
4008.26301 1.17465559642
4014.187421 1.18652025859
4020.104795 1.18706568082
4026.326047 1.17537840207
4032.301002 1.19745763143
4038.218453 1.1799800396
4044.122287 1.17958664894
4050.077189 1.19113556544
4056.032666 1.19535835584
4062.187263 1.15751242638
4068.490909 1.30109834671
4074.3979 1.17802302043
4080.332873 1.19451395671
4086.288512 1.19654464722
4092.392462 1.17882402738
4098.363304 1.18965029716
4104.318021 1.20030633609
4110.275849 1.20363299052
4116.576976 1.30594237645
4122.834131 1.18129515648
4128.76897 1.18176666896
4134.760182 1.19302431742
4141.01278 1.29908633232
4146.920376 1.18274307251
4153.07445 1.16677864393
4159.376835 1.30984799067
4165.382798 1.20196938515
4171.63807 1.29007999102
4177.572882 1.18436400096
4183.795707 1.18045035998
4189.684265 1.17935776711
4195.60337 1.18401463826
4201.573463 1.19589710236
4207.529594 1.18719593684
4213.500149 1.20472804705
4220.039121 1.28370928764
4225.943828 1.17827057838
4231.846239 1.17405374845
4237.737513 1.17495656013
4243.640971 1.18483988444
4249.793241 1.18951567014
4255.750539 1.19945637385
4261.602215 1.16852688789
4267.543761 1.18466361364
4273.4316 1.18512201309
4279.317715 1.17383599281
4285.536554 1.1965593497
4291.474248 1.18494145075
4297.413074 1.1919336319
4303.33654 1.19451944033
4309.240268 1.18371168772
4315.076253 1.15825335185
4321.281317 1.18505334854
4327.168005 1.17379037539
4333.025845 1.16553330421
4338.993332 1.18804430962
4344.931798 1.18999973933
4351.072193 1.26500932376
4357.190162 1.17799297969
4363.195695 1.20801973343
4369.052795 1.16541663806
4374.969668 1.18278169632
4380.80883 1.15513602893
4387.096381 1.30638496081
4393.217348 1.18536265691
4399.17264 1.18640740712
4405.075597 1.18305865924
4411.017124 1.19085327784
4417.222394 1.27631092072
4423.427016 1.16638668378
4429.360364 1.1760892868
4435.265154 1.17236725489
4441.169492 1.18702069918
4447.041077 1.16825636228
4452.964894 1.18919038773
4459.285052 1.19615832965
4465.50514 1.2841989994
4471.459949 1.18071667353
4477.565395 1.22093677521
4483.971151 1.29626003901
4491.057677 1.20415830612
4497.346516 1.21794962883
4503.799844 1.31961727142
4510.070986 1.21475958824
4516.410102 1.21523547173
4522.949225 1.2225133578
4529.152856 1.22361675898
4535.391448 1.23337030411
4541.629861 1.22667996089
4547.733959 1.19179240863
4554.48836 1.31206560135
4560.677791 1.20858128866
4566.848928 1.21256240209
4573.085846 1.21533966064
4579.391682 1.25602459908
4586.245881 1.31356271108
4592.485109 1.21420502663
4598.737856 1.23135471344
4605.209936 1.32060432434
4611.798673 1.29661130905
4618.304871 1.19817026456
4624.360746 1.17979900042
4630.67833 1.29157233238
4636.599901 1.16071136793
4642.57381 1.18715596199
4648.942321 1.2059489886
4654.932603 1.18327498436
4661.151609 1.25758767128
4667.071976 1.17288955053
4672.976409 1.17348512014
4679.215892 1.17918030421
4685.185924 1.18215727806
4691.090162 1.17445063591
4696.994292 1.16654674212
4702.949187 1.18894728025
4709.205157 1.28681961695
4715.408451 1.18128196398
4721.362495 1.18883124987
4727.321018 1.19174059232
4733.256983 1.17519831657
4739.209593 1.19358698527
4745.448542 1.20200800896
4751.455415 1.19607535998
4757.426428 1.18096264203
4763.415116 1.20248174667
4769.381413 1.18076570829
4775.636773 1.18467672666
4781.661398 1.20552198092
4787.528877 1.16697041194
4793.501111 1.19776574771
4799.808016 1.31299495697
4806.409957 1.29679926236
4812.334702 1.17198332151
4818.25276 1.17723735174
4824.244289 1.2062865893
4830.445944 1.27412899335
4836.583286 1.18255535762
4842.507308 1.17989969254
4848.72821 1.28147236506
4854.745891 1.20350265503
4860.704361 1.18978428841
4866.90892 1.16874432564
4872.827636 1.17417701085
4878.765097 1.18525695801
4884.751891 1.19296685855
4890.67677 1.18436336517
4896.67841 1.21031864484
4902.915707 1.19049755732
4908.906868 1.18838103612
4914.808524 1.17671068509
4920.679674 1.16777396202
4926.93328 1.29385232925
4933.10464 1.1626376311
4939.061817 1.19043938319
4944.981209 1.18689433734
4950.918118 1.1828862826
4956.856103 1.18794163068
4962.861078 1.20248468717
4969.081959 1.17995230357
4975.020253 1.18598000209
4980.892639 1.16736761729
4986.829303 1.19098758698
4992.752148 1.18935791651
4998.704316 1.19057567914
5005.242055 1.2973429362
5011.146835 1.16576528549
5017.384648 1.28800638517
5023.341153 1.18305571874
5029.609956 1.30111400286
5035.866907 1.18126694361
5041.769888 1.17982006073
5048.008786 1.28885865211
5054.179747 1.27090628942
5060.085366 1.17575764656
5066.323129 1.19198362033
5072.241961 1.17531601588
5078.129913 1.18211634954
5084.121369 1.19758963585
5090.039156 1.18840289116
5096.263701 1.28876137733
5102.80109 1.27791190147
5108.821334 1.21093535423
5114.727724 1.16976801554
5120.6116 1.16840259234
5126.520408 1.18064769109
5132.741171 1.17968201637
5138.678747 1.18215640386
5144.616528 1.18492643038
5150.537447 1.17994101842
5156.755916 1.27957137426
5162.913838 1.15950727463
5168.849074 1.1773279508
5174.76938 1.17099603017
5180.727639 1.1901910305
5186.631718 1.17868304253
5192.619756 1.20797093709
5198.837494 1.18924673398
5204.761835 1.17361529668
5210.615236 1.16865634918
5216.53637 1.17568206787
5222.388782 1.17245936394
5228.362652 1.18622628848
5234.53059 1.17150330544
5240.502259 1.19317396482
5246.425099 1.16815829277
5252.430515 1.19381086032
5258.317843 1.17107216517
5264.23737 1.18260057767
5270.357824 1.17789928118
5276.277666 1.1848235925
5282.201533 1.18503975868
5288.10546 1.17776163419
5294.041958 1.17623368899
5299.945779 1.17741036415
5306.067661 1.17019232114
5312.008525 1.19273670514
5318.009315 1.19324302673
5323.913901 1.16951656342
5329.834838 1.17501894633
5335.739676 1.17380730311
5341.910336 1.19338798523
5347.834212 1.17151904106
5353.787009 1.19529509544
5359.773868 1.19583264987
5365.744978 1.19827040037
5372.086673 1.18128228188
5378.004677 1.17110776901
5383.925417 1.18022465706
5389.830353 1.17083875338
5395.720692 1.1648636659
5401.957985 1.18776671092
5408.176647 1.26693662008
5414.398714 1.28715960185
5420.322499 1.17937858899
5426.274075 1.18811798096
5432.49526 1.15940999985
5438.469725 1.18936196963
5444.391351 1.18194158872
5450.341597 1.19058267275
5456.23311 1.17214624087
5462.188153 1.19263696671
5468.408004 1.1711473465
5474.342806 1.19368394216
5480.23415 1.17332235972
5486.468719 1.29448564847
5492.627386 1.25908104579
5498.863832 1.18500765165
5504.867717 1.2025039196
5511.086798 1.28069798152
5517.028949 1.18728295962
5522.966404 1.19765941302
5529.2006 1.15953389804
5535.22161 1.21641834577
5541.160741 1.18323906263
5547.117954 1.19149557749
5552.985365 1.17087928454
5559.172675 1.1755490303
5565.144124 1.20087011655
5571.065737 1.18982497851
5577.019737 1.17862494787
5582.957895 1.18496108055
5589.279512 1.32094534238
5595.885318 1.29684400558
5602.125302 1.27690974871
5608.060687 1.18928964933
5613.964878 1.16917101542
5619.856406 1.174036026
5626.160579 1.18578362465
5632.06045 1.18197798729
5638.001575 1.18504365285
5644.236715 1.28915031751
5650.111035 1.15902264913
5656.483255 1.26680668195
5662.453326 1.1954518954
5668.340812 1.17220759392
5674.245144 1.17166701953
5680.234301 1.20672218005
5686.43893 1.1675268809
5692.358621 1.19239608447
5698.294282 1.18697309494
5704.465226 1.27767062187
5710.436948 1.18496394157
5716.661286 1.1619691054
5722.628788 1.19064029058
5728.603706 1.20297328631
5734.571979 1.1955426534
5740.542903 1.19765472412
5746.99729 1.25394463539
5752.939103 1.18552700679
5758.772909 1.15886863073
5764.67714 1.18651326497
5770.598232 1.17772436142
5776.885959 1.18282691638
5782.824398 1.18385163943
5788.745087 1.18013374011
5794.786476 1.21915078163
5800.920979 1.26111364365
5807.226191 1.20307032267
5813.164838 1.18766967456
5819.05109 1.17745232582
5825.305315 1.29930392901
5831.210167 1.17097806931
5837.45202 1.18319129944
5843.37018 1.18129126231
5849.274026 1.1731707255
5855.21229 1.1854206721
5861.132516 1.18759560585
5867.391094 1.29220596949
5873.562178 1.18507464727
5879.480508 1.16869099935
5885.417905 1.18820865949
5891.38874 1.1989030838
5897.329697 1.1935544014
5903.58207 1.29194498062
5909.819145 1.18664161364
5915.756597 1.18230899175
5921.680971 1.19125588735
5927.565307 1.17462873459
5933.507695 1.19951709112
5939.758141 1.28747487068
5945.913149 1.18965880076
5951.771024 1.16404835383
5957.638002 1.16499638557
5963.577239 1.18335858981
5969.513647 1.18335270882
5975.719107 1.27725259463
5981.906507 1.1664557457
5987.860719 1.18806195259
5993.785065 1.18851598104
5999.702874 1.18257967631
6005.658661 1.20535890261
6011.56195 1.16106502215
6017.833411 1.19392037392
6023.7374 1.17233427366
6029.679618 1.18865656853
6035.629994 1.17917553584
6041.538177 1.17221856117
6047.988921 1.29579504331
6054.045518 1.1865170002
6060.001062 1.18919094404
6065.90319 1.17534255981
6071.806997 1.16627931595
6078.04672 1.17419163386
6084.033448 1.20624597867
6089.987577 1.18578163783
6095.829126 1.15753070513
6101.745608 1.17866206169
6107.600836 1.16634774208
6113.854903 1.20666201909
6119.80983 1.18431870143
6125.814409 1.21047767003
6131.802187 1.20032564799
6137.723362 1.1854733626
6144.281204 1.25956670443
6150.216674 1.18550690015
6156.574108 1.31450772285
6162.477896 1.17807730039
6168.432527 1.20236468315
6174.654195 1.19095508258
6180.908858 1.2782784303
6186.792871 1.17216237386
6192.767407 1.1936480999
6198.768541 1.20376133919
6205.073237 1.18958632151
6210.99491 1.17478926977
6216.951863 1.18924657504
6222.869718 1.17663971583
6228.794581 1.17903502782
6235.011871 1.1682823499
6240.869727 1.15664132436
6246.688839 1.15110190709
6252.611982 1.18054660161
6258.581285 1.20448660851
6264.76898 1.26469691594
6270.97278 1.17015171051
6276.977302 1.19823964437
6283.214819 1.28673529625
6289.152845 1.18336820602
6295.274295 1.16018064817
6301.596452 1.19589495659
6307.484526 1.1725739638
6313.440319 1.19056940079
6319.442367 1.21115636826
6325.413355 1.18680723508
6331.701128 1.18593231837
6337.642879 1.18281300863
6343.593564 1.19277000427
6349.53552 1.18762644132
6355.469792 1.18605995178
6361.794156 1.1948149999
6367.698859 1.17783204714
6373.632796 1.17487136523
6379.571172 1.18826738993
6385.52508 1.18698231379
6391.84911 1.19807004929
6397.771105 1.17220369975
6404.038858 1.29252958298
6410.009706 1.19027932485
6415.931441 1.18185973167
6422.319398 1.20586164792
6428.210711 1.16223462423
6434.129157 1.1846250693
6440.01649 1.16332697868
6446.03761 1.19403704007
6452.374856 1.20331199964
6458.232874 1.15472730001
6464.200552 1.19467631976
6470.121921 1.17409706116
6476.111229 1.202252388
6482.764784 1.30185230573
6488.638467 1.1600476106
6494.873234 1.28727038701
6500.797491 1.17765728633
6507.000556 1.27845390638
6513.239199 1.19394310315
6519.160487 1.17321062088
6525.029707 1.15709932645
6531.033601 1.19762166341
6537.025044 1.19945430756
6543.328934 1.1901819706
6549.601204 1.29249238968
6555.485545 1.15712364515
6561.706756 1.28088800112
6567.597796 1.16815137863
6573.849379 1.18592000008
6579.838757 1.18477272987
6585.8613 1.20771988233
6591.76345 1.17656564713
6597.733888 1.20274504026
6604.005396 1.17586604754
6609.925958 1.18036810557
6615.881135 1.18614975611
6622.222752 1.30971598625
6628.173111 1.19215472539
6634.511851 1.2022655805
6640.432856 1.18056416512
6646.388097 1.19547446569
6652.66205 1.28814204534
6658.579214 1.18681160609
6664.937679 1.20826633771
6670.871692 1.1859989961
6677.176574 1.29937974612
6683.197747 1.21952827772
6689.069011 1.16585636139
6695.440738 1.20792039235
6701.429163 1.19973834356
6707.601985 1.26686724027
6713.588202 1.19794893265
6719.561227 1.20172039668
6725.930135 1.2108707428
6731.91778 1.20569467545
6738.122246 1.27705200513
6744.064202 1.18552438418
6750.049739 1.18949731191
6756.423758 1.20195301374
6762.342905 1.17919898033
6768.247712 1.17840417226
6774.100242 1.15331935883
6780.053377 1.17268498739
6786.411551 1.19159698486
6792.366555 1.19842902819
6798.351079 1.19064339002
6804.288819 1.19192862511
6810.242928 1.18192164103
6816.564525 1.20594501495
6822.819315 1.28503020604
6828.807959 1.19242866834
6834.764803 1.18158960342
6840.649292 1.17498834928
6847.020597 1.20603434245
6852.974582 1.19440770149
6858.916684 1.18984738986
6864.850421 1.18169267972
6870.789178 1.18621706963
6877.009877 1.16411860784
6882.914416 1.17581899961
6888.901269 1.20260326068
6894.839827 1.1847966512
6900.780579 1.19516595205
6907.166092 1.19503537814
6913.136577 1.19476731618
6919.057771 1.17696356773
6924.999503 1.18763836225
6930.970212 1.19491704305
6937.32164 1.22664721807
6943.276761 1.18970863024
6949.200216 1.18752066294
6955.152319 1.19050065676
6961.089139 1.1956589222
6967.41424 1.19351967176
6973.318701 1.17370398839
6979.222725 1.17712275187
6985.057786 1.16092038155
6990.97922 1.18178335826
6996.900291 1.18352127075
7003.237917 1.18770170212
7009.176111 1.18904264768
7015.1 1.19405436516
7021.004817 1.18138162295
7026.992377 1.20835526784
7033.293446 1.189691782
7039.251959 1.17956765493
7045.11883 1.16932010651
7051.040285 1.181782643
7056.928157 1.17518933614
7062.866146 1.18570868174
7069.07015 1.19123999278
7075.009302 1.19084993998
7080.898397 1.17104101181
7086.849668 1.19224818548
7092.770547 1.18125001589
7098.695109 1.17768438657
7105.032909 1.18029634158
7111.017913 1.18748299281
7116.905834 1.1771876812
7122.827277 1.18397537867
7128.797819 1.20621307691
7135.136896 1.1840283076
7141.310312 1.26788711548
7147.579686 1.2957983017
7153.436757 1.16195170085
7159.421035 1.19943873088
7165.661637 1.17524607976
7171.58411 1.1728673776
7177.518025 1.18578569094
7183.405729 1.16986409823
7189.760287 1.31073832512
7196.132074 1.19592324893
7202.069895 1.1924709479
