2.179296 9999
4.225615 9999
6.28223 9999
8.395341 9999
10.44611 9999
12.521513 9999
14.586697 9999
16.673482 9999
18.726447 9999
20.78013 9999
22.823625 9999
24.942836 9999
27.077964 9999
29.129386 9999
31.19305 9999.0
33.474015 9999
35.528891 9999
37.616387 9999
39.679179 9999
41.741147 9999
43.817197 9999
45.89561 9999
47.981892 9999
50.011474 9999
52.064697 9999
54.139006 9999
56.203297 9999
58.290149 9999
60.368807 9999
62.445062 9999.0
64.664561 9999
66.743153 9999
68.839228 9999
70.912935 9999
72.967839 9999
75.043244 9999
77.105514 9999
79.19261 9999
81.257018 9999
83.323343 9999
85.418659 9999
87.499798 9999
89.585236 9999
91.672662 9999
93.728211 9999.0
95.981017 9999
98.026434 9999
100.096805 9999
102.15218 9999
104.215357 9999
106.305477 9999
108.366874 9999
110.456215 9999
112.519768 9999
114.58398 9999
116.659775 9999
118.72191 9999
120.777266 9999
122.862169 9999
124.923303 9999.0
127.170027 9999
129.201189 9999
131.274081 9999
133.328506 9999
135.377426 9999
137.46025 9999
139.520769 9999
141.580646 9999
143.633168 9999
145.684941 9999
147.744102 9999
149.777563 9999
151.855567 9999
153.916651 9999
155.970488 9999.0
158.218899 9999
160.271386 9999
162.332812 9999
164.375003 9999
166.435026 9999
168.498239 9999
170.537638 9999
172.589225 9999
174.671249 9999
176.718826 9999
178.780817 9999
180.833521 9999
182.900477 9999
184.943266 9999
187.017867 9999.0
189.271004 9999
191.334181 9999
193.421929 9999
195.476471 9999
197.52674 9999
199.831222 9999
201.882695 9999
203.936574 9999
205.99815 9999
208.064745 9999
210.113703 9999
212.167387 9999
214.232928 9999
216.296981 9999
218.361987 9999.0
220.632368 9999
222.708851 9999
224.760897 9999
226.80609 9999
228.899489 9999
230.948422 9999
233.008339 9999
235.064579 9999
237.139767 9999
239.223645 9999
241.268097 9999
243.317356 9999
245.385325 9999
247.4503 9999
249.539001 9999.0
251.757462 9999
253.80509 9999
255.851956 9999
257.914306 9999
259.993536 9999
262.045069 9999
264.090659 9999
266.142248 9999
268.216471 9999
270.30604 9999
272.396015 9999
274.454084 9999
276.536704 9999
278.602076 9999
280.682408 9999.0
282.931355 9999
284.981481 9999
287.057986 9999
289.126069 9999
291.221613 9999
293.299582 9999
295.377143 9999
297.473648 9999
299.538489 9999
301.641683 9999
303.716462 9999
305.777171 9999
307.8561 9999
309.92357 9999
312.006434 9999.0
314.300197 9999
316.370044 9999
318.4516 9999
320.51452 9999
322.59839 9999
324.673749 9999
326.779601 9999
328.852744 9999
330.934518 9999
333.002418 9999
335.068576 9999
337.134404 9999
339.184648 9999
341.249496 9999
343.291833 9999.0
345.555731 9999
347.621729 9999
349.685852 9999
351.743642 9999
353.840407 9999
355.916665 9999
357.972766 9999
360.041969 9999
362.133076 9999
364.205096 9999
366.262526 9999
368.337163 9999
370.41275 9999
372.462898 9999
374.56227 9999.0
376.845469 9999
378.917709 9999
380.982609 9999
383.074145 9999
385.159967 9999
387.219503 9999
389.274194 9999
391.3395 9999
393.388595 9999
395.457754 9999
397.50135 9999
399.577041 9999
401.633227 9999
403.696276 9999
405.773597 9999.0
408.035035 9999
410.081134 9999
412.145449 9999
414.148489 9999
416.237117 9999
418.300671 9999
420.349068 9999
422.388771 9999
424.459032 9999
426.511039 9999
428.557623 9999
430.61302 9999
432.647148 9999
434.705456 9999
436.787318 9999.0
439.115853 9999
441.210885 9999
443.291546 9999
445.349635 9999
447.44955 9999
449.501627 9999
451.556019 9999
453.644529 9999
455.720979 9999
457.82913 9999
459.906718 9999
461.98063 9999
464.085371 9999
466.147015 9999
468.218614 9999.0
470.500923 9999
472.563147 9999
474.65185 9999
476.730347 9999
478.817003 9999
480.873987 9999
482.933125 9999
484.985162 9999
487.033655 9999
489.101463 9999
491.18253 9999
493.204433 9999
495.253177 9999
497.296906 9999
499.349452 9999.0
501.609543 9999
503.692851 9999
505.741875 9999
507.80982 9999
509.897216 9999
511.986616 9999
514.017498 9999
516.09285 9999
518.150969 9999
520.217606 9999
522.275834 9999
524.319569 9999
526.490221 9999
528.568683 9999
530.670198 9999.0
532.988046 9999
535.07244 9999
537.162755 9999
539.249888 9999
541.327928 9999
543.408843 9999
545.476686 9999
547.53971 9999
549.620088 9999
551.682223 9999
553.770482 9999
555.833472 9999
557.89713 9999
559.943337 9999
562.024886 9999.0
564.340559 9999
566.435468 9999
568.50373 9999
570.567335 9999
572.632547 9999
574.697552 9999
576.77271 9999
578.836664 9999
580.87878 9999
582.942804 9999
585.005658 9999
587.082244 9999
589.145465 9999
591.235054 9999
593.335919 9999.0
595.623869 9999
597.668134 9999
599.711412 9999
601.775137 9999
603.848951 9999
605.909705 9999
607.977345 9999
610.073259 9999
612.137996 9999
614.228523 9999
616.302145 9999
618.393562 9999
620.455465 9999
622.517098 9999
624.595524 9999.0
626.926866 9999
628.980848 9999
631.050762 9999
633.104445 9999
635.167316 9999
637.222084 9999
639.287377 9999
641.349833 9999
643.401875 9999
645.457353 9999
647.514412 9999
649.555878 9999
651.628692 9999
653.693697 9999
655.785041 9999.0
658.07713 9999
660.136643 9999
662.22311 9999
664.300043 9999
666.375881 9999
668.429301 9999
670.494121 9999
672.555486 9999
674.622831 9999
676.698517 9999
678.775823 9999
680.859537 9999
682.924132 9999
684.988245 9999
687.053721 9999.0
689.380944 9999
691.444289 9999
693.497116 9999
695.588197 9999
697.642297 9999
699.734383 9999
701.779945 9999
703.832895 9999
705.896114 9999
707.99131 9999
710.081984 9999
712.132176 9999
714.187218 9999
716.235753 9999
718.301549 9999.0
720.586854 9999
722.652029 9999
724.687548 9999
726.765464 9999
728.852401 9999
730.913857 9999
732.971915 9999
735.049035 9999
737.088343 9999
739.144975 9999
741.216313 9999
743.266897 9999
745.313837 9999
747.348902 9999
749.404909 9999.0
751.723493 9999
753.791316 9999
755.839207 9999
757.879359 9999
759.946057 9999
762.012361 9999
764.059507 9999
766.122724 9999
768.161908 9999
770.233813 9999
772.337222 9999
774.397078 9999
776.448123 9999
778.476424 9999
780.556456 9999.0
782.824071 9999
784.925503 9999
786.977475 9999
789.053162 9999
791.119423 9999
793.195471 9999
795.288895 9999
797.378749 9999
799.43592 9999
801.513165 9999
803.564852 9999
805.614878 9999
807.665413 9999
809.711002 9999
811.757521 9999.0
814.072628 9999
816.154252 9999
818.214406 9999
820.301119 9999
822.389195 9999
824.469474 9999
826.520498 9999
828.619131 9999
830.70359 9999
832.796172 9999
834.862991 9999
836.949554 9999
839.036075 9999
841.110725 9999
843.198851 9999.0
845.502011 9999
847.540828 9999
849.638006 9999
851.70412 9999
853.783287 9999
855.859572 9999
857.93527 9999
859.99695 9999
862.052555 9999
864.114661 9999
866.17618 9999
868.23125 9999
870.305127 9999
872.373583 9999
874.446474 9999.0
876.823765 9999
878.909148 9999
881.01313 9999
883.099754 9999
885.185786 9999
887.254213 9999
889.328321 9999
891.393029 9999
893.457314 9999
895.564689 9999
897.664559 9999
899.740968 9999
901.806086 9999
903.871945 9999
905.945481 9999.0
908.287489 9999
910.361625 9999
912.463641 9999
914.515777 9999
916.602674 9999
918.7044 9999
920.777693 9999
922.853272 9999
924.932897 9999
926.994159 9999
929.067916 9999
931.153354 9999
933.215873 9999
935.275921 9999
937.338953 9999.0
939.651759 9999
941.740862 9999
943.805745 9999
945.908576 9999
947.984483 9999
950.054514 9999
952.125076 9999
954.184571 9999
956.269819 9999
958.334403 9999
960.428727 9999
962.498015 9999
964.603472 9999
966.689169 9999
968.752988 9999.0
971.062884 9999
973.134982 9999
975.233116 9999
977.32558 9999
979.409587 9999
981.509025 9999
983.576209 9999
985.637955 9999
987.724891 9999
989.777864 9999
991.889325 9999
993.971026 9999
996.041153 9999
998.109779 9999
1000.207207 9999.0
1002.513752 9999
1004.588649 9999
1006.685554 9999
1008.752852 9999
1010.836707 9999
1012.916697 9999
1014.989267 9999
1017.089606 9999
1019.179812 9999
1021.243486 9999
1023.340827 9999
1025.44414 9999
1027.546962 9999
1029.604489 9999
1031.7171 9999.0
1034.091219 9999
1036.194291 9999
1038.295342 9999
1040.347836 9999
1042.407476 9999
1044.466751 9999
1046.535356 9999
1048.608286 9999
1050.707484 9999
1052.77647 9999
1054.88834 9999
1056.949668 9999
1059.016184 9999
1061.092922 9999
1063.156286 9999.0
1065.499835 9999
1067.562237 9999
1069.666275 9999
1071.737406 9999
1073.802463 9999
1075.881245 9999
1077.993013 9999
1080.057161 9999
1082.145876 9999
1084.256564 9999
1086.349141 9999
1088.410198 9999
1090.495238 9999
1092.583909 9999
1094.647166 9999.0
1096.949026 9999
1099.051764 9999
1101.141147 9999
1103.227634 9999
1105.265173 9999
1107.35899 9999
1109.433659 9999
1111.521613 9999
1113.610324 9999
1115.6977 9999
1117.783749 9999
1119.861213 9999
1121.95061 9999
1124.036964 9999
1126.122724 9999.0
1128.451009 9999
1130.50765 9999
1132.603303 9999
1134.654051 9999
1136.720308 9999
1138.807038 9999
1140.882942 9999
1143.020314 9999
1145.090428 9999
1147.17003 9999
1149.246106 9999
1151.329651 9999
1153.377567 9999
1155.43219 9999
1157.504591 9999.0
1159.852449 9999
1161.942503 9999
1164.024642 9999
1166.060328 9999
1168.128729 9999
1170.18966 9999
1172.239357 9999
1174.316123 9999
1176.391402 9999
1178.469348 9999
1180.564968 9999
1182.629688 9999
1184.706856 9999
1186.769813 9999
1188.823236 9999.0
1191.104471 9999
1193.205224 9999
1195.305381 9999
1197.341431 9999
1199.417674 9999
1201.480788 9999
1203.551264 9999
1205.633679 9999
1207.700475 9999
1209.768357 9999
1211.860989 9999
1213.927236 9999
1215.98894 9999
1218.033509 9999
1220.096914 9999.0
1222.434595 9999
1224.500588 9999
1226.600856 9999
1228.686893 9999
1230.774021 9999
1232.864079 9999
1234.937817 9999
1237.005837 9999
1239.088718 9999
1241.143441 9999
1243.241492 9999
1245.345797 9999
1247.452425 9999
1249.528435 9999
1251.593777 9999.0
1253.955556 9999
1256.016612 9999
1258.104762 9999
1260.177373 9999
1262.228201 9999
1264.27903 9999
1266.366791 9999
1268.417225 9999
1270.506044 9999
1272.567619 9999
1274.634368 9999
1276.696538 9999
1278.748076 9999
1280.814037 9999
1282.866059 9999.0
1285.123762 9999
1287.172817 9999
1289.549486 9999
1291.639315 9999
1293.698486 9999
1295.766518 9999
1297.833453 9999
1299.85805 9999
1301.930573 9999
1304.010412 9999
1306.089355 9999
1308.173498 9999
1310.239699 9999
1312.315359 9999
1314.464257 9999.0
1316.80237 9999
1318.86662 9999
1320.93035 9999
1323.006101 9999
1325.096191 9999
1327.158548 9999
1329.221038 9999
1331.309181 9999
1333.3739 9999
1335.452839 9999
1337.530232 9999
1339.605039 9999
1341.702174 9999
1343.766885 9999
1345.86782 9999.0
1348.183381 9999
1350.268728 9999
1352.348627 9999
1354.413025 9999
1356.474479 9999
1358.531197 9999
1360.579744 9999
1362.653357 9999
1364.790403 9999
1366.858933 9999
1368.932801 9999
1371.00513 9999
1373.06587 9999
1375.131551 9999
1377.218525 9999.0
1379.58091 9999
1381.650366 9999
1383.737231 9999
1385.80548 9999
1387.901676 9999
1389.985799 9999
1392.038841 9999
1394.116647 9999
1396.20753 9999
1398.293981 9999
1400.369653 9999
1402.435934 9999
1404.522386 9999
1406.601776 9999
1408.687887 9999.0
1411.048797 9999
1413.150236 9999
1415.264284 9999
1417.329678 9999
1419.376843 9999
1421.441933 9999
1423.509133 9999
1425.585641 9999
1427.639553 9999
1429.703461 9999
1431.755778 9999
1433.808174 9999
1435.883523 9999
1437.952901 9999
1440.140728 9999.0
1442.421264 9999
1444.491796 9999
1446.580806 9999
1448.655854 9999
1450.739552 9999
1452.813082 9999
1454.884574 9999
1456.973983 9999
1459.047706 9999
1461.135061 9999
1463.225581 9999
1465.327347 9999
1467.395297 9999
1469.476838 9999
1471.571044 9999.0
1473.905229 9999
1476.005329 9999
1478.092825 9999
1480.206924 9999
1482.31245 9999
1484.393254 9999
1486.471749 9999
1488.556402 9999
1490.644712 9999
1492.745685 9999
1494.822356 9999
1496.886 9999
1498.965443 9999
1501.012781 9999
1503.066485 9999.0
1505.396785 9999
1507.481435 9999
1509.571105 9999
1511.672329 9999
1513.732727 9999
1515.819162 9999
1517.933476 9999
1520.009354 9999
1522.111832 9999
1524.174206 9999
1526.248774 9999
1528.329886 9999
1530.413575 9999
1532.491315 9999
1534.5545 9999.0
1536.861682 9999
1538.918901 9999
1540.98697 9999
1543.048498 9999
1545.102132 9999
1547.191889 9999
1549.267765 9999
1551.366824 9999
1553.457506 9999
1555.519799 9999
1557.621016 9999
1559.705573 9999
1561.761374 9999
1563.852529 9999
1565.971642 9999.0
1568.287071 9999
1570.363478 9999
1572.438173 9999
1574.525042 9999
1576.613167 9999
1578.682178 9999
1580.768459 9999
1582.841171 9999
1584.927914 9999
1586.994362 9999
1589.056819 9999
1591.095901 9999
1593.156462 9999
1595.257886 9999
1597.349721 9999.0
1599.664363 9999
1601.740878 9999
1603.804182 9999
1605.907263 9999
1607.981909 9999
1610.08101 9999
1612.184094 9999
1614.269003 9999
1616.371768 9999
1618.423777 9999
1620.48551 9999
1622.546311 9999
1624.602522 9999
1626.667364 9999
1628.740653 9999.0
1631.053526 9999
1633.147281 9999
1635.239979 9999
1637.324525 9999
1639.40106 9999
1641.477038 9999
1643.565675 9999
1645.64243 9999
1647.72493 9999
1649.804386 9999
1651.880485 9999
1653.967392 9999
1656.041737 9999
1658.158027 9999
1660.245224 9999.0
1662.572399 9999
1664.672154 9999
1666.777394 9999
1668.882479 9999
1670.970972 9999
1673.083514 9999
1675.171381 9999
1677.257434 9999
1679.348853 9999
1681.440901 9999
1683.522214 9999
1685.583481 9999
1687.637387 9999
1689.68959 9999
1691.729205 9999.0
1694.031813 9999
1696.112374 9999
1698.184424 9999
1700.250612 9999
1702.342942 9999
1704.461443 9999
1706.539746 9999
1708.613777 9999
1710.676438 9999
1712.757425 9999
1714.842511 9999
1716.908238 9999
1718.977429 9999
1721.032973 9999
1723.094734 9999.0
1725.414924 9999
1727.492552 9999
1729.56866 9999
1731.664933 9999
1733.708172 9999
1735.796612 9999
1737.87177 9999
1739.960411 9999
1742.03369 9999
1744.13669 9999
1746.213119 9999
1748.280158 9999
1750.363863 9999
1752.436954 9999
1754.50866 9999.0
1756.817326 9999
1758.882246 9999
1760.984483 9999
1763.056947 9999
1765.127472 9999
1767.22087 9999
1769.262626 9999
1771.328016 9999
1773.438519 9999
1775.488167 9999
1777.566596 9999
1779.716926 9999
1781.788497 9999
1783.865109 9999
1785.954487 9999.0
1788.338713 9999
1790.394009 9999
1792.465369 9999
1794.511965 9999
1796.581946 9999
1798.648934 9999
1800.705283 9999
1802.809514 9999
1804.869511 9999
1806.953458 9999
1809.033741 9999
1811.121198 9999
1813.186109 9999
1815.22381 9999
1817.297161 9999.0
1819.633044 9999
1821.728163 9999
1823.795027 9999
1825.857603 9999
1827.90555 9999
1829.971515 9999
1832.048792 9999
1834.099169 9999
1836.163175 9999
1838.225161 9999
1840.285461 9999
1842.356891 9999
1844.406794 9999
1846.481129 9999
1848.530478 9999.0
1850.828669 9999
1852.900684 9999
1854.941736 9999
1857.030586 9999
1859.105251 9999
1861.157007 9999
1863.209255 9999
1865.289978 9999
1867.382222 9999
1869.436305 9999
1871.514741 9999
1873.53022 9999
1875.646952 9999
1877.729412 9999
1879.811379 9999.0
1882.146326 9999
1884.20145 9999
1886.276274 9999
1888.348732 9999
1890.419456 9999
1892.464818 9999
1894.523538 9999
1896.592283 9999
1898.65743 9999
1900.759742 9999
1902.835359 9999
1904.919222 9999
1907.020398 9999
1909.096411 9999
1911.210169 9999.0
1913.537026 9999
1915.628297 9999
1917.689531 9999
1919.761338 9999
1921.835526 9999
1923.907052 9999
1925.964234 9999
1928.056219 9999
1930.145239 9999
1932.252829 9999
1934.322064 9999
1936.409366 9999
1938.488297 9999
1940.56121 9999
1942.639391 9999.0
1944.952863 9999
1947.041211 9999
1949.108147 9999
1951.228781 9999
1953.307373 9999
1955.371115 9999
1957.482723 9999
1959.557158 9999
1961.636997 9999
1963.700501 9999
1965.773044 9999
1967.813978 9999
1969.856712 9999
1971.929878 9999
1973.997703 9999.0
1976.305126 9999
1978.350129 9999
1980.412815 9999
1982.55481 9999
1984.650086 9999
1986.723083 9999
1988.8046 9999
1990.884445 9999
1992.944796 9999
1995.017683 9999
1997.080844 9999
1999.181547 9999
2001.246914 9999
2003.302492 9999
2005.349835 9999.0
2007.713309 9999
2009.792733 9999
2011.853592 9999
2013.907727 9999
2016.006868 9999
2018.093433 9999
2020.220702 9999
2022.314993 9999
2024.417556 9999
2026.464193 9999
2028.475116 9999
2030.549058 9999
2032.614176 9999
2034.647025 9999
2036.722525 9999.0
2039.067974 9999
2041.146304 9999
2043.219832 9999
2045.291172 9999
2047.360983 9999
2049.471722 9999
2051.550478 9999
2053.634021 9999
2055.727288 9999
2057.819977 9999
2059.939244 9999
2062.018507 9999
2064.094967 9999
2066.161202 9999
2068.25262 9999.0
2070.560098 9999
2072.622678 9999
2074.671976 9999
2076.716983 9999
2078.774975 9999
2080.840657 9999
2082.92884 9999
2084.995966 9999
2087.062706 9999
2089.122308 9999
2091.164285 9999
2093.216823 9999
2095.303986 9999
2097.388869 9999
2099.453224 9999.0
2101.848653 9999
2103.932435 9999
2106.031547 9999
2108.131534 9999
2110.193134 9999
2112.285056 9999
2114.371155 9999
2116.471802 9999
2118.544745 9999
2120.6372 9999
2122.723886 9999
2124.828238 9999
2126.901752 9999
2129.036867 9999
2131.115183 9999.0
2133.401287 9999
2135.466813 9999
2137.52976 9999
2139.621473 9999
2141.660147 9999
2143.772027 9999
2145.834101 9999
2147.901032 9999
2149.987645 9999
2152.06652 9999
2154.149401 9999
2156.193984 9999
2158.248659 9999
2160.314538 9999
2162.393151 9999.0
2164.746552 9999
2166.811948 9999
2168.89893 9999
2170.962273 9999
2173.013123 9999
2175.101479 9999
2177.19168 9999
2179.265342 9999
2181.365683 9999
2183.447616 9999
2185.533675 9999
2187.629593 9999
2189.717246 9999
2191.788164 9999
2193.845585 9999.0
2196.153166 9999
2198.2165 9999
2200.293744 9999
2202.382906 9999
2204.440284 9999
2206.520364 9999
2208.57101 9999
2210.622835 9999
2212.689681 9999
2214.752343 9999
2216.818553 9999
2218.870149 9999
2220.913051 9999
2222.995827 9999
2225.02412 9999.0
2227.406493 9999
2229.49017 9999
2231.561462 9999
2233.628885 9999
2235.680642 9999
2237.73384 9999
2239.785561 9999
2241.846564 9999
2243.9101 9999
2245.980928 9999
2248.062126 9999
2250.162611 9999
2252.202138 9999
2254.289761 9999
2256.362889 9999.0
2258.694457 9999
2260.747974 9999
2262.8331 9999
2264.913846 9999
2266.976622 9999
2269.061849 9999
2271.127861 9999
2273.180445 9999
2275.273596 9999
2277.344391 9999
2279.441643 9999
2281.51923 9999
2283.558994 9999
2285.628916 9999
2287.684659 9999.0
2290.07489 9999
2292.161927 9999
2294.239707 9999
2296.302797 9999
2298.388866 9999
2300.440905 9999
2302.518285 9999
2304.581599 9999
2306.666355 9999
2308.745417 9999
2310.832985 9999
2312.90012 9999
2314.969144 9999
2317.049391 9999
2319.113248 9999.0
2321.393261 9999
2323.500541 9999
2325.569042 9999
2327.647116 9999
2329.736115 9999
2331.827447 9999
2333.911963 9999
2336.000951 9999
2338.052086 9999
2340.108979 9999
2342.179453 9999
2344.254835 9999
2346.321379 9999
2348.357603 9999
2350.399442 9999.0
2352.744745 9999
2354.836984 9999
2356.951489 9999
2359.018446 9999
2361.077369 9999
2363.141693 9999
2365.235186 9999
2367.309206 9999
2369.383299 9999
2371.469366 9999
2373.535915 9999
2375.589623 9999
2377.657588 9999
2379.712943 9999
2381.784561 9999.0
2384.142972 9999
2386.213984 9999
2388.289696 9999
2390.36238 9999
2392.436566 9999
2394.508949 9999
2396.549017 9999
2398.661303 9999
2400.767376 9999
2402.833398 9999
2404.903419 9999
2406.967735 9999
2409.080557 9999
2411.164943 9999
2413.271272 9999.0
2415.871769 9999
2417.9466 9999
2420.046732 9999
2422.135252 9999
2424.196466 9999
2426.265293 9999
2428.291368 9999
2430.4083 9999
2432.467076 9999
2434.530953 9999
2436.587453 9999
2438.657267 9999
2440.745322 9999
2442.812983 9999
2444.993899 9999.0
2447.278621 9999
2449.341842 9999
2451.417913 9999
2453.520764 9999
2455.62444 9999
2457.703627 9999
2459.76816 9999
2461.867754 9999
2464.017218 9999
2466.103332 9999
2468.175106 9999
2470.255904 9999
2472.328837 9999
2474.421436 9999
2476.493429 9999.0
2478.837344 9999
2480.921346 9999
2483.03494 9999
2485.113918 9999
2487.218522 9999
2489.322995 9999
2491.386612 9999
2493.454211 9999
2495.537548 9999
2497.625331 9999
2499.704017 9999
2501.792725 9999
2503.879549 9999
2505.978572 9999
2508.063029 9999.0
2510.432064 9999
2512.517771 9999
2514.594385 9999
2516.672285 9999
2518.772683 9999
2520.846357 9999
2522.925776 9999
2525.021245 9999
2527.108955 9999
2529.214298 9999
2531.288602 9999
2533.349947 9999
2535.450948 9999
2537.537072 9999
2539.585916 9999.0
2541.929607 9999
2544.00821 9999
2546.069675 9999
2548.121635 9999
2550.245195 9999
2552.309188 9999
2554.386335 9999
2556.442394 9999
2558.500328 9999
2560.605034 9999
2562.672856 9999
2564.741176 9999
2566.814273 9999
2568.88138 9999
2570.959441 9999.0
2573.28474 9999
2575.387103 9999
2577.472923 9999
2579.552716 9999
2581.637417 9999
2583.729567 9999
2585.840372 9999
2587.93952 9999
2590.013433 9999
2592.092382 9999
2594.205685 9999
2596.292426 9999
2598.354953 9999
2600.446848 9999
2602.529019 9999.0
2604.890408 9999
2606.956081 9999
2609.033974 9999
2611.121554 9999
2613.196622 9999
2615.28649 9999
2617.38422 9999
2619.463274 9999
2621.526197 9999
2623.625479 9999
2625.738654 9999
2627.812768 9999
2629.878849 9999
2631.967734 9999
2634.061974 9999.0
2636.427927 9999
2638.51079 9999
2640.596972 9999
2642.658789 9999
2644.759848 9999
2646.859648 9999
2648.934181 9999
2651.021072 9999
2653.086949 9999
2655.161889 9999
2657.248881 9999
2659.321059 9999
2661.364722 9999
2663.455257 9999
2665.67288 9999.0
2667.953027 9999
2670.052249 9999
2672.155078 9999
2674.2429 9999
2676.317512 9999
2678.394035 9999
2680.486914 9999
2682.581444 9999
2684.658023 9999
2686.735189 9999
2688.798278 9999
2690.878032 9999
2692.971208 9999
2695.057412 9999
2697.107362 9999.0
2699.505852 9999
2701.603493 9999
2703.68102 9999
2705.789847 9999
2707.877934 9999
2709.954911 9999
2712.040892 9999
2714.1333 9999
2716.23639 9999
2718.309352 9999
2720.385374 9999
2722.47107 9999
2724.541687 9999
2726.647759 9999
2728.732912 9999.0
2731.100007 9999
2733.210959 9999
2735.286881 9999
2737.366535 9999
2739.437783 9999
2741.516431 9999
2743.602517 9999
2745.69343 9999
2747.773054 9999
2749.820705 9999
2751.895448 9999
2753.945505 9999
2756.036107 9999
2758.108042 9999
2760.205881 9999.0
2762.503239 9999
2764.593782 9999
2766.674934 9999
2768.786138 9999
2770.853378 9999
2772.958466 9999
2775.057361 9999
2777.117689 9999
2779.211138 9999
2781.281192 9999
2783.35265 9999
2785.434884 9999
2787.487442 9999
2789.573829 9999
2791.633453 9999.0
2793.955566 9999
2795.984444 9999
2798.046711 9999
2800.147146 9999
2802.244419 9999
2804.31227 9999
2806.361152 9999
2808.41516 9999
2810.504817 9999
2812.572769 9999
2814.668321 9999
2816.756091 9999
2818.819057 9999
2820.907287 9999
2822.972095 9999.0
2825.287852 9999
2827.376659 9999
2829.41616 9999
2831.46571 9999
2833.524169 9999
2835.588915 9999
2837.651347 9999
2839.722896 9999
2841.797407 9999
2843.872391 9999
2845.941444 9999
2848.021569 9999
2850.067382 9999
2852.168386 9999
2854.240921 9999.0
2856.592954 9999
2858.657105 9999
2860.745958 9999
2862.832963 9999
2864.918623 9999
2867.040582 9999
2869.111294 9999
2871.211623 9999
2873.321533 9999
2875.382054 9999
2877.468353 9999
2879.546709 9999
2881.642141 9999
2883.765748 9999
2885.861771 9999.0
2888.182415 9999
2890.267442 9999
2892.331869 9999
2894.43254 9999
2896.533378 9999
2898.619699 9999
2900.704588 9999
2902.770376 9999
2904.835629 9999
2906.897465 9999
2908.984453 9999
2911.034328 9999
2913.115104 9999
2915.193032 9999
2917.259536 9999.0
2919.580982 9999
2921.645531 9999
2923.703799 9999
2925.759584 9999
2927.830955 9999
2929.882415 9999
2931.953778 9999
2933.993618 9999
2936.061358 9999
2938.134518 9999
2940.209234 9999
2942.273866 9999
2944.326359 9999
2946.419814 9999
2948.47813 9999.0
2950.829182 9999
2952.944422 9999
2955.004822 9999
2957.073145 9999
2959.170501 9999
2961.262811 9999
2963.346764 9999
2965.426121 9999
2967.512871 9999
2969.597811 9999
2971.673901 9999
2973.738051 9999
2975.801698 9999
2977.866588 9999
2979.931308 9999.0
2982.271386 9999
2984.368776 9999
2986.435501 9999
2988.521917 9999
2990.610471 9999
2992.712813 9999
2994.774039 9999
2996.829423 9999
2998.912973 9999
3000.998429 9999
3003.091052 9999
3005.169569 9999
3007.27047 9999
3009.343075 9999
3011.406357 9999.0
3013.799466 9999
3015.892014 9999
3017.999544 9999
3020.059847 9999
3022.148095 9999
3024.198008 9999
3026.269613 9999
3028.313365 9999
3030.376556 9999
3032.438885 9999
3034.529506 9999
3036.598641 9999
3038.647809 9999
3040.712699 9999
3042.772845 9999.0
3045.141625 9999
3047.214804 9999
3049.277149 9999
3051.344185 9999
3053.455752 9999
3055.558198 9999
3057.652883 9999
3059.757136 9999
3061.847397 9999
3063.931449 9999
3066.023383 9999
3068.134326 9999
3070.218369 9999
3072.319414 9999
3074.377441 9999.0
3076.708783 9999
3078.809022 9999
3080.912396 9999
3082.990315 9999
3085.048685 9999
3087.126732 9999
3089.225153 9999
3091.349202 9999
3093.450815 9999
3095.525317 9999
3097.602893 9999
3099.665674 9999
3101.756407 9999
3103.818722 9999
3105.893632 9999.0
3108.292878 9999
3110.397932 9999
3112.497343 9999
3114.595951 9999
3116.680412 9999
3118.769034 9999
3120.844257 9999
3122.927354 9999
3124.987858 9999
3127.056399 9999
3129.138331 9999
3131.216483 9999
3133.318468 9999
3135.412911 9999
3137.493339 9999.0
3139.793143 9999
3141.880877 9999
3143.965218 9999
3146.045141 9999
3148.14478 9999
3150.208318 9999
3152.272499 9999
3154.353294 9999
3156.423156 9999
3158.491273 9999
3160.564982 9999
3162.752773 9999
3164.851926 9999
3166.937979 9999
3169.057182 9999.0
3171.388728 9999
3173.474869 9999
3175.588122 9999
3177.684025 9999
3179.789758 9999
3181.876753 9999
3183.958158 9999
3186.057728 9999
3188.1775 9999
3190.284863 9999
3192.404585 9999
3194.51603 9999
3196.603298 9999
3198.66188 9999
3200.753717 9999.0
3203.092542 9999
3205.172994 9999
3207.24595 9999
3209.314284 9999
3211.397736 9999
3213.474841 9999
3215.551246 9999
3217.614425 9999
3219.690308 9999
3221.777456 9999
3223.866477 9999
3225.931105 9999
3227.994135 9999
3230.09562 9999
3232.186416 9999.0
3234.571553 9999
3236.683887 9999
3238.771601 9999
3240.861381 9999
3242.949807 9999
3245.035453 9999
3247.174645 9999
3249.261445 9999
3251.313332 9999
3253.420623 9999
3255.50047 9999
3257.595035 9999
3259.668269 9999
3261.741345 9999
3263.824182 9999.0
3266.166532 9999
3268.24462 9999
3270.356639 9999
3272.466714 9999
3274.533471 9999
3276.608521 9999
3278.706541 9999
3280.816772 9999
3282.894227 9999
3284.960721 9999
3287.049652 9999
3289.13504 9999
3291.231887 9999
3293.322026 9999
3295.415578 9999.0
3297.785341 9999
3299.835737 9999
3301.916305 9999
3304.025834 9999
3306.124287 9999
3308.215996 9999
3310.300607 9999
3312.377188 9999
3314.458292 9999
3316.565072 9999
3318.663423 9999
3320.716142 9999
3322.795319 9999
3324.88284 9999
3326.994429 9999.0
3329.362512 9999
3331.434909 9999
3333.499462 9999
3335.561872 9999
3337.630218 9999
3339.694931 9999
3341.759067 9999
3343.817246 9999
3345.88158 9999
3347.970253 9999
3350.070381 9999
3352.157428 9999
3354.237194 9999
3356.321633 9999
3358.398301 9999.0
3360.734168 9999
3362.827737 9999
3364.92941 9999
3367.014402 9999
3369.089732 9999
3371.16462 9999
3373.242158 9999
3375.319854 9999
3377.405116 9999
3379.470963 9999
3381.545879 9999
3383.646917 9999
3385.698243 9999
3387.790797 9999
3389.859364 9999.0
3392.189983 9999
3394.292257 9999
3396.389798 9999
3398.477558 9999
3400.540614 9999
3402.626894 9999
3404.692189 9999
3406.74508 9999
3408.841458 9999
3410.919858 9999
3413.00822 9999
3415.072938 9999
3417.137037 9999
3419.203524 9999
3421.288485 9999.0
3423.630061 9999
3425.714773 9999
3427.792211 9999
3429.893275 9999
3431.977931 9999
3434.07456 9999
3436.132607 9999
3438.210923 9999
3440.286202 9999
3442.360003 9999
3444.451296 9999
3446.525075 9999
3448.58907 9999
3450.663789 9999
3452.731973 9999.0
3455.069268 9999
3457.13378 9999
3459.223473 9999
3461.31309 9999
3463.41891 9999
3465.508214 9999
3467.58597 9999
3469.688481 9999
3471.749036 9999
3473.814911 9999
3475.921674 9999
3477.971292 9999
3480.052479 9999
3482.110443 9999
3484.14892 9999.0
3486.500209 9999
3488.574208 9999
3490.689363 9999
3492.755537 9999
3494.881568 9999
3496.960966 9999
3499.033575 9999
3501.104834 9999
3503.172674 9999
3505.228395 9999
3507.341765 9999
3509.416242 9999
3511.48117 9999
3513.548425 9999
3515.614463 9999.0
3517.972259 9999
3520.075602 9999
3522.185467 9999
3524.237836 9999
3526.363759 9999
3528.462086 9999
3530.527965 9999
3532.619696 9999
3534.689877 9999
3536.777635 9999
3538.902269 9999
3541.001007 9999
3543.089062 9999
3545.177969 9999
3547.257774 9999.0
3549.609692 9999
3551.697825 9999
3553.794475 9999
3555.909403 9999
3558.005149 9999
3560.105933 9999
3562.179619 9999
3564.281254 9999
3566.373586 9999
3568.461385 9999
3570.512129 9999
3572.587226 9999
3574.661245 9999
3576.723026 9999
3578.824944 9999.0
3581.128707 9999
3583.235376 9999
3585.321375 9999
3587.42076 9999
3589.509356 9999
3591.858641 9999
3593.945638 9999
3596.000825 9999
3598.073882 9999
3600.151616 9999
