8.687162 1.24104396502
17.259242 1.25883205732
25.849152 1.23824596405
34.472135 1.2516913414
43.329029 1.26755356789
51.835755 1.23059447606
60.458164 1.24633598328
68.967645 1.23872892062
77.955331 1.25134301186
86.428178 1.22518428167
94.953831 1.22754859924
103.389828 1.22413929303
112.066368 1.2397462527
120.604249 1.24921298027
129.17759 1.2342757384
137.71583 1.25622057915
146.425188 1.24176271756
154.945315 1.2309144338
163.534858 1.25430703163
172.158483 1.26628406843
180.997713 1.24622472127
189.572031 1.24362007777
198.247631 1.26984961828
206.683912 1.22640061378
215.607439 1.24727098147
224.146825 1.2372759978
232.703228 1.24645209312
241.176088 1.23144936562
250.117515 1.24374898275
258.758283 1.25854468346
267.412501 1.25881139437
275.95251 1.24559934934
284.69199 1.23863474528
293.215409 1.24597366651
301.871984 1.26617137591
310.411902 1.24270335833
319.151966 1.23478706678
327.658438 1.23753364881
336.467391 1.30554636319
344.939498 1.23290634155
353.660621 1.24690628052
362.216599 1.26301042239
370.773308 1.2373093764
379.296471 1.24792695045
388.203166 1.24582695961
396.692818 1.23256333669
405.215888 1.2462079525
413.68837 1.23427065214
422.645569 1.23995455106
431.252585 1.24437761307
439.908498 1.25580565135
448.401766 1.23910435041
457.288272 1.24001272519
465.777081 1.23749772708
474.467177 1.26052395503
482.973916 1.23582927386
491.783334 1.2385049661
500.320544 1.24190163612
509.043803 1.27852137884
517.616604 1.2407280604
526.390264 1.26437902451
535.045821 1.26521499952
543.73583 1.26526300112
552.261968 1.24795039495
561.081602 1.23969038328
569.640034 1.25607132912
578.19626 1.25401639938
586.700869 1.23974792163
595.523992 1.24284974734
604.11384 1.25059024493
612.820364 1.2772667408
621.360371 1.25352533658
630.33363 1.23654198647
638.940443 1.25692105293
647.450047 1.23564799627
656.004413 1.252161026
664.976675 1.26082626979
673.466006 1.23160560926
682.075606 1.25837731361
690.578928 1.24530053139
699.455186 1.24880027771
708.01079 1.2574189504
716.581511 1.23958857854
725.157756 1.24586304029
734.012776 1.23298192024
742.50122 1.23187128703
751.160546 1.26134753227
759.814934 1.27427697182
768.687245 1.25436671575
777.177269 1.22997379303
785.868157 1.26053301493
794.456775 1.23421470324
803.296222 1.23560659091
811.836481 1.24993165334
820.360116 1.23591653506
828.848502 1.23347306252
837.805843 1.24470416705
846.346721 1.2369872729
854.951833 1.24000898997
863.458165 1.24186333021
872.401342 1.25316961606
880.937866 1.24747999509
889.580592 1.24415707588
898.11717 1.22925035159
906.873165 1.23391699791
915.383018 1.23517568906
924.036367 1.25480031967
932.625726 1.23845696449
941.399626 1.24481074015
949.973147 1.25325202942
958.528793 1.25551342964
967.069131 1.22836963336
975.925437 1.23987738291
984.501744 1.24444437027
993.038869 1.23725199699
1001.494023 1.22959399223
1010.367796 1.24697128932
1018.82697 1.22380892436
1027.364836 1.24639399846
1035.853761 1.24414300919
1044.744452 1.24026536942
1053.336652 1.25336670876
1061.973167 1.26490664482
1070.482258 1.24570234617
1079.219243 1.24385706584
1087.759462 1.24651996295
1096.315662 1.24922068914
1104.788757 1.23379596074
1113.561992 1.24862933159
1122.070464 1.24201067289
1130.692491 1.24633304278
1139.233348 1.2483282884
1147.954034 1.23465402921
1156.443326 1.24076271057
1165.053083 1.24549674988
1173.539456 1.23814233144
1182.430128 1.24910744031
1190.952644 1.23476696014
1199.46021 1.24252327283
1207.948438 1.23057595889
1216.855883 1.24745933215
1225.444935 1.2409213384
1234.017465 1.24980608622
1242.591567 1.25579301516
1251.364603 1.24626501401
1259.904465 1.24961368243
1268.49372 1.25623194377
1277.000386 1.23339740435
1285.774043 1.25553830465
1294.316465 1.2426319917
1302.887663 1.24032100042
1311.428821 1.23349936803
1320.36615 1.27078191439
1328.890339 1.24747053782
1337.428665 1.23177266121
1345.951684 1.24045292536
1354.860036 1.24492200216
1363.348927 1.2347026666
1371.887628 1.23785726229
1380.527487 1.26753203074
1389.320979 1.25190035502
1397.840872 1.24457073212
1406.417715 1.2532816728
1414.886944 1.22746523221
1423.62956 1.23944330215
1432.183328 1.24507665634
1440.689018 1.24951370557
1449.129187 1.21921364466
1457.96874 1.24998728434
1466.445489 1.23294401169
1475.048145 1.23823324839
1483.671993 1.26204895973
1492.695755 1.24592336019
1501.234365 1.25030263265
1509.774557 1.24452026685
1518.280573 1.24353464444
1527.253563 1.2570549647
1535.777392 1.24504065514
1544.386693 1.25322127342
1552.905895 1.25086394946
1561.916438 1.26568587621
1570.470106 1.25578935941
1578.992887 1.22769125303
1587.499954 1.23294123014
1596.23836 1.24075961113
1604.782143 1.24947841962
1613.352513 1.26708801587
1621.924746 1.23710163434
1630.715004 1.24059430758
1639.254793 1.24430537224
1647.777376 1.24158072472
1656.41804 1.26001199087
1665.226796 1.23806770643
1673.763645 1.2511660258
1682.253186 1.23662161827
1690.776028 1.23651766777
1699.783851 1.26143980026
1708.292314 1.2333249251
1716.828983 1.24612299601
1725.3365 1.25113026301
1734.27579 1.25564901034
1742.832531 1.25850733121
1751.35523 1.24328200022
1759.827827 1.23082566261
1768.601167 1.24675981204
1777.208043 1.24657273293
1785.863758 1.26407535871
1794.373375 1.24332078298
1803.092764 1.24035302798
1811.699522 1.2524535656
1820.272717 1.23190069199
1828.829356 1.2635653019
1837.586171 1.24496030807
1846.159315 1.24142567317
1854.748808 1.25306034088
1863.372286 1.27136158943
1872.128389 1.24711060524
1880.684308 1.25507974625
1889.241868 1.2521472772
1897.713754 1.24198102951
1906.420639 1.2315586408
1914.960105 1.24271527926
1923.466185 1.23642834028
1932.072993 1.26045735677
1940.830579 1.24906396866
1949.335885 1.2291876475
1957.858878 1.24502364794
1966.382665 1.25157697996
1975.371893 1.25963536898
1983.945452 1.23596135775
1992.585055 1.257777373
2001.09431 1.2404302756
2010.131205 1.2426609993
2018.637791 1.24372696877
2027.144649 1.23964039485
2035.635362 1.23365998268
2044.574232 1.24949200948
2052.996558 1.21880030632
2061.553357 1.24502770106
2069.992296 1.22530404727
2078.782574 1.24707667033
2087.289389 1.23097864787
2095.879438 1.25278703372
2104.351709 1.23250198364
2113.091419 1.24319871267
2121.614355 1.24010205269
2130.088035 1.23396436373
2138.531077 1.23017660777
2147.233461 1.23311138153
2155.706971 1.24213457108
2164.317179 1.25805767377
2172.869647 1.24987808863
2181.744343 1.26036731402
2190.251193 1.24100669225
2198.825691 1.25163809458
2207.362245 1.24482067426
2216.168428 1.2477859656
2224.708131 1.25084026655
2233.247559 1.24383401871
2241.77132 1.24351628621
2250.513894 1.25007764498
2259.000327 1.22750067711
2267.640149 1.26941331228
2276.163845 1.24836397171
2284.920081 1.24353973071
2293.443827 1.24905498823
2302.049601 1.24777603149
2310.605786 1.25063872337
2319.366143 1.24067401886
2327.935567 1.2496210734
2336.55818 1.26616446177
2345.098301 1.24016054471
2353.842233 1.22850465775
2362.377504 1.23375535011
2370.900786 1.25044035912
2379.440845 1.24340001742
2388.231266 1.2568833828
2396.786783 1.24182597796
2405.293192 1.23009800911
2413.915985 1.26611042023
2422.623913 1.23199335734
2431.179787 1.23628226916
2439.755133 1.26052999496
2448.409399 1.26721135775
2457.382002 1.26941299438
2465.938652 1.25886368752
2474.564845 1.24032036463
2483.085434 1.24508508046
2492.108523 1.24602262179
2500.600861 1.24019734065
2509.187874 1.24562239647
2517.778073 1.25609668096
2526.537298 1.23786266645
2535.140272 1.24369915326
2543.680211 1.24541862806
2552.270513 1.23627567291
2561.026578 1.23625906308
2569.582047 1.23930764198
2578.022953 1.22400101026
2586.648464 1.25185529391
2595.48551 1.24289433161
2604.145688 1.26188802719
2612.651491 1.2389626503
2621.204587 1.24029835065
2630.227828 1.25266130765
2638.767395 1.25102670987
2647.390215 1.24672738711
2655.931607 1.25080259641
2664.937512 1.2681016922
2673.510984 1.26021655401
2682.035536 1.23853770892
2690.573399 1.24591700236
2699.48282 1.2530412674
2708.119828 1.2457930247
2716.793581 1.2731970946
2725.365275 1.25142494837
2734.106107 1.23293638229
2742.629254 1.24385333061
2751.168822 1.24002925555
2759.792324 1.24897233645
2768.597923 1.25667405128
2777.155303 1.23135638237
2785.693931 1.25009187063
2794.30039 1.25208830833
2803.076842 1.24002901713
2811.597397 1.24034221967
2820.122276 1.24580597878
2828.692503 1.24752140045
2837.566368 1.24524203936
2846.106377 1.23809162776
2854.748653 1.25733796755
2863.306112 1.24164660772
2872.12619 1.24313998222
2880.648157 1.2409453392
2889.237865 1.24633208911
2897.728998 1.23247567813
2906.534588 1.24918270111
2915.056884 1.24459107717
2923.630076 1.24586232503
2932.204446 1.25013860067
2940.976496 1.22733036677
2949.502843 1.24502595266
2958.059649 1.24104436239
2966.680127 1.26407670975
2975.519476 1.23641562462
2984.09203 1.23604973157
2992.565974 1.22738862038
3001.187982 1.24405002594
3010.028915 1.23333470027
3018.586313 1.24669575691
3027.074184 1.24085140228
3035.613613 1.25203673045
3044.354135 1.23059932391
3052.895773 1.25004728635
3061.417041 1.2344113191
3070.009657 1.2434776624
3078.848226 1.25733192762
3087.419187 1.25639764468
3095.92674 1.23128700256
3104.53282 1.25642697016
3113.341582 1.23374700546
3121.844951 1.24034674962
3130.388796 1.23893634478
3138.97599 1.26216403643
3147.765046 1.24291197459
3156.322491 1.25093332926
3164.877115 1.24342274666
3173.40102 1.24782792727
3182.257085 1.24797940254
3190.780007 1.23452226321
3199.32406 1.23577928543
3207.876971 1.24049369494
3216.666057 1.23072600365
3225.323216 1.25861970584
3233.929844 1.24852776527
3242.484516 1.24325807889
3251.459026 1.23852197329
3260.03184 1.24956035614
3268.722072 1.25499359767
3277.244411 1.24418171247
3286.335937 1.25942031542
3294.824918 1.23100296656
3303.430981 1.25512107213
3311.987164 1.25675924619
3320.845487 1.25117460887
3329.417651 1.22725025813
3337.957175 1.2516626517
3346.516286 1.25346207619
3355.336462 1.24816536903
3363.892592 1.24286166827
3372.418488 1.24262865384
3380.94058 1.24159661929
3389.782511 1.2505300045
3398.351894 1.24568557739
3407.025128 1.26994101206
3415.632565 1.24006700516
3424.475092 1.2609102726
3433.030853 1.24904799461
3441.569926 1.24355705579
3450.191738 1.24799935023
3458.996878 1.24893299739
3467.473773 1.23626128832
3475.976471 1.22645870845
3484.599309 1.2491710186
3493.426147 1.24638231595
3502.114915 1.26564995448
3510.703669 1.26006666819
3519.32752 1.25271431605
3528.399471 1.24365027746
3536.939147 1.24495172501
3545.528868 1.24335900942
3554.101283 1.25144902865
3563.159448 1.25271399816
3571.681706 1.23794364929
3580.337722 1.26282175382
3588.843715 1.23702367147
3598.004116 1.26826143265
3606.540863 1.24085203807
