43.897186 2.04757256508
84.573844 1.90416545868
125.11687 1.89862911701
165.793866 1.90388547182
206.52124 1.90883139372
247.233887 1.90816829205
290.99366 2.05792628527
334.658713 2.05445638895
353.534343 0.815111684799
394.112501 1.90716528893
434.857024 1.90996322632
478.60107 2.05453740358
519.361331 1.90940066576
560.105001 1.903782022
603.920874 2.06094595194
647.73113 2.05537091494
688.539413 1.91073179245
729.333453 1.90451678038
770.093279 1.90907962322
810.721517 1.900606215
829.833285 0.821556377411
848.781706 0.828310513496
867.741481 0.821224164963
908.185134 1.90228482485
948.911801 1.90433065891
989.772536 1.91242917776
1030.649351 1.91008052826
1049.544957 0.817262613773
1093.024355 2.05404807329
1133.60098 1.89889410734
1174.44426 1.90711300373
1218.223686 2.06053671837
1262.02236 2.06108363867
1280.965188 0.817587864399
1321.542039 1.90699400902
1340.504277 0.818118691444
1380.864801 1.89994771481
1399.977516 0.82717550993
1440.487861 1.90505256653
1459.532951 0.821610784531
1500.027578 1.90608661175
1518.972174 0.818724250793
1559.515711 1.90518913269
1600.359278 1.90731927156
1619.422046 0.821356236935
1659.882337 1.9036072731
1703.477918 2.05080486536
1722.741283 0.824739098549
1763.170546 1.90255396366
1803.794379 1.90168930292
1844.505044 1.90167397261
1863.652711 0.824587881565
1882.430039 0.817795407772
1922.9067 1.90099061728
1942.004603 0.823255562782
1982.429821 1.90245041847
2026.16198 2.05567184687
2045.254158 0.821998393536
2064.083208 0.824017763138
2104.778302 1.91081706285
2123.65606 0.81388835907
2142.451709 0.820161414146
2161.464229 0.827256941795
2180.128469 0.816767823696
2198.956173 0.818585956097
2217.852179 0.826943719387
2236.59812 0.814753198624
2280.010082 2.05240067244
2298.988623 0.821426510811
2317.750514 0.819641411304
2336.547471 0.816038990021
2355.409906 0.826052999496
2374.155031 0.815133416653
2392.951651 0.824223649502
2411.830454 0.820524656773
2430.575461 0.819152271748
2449.404912 0.81952368021
2492.717362 2.04943966866
2536.412912 2.05863825083
2555.241524 0.81424574852
2573.937871 0.816909098625
2592.766137 0.817213737965
2611.512894 0.82041182518
2651.872009 1.89643008709
2670.768104 0.817212462425
2689.414413 0.814966964722
2729.877384 1.90080990791
2748.753515 0.814626502991
2792.216139 2.05588676929
2811.245 0.823853039742
2830.090077 0.821771335602
2870.616682 1.90351945162
2914.296097 2.05557854176
2933.324938 0.822298574448
2952.221725 0.825716602802
2971.033559 0.818016564846
3014.312841 2.04850168228
3054.989759 1.90308661461
3095.649733 1.9027302146
3114.561999 0.815031409264
3133.457229 0.822091984749
3173.984277 1.90311429501
3193.031741 0.822633063793
3211.827359 0.817236173153
3252.469819 1.90513775349
3271.586654 0.826956021786
3290.42864 0.824917423725
3334.057282 2.05398147106
3353.187462 0.824527740479
3371.949471 0.81993676424
3412.492105 1.90141069889
3453.352225 1.91091262102
3497.065886 2.05705831051
3537.925408 1.90948514938
3556.95667 0.820666599274
3600.451117 2.05422708988
