5.199708 0.869706392288
10.201479 0.8669526577
15.255843 0.878343900045
20.225776 0.857216278712
25.279386 0.885769685109
30.267023 0.868036985397
35.424251 0.875255346298
40.458281 0.876245339712
45.494314 0.875111023585
50.483271 0.869409322739
55.506087 0.863611618678
60.505756 0.867156346639
65.642925 0.876492977142
70.680258 0.874543428421
75.683809 0.86824909846
80.687407 0.865257342656
85.72462 0.868766625722
90.711613 0.864701112111
95.934977 0.89262064298
100.903093 0.853244702021
105.956304 0.875159978867
110.944191 0.865928332011
115.946982 0.871568759282
120.984154 0.87796163559
126.121693 0.870243946711
131.158043 0.874223788579
136.179226 0.86637322108
141.183288 0.855806668599
146.219852 0.876529296239
151.223393 0.870960315069
156.480891 0.89014561971
161.497866 0.872730016708
166.534922 0.873729308446
171.622189 0.877356290817
176.67692 0.879985014598
181.648699 0.851706981659
186.883582 0.87717572848
191.987432 0.879754940669
197.025467 0.862054983775
202.063295 0.869486252467
207.082273 0.871966362
212.119265 0.868850946426
217.340019 0.871663331985
222.41199 0.869619607925
227.480477 0.876216729482
232.551921 0.884469350179
237.557821 0.8525882562
242.612973 0.882121562958
247.862566 0.888132254283
252.899506 0.875221967697
257.970761 0.867739359538
263.024161 0.874303340912
268.097378 0.880198081334
273.115203 0.870565334956
278.31885 0.870141744614
283.355903 0.87229291598
288.396463 0.879451990128
293.397994 0.865579684575
298.437606 0.875336329142
303.672782 0.889850298564
308.94191 0.877279361089
313.944953 0.869485616684
318.998843 0.883573055267
324.022693 0.876979668935
329.006639 0.856869300207
334.077618 0.888377428055
339.251367 0.874153375626
344.288248 0.879596789678
349.304378 0.87290708224
354.313041 0.870162248611
359.379727 0.880250692368
364.38553 0.86910867691
369.58798 0.890545368195
374.845212 0.877521355947
379.848045 0.865612904231
384.932632 0.886732021968
390.052138 0.870709101359
395.106102 0.877484560013
400.277 0.876483043035
405.314961 0.883295536041
410.302256 0.859997987747
415.306969 0.870625893275
420.324886 0.875250260035
425.348394 0.873445351919
430.519107 0.887817621231
435.571808 0.880743980408
440.58985 0.874472935994
445.627449 0.871148029963
450.68024 0.88067428271
455.684639 0.870871623357
460.808203 0.875508069992
465.825585 0.869295199712
470.828515 0.870074033737
475.869453 0.883228937785
480.921359 0.876354694366
485.890156 0.853224992752
491.096779 0.885913054148
496.081584 0.860765616099
501.055386 0.858827670415
506.108751 0.887584288915
511.163278 0.886595328649
516.1803 0.873287280401
521.387181 0.88064567248
526.440413 0.87907187144
531.458321 0.869522651037
536.515636 0.87474600474
541.568815 0.868414243062
546.635814 0.883850733439
551.809565 0.853916724523
556.810594 0.865662336349
561.864154 0.881844679515
566.86846 0.872004350026
571.921574 0.873777310054
576.929779 0.864981094996
582.150086 0.880379279455
587.166705 0.871240456899
592.203641 0.875506639481
597.257055 0.868316729863
602.230871 0.850027322769
607.214427 0.865119695663
612.36799 0.868079741796
617.406294 0.873144308726
622.410163 0.872869729996
627.413714 0.867979685465
632.400443 0.85499326388
637.404517 0.866514046987
642.577622 0.874524593353
647.578453 0.865816911062
652.568173 0.855975627899
657.58573 0.868022759755
662.739989 0.897353569667
667.810413 0.88534339269
672.999575 0.872161070506
678.051112 0.877852360408
683.107877 0.880768378576
688.142078 0.885399421056
693.12832 0.861668666204
698.0829 0.848483641942
703.286563 0.882942358653
708.344143 0.879744291306
713.427429 0.88771033287
718.484645 0.879426399867
723.451367 0.858537276586
728.542276 0.877536296844
733.713455 0.877370993296
738.716216 0.858444690704
743.800303 0.893486579259
748.771622 0.855794032415
753.777983 0.872145970662
758.79454 0.865002711614
764.049648 0.88005065918
769.069711 0.87166428566
774.106671 0.876082976659
779.143829 0.877784093221
784.150453 0.866334358851
789.204749 0.882503668467
794.388543 0.873461325963
799.408442 0.87357934316
804.428211 0.870717287064
809.453533 0.87216925621
814.419692 0.849762598674
819.373561 0.858853896459
824.530547 0.865791002909
829.564679 0.867730696996
834.584675 0.869926691055
839.624549 0.878287315369
844.628631 0.871702273687
849.646186 0.872876326243
854.7663 0.866186618805
859.804869 0.871114969254
864.873488 0.891006072362
869.912803 0.879795233409
874.864939 0.851051727931
879.902205 0.873755613963
885.123708 0.872583389282
890.180058 0.881131331126
895.246936 0.876972357432
900.367981 0.896583557129
905.423551 0.876861810684
910.528632 0.885727882385
915.729853 0.876803636551
920.815952 0.886034727097
925.770551 0.847658316294
930.790548 0.870624303818
935.810523 0.873534679413
940.86442 0.874052683512
946.034536 0.875594615936
951.109392 0.882131973902
956.126007 0.869673331579
961.196352 0.889836708705
966.249615 0.877467711767
971.303966 0.884134054184
976.440802 0.867296218872
981.494377 0.87531598409
986.548499 0.873617013295
991.552189 0.856042941411
996.573893 0.875652392705
1001.595981 0.867960373561
1006.763768 0.871546030045
1011.833898 0.884344339371
1016.854 0.870523055394
1021.877888 0.872243960698
1026.895652 0.873450279236
1031.952265 0.876681645711
1037.172866 0.88164973259
1042.157745 0.85457166036
1047.130295 0.855194965998
1052.231297 0.873276313146
1057.268936 0.872435967127
1062.274451 0.870998303095
1067.509121 0.868634700775
1072.545507 0.86926094691
1077.516482 0.850068012873
1082.553336 0.868418693542
1087.626556 0.88311290741
1092.597538 0.856156031291
1097.815236 0.866836627324
1102.919208 0.8895723025
1107.93889 0.867957353592
1112.993229 0.878209352493
1117.997502 0.858589887619
1123.021096 0.875745693843
1128.30827 0.884164730708
1133.324866 0.869873603185
1138.362563 0.875061988831
1143.334854 0.850404898326
1148.372883 0.864369312922
1153.460745 0.893090963364
1158.694251 0.87913330396
1163.749441 0.884349584579
1168.785534 0.878279685974
1173.822603 0.875472942988
1178.892329 0.879879633586
1183.928946 0.86939239502
1189.170703 0.877129554749
1194.187961 0.867393652598
1199.258119 0.86588605245
1204.244373 0.848801294963
1209.285634 0.876879294713
1214.335549 0.879508336385
1219.555689 0.863368749619
1224.576126 0.871966282527
1229.616603 0.857822656631
1234.635277 0.867236614227
1239.671355 0.871735652288
1244.724847 0.875340382258
1250.013574 0.879895687103
1255.049572 0.879726966222
1260.11957 0.866311709086
1265.190953 0.868537664413
1270.231982 0.867132663727
1275.264884 0.867334763209
1280.534774 0.880702098211
1285.555571 0.873736699422
1290.576242 0.868492682775
1295.596475 0.867994705836
1300.669378 0.888760328293
1305.704058 0.872521320979
1311.011007 0.871396700541
1316.047923 0.86882074674
1321.215823 0.870204051336
1326.273236 0.87796497345
1331.342566 0.879281918208
1336.376658 0.865907986959
1341.580592 0.855386972427
1346.567765 0.852222283681
1351.554986 0.850747903188
1356.592593 0.878921031952
1361.630103 0.86675230662
1366.682756 0.878425995509
1372.020864 0.885409355164
1376.990867 0.853929360708
1382.062343 0.876159350077
1387.115087 0.878040313721
1392.134859 0.864465713501
1397.156123 0.868619044622
1402.394304 0.867606083552
1407.483864 0.883951981862
1412.433903 0.849314451218
1417.473849 0.879365921021
1422.525136 0.86927374204
1427.515497 0.858623743057
1432.665168 0.865643024445
1437.655317 0.857075373332
1442.690155 0.875316063563
1447.663242 0.850632667542
1452.647358 0.86710635821
1457.636542 0.8647813797
1462.855059 0.870207150777
1467.909512 0.869853019714
1472.933379 0.869235277176
1477.933175 0.856673002243
1483.056913 0.870637337367
1488.009583 0.854484637578
1493.24452 0.858588695526
1498.281121 0.874209721883
1503.289001 0.867608706156
1508.32257 0.876896619797
1513.363158 0.869723320007
1518.396357 0.874547322591
1523.618883 0.866564671199
1528.690889 0.8834836483
1533.707969 0.869190613429
1538.749342 0.878213326136
1543.782437 0.873313347499
1548.870177 0.889982223511
1554.122856 0.867378632228
1559.192885 0.87703704834
1564.266977 0.882464647293
1569.335051 0.88594865799
1574.391361 0.871247371038
1579.425438 0.87256026268
1584.763038 0.876764297485
1589.820276 0.873410622279
1594.887041 0.880267063777
1599.924583 0.874049027761
1604.927941 0.864699999491
1609.965616 0.864651282628
1615.252678 0.874147971471
1620.259907 0.865863243739
1625.260107 0.853346029917
1630.283939 0.869508981705
1635.300446 0.865541855494
1640.325278 0.872693300247
1645.491265 0.858363628387
1650.547226 0.868772745132
1655.632375 0.884741067886
1660.637192 0.867594321569
1665.656519 0.872317314148
1670.712221 0.873243252436
1675.981543 0.864899714788
1680.934272 0.849855025609
1685.95535 0.87680832545
1691.025277 0.887042601903
1695.995885 0.857668002446
1701.069282 0.878190040588
1706.336692 0.874300082525
1711.407816 0.89098238945
1716.445561 0.870470046997
1721.517658 0.882504701614
1726.572514 0.870367685954
1731.606042 0.860746383667
1736.910046 0.88029551506
1741.897352 0.865901947021
1746.905038 0.862079938253
1751.940726 0.868663390477
1757.142714 0.882165273031
1762.21194 0.883690198263
1767.516595 0.878033717473
1772.539714 0.870461543401
1777.657647 0.88559961319
1782.678075 0.864695390066
1787.698759 0.867301066717
1792.801673 0.890857934952
1798.139365 0.879554986954
1803.17722 0.874012708664
1808.266464 0.882414023081
1813.235431 0.859014352163
1818.354153 0.896227359772
1823.344069 0.853612025579
1828.612374 0.878924369812
1833.682615 0.878996610641
1838.68698 0.860979874929
1843.724599 0.880193630854
1848.878159 0.897405306498
1853.967838 0.866981267929
1859.251156 0.875492254893
1864.208857 0.85254406929
1869.24275 0.867885669072
1874.265307 0.873663743337
1879.270011 0.865919987361
1884.341211 0.883602062861
1889.707383 0.869125366211
1894.711708 0.858581940333
1899.764409 0.866474707921
1904.887323 0.89147400856
1909.892308 0.852173725764
1914.859874 0.855713049571
1920.114413 0.871937354406
1925.183887 0.885405063629
1930.25508 0.872403303782
1935.31004 0.881824731827
1940.328926 0.875755310059
1945.353097 0.872692346573
1950.636318 0.866619984309
1955.623523 0.868659337362
1960.644098 0.876021703084
1965.682296 0.880905628204
1970.734246 0.878071626027
1975.756573 0.87525566419
1980.99369 0.858622392019
1986.046253 0.876226902008
1991.017221 0.850315570831
1996.003708 0.865475972493
2001.024379 0.869144280752
2006.02785 0.869426647822
2011.282399 0.865755001704
2016.368442 0.877942403158
2021.339725 0.85505660375
2026.360094 0.872890392939
2031.397263 0.876393636068
2036.4672 0.882914940516
2041.771692 0.853568951289
2046.80864 0.872621297836
2051.829083 0.870983997981
2056.983965 0.875559965769
2062.086211 0.887976090113
2067.140543 0.869998772939
2072.397627 0.874702692032
2077.497948 0.879045963287
2082.572363 0.875686009725
2087.575315 0.854341665904
2092.626398 0.87672440211
2097.663867 0.875909010569
2102.867249 0.864974657694
2107.941606 0.874855041504
2112.974429 0.874682664871
2117.963014 0.849577029546
2122.983147 0.869923988978
2128.018927 0.873842954636
2133.173144 0.852321306864
2138.143557 0.850190957387
2143.164022 0.872836589813
2148.200375 0.873221000036
2153.171318 0.865969657898
2158.175427 0.867592652639
2163.366385 0.85171063741
2168.416078 0.877949953079
2173.48739 0.87960656484
2178.540198 0.877789020538
2183.561459 0.873119036357
2188.647859 0.892357110977
2193.818616 0.866528749466
2198.888253 0.87588596344
2203.926929 0.885938644409
2208.963028 0.870170752207
2214.05208 0.884531259537
2219.07321 0.881180683772
2224.307863 0.89018201828
2229.264995 0.856975396474
2234.215465 0.848827282588
2239.255392 0.87997229894
2244.239255 0.852790991465
2249.242876 0.872666994731
2254.549117 0.872809092204
2259.601215 0.880409320196
2264.541394 0.853057861328
2269.609314 0.872298955917
2274.595639 0.863219261169
2279.551983 0.855113665263
2284.803218 0.856876214345
2289.873142 0.866221904755
2294.878189 0.873039404551
2299.88042 0.859957377116
2304.919868 0.87463760376
2309.958977 0.869500478109
2315.279515 0.87358268102
2320.379205 0.878982067108
2325.403265 0.873805046082
2330.538196 0.884663740794
2335.542582 0.858348766963
2340.578161 0.873703638713
2345.81555 0.868142048518
2350.835898 0.867725690206
2355.839653 0.866416692734
2360.876699 0.868146340052
2365.863827 0.857337315877
2370.884108 0.872451702754
2376.139458 0.866739749908
2381.192877 0.874787648519
2386.161897 0.855163971583
2391.419926 0.871873060862
2396.402844 0.864814678828
2401.407215 0.856369336446
2406.744035 0.881360292435
2411.834089 0.881721655528
2416.902323 0.886785666148
2421.939565 0.870724995931
2426.913136 0.855073054632
2431.946553 0.872234106064
2437.285135 0.878204663595
2442.454846 0.880989948908
2447.475815 0.873837947845
2452.512489 0.871080080668
2457.565982 0.878692468007
2462.586083 0.871635357539
2467.90709 0.88121565183
2472.978986 0.869844913483
2478.014706 0.875494639079
2483.118414 0.880299250285
2488.208109 0.874574661255
2493.259463 0.87472430865
2498.582282 0.870820999146
2503.616237 0.871277650197
2508.657885 0.869412104289
2513.661673 0.865084727605
2518.694735 0.87171792984
2523.682547 0.853713115056
2528.919111 0.862837394079
2533.97413 0.874967336655
2538.960967 0.853182633718
2543.930008 0.850133736928
2548.900869 0.854661544164
2553.907219 0.867910703023
2559.191386 0.86169830958
2564.229645 0.872434695562
2569.382356 0.896228392919
2574.419834 0.876005967458
2579.475056 0.884142716726
2584.460487 0.856616338094
2589.747731 0.865400314331
2594.767642 0.866409778595
2599.772186 0.868748664856
2604.843149 0.875382979711
2609.847437 0.869651714961
2614.869167 0.869682629903
2620.174392 0.876984039942
2625.142127 0.850969711939
2630.182067 0.879359563192
2635.217365 0.87908689181
2640.273037 0.885928630829
2645.3254 0.883958419164
2650.643093 0.868940909704
2655.64777 0.874304294586
2660.688084 0.875759681066
2665.671331 0.867518742879
2670.708988 0.877984921137
2675.779333 0.875762701035
2681.167455 0.87340370814
2686.303142 0.873899062475
2691.356524 0.87341427803
2696.398229 0.87996228536
2701.465975 0.867600997289
2706.501905 0.871841351191
2711.872768 0.881015618642
2716.909875 0.869410037994
2722.049737 0.868165016174
2727.03667 0.850827693939
2732.107227 0.867782910665
2737.124325 0.872831741969
2742.37893 0.868094046911
2747.433826 0.869330088298
2752.485656 0.870374759038
2757.55999 0.865136702855
2762.56207 0.852345069249
2767.648021 0.879213651021
2772.989465 0.878624359767
2778.005685 0.875099579493
2783.10906 0.888324737549
2788.16685 0.888769388199
2793.167375 0.861319939295
2798.207311 0.869982322057
2803.511574 0.870315392812
2808.611049 0.888907909393
2813.652193 0.878414312998
2818.669085 0.872121016184
2823.742845 0.892856836319
2828.74396 0.876473665237
2834.114236 0.869661013285
2839.13423 0.871558427811
2844.15548 0.875559647878
2849.24142 0.880568424861
2854.281997 0.868076006571
2859.266088 0.857904672623
2864.587557 0.882094621658
2869.643295 0.874398549398
2874.694753 0.876561959585
2879.798924 0.871924320857
2884.834781 0.866808970769
2889.922303 0.887409051259
2895.160281 0.848622957865
2900.166441 0.868314663569
2905.204786 0.876043955485
2910.271771 0.872771819433
2915.324297 0.87415766716
2920.395205 0.877855698268
2925.78285 0.872489690781
2930.819501 0.870802323023
2935.81011 0.857297738393
2940.861663 0.881235917409
2945.863873 0.855141798655
2950.854517 0.862411340078
2956.138951 0.873499393463
2961.142006 0.859631379445
2966.146151 0.870765765508
2971.1998 0.884528954824
2976.236258 0.871615012487
2981.274416 0.88099471728
2986.594707 0.87765232722
2991.635217 0.883807659149
2996.618703 0.852119604747
3001.656166 0.861266374588
3006.726512 0.887246290843
3011.696279 0.858793258667
3017.086431 0.871088584264
3022.104503 0.873263597488
3027.108568 0.865995645523
3032.145202 0.872658252716
3037.182614 0.872302055359
3042.238923 0.872131427129
3047.574183 0.873228311539
3052.631441 0.884528716405
3057.648565 0.869747638702
3062.667987 0.866300344467
3067.738511 0.873508691788
3072.742193 0.864935318629
3078.049998 0.868409315745
3083.086 0.872673352559
3088.138696 0.876924037933
3093.223855 0.876175562541
3098.261598 0.86963558197
3103.315397 0.86890689532
3108.703206 0.868510723114
3113.725291 0.876185973485
3118.693632 0.851124048233
3123.747464 0.881295363108
3128.78817 0.87664326032
3133.771753 0.857063293457
3139.061907 0.868003368378
3144.14657 0.881848335266
3149.237289 0.873997926712
3154.219735 0.863292614619
3159.20755 0.866950750351
3164.144597 0.850618044535
3169.498044 0.877390305201
3174.552575 0.882733662923
3179.642533 0.885943333308
3184.743368 0.893762667974
3189.763173 0.868423779806
3194.767636 0.879289309184
3200.137976 0.888137658437
3205.175284 0.870449384054
3210.215706 0.860240300496
3215.316205 0.887890338898
3220.369474 0.873168706894
3225.392972 0.873969634374
3230.661937 0.86820658048
3235.714122 0.873826026917
3240.73456 0.871552626292
3245.809325 0.865343968074
3250.859785 0.873786687851
3255.932731 0.889314095179
3261.200019 0.872951984406
3266.204387 0.870009422302
3271.258859 0.878706375758
3276.262731 0.865601380666
3281.299775 0.870888630549
3286.30232 0.875507990519
3291.589745 0.855361223221
3296.578024 0.870164553324
3301.630089 0.87350376447
3306.601755 0.865472873052
3311.624752 0.869410037994
3316.558703 0.850120306015
3321.962567 0.888916015625
3327.016032 0.887161652247
3332.069878 0.875673294067
3337.006772 0.849936405818
3342.010104 0.86334101359
3347.082492 0.881679932276
3352.335342 0.863425731659
3357.392215 0.873016993205
3362.408476 0.869612932205
3367.446683 0.871165990829
3372.519633 0.882318337758
3377.603688 0.883973757426
3382.942179 0.876524686813
3387.978763 0.869829734166
3393.0019 0.873279094696
3398.052981 0.871263662974
3403.092394 0.873539924622
3408.143397 0.881973266602
3413.349628 0.874389012655
3418.351357 0.855698426565
3423.338857 0.868969043096
3428.35961 0.875865697861
3433.446152 0.881668329239
3438.482947 0.879981676737
3443.939325 0.891394297282
3448.974237 0.869218667348
3454.029357 0.878261645635
3459.083083 0.882430315018
3464.11895 0.872838576635
3469.072403 0.850399971008
3474.342962 0.850041309992
3479.362998 0.862885077794
3484.402951 0.872266928355
3489.404899 0.868784666061
3494.474231 0.880911111832
3499.428382 0.856820027033
3504.799439 0.874045689901
3509.870221 0.88404862086
3514.922879 0.88684741656
3519.978812 0.879585425059
3525.014339 0.85763390859
3530.000526 0.865618387858
3535.338538 0.873480002085
3540.342111 0.866206645966
3545.379536 0.878440936406
3550.400001 0.874306042989
3555.42361 0.863292694092
3560.475768 0.887448946635
3565.829029 0.874238570531
3571.033055 0.87957239151
3576.055259 0.880109707514
3581.092181 0.852154016495
3586.14313 0.878116607666
3591.213205 0.889929056168
3596.568158 0.86965918541
3601.538093 0.853232701619
3606.559711 0.874412298203
3611.547109 0.866349299749
3616.634034 0.874820311864
3621.655795 0.876449028651
3626.973782 0.868788401286
3632.011 0.87732164065
3637.064952 0.87829097112
3642.021196 0.850954771042
3647.03818 0.858515977859
3652.079236 0.875117778778
3657.413206 0.874368985494
3662.383437 0.852251370748
3667.387637 0.86479862531
3672.393963 0.871037642161
3677.480986 0.886284351349
3682.449446 0.8533085982
3687.770338 0.869075298309
3692.82278 0.881494998932
3697.826577 0.864901304245
3702.830351 0.86723502477
3707.967432 0.895610411962
3712.954851 0.850938955943
3718.391885 0.886125961939
3723.43335 0.86833469073
3728.435515 0.869714021683
3733.454776 0.869227965673
3738.440437 0.854166348775
3743.462115 0.86840057373
3748.798151 0.87179907163
3753.769109 0.848900953929
3758.842766 0.882215023041
3763.859683 0.873607635498
3768.913902 0.875763654709
3773.921262 0.872370402018
3779.253838 0.868687391281
3784.257923 0.866424004237
3789.295663 0.868622700373
3794.30115 0.877235015233
3799.355959 0.882076342901
3804.373343 0.864707628886
3809.778441 0.870013713837
3814.833488 0.875671625137
3819.888749 0.873207648595
3824.906792 0.867732048035
3829.941687 0.870746453603
3834.996082 0.884181261063
3840.320985 0.86775970459
3845.370959 0.88016295433
3850.424585 0.871005058289
3855.531283 0.888723373413
3860.618324 0.874862353007
3865.670037 0.870577335358
3871.006574 0.865524291992
3876.096597 0.892810662587
3881.180589 0.87375330925
3886.271486 0.886439323425
3891.338453 0.873385508855
3896.308277 0.852614005407
3901.613738 0.875921964645
3906.669934 0.884836355845
3911.78706 0.873569965363
3916.807128 0.873740037282
3921.860392 0.880172332128
3926.881489 0.87352458636
3932.318962 0.890872081121
3937.355638 0.881804625193
3942.426771 0.886864980062
3947.463855 0.877886374791
3952.450699 0.857083956401
3957.558384 0.885691404343
3962.877779 0.856477101644
3967.929764 0.880365610123
3972.968975 0.873250404994
3978.037008 0.880873918533
3983.094503 0.873690923055
3988.096635 0.872571706772
3993.448811 0.87469903628
3998.501461 0.879251082738
4003.522185 0.858168919881
4008.578652 0.882303158442
4013.565482 0.865593592326
4018.584083 0.871757030487
4023.873496 0.853025913239
4028.941407 0.881986776988
4033.99459 0.881017367045
4039.098583 0.893635590871
4044.118979 0.863966623942
4049.10984 0.868670304616
4054.427272 0.873205661774
4059.401924 0.855668624242
4064.454115 0.868570009867
4069.471195 0.872140010198
4074.562215 0.892140388489
4079.579081 0.873902638753
4084.903188 0.852382659912
4089.970309 0.875559965769
4095.040925 0.867764472961
4100.02786 0.864914019903
4104.997915 0.849324941635
4109.955242 0.858705679576
4115.255924 0.894341548284
4120.326154 0.880183696747
4125.283164 0.848714987437
4130.250461 0.854739030202
4135.321043 0.879505634308
4140.324196 0.870817104975
4145.611187 0.856494267782
4150.652537 0.876801252365
4155.65272 0.871093670527
4160.723526 0.885510047277
4165.760998 0.879148880641
4170.814664 0.874880075455
4176.11811 0.869312683741
4181.171453 0.87034368515
4186.192434 0.867557605108
4191.233264 0.874730666478
4196.283616 0.875507593155
4201.389518 0.888242006302
4206.69064 0.865248044332
4211.745479 0.880589644114
4216.783199 0.857463757197
4221.81992 0.872954765956
4226.839579 0.873636722565
4231.896306 0.869997342428
4237.1635 0.856881300608
4242.204217 0.875146071116
4247.324015 0.879236062368
4252.358953 0.870629310608
4257.415443 0.876843770345
4262.466304 0.871562639872
4267.772685 0.866287310918
4272.822943 0.878296295802
4277.962205 0.866311232249
4282.997911 0.872619311015
4288.070953 0.876548290253
4293.138619 0.865075031916
4298.443423 0.855293353399
4303.446666 0.870672067006
4308.502167 0.873882055283
4313.587739 0.880212306976
4318.645146 0.875791947047
4323.646674 0.869118054708
4328.868396 0.866175254186
4333.886036 0.869709968567
4338.889498 0.868411064148
4343.927391 0.873332659403
4348.947296 0.866231679916
4353.933865 0.865370670954
4359.271631 0.88187901179
4364.278409 0.872533639272
4369.331577 0.890213092168
4374.302979 0.85494963328
4379.286725 0.876871029536
4384.291077 0.865458329519
4389.728803 0.870147943497
4394.764775 0.871884584427
4399.835382 0.881520112356
4404.839308 0.871266682943
4409.892345 0.875690062841
4414.916476 0.876534938812
4420.301016 0.8746509552
4425.39091 0.879042625427
4430.457927 0.878468751907
4435.446223 0.859586079915
4440.51601 0.874029318492
4445.53694 0.87749171257
4451.007412 0.908691644669
4456.078924 0.884578625361
4461.150014 0.881790955861
4466.185407 0.883517344793
4471.22205 0.870737314224
4476.227154 0.868891716003
4481.649304 0.877277612686
4486.699443 0.874173959096
4491.724889 0.869927008947
4496.740331 0.871295690536
4501.798883 0.874619404475
4506.835557 0.880001306534
4512.17168 0.866222302119
4517.172456 0.86598499616
4522.163858 0.872451941172
4527.163524 0.869834343592
4532.170331 0.874188741048
4537.222752 0.868016004562
4542.575415 0.876614093781
4547.59572 0.851913293203
4552.599655 0.871134678523
4557.620876 0.871603012085
4562.660127 0.883365313212
4567.694593 0.873288234075
4573.051221 0.892311016719
4578.105553 0.869353612264
4583.159406 0.885266621908
4588.12656 0.850879351298
4593.199737 0.865576108297
4598.250455 0.878738005956
4603.558064 0.86981121699
4608.607527 0.867352247238
4613.647004 0.87145169576
4618.665221 0.872725407283
4623.718765 0.874624013901
4628.707277 0.867835442225
4633.961604 0.872333367666
4638.931697 0.86061501503
4643.91864 0.868100007375
4648.874973 0.855393330256
4653.909935 0.875372330348
4658.962345 0.88397860527
4664.316828 0.877551635106
4669.353135 0.876685063044
4674.393988 0.87091700236
4679.360781 0.852765639623
4684.417677 0.884057680766
4689.401862 0.866855303446
4694.772343 0.883945385615
4699.763204 0.870797316233
4704.780166 0.873364607493
4709.767096 0.865835030874
4714.786863 0.870342969894
4719.778492 0.870051304499
4725.014161 0.850312630335
4730.014941 0.869355758031
4735.006045 0.869398037593
4740.039417 0.877999067307
4745.027373 0.86386569341
4750.001446 0.866708755493
4755.267564 0.873695055644
4760.271985 0.868986050288
4765.311978 0.886452674866
4770.24714 0.851576248805
4775.332227 0.874731381734
4780.269375 0.852924267451
4785.543707 0.854040940603
4790.511159 0.85502298673
4795.566534 0.882287661235
4800.618216 0.889580965042
4805.588847 0.857408444087
4810.595209 0.868374745051
4815.946862 0.880100011826
4821.236106 0.864062229792
4826.271185 0.862120946248
4831.340677 0.879034678141
4836.344608 0.866163651148
4841.298873 0.847360610962
4846.669988 0.870759407679
4851.707016 0.87450726827
4856.694971 0.852567036947
4861.734512 0.874641974767
4866.785132 0.875468095144
4871.788 0.868381023407
4877.325263 0.884884675344
4882.316892 0.867897033691
4887.283429 0.847655375799
4892.340378 0.880270322164
4897.357317 0.870066960653
4902.381115 0.874864578247
4907.766281 0.862978696823
4912.805559 0.876519282659
4917.889418 0.877778291702
4922.926758 0.876943747203
4927.963092 0.871812343597
4933.052383 0.893145640691
4938.387759 0.85405866305
4943.392229 0.863208611806
4948.515949 0.889736731847
4953.499168 0.872415224711
4958.536658 0.872438351313
4963.590799 0.883540630341
4969.145186 0.872428735097
4974.332228 0.868928988775
4979.402016 0.885176976522
4984.405995 0.871028661728
4989.460987 0.883589267731
4994.467023 0.872072935104
4999.883843 0.876679023107
5004.904091 0.866668303808
5009.908723 0.868558327357
5014.946291 0.875238418579
5019.949812 0.859458684921
5024.986313 0.863552014033
5030.40728 0.873018582662
5035.464249 0.883849064509
5040.482168 0.87051041921
5045.453145 0.852628707886
5050.488201 0.879084030787
5055.510968 0.865925550461
5060.946721 0.874104340871
5065.966771 0.864854653676
5071.00702 0.873763958613
5076.027096 0.870296319326
5081.047446 0.873649597168
5086.098995 0.875794410706
5091.439708 0.859969695409
5096.455688 0.869005600611
5101.410419 0.856914281845
5106.381746 0.853734254837
5111.434354 0.872430006663
5116.455977 0.863997062047
5121.874896 0.872307300568
5126.912544 0.878582954407
5131.95272 0.872309605281
5136.986106 0.874473730723
5142.023771 0.877825737
5147.011014 0.86097796758
5152.401054 0.872053384781
5157.435197 0.870959599813
5162.491922 0.884485324224
5167.579056 0.889705657959
5172.549517 0.850015322367
5177.537114 0.860277732213
5182.938185 0.852328618368
5187.959106 0.867206255595
5193.01282 0.880160649618
5198.099052 0.882730722427
5203.119414 0.867976903915
5208.123564 0.859833240509
5213.577995 0.889712333679
5218.600702 0.865856965383
5223.634889 0.871862332026
5228.62189 0.858091672262
5233.641623 0.870500008265
5238.679757 0.871905088425
5244.07041 0.874322414398
5249.137879 0.883215347926
5254.127669 0.856391032537
5259.144782 0.874085267385
5264.148817 0.874099334081
5269.205533 0.876901308695
5274.573716 0.870458285014
5279.626508 0.876400709152
5284.697468 0.884762684504
5289.720805 0.870703379313
5294.771733 0.874541680018
5299.791364 0.868209600449
5305.162753 0.865504980087
5310.23643 0.888956705729
5315.305173 0.887736320496
5320.323965 0.873192310333
5325.327434 0.861519257228
5330.380883 0.868539015452
5335.718719 0.882803678513
5340.772184 0.871627012889
5345.779901 0.870218674342
5350.830255 0.875524600347
5355.818116 0.865595340729
5360.840258 0.878231922785
5366.225869 0.875606298447
5371.244942 0.87402955691
5376.24997 0.878452380498
5381.286156 0.878089030584
5386.293316 0.866072654724
5391.380597 0.879908641179
5396.71407 0.869959354401
5401.687606 0.851772626241
5406.671152 0.863826274872
5411.726402 0.884939352671
5416.779249 0.886338949203
5421.734035 0.859876473745
5427.0556 0.8512190183
5432.06 0.869260708491
5437.197774 0.900616407394
5442.181118 0.869262933731
5447.185582 0.870935042699
5452.2088 0.881462653478
5457.578945 0.871964931488
5462.580112 0.862885951996
5467.603949 0.872660954793
5472.638091 0.875319719315
5477.675365 0.88027938207
5482.728423 0.88520026207
5488.199611 0.882373015086
5493.237495 0.876116673152
5498.239468 0.866908709208
5503.246753 0.881626605988
5508.251924 0.877592325211
5513.218554 0.863341331482
5518.493125 0.875674645106
5523.510167 0.871568997701
5528.565612 0.884716113408
5533.58308 0.874384403229
5538.603198 0.872752348582
5543.607582 0.865313688914
5548.964631 0.879943768183
5553.998698 0.86875240008
5559.018924 0.869653065999
5564.075376 0.885548273722
5569.145049 0.881364663442
5574.198427 0.886093537013
5579.434917 0.874401887258
5584.488328 0.874209324519
5589.54338 0.885658343633
5594.580707 0.873048067093
5599.599894 0.870225985845
5604.622709 0.87299267451
5609.793523 0.84823234876
5614.894701 0.874216079712
5619.915003 0.873770316442
5624.952209 0.87983695666
5629.971615 0.874496618907
5634.979985 0.865564664205
5640.333807 0.873312632243
5645.383525 0.865997950236
5650.387291 0.86580435435
5655.458371 0.879048744837
5660.462923 0.870417992274
5665.401424 0.8556163311
5670.668423 0.877390305201
5675.70656 0.869906346003
5680.726503 0.864796638489
5685.746928 0.867886463801
5690.753572 0.867197751999
5695.771212 0.874278465907
5700.974582 0.854297002157
5705.946418 0.855554978053
5710.982383 0.873956600825
5716.003363 0.867460807165
5721.043256 0.873907725016
5726.059846 0.864603281021
5731.298346 0.867356936137
5736.368663 0.884775718053
5741.388955 0.878257274628
5746.412165 0.872053623199
5751.41663 0.870403051376
5756.550555 0.894267956416
5761.887544 0.854065259298
5766.974902 0.869486570358
5772.029954 0.878631035487
5777.065099 0.873778581619
5782.088378 0.866507609685
5787.13998 0.880009015401
5792.410622 0.87112569809
5797.547166 0.873750368754
5802.538086 0.855200926463
5807.505421 0.857663710912
5812.545872 0.874584356944
5817.596905 0.873099327087
5822.952143 0.870357195536
5828.089738 0.895934343338
5833.124923 0.883893013
5838.194697 0.87118268013
5843.218744 0.873003323873
5848.269001 0.871342341105
5853.556284 0.855259974798
5858.579256 0.874989032745
5863.614815 0.869680563609
5868.666837 0.874619404475
5873.640282 0.86213906606
5878.691069 0.882876952489
5884.063205 0.868641058604
5889.069151 0.867717981339
5894.069902 0.873030344645
5899.076846 0.864717324575
5904.126971 0.877903302511
5909.147024 0.865724722544
5914.534554 0.879752953847
5919.60646 0.875856081645
5924.612015 0.871688048045
5929.662706 0.874432086945
5934.6826 0.876900990804
5939.67091 0.847854773204
5944.957136 0.875597000122
5949.995075 0.869015693665
5955.033637 0.874300320943
5960.121525 0.880834023158
5965.18923 0.877108732859
5970.243298 0.873584667842
5975.600071 0.869356632233
5980.602398 0.851412296295
5985.622086 0.870170672735
5990.643521 0.870271285375
5995.650479 0.872607946396
6000.666092 0.857935984929
6006.023245 0.851867278417
6011.073152 0.870617866516
6016.147874 0.891427516937
6021.181344 0.870674610138
6026.218128 0.884165684382
6031.222366 0.865307887395
6036.575856 0.874802271525
6041.630557 0.863163709641
6046.583447 0.854182084401
6051.607059 0.871045827866
6056.657907 0.88968761762
6061.678644 0.874060312907
6067.170061 0.890958944956
6072.286701 0.881673336029
6077.257766 0.856737613678
6082.280161 0.855971336365
6087.33221 0.88161166509
6092.403187 0.888848940531
6097.6716 0.869812091192
6102.612105 0.850220680237
6107.633112 0.87596766154
6112.615796 0.856578032176
6117.703717 0.890936772029
6122.74025 0.872185707092
6128.165523 0.878129323324
6133.184105 0.867043018341
6138.189904 0.856342633565
6143.259748 0.891704718272
6148.280146 0.868898789088
6153.296093 0.868823369344
6158.803216 0.879509687424
6163.787882 0.865766366323
6168.825589 0.880777359009
6173.846014 0.870912313461
6178.899244 0.873995065689
6183.936846 0.872021039327
6189.290518 0.866112629573
6194.378296 0.885988712311
6199.401881 0.858366727829
6204.406306 0.873301267624
6209.38959 0.86460796992
6214.376064 0.869403362274
6219.747017 0.869110743205
6224.804179 0.861093759537
6229.820704 0.871581713359
6234.842636 0.86371866862
6239.928018 0.876718044281
6244.951456 0.875623703003
6250.236135 0.85662372907
6255.356605 0.891437292099
6260.359628 0.876748243968
6265.384328 0.868403673172
6270.402823 0.871459722519
6275.454978 0.873782316844
6280.858899 0.893363634745
6285.898979 0.874322334925
6290.91686 0.875321626663
6295.970258 0.868378639221
6301.211328 0.865648031235
6306.262873 0.867211659749
6311.681946 0.882600069046
6316.719736 0.878563006719
6321.756054 0.870019276937
6326.810114 0.878009398778
6331.866036 0.873294671377
6336.921611 0.878643274307
6342.256534 0.877366701762
6347.328638 0.878804763158
6352.328454 0.879785617193
6357.437106 0.88226556778
6362.470384 0.881186326345
6367.540641 0.887664953868
6372.863916 0.886560996373
6377.882443 0.873705625534
6382.88583 0.86764272054
6387.939095 0.878482421239
6393.010121 0.877289613088
6398.014179 0.869298696518
6403.333884 0.870817343394
6408.322024 0.857296069463
6413.39436 0.882488330205
6418.348044 0.854039351145
6423.315107 0.864679336548
6428.270276 0.85759862264
6433.739985 0.879633029302
6438.693085 0.848008314768
6443.733764 0.878422657649
6448.702089 0.853407621384
6453.73899 0.875670989354
6458.825184 0.893928607305
6464.228765 0.885451555252
6469.303462 0.884658972422
6474.338364 0.874749024709
6479.360934 0.871990362803
6484.428149 0.879949649175
6489.452454 0.877668301264
6494.888516 0.869874318441
6499.939757 0.866151253382
6504.99652 0.879278103511
6510.030534 0.876572608948
6515.018129 0.870513995488
6520.023573 0.874148289363
6525.409697 0.87204058965
6530.411677 0.86650800705
6535.451144 0.88304567337
6540.454413 0.868723074595
6545.457987 0.867522716522
6550.460236 0.875606298447
6555.847685 0.868938446045
6560.90295 0.875047047933
6565.922791 0.875283320745
6570.892599 0.861934264501
6575.896298 0.860251983007
6581.071142 0.908967256546
6586.54068 0.870982964834
6591.574733 0.880686680476
6596.6152 0.875995079676
6601.615521 0.865330060323
6606.668414 0.881831328074
6611.639383 0.862591663996
6617.078568 0.887346744537
6622.066612 0.864623069763
6627.104607 0.871268431346
6632.107946 0.874708970388
6637.075193 0.848040660222
6642.115503 0.879723310471
6647.419331 0.855757713318
6652.454412 0.88105003039
6657.524097 0.887212673823
6662.544961 0.880808035533
6667.598621 0.872966368993
6672.635446 0.877670049667
6678.039609 0.874286651611
6683.09415 0.884937763214
6688.116518 0.871134996414
6693.167813 0.885895013809
6698.405188 0.871250232061
6703.378111 0.871835629145
6708.762475 0.859743038813
6713.782883 0.871538082759
6718.80291 0.867995977402
6723.840408 0.883078575134
6728.844005 0.86404577891
6733.800903 0.857346693675
6739.068296 0.867167631785
6744.139114 0.882416407267
6749.194045 0.871498028437
6754.212822 0.873143990835
6759.236061 0.875493367513
6764.287345 0.879879395167
6769.65776 0.874334653219
6774.761491 0.883759975433
6779.766973 0.880203406016
6784.785547 0.867783069611
6789.822923 0.885984738668
6794.843402 0.872947692871
6800.066313 0.85523668925
6805.185372 0.901129643122
6810.171981 0.87241268158
6815.17502 0.867066383362
6820.133207 0.85836537679
6825.13216 0.874250888824
6830.586524 0.878571033478
6835.575634 0.865582704544
6840.627663 0.881866375605
6845.669011 0.878087917964
6850.672049 0.869997342428
6855.705424 0.867027123769
6861.193032 0.874393701553
6866.23112 0.869961579641
6871.220144 0.856232325236
6876.238853 0.867496649424
6881.258397 0.871386607488
6886.261764 0.869651317596
6891.750378 0.871042569478
6896.736393 0.851267655691
6901.756393 0.874612649282
6906.776349 0.874154011408
6911.798691 0.871784607569
6916.854226 0.88229505221
6922.389607 0.895656665166
6927.409087 0.874108314514
6932.462566 0.877360026042
6937.500081 0.870119253794
6942.770704 0.891087134679
6947.791264 0.872353394826
6953.279097 0.873745600382
6958.301332 0.874847332637
6963.355509 0.873013655345
6968.390322 0.873862663905
6973.46389 0.879367033641
6978.430965 0.852828661601
6983.889279 0.866620461146
6988.922256 0.87084197998
6993.925444 0.866729338964
6998.946235 0.871268590291
7004.016645 0.874132076899
7009.03639 0.872664372126
7014.52435 0.875038305918
7019.564345 0.884814023972
7024.564666 0.864236990611
7029.621541 0.882105986277
7034.659034 0.873070398966
7039.694834 0.875386714935
7045.24657 0.888856728872
7050.251651 0.87113237381
7055.355036 0.87838657697
7060.358953 0.869017362595
7065.382184 0.870007197062
7070.451084 0.876482327779
7075.970252 0.884358962377
7081.024496 0.88485733668
7086.04445 0.866837819417
7091.102015 0.871693929036
7096.171556 0.88335498174
7101.22546 0.876534620921
7106.826385 0.872776269913
7111.879964 0.880284865697
7116.951401 0.879287958145
7121.991094 0.871447642644
7127.025982 0.872589588165
7132.046951 0.870758056641
7137.516175 0.867118994395
7142.57001 0.880821386973
7147.590396 0.864424943924
7152.6277 0.881231943766
7157.69851 0.877530733744
7162.736738 0.876136938731
7168.222542 0.885457992554
7173.296451 0.893816630046
7178.331287 0.868122418722
7183.353318 0.873396396637
7188.388448 0.869450648626
7193.425217 0.870732386907
7198.961981 0.868565320969
7203.999239 0.876552979151
