21.931765 0.975976729393
43.879721 0.981689143181
66.19521 0.994539868832
101.417601 1.64175494909
123.632528 0.986261463165
145.66693 0.983499002457
167.711653 0.979074883461
189.729751 0.984178805351
193.148985 9999
215.279842 0.986746060848
237.460612 0.993242800236
259.588993 0.985250163078
262.895928 9999
298.215348 1.64893893003
333.724494 1.64553798437
356.105527 0.993091022968
378.117598 0.98213160038
400.366283 0.984322226048
403.722827 9999
425.916241 0.990598762035
448.097925 0.985687232018
483.388979 1.64665522575
505.61833 0.984471106529
527.719632 0.987154531479
549.94865 0.98319157362
572.112775 0.990575122833
575.554554 9999
597.36434 0.974158549309
632.756058 1.651951015
636.228003 9999
658.304819 0.982974755764
680.501218 0.991389679909
702.717273 0.987206351757
738.106751 1.65216164589
760.353955 0.983186841011
763.761465 9999
785.85402 0.986604309082
808.038815 0.983620452881
830.285682 0.990382218361
865.810466 1.65023775101
888.272209 0.99610080719
910.453343 0.988464641571
932.719854 0.985299086571
954.93272 0.991672480106
977.298094 0.991723108292
999.581763 0.997079563141
1003.086821 9999
1025.196323 0.988135516644
1047.280495 0.984096372128
1069.559113 0.990873134136
1091.574171 0.984263694286
1113.837896 0.988326501846
1135.955617 0.987506973743
1158.08665 0.985120010376
1180.185735 0.988563632965
1202.514341 0.992436027527
1237.856574 1.64807200432
1260.134898 0.98671233654
1282.219234 0.984745359421
1304.364427 0.984725034237
1326.262033 0.977289116383
1348.41027 0.983911252022
1370.557755 0.989997088909
1392.889987 0.993700432777
1415.023261 0.990256261826
1437.301838 0.99013800621
1459.402448 0.987500190735
1481.664615 0.989386200905
1517.00795 1.64889181852
1539.269845 0.986025714874
1561.317601 0.98424077034
1583.617097 0.989894914627
1586.939692 9999
1608.982296 0.986365544796
1631.364034 0.993752455711
1666.654447 1.64678453207
1670.294601 9999
1692.524487 0.991536879539
1714.618968 0.985374808311
1736.867523 0.989415812492
1772.224299 1.64862947464
1794.621442 0.991018223763
1816.656121 0.984361112118
1839.001066 0.989706873894
1861.116343 0.989213526249
1883.433009 0.991926491261
1905.478511 0.984892785549
1927.830489 0.992572879791
1950.024756 0.993151700497
1985.598318 1.65397439003
2007.915041 0.989340651035
2029.995377 0.987274312973
2033.485213 9999
2055.596822 0.986467337608
2077.725938 0.989745640755
2099.961084 0.982861304283
2122.155443 0.990753698349
2144.469977 0.992291355133
2166.618367 0.991152024269
2188.965983 0.992244791985
2210.897588 0.980628943443
2233.246148 0.99242862463
2255.510832 0.995358502865
2291.03435 1.65063762665
2313.515347 0.992192173004
2335.649646 0.990400910378
2357.996171 0.990428209305
2380.012554 0.984495460987
2383.48276 9999
2405.510024 0.983656191826
2427.6583 0.990004277229
2449.939076 0.98904093504
2471.937253 0.982770073414
2494.285033 0.987735784054
2516.434902 0.990305185318
2538.716131 0.990868067741
2560.84577 0.988796198368
2583.213852 0.993309795856
2618.467442 1.64611958265
2640.96567 0.98920135498
2662.980484 0.983198857307
2685.345385 0.990473151207
2720.721363 1.65166523457
2743.1005 0.991651511192
2765.200497 0.984756839275
2787.446111 0.986268019676
2809.660597 0.99371907711
2831.841633 0.984880757332
2835.265189 9999
2857.225361 0.981068944931
2879.523979 0.990295267105
2901.624294 0.987848639488
2923.669471 0.975819182396
2959.029219 1.65032612085
2981.374194 0.986451268196
3003.572216 0.991914367676
3025.836885 0.987507534027
3061.194024 1.65075963736
3083.425531 0.982888245583
3105.539639 0.987396550179
3127.87136 0.988638710976
3150.002273 0.989698553085
3172.13528 0.983260333538
3194.232033 0.988917899132
3229.772162 1.65129563808
3252.069834 0.984903073311
3274.18614 0.985273265839
3296.48312 0.988384032249
3318.59751 0.988706922531
3340.99527 0.992584061623
3363.079538 0.989456999302
3385.175281 0.981327092648
3420.233316 1.6371740222
3442.597656 0.990453493595
3477.770927 1.64166330099
3500.186078 0.992381370068
3503.574073 9999
3525.718052 0.986352813244
3561.228118 1.64858759642
3596.848303 1.6498437047
3619.096582 0.982370555401
