1.968527 0.00248037576675
3.748043 0.00186480283737
5.560239 0.00214936733246
7.311577 0.00194364786148
9.029213 0.00207694768906
10.800985 0.001979804039
12.508255 0.00192649364471
14.318964 0.00201392173767
16.2555 0.00195167064667
17.934848 0.00193821191788
19.7452 0.00194019079208
21.518416 0.0021515250206
23.481765 0.00197383165359
25.190532 0.0019909620285
26.981266 0.0020287156105
28.760035 0.00196824073792
30.612828 0.00255999565125
32.808025 0.00197435617447
34.615439 0.00246076583862
36.385469 0.00196837186813
38.34271 0.00211979150772
40.012509 0.00210084915161
41.701469 0.00206731557846
43.509246 0.00195691585541
45.324229 0.00191967487335
47.016777 0.00201650857925
48.725703 0.00191605091095
50.460501 0.00352668762207
52.176304 0.00270980596542
53.986341 0.00328561067581
55.727501 0.00217889547348
57.480589 0.0020360827446
59.392868 0.00197672843933
61.188532 0.00194422006607
63.383389 0.0022819519043
65.06931 0.00211373567581
66.781297 0.00196323394775
68.448062 0.00261567831039
70.195894 0.00201126337051
71.912319 0.00206545591354
73.666922 0.00225292444229
75.435344 0.0020267367363
77.180407 0.00199326276779
79.050877 0.00201352834702
80.782924 0.00268218517303
82.574829 0.00191597938538
84.325613 0.00191979408264
86.049198 0.00209836959839
87.815468 0.0021067738533
89.514035 0.00251420736313
91.285469 0.0020431637764
93.024994 0.00226882696152
95.024693 0.00247750282288
96.746829 0.00204540491104
98.436499 0.00199770927429
100.134417 0.00201511383057
101.833601 0.0025319814682
103.685474 0.00363200902939
105.362046 0.00207322835922
107.077565 0.00205888748169
108.81429 0.00211802721024
110.644224 0.00208097696304
112.543387 0.00207093954086
114.309138 0.00271087884903
116.047678 0.0020192861557
117.757521 0.00197631120682
119.737503 0.00350304841995
121.640999 0.00210670232773
123.415295 0.002163875103
125.645354 0.00361936092377
127.403044 0.00290606021881
129.062296 0.00244960784912
130.864654 0.00338191986084
132.607883 0.00265855789185
134.334277 0.00208532810211
136.034948 0.00254963636398
137.748857 0.00206327438354
139.402817 0.00207639932632
141.115587 0.00203971862793
142.879384 0.00227278470993
144.567152 0.00202698707581
146.305953 0.00198724269867
148.065585 0.00195816755295
149.78979 0.00198539495468
151.562331 0.00205782651901
153.274848 0.00201646089554
154.99909 0.00205725431442
157.339589 0.00204991102219
159.210637 0.00197064876556
161.138692 0.00197696685791
162.834604 0.00193728208542
164.565844 0.00200489759445
166.323879 0.00251568555832
168.147403 0.00212213993073
169.862579 0.00198296308517
171.6343 0.00234749317169
173.354414 0.00199046134949
175.063412 0.00195782184601
176.835838 0.00208970308304
178.555926 0.00204174518585
180.383204 0.00195877552032
182.198051 0.00235147476196
184.068719 0.00208210945129
185.773416 0.00196104049683
188.046822 0.0021008014679
189.756058 0.00342110395432
191.492736 0.00319919586182
193.177515 0.00194337368011
194.841446 0.00186256170273
196.510226 0.00211774110794
198.315946 0.00210719108582
199.987573 0.00188037157059
201.708349 0.00195420980453
203.490627 0.00230240821838
205.448424 0.00251082181931
207.207167 0.00233112573624
209.002243 0.00216468572617
210.777228 0.00210499763489
212.513972 0.0034063577652
214.285668 0.00350902080536
216.190087 0.00208934545517
218.245414 0.00197125673294
219.949101 0.00212196111679
221.738688 0.00349148511887
223.722878 0.00266152620316
225.427445 0.00198402404785
227.200571 0.00285230875015
228.972711 0.0020981669426
230.738083 0.00364382266998
232.501979 0.00364611148834
234.312881 0.0020489692688
236.331444 0.00394511222839
238.147783 0.00201622247696
239.891123 0.00298457145691
241.636974 0.00360749959946
243.36273 0.00433299541473
245.120278 0.00207917690277
246.847717 0.00227192640305
248.979302 0.00204910039902
250.810209 0.00202350616455
252.563401 0.00206232070923
254.298154 0.00244624614716
256.064977 0.00262868404388
257.830655 0.00208494663239
259.537044 0.00239034891129
261.221468 0.00210525989532
262.947298 0.00353220701218
264.726279 0.00206482410431
266.495683 0.002008497715
268.392317 0.00208746194839
270.148867 0.00204755067825
271.878832 0.00215792655945
273.617685 0.00388281345367
275.537406 0.00206396579742
277.212846 0.00209723711014
278.979471 0.00207303762436
281.216158 0.00209134817123
282.932591 0.00471180677414
284.858928 0.00216051340103
286.58745 0.00197026729584
288.341766 0.00472005605698
290.157834 0.00212714672089
292.457302 0.00198036432266
294.229409 0.00208361148834
295.981386 0.0021427154541
297.685856 0.00215750932693
299.378121 0.00205219984055
301.107319 0.00197956562042
302.798243 0.0020623087883
304.556429 0.00307163000107
306.277211 0.00208780765533
308.018144 0.00205811262131
309.7347 0.0020699262619
311.89034 0.00373878479004
313.595525 0.00234780311584
315.35318 0.00382523536682
317.048387 0.00199015140533
318.867731 0.0025456905365
320.638144 0.00369855165482
322.343351 0.00209476947784
324.097021 0.00211234092712
325.895145 0.00218466520309
327.716137 0.00198782682419
329.672186 0.00362782478333
331.350433 0.00211157798767
333.114835 0.002678835392
334.904492 0.00378955602646
336.701565 0.00218423604965
338.372321 0.00201871395111
340.054676 0.00200334787369
341.723647 0.00200440883636
343.854341 0.00213297605515
345.608783 0.00268275737762
347.320538 0.00210169553757
349.064202 0.00205140113831
350.924768 0.0047621011734
352.620985 0.00214903354645
354.267178 0.0020755648613
355.938904 0.00250480175018
357.665052 0.00208028554916
359.372739 0.00200327634811
361.131226 0.00194969177246
362.945949 0.00379837751389
364.694969 0.0020129442215
366.429436 0.0021071434021
368.151329 0.00355303287506
369.87661 0.0021502494812
371.541047 0.00203837156296
373.270045 0.0023393034935
375.196273 0.00307179689407
376.993789 0.00215578079224
378.750038 0.00217920541763
380.665553 0.00196243524551
382.483373 0.00253850221634
384.213262 0.0028675198555
385.951939 0.0020032286644
387.671484 0.00218524932861
389.540484 0.0024488568306
391.229074 0.00207377672195
393.130235 0.0023677110672
394.82824 0.00291093587875
396.511572 0.00206073522568
398.231564 0.00200618505478
399.908367 0.00198076963425
401.639393 0.00201352834702
403.392135 0.00473506450653
405.065889 0.00204131603241
407.411512 0.00218415260315
409.167079 0.00209813117981
410.85469 0.00265355110168
412.693715 0.00226790904999
414.427737 0.00210281610489
416.133417 0.00263316631317
417.83396 0.00209197998047
419.497931 0.00204294919968
421.207052 0.0021320104599
422.901322 0.00199768543243
424.581187 0.00254635810852
426.287976 0.00216360092163
428.511313 0.00386154651642
430.276082 0.0019827246666
432.041987 0.00198860168457
433.909939 0.00212517976761
435.641481 0.00197020769119
437.861075 0.00223331451416
439.624935 0.00242630243301
441.481484 0.00273442268372
443.321878 0.00359107255936
445.075967 0.0026193022728
446.830386 0.00197659730911
448.563918 0.00249419212341
450.275874 0.00202845335007
451.983446 0.00201045274734
453.729574 0.00213166475296
455.54217 0.00213549137115
457.351452 0.00451278686523
459.078882 0.00203368663788
460.840464 0.00308752059937
462.694158 0.00301910638809
464.49775 0.00339157581329
466.180917 0.00203191041946
468.223263 0.00212576389313
470.022429 0.0020352602005
471.785025 0.00205068588257
473.690179 0.00366537570953
475.471694 0.00211706161499
477.1966 0.00260016918182
478.973609 0.00206279754639
480.728509 0.00352370738983
482.452073 0.00223529338837
484.247788 0.00204828977585
486.011085 0.00212799310684
487.707022 0.0020112156868
489.559207 0.00263653993607
491.274102 0.00200057029724
493.01191 0.00306289196014
494.786925 0.00205149650574
496.471572 0.00206186771393
498.533134 0.00199909210205
500.401775 0.00217843055725
502.161095 0.00204565525055
504.230804 0.00208760499954
505.987326 0.00209931135178
507.699702 0.00209536552429
509.390358 0.00191208124161
511.139215 0.00195450782776
512.841388 0.00197979211807
514.594263 0.00275285243988
516.300849 0.00337547063828
518.027967 0.00202018022537
519.817258 0.00247596502304
521.668634 0.00203142166138
523.412343 0.00203884840012
525.155102 0.00212072134018
526.888999 0.00208848714828
528.863806 0.00242629051208
530.840295 0.00227110385895
532.580309 0.00196679830551
534.330443 0.0022519826889
536.05434 0.00202876329422
537.848512 0.00200459957123
539.589562 0.00277674198151
541.323011 0.00468325614929
543.015989 0.00207660198212
544.776665 0.00398269891739
546.559077 0.00233108997345
548.400767 0.00274820327759
550.136422 0.00204675197601
552.010772 0.00233647823334
553.83777 0.00261503458023
555.493727 0.00200917720795
557.19137 0.00199911594391
559.711029 0.00209720134735
561.412972 0.00200682878494
563.240133 0.00198173522949
565.026246 0.00247795581818
566.821223 0.00371881723404
568.515193 0.00201135873795
570.170816 0.00197228193283
571.940766 0.00203124284744
573.634116 0.00196605920792
575.3905 0.00349209308624
577.208557 0.00211147069931
579.045258 0.00331817865372
580.780139 0.00195313692093
582.613573 0.0032719373703
584.344668 0.00223072767258
586.059549 0.00210683345795
587.830527 0.00218939781189
589.574246 0.00211619138718
591.692078 0.00208834409714
593.360674 0.00206075906754
595.085862 0.00217472314835
596.801097 0.00243021249771
598.478098 0.00200272798538
600.172822 0.00222764015198
601.970926 0.00210003852844
603.71978 0.00226721763611
605.456219 0.00342911481857
607.195179 0.00199292898178
609.038939 0.00201050043106
610.746979 0.00203436613083
612.556237 0.00318212509155
614.253526 0.0019451379776
616.005424 0.00219568014145
617.751857 0.00244115591049
619.509473 0.00217983722687
621.216311 0.00209559202194
623.503607 0.00301470756531
625.267927 0.00227352380753
627.018965 0.00209282636642
628.751528 0.00205192565918
630.46556 0.00273475646973
632.290016 0.00224832296371
633.997415 0.00211315155029
635.73522 0.002013027668
637.492668 0.00201283693314
639.248567 0.00231267213821
640.932321 0.00202814340591
642.696842 0.00204322338104
644.579957 0.00192273855209
646.326928 0.00209188461304
648.047645 0.00347126722336
649.77749 0.00371450185776
651.635381 0.00209703445435
653.315585 0.00191855430603
655.351092 0.0020370721817
657.078936 0.00208737850189
658.828167 0.00218513011932
660.492013 0.00209197998047
662.245538 0.00336714982986
663.933815 0.00223454236984
665.744887 0.00199918746948
667.51797 0.00205012559891
669.294188 0.00271688699722
671.033629 0.00207192897797
672.793964 0.00203506946564
674.687347 0.00209352970123
676.424454 0.00220786333084
678.193726 0.00203883647919
679.892557 0.00226529836655
681.591555 0.00204439163208
683.268725 0.00202784538269
684.983961 0.00196392536163
687.215575 0.00208698511124
688.949121 0.00206681489944
690.718066 0.00211062431335
692.426141 0.00206948518753
694.220504 0.0033616065979
695.969233 0.0021165728569
697.718012 0.00275187492371
699.437573 0.00201426744461
701.160436 0.00202018022537
702.887586 0.00232293605804
704.873935 0.00374913215637
706.668051 0.00205901861191
708.501696 0.00221111774445
710.316708 0.00206102132797
712.080723 0.00207316875458
713.966754 0.00203640460968
715.654872 0.0022432923317
717.772241 0.00205914974213
719.532214 0.00267825126648
721.349819 0.00201647281647
723.176897 0.00203166007996
724.99249 0.00196216106415
726.689565 0.00200899839401
728.385912 0.00223876237869
730.164997 0.00265098810196
731.882666 0.00210500955582
733.579639 0.00202761888504
735.336281 0.00193450450897
736.995632 0.00209589004517
738.801641 0.00296144485474
740.657243 0.00240129232407
742.458042 0.00339255332947
744.176888 0.00254969596863
746.163457 0.00212733745575
748.649235 0.00207946300507
750.397072 0.00208897590637
752.13587 0.00196332931519
753.860349 0.00217701196671
755.716966 0.00208529233932
757.514985 0.00201437473297
759.218005 0.00343916416168
761.061966 0.00213512182236
762.779162 0.00236423015594
764.501187 0.00208231210709
766.229362 0.00206149816513
767.967384 0.00290577411652
769.679933 0.00275259017944
771.374602 0.00202584266663
773.162967 0.00227613449097
774.968624 0.00214298963547
776.694519 0.00199500322342
778.448981 0.0019926071167
780.460437 0.00211441516876
782.329066 0.00214469432831
784.020031 0.00293393135071
785.762963 0.00243080854416
787.592365 0.00203765630722
789.31782 0.00217354297638
791.035281 0.00266605615616
792.782171 0.00214515924454
794.56745 0.0023010969162
796.25855 0.00254333019257
798.074612 0.00356450080872
799.830581 0.00205965042114
801.563373 0.00196101665497
803.336032 0.00207303762436
805.131054 0.00407173633575
806.845483 0.00214040279388
808.61331 0.00207408666611
810.316745 0.00212391614914
812.65628 0.00212938785553
814.346162 0.00206558704376
816.103799 0.00207027196884
817.818094 0.00209294557571
819.525488 0.00195362567902
821.239711 0.00194877386093
823.034342 0.00197722911835
824.80789 0.00216903686523
826.482878 0.00198121070862
828.204726 0.00200455188751
829.989342 0.00377328395844
831.712544 0.00230141878128
833.477947 0.0025695681572
835.226138 0.00215209722519
836.979555 0.00210117101669
838.735952 0.00473785400391
840.428299 0.00209382772446
842.176542 0.00207500457764
844.320355 0.00203475952148
845.995125 0.00203286409378
847.661248 0.002037525177
849.467471 0.00206962823868
851.266802 0.00439409017563
852.971 0.00210582017899
854.743049 0.00234671831131
856.450656 0.00235910415649
858.233581 0.00210865736008
859.960952 0.00210371017456
861.717129 0.00256304740906
863.488951 0.00197563171387
865.159035 0.00198740959167
866.970579 0.002108502388
868.659388 0.00211604833603
870.411275 0.00209858417511
872.126256 0.00244812965393
873.942765 0.0021143913269
876.022905 0.00198373794556
877.769806 0.00217182636261
879.511499 0.00228252410889
881.244136 0.0019517660141
882.985689 0.00362144708633
884.799048 0.00347443819046
886.532374 0.00201805830002
888.196817 0.00206866264343
889.982468 0.00214139223099
891.714621 0.0020094037056
893.4333 0.00210704803467
895.151337 0.00210498571396
897.065021 0.00196731090546
898.773374 0.00214900970459
900.488808 0.00209382772446
902.260955 0.00442622900009
904.20225 0.0030455827713
905.92414 0.00213698148727
908.108177 0.00500302314758
909.910887 0.00355149507523
911.939301 0.00365226268768
913.667228 0.00210019350052
915.33816 0.00198259353638
916.990317 0.00213510990143
918.659903 0.00199040174484
920.451122 0.00295739173889
922.224922 0.00225484371185
923.947103 0.00229690074921
925.67505 0.00202269554138
927.571768 0.00243620872498
929.30684 0.001942050457
931.111671 0.00360149145126
932.856928 0.00205169916153
934.687476 0.00212135314941
936.412181 0.00203256607056
938.800026 0.00204131603241
940.536048 0.00228495597839
942.271757 0.00342348814011
944.02485 0.00207459926605
945.709448 0.00203315019608
947.464191 0.00457755327225
949.249024 0.00211148262024
950.907839 0.00202759504318
952.633875 0.00202475786209
954.390152 0.00263539552689
956.223665 0.00200364589691
958.091398 0.00203226804733
959.774795 0.00390999317169
961.492638 0.00256894826889
963.201462 0.00201839208603
964.928098 0.00203648805618
966.721424 0.00255562067032
969.018637 0.00246287584305
970.759321 0.00207860469818
972.488278 0.00214372873306
974.202146 0.00252120494843
975.968008 0.00207154750824
977.645067 0.00197879076004
979.37769 0.00210452079773
981.098907 0.00216068029404
982.855781 0.00202715396881
984.561711 0.00209069252014
986.429781 0.00202293395996
988.143485 0.00198177099228
989.871309 0.00208239555359
991.679278 0.00345946550369
993.388313 0.0020055770874
995.248465 0.00203523635864
996.950825 0.00203891992569
998.982204 0.00207493305206
1001.467598 0.0021483540535
1003.190601 0.00212886333466
1004.946826 0.00331786870956
1006.721314 0.00210798978806
1008.542216 0.00198000669479
1010.294048 0.00240920782089
1012.004825 0.00215948820114
1013.811122 0.00244257450104
1015.508198 0.00204571485519
1017.215536 0.002013194561
1019.04171 0.00195137262344
1020.78291 0.00202720165253
1022.483349 0.00255889892578
1024.224274 0.00216253995895
1025.955152 0.00210955142975
1027.671026 0.00220856666565
1029.435644 0.00212281942368
1031.245158 0.00202547311783
1033.184871 0.00207979679108
1034.997054 0.00318182706833
1036.791382 0.0021057009697
1038.487532 0.00207931995392
1040.19916 0.0020076751709
1041.941474 0.00209065675735
1043.66545 0.00217661857605
1045.393491 0.00205656290054
1047.15404 0.00206354856491
1048.897278 0.0021249294281
1050.67491 0.0046425819397
1052.380558 0.00209835767746
1054.157384 0.00268014669418
1055.978962 0.00214269161224
1057.777738 0.00216208696365
1059.579079 0.0026988863945
1061.336307 0.00224550962448
1063.115295 0.00401383638382
1065.089515 0.00220477581024
1066.909542 0.00204046964645
1068.72657 0.00212252140045
1070.478658 0.00212737321854
1072.335439 0.00195344686508
1074.098196 0.00208239555359
1075.86926 0.00272812843323
1077.668769 0.00207753181458
1079.466009 0.00199732780457
1081.183156 0.00233989953995
1082.863578 0.00280160903931
1084.577894 0.00199768543243
1086.420969 0.00196251869202
1088.210147 0.00198038816452
1089.873131 0.00204473733902
1091.619728 0.00196684598923
1093.466659 0.00208624601364
1095.404292 0.00202664136887
1097.175383 0.00206632614136
1098.895522 0.0021192073822
1100.653971 0.00222647190094
1102.396027 0.00303324460983
1104.141498 0.00206929445267
1105.877489 0.00263686180115
1107.616159 0.00276923179626
1109.361369 0.00203402042389
1111.115405 0.00249276161194
1112.985437 0.0025723695755
1114.705881 0.00263115167618
1116.419377 0.00207948684692
1118.238916 0.00240964889526
1120.016247 0.00199629068375
1121.739777 0.00206117630005
1123.425237 0.00229693651199
1125.113746 0.00246031284332
1127.536348 0.00201896429062
1129.244263 0.00208141803741
1131.01459 0.00209634304047
1132.850325 0.00235967636108
1134.588498 0.0020934343338
1136.583084 0.00225096940994
1138.312119 0.00209888219833
1140.011257 0.002017557621
1141.81302 0.00202795267105
1143.555333 0.00297161340714
1145.403095 0.00231697559357
1147.233534 0.00268561840057
1148.942165 0.00214378833771
1150.699421 0.00200465917587
1152.393791 0.00204437971115
1154.136953 0.00348280668259
1155.968735 0.00209323167801
1158.049968 0.00205122232437
1159.773597 0.0019767165184
1161.482503 0.00206705331802
1163.336726 0.00203944444656
1165.183934 0.00214351415634
1167.063729 0.00204901695251
1168.814027 0.00200960636139
1170.570155 0.00269641876221
1172.291374 0.00199840068817
1174.123156 0.00204907655716
1175.917044 0.00198537111282
1177.734474 0.00208872556686
1179.447445 0.00348649024963
1181.145549 0.00206605195999
1182.853494 0.00206779241562
1184.627417 0.00199807882309
1186.359866 0.00204648971558
1188.504948 0.00248870849609
1190.256965 0.00205829143524
1191.961029 0.00208095312119
1193.807334 0.00211925506592
1195.666257 0.0029071688652
1197.450098 0.00205914974213
1199.17625 0.00205441713333
1200.886647 0.00204085111618
1202.683577 0.00206444263458
1204.419279 0.0019947886467
1206.213452 0.00234482288361
1207.917244 0.00197660923004
1209.634051 0.00388479232788
1211.434059 0.00311833620071
1213.092114 0.00202769041061
1214.797955 0.00204412937164
1216.591199 0.00204126834869
1218.314914 0.0020859003067
1220.49053 0.00280451774597
1222.219601 0.00225448608398
1223.93821 0.00320160388947
1225.728791 0.00199739933014
1227.470757 0.00219163894653
1229.170122 0.00209513902664
1230.868307 0.00232442617416
1232.621134 0.00220469236374
1234.575229 0.00219748020172
1236.327858 0.00207489728928
1238.19281 0.00270084142685
1239.865296 0.00208606719971
1241.612217 0.00233169794083
1243.420872 0.00207949876785
1245.111349 0.00201272964478
1246.774739 0.00198500156403
1248.548195 0.00211915969849
1250.243957 0.00206812620163
1252.475146 0.00372483730316
1254.189167 0.00197765827179
1256.027648 0.00199350118637
1257.759119 0.00206965208054
1259.494007 0.00201858282089
1261.250683 0.00211637020111
1263.065579 0.00224049091339
1264.778115 0.00201513767242
1266.542768 0.0034620642662
1268.271002 0.00212080478668
1270.096715 0.00468000173569
1271.861433 0.0025251865387
1273.720941 0.00226953029633
1275.500385 0.00212388038635
1277.229566 0.00433641672134
1278.936236 0.00206480026245
1280.677325 0.0021492600441
1282.769279 0.00217326879501
1284.447052 0.0021648645401
1286.349393 0.00285404920578
1288.157604 0.00285539627075
1289.911075 0.00203106403351
1291.627451 0.00201952457428
1293.336545 0.0025075674057
1295.243616 0.00201914310455
1297.173334 0.00361148118973
1298.923926 0.002516746521
1300.70614 0.00301152467728
1302.508164 0.00248951911926
1304.377244 0.00238547325134
1306.104311 0.00240007638931
1307.803335 0.00200457572937
1309.589005 0.00242819786072
1311.296586 0.00285501480103
1313.317515 0.00203028917313
1314.977907 0.00205482244492
1316.645452 0.00200486183167
1318.68338 0.00212942361832
1320.623001 0.00326898097992
1322.329795 0.00279351472855
1324.071922 0.0020813703537
1325.772947 0.00207569599152
1327.519911 0.00272589921951
1329.33129 0.0020686507225
1331.147906 0.00200116634369
1332.925471 0.00201989412308
1334.645618 0.00212786197662
1336.337401 0.00204873085022
1338.071507 0.00207436084747
1340.038394 0.00321986675262
1341.779962 0.00188218355179
1344.406146 0.00206248760223
1346.131168 0.00200006961823
1347.903617 0.00323394536972
1349.771592 0.00211013555527
1351.511286 0.00224453210831
1353.24682 0.00217970609665
1355.030897 0.00203877687454
1356.76427 0.00218949317932
1358.566093 0.00224438905716
1360.305595 0.00335097312927
1362.104149 0.00199655294418
1363.808619 0.00274269580841
1365.526403 0.00331577062607
1367.271752 0.00203303098679
1368.993139 0.0024817943573
1370.746731 0.0026077747345
1372.695839 0.00210486650467
1374.753602 0.00213338136673
1376.87989 0.00227520465851
1378.719231 0.00218982696533
1380.420127 0.00207555294037
1382.158176 0.00210462808609
1383.878234 0.00200035572052
1385.554833 0.00197650194168
1387.314557 0.00316718816757
1389.115579 0.0023362159729
1390.837628 0.00251415967941
1392.616655 0.00205624103546
1394.324172 0.00198813676834
1396.036329 0.00201714038849
1397.80939 0.00222026109695
1399.515328 0.00211254358292
1401.275394 0.00243804454803
1403.033311 0.0023225903511
1404.725305 0.00209763050079
1406.768581 0.00210446119308
1408.559912 0.00198093652725
1410.321019 0.00215014219284
1412.043992 0.00203093290329
1413.838642 0.00205430984497
1415.60032 0.00201586484909
1417.263215 0.00222554206848
1419.028628 0.00209947824478
1420.763241 0.00209896564484
1422.446033 0.00238326787949
1424.18985 0.00206369161606
1425.942897 0.00211087465286
1427.739313 0.0022712469101
1429.508109 0.0020947098732
1431.187789 0.00203484296799
1432.919443 0.00204507112503
1434.588741 0.00199959278107
1436.329122 0.00207378864288
1438.32222 0.00338218212128
1440.123396 0.00239106416702
1441.817897 0.00228444337845
1443.707564 0.00216474533081
1445.38546 0.00207003355026
1447.210667 0.00191571712494
1448.935162 0.00206110477448
1450.674211 0.00209333896637
1452.34267 0.00205442905426
1454.088599 0.00204854011536
1455.82574 0.00202014446259
1457.52897 0.00205301046371
1459.275336 0.00260779857635
1461.029478 0.00202147960663
1462.738129 0.00215576887131
1464.421893 0.00205370187759
1466.10322 0.0020639538765
1467.764536 0.00192359685898
1469.981928 0.00215095281601
1471.706683 0.00275489091873
1473.47088 0.00215554237366
1475.199471 0.00236164331436
1477.004985 0.0026275396347
1478.739977 0.00261087417603
1480.424966 0.00202964544296
1482.127603 0.00209480524063
1483.832528 0.00196150541306
1485.559979 0.00201357603073
1487.267266 0.00205298662186
1489.031101 0.00274215936661
1490.757607 0.00219378471375
1492.522804 0.00308201313019
1494.270546 0.0024795293808
1496.011925 0.00212230682373
1497.782007 0.00201708078384
1499.552978 0.00220177173615
1501.688786 0.0031298995018
1503.38059 0.00221630334854
1505.155747 0.00317387580872
1507.015848 0.00210871696472
1508.712278 0.00204319953918
1510.479011 0.00256868600845
1512.236697 0.00209990739822
1513.965232 0.00196449756622
1515.726839 0.00307681560516
1517.515129 0.00211615562439
1519.30158 0.00207688808441
1521.047345 0.0033765912056
1522.73922 0.0021103978157
1524.437625 0.00275536775589
1526.165504 0.002481508255
1527.847751 0.00208294391632
1529.713591 0.00223308801651
1531.497561 0.00203231573105
1533.495277 0.00235183238983
1535.187119 0.00200397968292
1537.012318 0.00202016830444
1538.799134 0.0020126581192
1540.533389 0.00240530967712
1542.374933 0.00211609601974
1544.113847 0.00304470062256
1545.862259 0.00195823907852
1547.657484 0.00359742641449
1549.40145 0.00244518518448
1551.174612 0.00200103521347
1552.939387 0.00196710824966
1554.647053 0.00203623771667
1556.382426 0.00234405994415
1558.072287 0.00214400291443
1559.820999 0.00212466716766
1561.506725 0.00206265449524
1563.242506 0.00204068422318
1565.136739 0.00212334394455
1566.862759 0.00210000276566
1568.786117 0.00278787612915
1570.558084 0.0019721031189
1572.227072 0.00199807882309
1573.995527 0.00222369432449
1575.749112 0.00224986076355
1577.547576 0.00349577665329
1579.289361 0.00198475122452
1581.314327 0.00278551578522
1583.098397 0.00211483240128
1584.801078 0.00213695764542
1586.476467 0.00201967954636
1588.263368 0.00356603860855
1589.942988 0.0021005153656
1591.65289 0.0020076751709
1593.412719 0.0021332859993
1595.640809 0.00287306308746
1597.3642 0.00198124647141
1599.20732 0.00206178426743
1601.116053 0.00196138620377
1602.823913 0.00198005437851
1604.600569 0.00197516679764
1606.432208 0.00204392671585
1608.264991 0.00198248624802
1610.011385 0.00202797651291
1611.877599 0.00206897258759
1613.633619 0.00329638719559
1615.280242 0.00201847553253
1617.046219 0.00206108093262
1618.69895 0.00203566551208
1620.417949 0.00204166173935
1622.173452 0.00328985452652
1624.016779 0.00277990102768
1626.251244 0.00228626728058
1627.956686 0.00214524269104
1629.709805 0.00342659950256
1631.384474 0.00206102132797
1633.155583 0.00200098752975
1634.980949 0.00217378139496
1636.67444 0.00213004350662
1638.477299 0.00209451913834
1640.169996 0.00207512378693
1641.853334 0.00192385911942
1643.59537 0.00298067331314
1645.377205 0.00209097862244
1647.040463 0.00264108181
1648.821584 0.00280220508575
1650.618077 0.00190340280533
1652.377978 0.0026627779007
1654.084854 0.0025564789772
1655.840906 0.00211560726166
1657.892583 0.00208752155304
1659.613814 0.0028440952301
1661.621594 0.00222280025482
1663.519031 0.00232980251312
1665.240464 0.00365629196167
1666.977073 0.00203104019165
1668.659584 0.00204325914383
1670.463161 0.00211664438248
1672.175953 0.00220388174057
1673.919523 0.00200893878937
1675.619135 0.00201867818832
1677.298471 0.00198267698288
1679.030746 0.00203611850739
1680.852505 0.00245604515076
1682.56896 0.00202405452728
1684.277152 0.0027094244957
1685.985696 0.00201703310013
1687.891286 0.00202271938324
1690.043899 0.00205043554306
1691.730414 0.00203723907471
1693.463854 0.00304774045944
1695.28131 0.0027503490448
1697.161791 0.0024675488472
1698.889445 0.00281536579132
1700.589309 0.00196058750153
1702.266932 0.00216695070267
1703.940297 0.00211631059647
1705.652781 0.00216590166092
1707.410787 0.00191352367401
1709.15882 0.00293316841125
1710.88438 0.0032012462616
1712.680557 0.00210552215576
1714.399763 0.00216628313065
1716.092505 0.00223252773285
1717.799506 0.00218281745911
1719.57378 0.00202372074127
1721.977916 0.00341193675995
1723.674122 0.00201379060745
1725.347909 0.00209358930588
1727.060614 0.00204412937164
1728.828861 0.00221829414368
1730.545285 0.00212445259094
1732.396704 0.00210790634155
1734.391031 0.00266574621201
1736.118747 0.00232292413712
1737.83089 0.00401071310043
1739.823917 0.00211282968521
1741.571176 0.00228568315506
1743.30613 0.00383927822113
1745.088473 0.00198240280151
1746.807322 0.00213236808777
1748.545182 0.00212739706039
1750.363482 0.00204712152481
1752.292794 0.00206968784332
1753.97342 0.0021005988121
1755.747924 0.00212780237198
1757.465398 0.00201230049133
1759.166738 0.00204141139984
1760.879821 0.00205608606339
1762.608749 0.00315207242966
1764.511654 0.00251784324646
1766.233632 0.00206165313721
1767.974908 0.00205448865891
1769.76122 0.00199979543686
1771.522368 0.00194791555405
1773.248381 0.00249032974243
1775.255038 0.00211468935013
1776.999997 0.0021287560463
1778.695932 0.00212001800537
1780.517778 0.00230693817139
1782.199291 0.0021165728569
1784.352009 0.00516234636307
1786.033849 0.00216792821884
1787.803299 0.00202577114105
1789.537655 0.00216578245163
1791.283887 0.00340784788132
1793.068358 0.00213233232498
1794.922682 0.00207854509354
1796.637342 0.00211251974106
1798.348832 0.0025493144989
1800.119925 0.00363965034485
1801.841197 0.00342235565186
1803.627755 0.00202348232269
1805.317499 0.00199226140976
1807.023559 0.00202221870422
1808.733137 0.00203037261963
1810.49034 0.00223706960678
1812.243089 0.00357376337051
1813.981171 0.00234905481339
1816.064182 0.00216015577316
1817.782485 0.00215871334076
1819.499225 0.0023017168045
1821.238347 0.0021320939064
1822.951862 0.00234669446945
1824.685705 0.00214666128159
1826.585614 0.00285043716431
1828.317354 0.00205891132355
1830.164018 0.00378485918045
1832.012731 0.00214490890503
1833.702021 0.00279024839401
1835.454805 0.00206747055054
1837.211999 0.00202929973602
1838.899666 0.00202194452286
1840.61806 0.00214364528656
1842.360467 0.00202693939209
1844.069782 0.00203720331192
1845.764261 0.00312685966492
1847.886582 0.0032550573349
1849.586844 0.0024357676506
1851.349243 0.00259326696396
1853.132282 0.00212821960449
1855.042019 0.00306346416473
1856.852882 0.00212908983231
1858.620049 0.00211083889008
1860.359636 0.00207940340042
1862.082821 0.00203694105148
1863.799381 0.00207436084747
1865.55086 0.0020648598671
1867.338703 0.00213584899902
1869.068575 0.0020987868309
1870.809809 0.00207360982895
1872.530646 0.00204862356186
1874.259727 0.00203764438629
1875.980246 0.001979637146
1877.776952 0.00211144685745
1880.14363 0.00199958086014
1881.905456 0.00196185112
1883.732357 0.00387525558472
1885.410058 0.00195108652115
1887.19134 0.00371848344803
1888.947811 0.00196603536606
1890.628592 0.00215045213699
1892.316544 0.00200097560883
1893.997242 0.00198673009872
1895.748691 0.00305633544922
1897.473464 0.00209596157074
1899.186077 0.00195090770721
1900.89507 0.00199974775314
1902.706815 0.00199434757233
1904.428459 0.00204707384109
1906.160033 0.00210617780685
1907.889031 0.00210610628128
1909.611749 0.0024462223053
1911.932904 0.00205676555634
1913.717873 0.00203887224197
1915.456742 0.002969622612
1917.205985 0.00242748260498
1919.129854 0.00209114551544
1920.818114 0.00200681686401
1922.697174 0.00207991600037
1924.431769 0.00206671953201
1926.194717 0.00204280614853
1927.949931 0.00247901678085
1929.682894 0.00205670595169
1931.388385 0.00290912389755
1933.170479 0.00237319469452
1934.841156 0.00196824073792
1936.597656 0.00278816223145
1938.459594 0.00196418762207
1940.148469 0.00211511850357
1942.124901 0.00206415653229
1943.833659 0.00199543237686
1945.569364 0.00294377803802
1947.42424 0.00249084234238
1949.153285 0.00215120315552
1950.870343 0.00266637802124
1952.595187 0.0020695567131
1954.359075 0.00201572179794
1956.031988 0.00215303897858
1957.814459 0.00194829702377
1959.594405 0.00210943222046
1961.332311 0.00253864526749
1963.054645 0.00194176435471
1964.764975 0.00306560993195
1966.646323 0.0019958615303
1968.350824 0.00207744836807
1970.023678 0.00201774835587
1971.845762 0.00205421447754
1973.895581 0.00203368663788
1975.743332 0.00229403972626
1977.524111 0.00197602510452
1979.366084 0.00200973749161
1981.055132 0.0019956946373
1982.769915 0.00208710432053
1984.6116 0.0021145939827
1986.306116 0.00201486349106
1988.013584 0.00209280252457
1989.876266 0.00426639318466
1991.5839 0.00217018127441
1993.348857 0.00367876291275
1995.039836 0.00207763910294
1996.766888 0.00190100669861
1998.487582 0.00228497982025
2000.319412 0.00414087772369
2002.114777 0.00258020162582
2003.850864 0.00282753705978
2006.246513 0.00297509431839
2007.924462 0.00195957422256
2009.681457 0.00211073160172
2011.401846 0.00206109285355
2013.093383 0.00215007066727
2014.875713 0.00366846323013
2016.614273 0.00196405649185
2018.499012 0.00194445848465
2020.178092 0.00204634666443
2021.90439 0.00218389034271
2023.623143 0.00371662378311
2025.357779 0.00194067955017
2027.162375 0.00200680494308
2028.933828 0.00199148654938
2030.774003 0.00211713314056
2032.535619 0.00199847221375
2034.195893 0.00206217765808
2035.867429 0.00355775356293
2037.867135 0.00242062807083
2039.600964 0.00366089344025
2041.359045 0.00229097604752
2043.08268 0.00201901197433
2044.84789 0.00213819742203
2046.583731 0.00209600925446
2048.313576 0.00204379558563
2050.010133 0.00195846557617
2051.689734 0.00202851295471
2053.45217 0.00215326547623
2055.121392 0.00230209827423
2056.952943 0.00389510393143
2058.874508 0.00211839675903
2060.679177 0.00206583738327
2062.402022 0.00208456516266
2064.061454 0.00196837186813
2065.75604 0.00226565599442
2067.506421 0.00210226774216
2069.830105 0.00211526155472
2071.524843 0.00236284732819
2073.23639 0.00202767848969
2075.188193 0.00396016836166
2076.938719 0.0019956946373
2078.711375 0.0019877910614
2080.43318 0.00209530591965
2082.144865 0.00208050012589
2083.822978 0.00201007127762
2085.541016 0.00215913057327
2087.341442 0.00197905302048
2089.064008 0.00202634334564
2090.860578 0.00223941802979
2092.728233 0.0021092414856
2094.426051 0.00205773115158
2096.171091 0.00347856283188
2097.901919 0.00202767848969
2099.639334 0.00198554992676
2101.641926 0.00294488668442
2103.472982 0.00213018655777
2105.163411 0.00237618684769
2106.883742 0.00204410552979
2108.55145 0.00201233625412
2110.245029 0.00198340415955
2111.936146 0.00223995447159
2113.810892 0.00207411050797
2115.558899 0.00209050178528
2117.315261 0.00210019350052
2119.053486 0.00210400819778
2120.811406 0.00203626155853
2122.473158 0.0020299077034
2124.367381 0.0019412279129
2126.067517 0.00200003385544
2127.792222 0.00314456224442
2129.542986 0.00205917358398
2131.247415 0.00204886198044
2133.500223 0.00371687412262
2135.241349 0.00278331041336
2137.046575 0.00209847688675
2138.828777 0.00216332674026
2140.57516 0.00220565795898
2142.336824 0.00408554077148
2144.128339 0.00194818973541
2145.820899 0.0019770860672
2147.600979 0.00370486974716
2149.385244 0.00217232704163
2151.153083 0.001995408535
2152.848631 0.00199055671692
2154.974212 0.00215059518814
2156.745094 0.00396525859833
2158.510969 0.00408005714417
2160.48654 0.00218076705933
2162.307374 0.00206499099731
2164.311051 0.00207940340042
2166.018191 0.00268292427063
2167.99074 0.00247509479523
2169.669412 0.00219534635544
2171.432723 0.00297869443893
2173.228344 0.00211678743362
2174.987379 0.00213668346405
2176.875812 0.001926612854
2178.629761 0.00201798677444
2180.467959 0.00198041200638
2182.158861 0.00199370384216
2183.907992 0.00231554508209
2185.632201 0.0023223400116
2187.317382 0.00265558958054
2188.999839 0.00195599794388
2190.83722 0.00194699764252
2192.598433 0.00413365364075
2194.759766 0.00218580961227
2196.490445 0.0023585319519
2198.24372 0.00238744020462
2200.04348 0.0021382689476
2201.817736 0.00344591140747
2203.588645 0.00223126411438
2205.361027 0.00275765657425
2207.088088 0.00221471786499
2208.840433 0.00203119516373
2210.586416 0.00209245681763
2212.352823 0.00232797861099
2214.312648 0.00288450717926
2216.075335 0.00226782560349
2217.7694 0.00215295553207
2219.481282 0.00214595794678
2221.263679 0.00287748575211
2223.015499 0.00210876464844
2225.173654 0.00273296833038
2226.918883 0.00202199220657
2228.715762 0.00210970640182
2230.708903 0.00210388898849
2232.538554 0.00255897045135
2234.219582 0.00204681158066
2235.927766 0.00206463336945
2237.683393 0.0021635890007
2239.425514 0.00232763290405
2241.191485 0.00199311971664
2242.944809 0.00513830184937
2244.853034 0.00217612981796
2246.859623 0.00202428102493
2248.790053 0.00236332416534
2250.613148 0.00385760068893
2252.319215 0.00211498737335
2254.059501 0.00333980321884
2256.237305 0.00214929580688
2258.033396 0.00194782018661
2259.783652 0.00326697826385
2261.544776 0.00192394256592
2263.244508 0.00203385353088
2265.022633 0.00207902193069
2266.744727 0.00197573900223
2268.41937 0.00209269523621
2270.173594 0.00211127996445
2271.963718 0.00210973024368
2273.664289 0.00205003023148
2275.495425 0.00210554599762
2277.205616 0.00209478139877
2278.906824 0.00195959806442
2280.590777 0.00202451944351
2282.343246 0.00196008682251
2284.042309 0.00201959609985
2285.798207 0.00206956863403
2287.807701 0.00206398963928
2289.537813 0.00373524427414
2291.285553 0.00200279951096
2293.103887 0.00205321311951
2294.884191 0.00290331840515
2296.637175 0.00380979776382
2298.349375 0.00194181203842
2300.125015 0.00205901861191
2301.830632 0.0020516872406
2303.479618 0.00190813541412
2305.22444 0.00201014280319
2306.960353 0.00194600820541
2308.664825 0.00207673311234
2310.381476 0.00216431617737
2312.122233 0.00204582214355
2313.870546 0.00202717781067
2315.660562 0.003262591362
2317.359172 0.00209176540375
2319.49991 0.00200142860413
2321.4583 0.003841984272
2323.29382 0.00245730876923
2325.04287 0.00196446180344
2326.939184 0.00211647748947
2328.616696 0.00216665267944
2330.325672 0.00203601121902
2332.086254 0.00205063819885
2333.789414 0.00202511548996
2335.507589 0.00205557346344
2337.254 0.00343157052994
2339.06089 0.00271533727646
2340.901746 0.00254760980606
2342.580354 0.0024423956871
2344.372299 0.00199168920517
2346.068443 0.00205289125443
2347.785212 0.00203585624695
2349.911673 0.00444531440735
2351.623341 0.00216616392136
2353.531103 0.00211012363434
2355.444182 0.00205529928207
2357.255437 0.00225759744644
2358.966952 0.00201481580734
2360.894761 0.00216275453568
2362.625886 0.0020152926445
2364.331013 0.00199462175369
2366.261602 0.00227490663528
2367.942159 0.00201678276062
2369.675198 0.00209318399429
2371.425437 0.00196832418442
2373.128805 0.00231462717056
2374.873184 0.00211905241013
2376.643655 0.00305671691895
2378.344648 0.00212621688843
2380.406775 0.00429850816727
2382.20477 0.00210134983063
2383.919464 0.00204582214355
2385.707683 0.00199887752533
2387.442582 0.00249931812286
2389.186191 0.00278135538101
2390.889965 0.002097260952
2392.58869 0.00198528766632
2394.329199 0.00316545963287
2396.333802 0.00362850427628
2398.054034 0.00209318399429
2399.932263 0.00396429300308
2401.664 0.00205162763596
2403.389498 0.0022474527359
2405.11205 0.0022736787796
2406.985237 0.00352195501328
2409.049376 0.00243082046509
2411.638495 0.00221972465515
2413.367278 0.00213121175766
2415.156108 0.00201456546783
2417.004652 0.00200908184052
2418.794039 0.0038895368576
2420.493822 0.0022691488266
2422.177568 0.00192010402679
2423.920355 0.00202975273132
2425.717541 0.00203660726547
2427.45156 0.00195342302322
2429.133333 0.00211956501007
2430.940826 0.00203253030777
2432.665141 0.00195082426071
2434.388571 0.00208011865616
2436.073775 0.00211477279663
2437.808027 0.0032031416893
2439.501958 0.00229648351669
2441.155153 0.00204386711121
2443.102007 0.00217281579971
2444.889023 0.00253547430038
2446.795047 0.0019833445549
2448.707889 0.00370638370514
2450.396504 0.002907538414
2452.103405 0.00226171016693
2453.867501 0.00205978155136
2455.62225 0.00221019983292
2457.387683 0.00204941034317
2459.118523 0.00206433534622
2460.908412 0.00216017961502
2462.652408 0.00235022306442
2464.650744 0.00200670957565
2466.404544 0.00199868679047
2468.132942 0.00369989871979
2470.018399 0.00205034017563
2471.789254 0.00262272357941
2473.800153 0.00211367607117
2475.548753 0.00344036817551
2477.385741 0.00207166671753
2479.087731 0.00203334093094
2480.857732 0.00208548307419
2482.581289 0.00218534469604
2484.305977 0.00210747718811
2486.043841 0.00264387130737
2487.897413 0.00205388069153
2489.728908 0.00205256938934
2491.444689 0.0031551361084
2493.164307 0.00204871892929
2494.864092 0.0020321726799
2496.575917 0.0021028637886
2498.226062 0.00207486152649
2500.074723 0.00203884840012
2501.835723 0.00355682373047
2503.733703 0.00267149209976
2506.157277 0.00212481021881
2507.919374 0.00194796323776
2509.623629 0.00193598270416
2511.405467 0.00243709087372
2513.227993 0.00207605361938
2514.940377 0.00240726470947
2516.708973 0.00237271785736
2518.488832 0.00219451189041
2520.350067 0.00202695131302
2522.170425 0.0022442817688
2523.85284 0.00206762552261
2525.576323 0.00289801359177
2527.276895 0.00285650491714
2529.186405 0.00336135625839
2531.059487 0.00249189138412
2532.797395 0.00214884281158
2534.655332 0.0021024107933
2536.717506 0.00208722352982
2538.431382 0.00231809616089
2540.143607 0.00258830785751
2541.851513 0.0020307302475
2543.539472 0.00214847326279
2545.263328 0.00202964544296
2546.976132 0.00210559368134
2548.781104 0.00409739017487
2550.612895 0.0020488858223
2552.315684 0.00200090408325
2554.066103 0.00204498767853
2555.809089 0.00204719305038
2557.579659 0.00209746360779
2559.438718 0.00288963317871
2561.166742 0.00225920677185
2562.922935 0.00213243961334
2564.695506 0.00201735496521
2566.38092 0.00210001468658
2568.350646 0.00199739933014
2570.13044 0.00207641124725
2571.831313 0.00192221403122
2573.611427 0.00339652299881
2575.408515 0.00200375318527
2577.167674 0.00210806131363
2578.992094 0.00294107198715
2580.748797 0.00234415531158
2582.474273 0.00215630531311
2584.166916 0.00199202299118
2585.907165 0.00201884508133
2587.583801 0.00200568437576
2589.282743 0.00196392536163
2591.219131 0.00208396911621
2592.896964 0.00211805105209
2594.609206 0.00212395191193
2596.337394 0.00324369668961
2598.105844 0.00265349149704
2600.067738 0.00207651853561
2601.889179 0.00222516059875
2603.704891 0.00203680992126
2605.49559 0.00205527544022
2607.229145 0.00202330350876
2609.013529 0.00299770832062
2610.780819 0.00236873626709
2612.524394 0.00220986604691
2614.223256 0.00201201438904
2615.953918 0.00212634801865
2617.828833 0.00249950885773
2619.565289 0.00208327770233
2621.265444 0.00197033882141
2622.990944 0.00193756818771
2624.742943 0.0019434094429
2626.439608 0.00204952955246
2628.155129 0.00266033411026
2630.013096 0.00201938152313
2632.068239 0.00205389261246
2633.839221 0.00209585428238
2635.590444 0.00200687646866
2637.427081 0.00206767320633
2639.116711 0.00209152698517
2640.823525 0.00218312740326
2642.556001 0.0021793961525
2644.251418 0.00197350978851
2645.95295 0.00220679044724
2647.843057 0.00418095588684
2649.581894 0.00248131752014
2651.366885 0.00199754238129
2653.082996 0.00212526321411
2654.772636 0.00230358839035
2656.567049 0.00500609874725
2658.427803 0.0020201086998
2660.207514 0.00211386680603
2662.252791 0.00197843313217
2664.39743 0.002037525177
2666.116522 0.00212621688843
2667.827915 0.00201984643936
2669.612821 0.00250331163406
2671.321872 0.00215867757797
2673.055387 0.0021399140358
2674.79363 0.00262522697449
2676.484291 0.0020992398262
2678.231785 0.00204212665558
2679.982799 0.0025208234787
2681.74044 0.00208531618118
2683.496673 0.00200530290604
2685.270279 0.00233711004257
2687.04094 0.00282814502716
2688.747467 0.00357924699783
2690.561321 0.002017557621
2692.321984 0.00240840911865
2694.018717 0.00209279060364
2696.298932 0.00224307775497
2698.087275 0.00197308063507
2699.798557 0.00202577114105
2701.525111 0.00221806764603
2703.312683 0.00206713676453
2705.29146 0.00224704742432
2706.995208 0.00208075046539
2708.735402 0.00197005271912
2710.491729 0.00289784669876
2712.403315 0.00195752382278
2714.197116 0.00360499620438
2715.992798 0.00369335412979
2717.738208 0.0019477725029
2719.601272 0.00374827384949
2721.588873 0.00249911546707
2723.336509 0.00232155323029
2725.020668 0.00211472511292
2727.153244 0.0021982550621
2728.847455 0.00210077762604
2730.632685 0.00314627885818
2732.374666 0.00208787918091
2734.076829 0.00203737020493
2735.800449 0.00226958990097
2737.687318 0.00224751234055
2739.428388 0.00216592550278
2741.132536 0.00214369297028
2742.82033 0.0023587346077
2744.516827 0.00247970819473
2746.304397 0.00197961330414
2748.016529 0.00204856395721
2749.679766 0.00197587013245
2751.461786 0.0021674156189
2753.219042 0.00231029987335
2755.030447 0.00254437923431
2756.801789 0.00247757434845
2758.747027 0.00209856033325
2760.515971 0.00322915315628
2762.283944 0.00228524208069
2764.079632 0.00369328260422
2765.843888 0.00204671621323
2767.586425 0.00208287239075
2769.345039 0.0020268201828
2771.105853 0.00202895402908
2772.800592 0.00203481912613
2774.457005 0.00193464756012
2776.178375 0.00209906101227
2777.976003 0.00213253498077
2779.729843 0.00205159187317
2781.497927 0.00198403596878
2783.417463 0.00314394235611
2785.096132 0.0020547747612
2786.859454 0.00198328495026
2788.565283 0.00238391160965
2790.7109 0.00196967124939
2792.774328 0.00203312635422
2794.490837 0.00206981897354
2796.262943 0.00220246315002
2798.022373 0.00203292369843
2799.678515 0.00202527046204
2801.385486 0.00221599340439
2803.070448 0.0020525932312
2804.881984 0.00216205120087
2806.741097 0.00301917791367
2808.43441 0.00209704637527
2810.166451 0.00204228162766
2811.922747 0.00194157361984
2813.680179 0.00209217071533
2815.379322 0.00204286575317
2817.136057 0.00217702388763
2818.8832 0.00213558673859
2820.578803 0.00367673635483
2822.701177 0.00204862356186
2824.434262 0.00213643312454
2826.082575 0.00204614400864
2827.812258 0.00208228826523
2829.549818 0.00363883972168
2831.304803 0.00224162340164
2833.030372 0.00208696126938
2834.754007 0.0019670009613
2836.432018 0.00224769115448
2838.163278 0.00198619365692
2839.930462 0.00373997688293
2841.656412 0.00219461917877
2843.408229 0.00217450857162
2845.168216 0.00211335420609
2846.954777 0.00205767154694
2848.703498 0.00207681655884
2850.396022 0.0019979596138
2852.108908 0.00255960226059
2854.14002 0.00210649967194
2855.809351 0.00206215381622
2857.701116 0.00228865146637
2859.378829 0.00210558176041
2861.206493 0.00226547718048
2862.898416 0.0020777463913
2864.641378 0.00251222848892
2866.378663 0.00210647583008
2868.170563 0.00395977497101
2869.900243 0.00208102464676
2871.667255 0.00233198404312
2873.427658 0.00214438438416
2875.23703 0.00207490921021
2876.942261 0.00205425024033
2878.679954 0.00199563503265
2880.460982 0.00203983783722
2882.165048 0.00196732282639
2883.837159 0.00230617523193
2885.887071 0.00212023258209
2887.57411 0.00209996700287
2889.281717 0.00232429504395
2891.011105 0.0023340344429
2892.82411 0.00220539569855
2894.630666 0.00372043848038
2896.370002 0.00206631422043
2898.166586 0.0022048830986
2899.902981 0.00210447311401
2901.610177 0.00203373432159
2903.363093 0.0029301404953
2905.17957 0.00348725318909
2906.9458 0.003932762146
2908.651032 0.00260744094849
2910.547125 0.00241372585297
2912.352189 0.00218716859818
2914.258331 0.0025834441185
2917.055417 0.00195833444595
2918.735422 0.00205625295639
2920.593184 0.00208353996277
2922.286985 0.00199421644211
2923.930426 0.00201735496521
2925.713975 0.00206501483917
2927.447032 0.00198082923889
2929.142128 0.00204879045486
2930.847868 0.00213735103607
2932.514645 0.00195763111115
2934.283344 0.00195795297623
2935.966794 0.00198723077774
2937.749827 0.00223978757858
2939.510159 0.00255542993546
2941.266739 0.0025280714035
2943.136012 0.00218218564987
2944.8231 0.00208631753922
2946.680155 0.00262104272842
2948.691644 0.00204538106918
2950.389113 0.00221014022827
2952.130015 0.00338023900986
2954.018019 0.00232869386673
2955.752032 0.00219330787659
2957.588279 0.00360513925552
2959.288136 0.00205221176147
2960.967996 0.00205065011978
2962.734225 0.00203346014023
2964.460691 0.0020778298378
2966.23492 0.0021453499794
2968.002041 0.00223697423935
2969.757817 0.00222671031952
2971.460489 0.00236715078354
2973.201432 0.00209876298904
2975.065394 0.0020291686058
2976.800402 0.00230398178101
2978.524565 0.00207983255386
2980.597451 0.00216538906097
2982.301215 0.00257900953293
2984.03276 0.00259764194489
2985.841466 0.00211318731308
2987.532645 0.00252261161804
2989.308492 0.00201543569565
2991.059654 0.00206941366196
2992.77404 0.00281014442444
2994.509152 0.00215893983841
2996.206735 0.00202165842056
2997.891677 0.00207804441452
2999.617667 0.00207967758179
3001.396393 0.00213314294815
3003.094692 0.00204181671143
3004.792097 0.00289951562881
3006.449671 0.002073097229
3008.277891 0.00272357463837
3010.03708 0.00199120044708
3012.236247 0.00217386484146
3013.938796 0.0029403090477
3015.661047 0.0019868850708
3017.437692 0.00211434364319
3019.190611 0.00225138664246
3020.899456 0.00212322473526
3022.586663 0.00195984840393
3024.346803 0.00214366912842
3026.095342 0.00199352502823
3028.002935 0.00215945243835
3029.720756 0.00195993185043
3031.621096 0.00219233036041
3033.377445 0.00205900669098
3035.105858 0.00206934213638
3036.875962 0.00206775665283
3038.632098 0.00201555490494
3040.284904 0.00266560316086
3041.992443 0.00208346843719
3044.14358 0.00201377868652
3045.823266 0.00210773944855
3047.56892 0.00236423015594
3049.320249 0.00204949378967
3051.004309 0.00198645591736
3052.788729 0.0023712515831
3054.553516 0.00208119153976
3056.258077 0.00262185335159
3057.987453 0.00198892354965
3059.727909 0.00203127861023
3061.515197 0.00407345294952
3063.255537 0.00320527553558
3065.226523 0.00218880176544
3066.949482 0.00199248790741
3068.8315 0.00202885866165
3070.553798 0.00210186243057
3072.342211 0.00207735300064
3074.131337 0.00201680660248
3076.165313 0.00207650661469
3077.928203 0.00217487812042
3079.721655 0.00205276012421
3081.428078 0.00213633775711
3083.141408 0.00197001695633
3084.882053 0.00241893529892
3086.883259 0.00201687812805
3088.598549 0.00201805830002
3090.36425 0.00206532478333
3092.217227 0.00205399990082
3093.975735 0.0020352602005
3095.645721 0.00206623077393
3097.399267 0.00207904577255
3099.089217 0.00201468467712
3100.863386 0.00208163261414
3102.536927 0.00202770233154
3104.201279 0.0020040512085
3106.010795 0.00428467988968
3108.08216 0.00205295085907
3109.810923 0.00211879014969
3111.591533 0.00276521444321
3113.412154 0.00210666656494
3115.153181 0.00199664831161
3116.849882 0.00223717689514
3118.592383 0.00206661224365
3120.309605 0.00205719470978
3122.123953 0.00206662416458
3123.874343 0.00234376192093
3125.549095 0.00211431980133
3127.275329 0.00205334424973
3128.981162 0.00197157859802
3130.721321 0.00206842422485
3132.453435 0.00239353179932
3134.153731 0.00225135087967
3135.963079 0.00195780992508
3137.725198 0.00273053646088
3140.020582 0.00217635631561
3141.807233 0.00203329324722
3143.508984 0.0020201921463
3145.271918 0.00206373929977
3147.004767 0.00232689380646
3148.731118 0.00215241909027
3150.417934 0.0019953250885
3152.227462 0.00293356180191
3154.051977 0.00217306613922
3155.820458 0.00209811925888
3157.657469 0.00302067995071
3159.355836 0.00214225053787
3161.05583 0.00202516317368
3162.741143 0.00210572481155
3164.411476 0.00208852291107
3166.310177 0.00203810930252
3168.046706 0.00207781791687
3169.704826 0.00238229036331
3171.689806 0.00254119634628
3173.56174 0.00256993770599
3175.46336 0.00204850435257
3177.231366 0.00249892473221
3178.973362 0.00208926200867
3180.71131 0.00216069221497
3182.435777 0.00204486846924
3184.207943 0.0020646572113
3186.176513 0.00316159725189
3187.931627 0.00223159790039
3189.623458 0.00201264619827
3191.417414 0.00224854946136
3193.213511 0.00220693349838
3195.01406 0.00370767116547
3196.706987 0.00201280117035
3198.460697 0.00306510925293
3200.185338 0.00212851762772
3202.702412 0.00203912258148
3204.421891 0.00250746011734
3206.191491 0.00205351114273
3208.022304 0.00337640047073
3209.810819 0.00203652381897
3211.55749 0.00202467441559
3213.321175 0.00202136039734
3215.083323 0.00261505842209
3216.977862 0.00196944475174
3218.710921 0.00430604219437
3220.468427 0.00250540971756
3222.226734 0.00219888687134
3223.908069 0.00197690725327
3225.595392 0.00221326351166
3227.385401 0.00197089910507
3229.197375 0.00261343717575
3230.964982 0.00235282182693
3233.16681 0.00204420089722
3234.894874 0.00242455005646
3236.628425 0.00196131467819
3238.403422 0.00329148769379
3240.154983 0.00196244716644
3241.857954 0.0019454240799
3243.626161 0.0019811630249
3245.408815 0.00215271711349
3247.339431 0.00204923152924
3249.113558 0.00265189409256
3250.827118 0.00204643011093
3252.786452 0.00272612571716
3254.577854 0.00381268262863
3256.363392 0.00235137939453
3258.210004 0.0032343506813
3260.087916 0.00233626365662
3261.819198 0.00199162960052
3263.92778 0.0020706653595
3265.673813 0.00209381580353
3267.41266 0.00204075574875
3269.364993 0.0030957698822
3271.077816 0.00273320674896
3272.787719 0.0020325422287
3274.513991 0.0024126291275
3276.264702 0.00230232477188
3277.992018 0.00213568210602
3279.785612 0.00208823680878
3281.477989 0.00240120887756
3283.208487 0.00199110507965
3284.908769 0.00224386453629
3286.611035 0.00202300548553
3288.453567 0.00214246511459
3290.158663 0.00211001634598
3291.935133 0.00202515125275
3293.650042 0.0022639632225
3295.795193 0.00209718942642
3297.559038 0.00221393108368
3299.28592 0.0020171880722
3301.286789 0.00366340875626
3303.019929 0.00234128236771
3304.894196 0.00200756788254
3306.556317 0.00203256607056
3308.555843 0.00208419561386
3310.365978 0.00203657150269
3312.109036 0.00336040258408
3313.825884 0.00200664997101
3315.575978 0.00451371669769
3317.347799 0.00288180112839
3319.040316 0.00204107761383
3320.705524 0.00198808908463
3322.471073 0.00203727483749
3324.195126 0.00194119215012
3326.392631 0.00202893018723
3328.230389 0.00331362485886
3329.99894 0.00197194814682
3331.757319 0.0025838971138
3333.486177 0.00260262489319
3335.241509 0.00212358236313
3337.034688 0.0019700884819
3338.770952 0.00203119516373
3340.620239 0.00200955867767
3342.411445 0.00212059020996
3344.12975 0.00207185745239
3345.898714 0.00209329128265
3347.668549 0.00204546451569
3349.372957 0.00307490825653
3351.126877 0.00371285676956
3352.876092 0.00236533880234
3354.560089 0.0039029955864
3356.4915 0.00228053331375
3358.527472 0.0026148557663
3360.291459 0.00198985338211
3362.01839 0.00203548669815
3363.790676 0.00202515125275
3365.584741 0.00306978225708
3367.83716 0.00203008651733
3369.620551 0.00267089605331
3371.425884 0.00197978019714
3373.181146 0.00199398994446
3374.926347 0.00217281579971
3376.690773 0.00490159988403
3378.495887 0.00278986692429
3380.231175 0.00202722549438
3382.116877 0.00206815004349
3383.92901 0.00207763910294
3385.659266 0.00215994119644
3387.420751 0.00210902690887
3389.475228 0.00213838815689
3391.174019 0.00209811925888
3393.094578 0.00207740068436
3394.91289 0.00201724767685
3396.738346 0.00355097055435
3398.560102 0.00199236869812
3400.318082 0.00189473628998
3402.060059 0.00194125175476
3403.784557 0.0019054889679
3405.603594 0.00298055410385
3407.32816 0.002013027668
3409.096981 0.002095079422
3410.82114 0.00193728208542
3412.664135 0.00205489397049
3414.426406 0.00258197784424
3416.112123 0.00198700428009
3417.811202 0.00276110172272
3419.937912 0.00205860137939
3421.787091 0.00341531038284
3423.491566 0.00213327407837
3425.279544 0.00203040838242
3426.969086 0.00214941501617
3428.728619 0.00217269659042
3430.616958 0.00207275152206
3432.586966 0.00213683843613
3434.252664 0.00218105316162
3435.981852 0.00241674184799
3437.751337 0.00270507335663
3439.520543 0.0020392537117
3441.24753 0.0020370721817
3443.243809 0.00219835042953
3444.979385 0.00194387435913
3446.70175 0.00207804441452
3448.475184 0.00201017856598
3450.857859 0.00229197740555
3452.558524 0.00202438831329
3454.336966 0.00225095748901
3456.048105 0.00256681442261
3458.007204 0.00307016372681
3459.765358 0.00215114355087
3461.493307 0.00211724042892
3463.195125 0.00206922292709
3464.889945 0.00200667381287
3466.641914 0.00227408409119
3468.460938 0.00211480855942
3470.185278 0.00207643508911
3471.968915 0.00211653709412
3473.702404 0.00242754220963
3475.475772 0.00227499008179
3477.234601 0.00209740400314
3478.955175 0.00204266309738
3480.765292 0.00223878622055
3482.826246 0.00282011032104
3484.57319 0.00224306583405
3486.275501 0.002010846138
3487.95575 0.00204484462738
3489.83995 0.00210896730423
3491.600335 0.00214211940765
3493.293555 0.00219568014145
3495.082867 0.00206917524338
3496.782306 0.0021556019783
3498.662931 0.00217626094818
3500.533743 0.00215297937393
3502.290092 0.00209290981293
3504.015047 0.00200221538544
3505.895015 0.00206030607224
3507.603704 0.00220236778259
3509.326299 0.00211706161499
3511.178338 0.0034740447998
3513.345331 0.00207698345184
3515.063583 0.00199121236801
3517.00879 0.00436263084412
3518.822862 0.00202877521515
3520.647949 0.00233305692673
3522.424039 0.00215041637421
3524.183566 0.00264341831207
3525.949539 0.00197851657867
3527.704005 0.00250034332275
3529.497316 0.00214908123016
3531.199668 0.00199884176254
3532.940894 0.0019736289978
3534.706214 0.00195800065994
3536.432029 0.00194849967957
3538.213246 0.00215604305267
3539.894845 0.00210790634155
3541.616951 0.00208864212036
3543.852352 0.00333075523376
3545.576863 0.0020231127739
3547.371788 0.00214821100235
3549.126857 0.00222887992859
3550.820048 0.00265325307846
3552.61874 0.00230466127396
3554.44449 0.00260405540466
3556.203298 0.00339492559433
3557.939404 0.00260052680969
3559.82192 0.00206573009491
3561.629746 0.00202515125275
3563.42185 0.00351192951202
3565.183487 0.00327554941177
3566.923077 0.00204006433487
3568.680737 0.00213297605515
3570.45764 0.00223045349121
3572.281532 0.00201799869537
3574.52266 0.00210294723511
3576.28152 0.00215395689011
3577.953154 0.00213228464127
3579.650131 0.00211594104767
3581.425459 0.00210773944855
3583.159558 0.00210838317871
3584.932271 0.00209839344025
3586.606285 0.00211676359177
3588.35245 0.00224541425705
3590.089292 0.00211067199707
3591.829546 0.00235280990601
3593.569811 0.00202814340591
3595.352004 0.00213309526443
3597.039656 0.00202088356018
3598.814181 0.00210839509964
3600.505611 0.0020435333252
