4.48786 9999
7.987694 9999
35.00422 1.23434404135
65.843806 1.42170068026
96.771106 1.42590785027
127.677414 1.42319313288
158.664766 1.42763557434
189.737155 1.42834706306
213.889235 1.08193750381
241.008485 1.23822982311
272.065492 1.42753868103
299.369574 1.24154424667
326.6223 1.24709068537
357.629761 1.42642225027
388.786159 1.43285965919
414.755828 1.17698841095
445.628335 1.42547478676
469.580939 1.0766805172
493.463923 1.07842270136
517.631939 1.08725045919
548.488716 1.42772285938
572.440321 1.07691487074
596.525134 1.08927139044
627.449426 1.42483541965
653.585489 1.17845155001
677.535409 1.08223810196
701.570099 1.08169651031
725.555112 1.08392658234
756.514155 1.42591084242
782.830921 1.19387818575
806.815754 1.08415337801
837.841655 1.42992395163
868.629025 1.41840826273
896.04988 1.24732954502
920.016973 1.08289525509
946.120197 1.18408102989
976.926744 1.42539699078
1001.028565 1.08544257879
1028.132232 1.23904403448
1052.219281 1.08339911699
1083.106247 1.42973874807
1107.173833 1.08108465672
1131.194859 1.08546378613
1157.195231 1.17902054787
1181.1138 1.07941693068
1207.033509 1.17490183115
1230.934089 1.07889899015
1262.006337 1.43399966955
1286.058023 1.08227900267
1310.042414 1.08284283876
1340.898987 1.42087050676
1364.950758 1.08012412786
1388.734649 1.07419453859
1412.739929 1.08043773174
1436.621984 1.07830104828
1460.655189 1.08060518503
1484.824138 1.09352474213
1508.741255 1.07543627024
1532.54344 1.07557626963
1556.496747 1.07626386881
1580.448184 1.08125612736
1607.735401 1.24431859255
1631.582899 1.07721456289
1655.671644 1.08341964483
1679.652846 1.08375719786
1703.640644 1.07893059254
1727.521761 1.07928463221
1751.64013 1.084973979
1775.524023 1.07907365561
1799.575837 1.08299164772
1830.382476 1.42601635456
1854.467636 1.08298091888
1878.301052 1.07671202421
1909.258202 1.42713229656
1933.259427 1.07889114618
1957.176742 1.08086670637
1988.120397 1.42617411613
2019.19041 1.43149689436
2043.341781 1.08460198641
2067.426601 1.08873020411
2091.410568 1.07799319029
2115.378497 1.08238213062
2146.219147 1.42070122957
2170.33707 1.08315243721
2194.190846 1.07685776949
2225.145395 1.42716767788
2249.313012 1.08513110876
2280.202621 1.42883325815
2304.186809 1.07730571032
2334.893897 1.42127730846
2359.128228 1.0891928196
2385.047703 1.18055171967
2409.165863 1.08357816935
2433.134415 1.08360807896
2457.154162 1.08062421083
2488.025636 1.42855679989
2518.947595 1.42398840189
2549.854666 1.42270216942
2580.861474 1.42856194973
2604.995019 1.08294676542
2628.983141 1.08428615332
2653.048593 1.08111325502
2677.082207 1.08641184568
2708.007658 1.42495889664
2732.040714 1.08102806807
2757.877477 1.1773647666
2781.910908 1.07961965799
2805.780626 1.07849131823
2836.802592 1.42965940237
2860.907032 1.08190028667
2891.726258 1.42679992914
2922.801613 1.43100756407
2946.901327 1.08189970255
2970.886709 1.0847663641
3001.809697 1.42509405613
3025.910719 1.08342274427
3056.734425 1.42585701942
3080.8347 1.08045140505
3104.772884 1.08101934195
3128.703931 1.07498812675
3155.844332 1.24097286463
3179.959764 1.08102258444
3210.916383 1.43165043592
3235.154155 1.08738815784
3259.119 1.08361301422
3286.573788 1.24940544367
3310.607159 1.0865894556
3334.792081 1.08582222462
3360.77929 1.18247513771
3384.94611 1.0840277195
3411.166965 1.19379118681
3435.300167 1.08242435455
3461.386868 1.18875738382
3487.557114 1.1831594348
3511.49144 1.08047180176
3537.74579 1.18796181679
3561.698817 1.08262919188
3592.702061 1.42945114374
3623.658932 1.42323406935
