2.017052 0.00283545255661
3.706673 0.00269204378128
5.306185 0.00239497423172
6.971337 0.00229580402374
8.575148 0.00315816402435
10.194899 0.00234580039978
11.798389 0.00271503925323
13.715241 0.00225307941437
15.406157 0.00316908359528
17.0322 0.00240978002548
18.667703 0.00223056077957
20.245229 0.00430015325546
21.819054 0.00229264497757
23.517328 0.00294514894485
25.120923 0.00239803791046
26.730347 0.00299371480942
28.336108 0.00249284505844
29.971006 0.00230457782745
31.578702 0.00241259336472
33.631701 0.0024954199791
35.240945 0.00252549648285
36.886085 0.00222761631012
38.453018 0.00235263109207
40.060882 0.00236465930939
41.686015 0.00481045246124
43.377821 0.0025505900383
45.025461 0.00232931375504
46.672241 0.00340194702148
48.46823 0.00237983465195
50.401998 0.00332590341568
52.07409 0.00249621868134
53.693188 0.00233986377716
55.348098 0.00233436822891
57.004474 0.00321723222733
58.729758 0.00222336053848
60.450678 0.00236933231354
62.171145 0.00261691808701
64.039005 0.00238064527512
65.648324 0.00302906036377
67.281858 0.00276216268539
68.902985 0.00397320985794
70.506456 0.00235506296158
72.134886 0.00224825143814
74.276274 0.0022398352623
75.871596 0.00250438451767
77.443933 0.00399191379547
79.070969 0.00253176689148
80.738276 0.00238834619522
82.343874 0.00250127315521
83.955046 0.00419702529907
85.53985 0.0022390127182
87.160453 0.00228661298752
88.821463 0.0028214097023
90.472974 0.00249868631363
92.094888 0.00244927406311
93.651789 0.00238500833511
95.684019 0.00240166187286
97.306948 0.00303186178207
98.923262 0.00291409492493
100.575128 0.00237712860107
102.202448 0.00278822183609
103.768009 0.00245798826218
105.486768 0.00229601860046
107.04803 0.00239621400833
108.608038 0.0023951292038
110.223047 0.0023904800415
111.815524 0.00280669927597
113.439418 0.00232902765274
115.040683 0.0024118065834
116.588474 0.00236301422119
118.216814 0.00301373004913
119.895295 0.00236374139786
121.491238 0.00321611166
123.085037 0.00276252031326
124.67566 0.00233315229416
126.60238 0.00240869522095
128.225071 0.00235238075256
129.872894 0.00253804922104
131.456114 0.00229315757751
133.04151 0.00224480628967
134.756086 0.00229804515839
136.400766 0.00276303291321
137.994829 0.00247093439102
139.608257 0.00247896909714
141.292232 0.00534106492996
142.966266 0.00268094539642
144.700931 0.003890645504
146.339958 0.00241799354553
147.932483 0.00230845212936
149.543451 0.00249732732773
151.132514 0.00227950811386
152.784815 0.00259206295013
154.418586 0.00251971483231
156.153259 0.00230368375778
158.063352 0.00239143371582
159.718143 0.0046729683876
161.291496 0.00278921127319
162.912381 0.00232900381088
164.483666 0.00254918336868
166.173983 0.00323046445847
167.744354 0.00239275693893
169.42656 0.00237982273102
171.099539 0.00330015420914
172.757012 0.0038682103157
174.359658 0.00224040746689
175.987358 0.00239166021347
177.817713 0.00259346961975
179.836592 0.00241341590881
181.478579 0.00279176235199
183.094508 0.00370609760284
184.705082 0.00224982500076
186.375336 0.00324105024338
188.009388 0.00404894351959
190.13258 0.00313091278076
191.723074 0.00235975980759
193.376185 0.00252331495285
194.993888 0.00405260324478
196.678907 0.00228650569916
198.303039 0.00289127826691
199.978307 0.00229380130768
201.587628 0.00222562551498
203.189356 0.00233551263809
204.792647 0.0036856174469
206.455931 0.00236014127731
208.063374 0.00304696559906
209.678964 0.00230573415756
211.277196 0.00379620790482
212.884238 0.0026688337326
214.517264 0.00233536958694
216.155885 0.00379204750061
217.783067 0.00238473415375
219.899911 0.00231136083603
221.944085 0.00232081413269
223.528178 0.0025639295578
225.135241 0.00237970352173
226.839319 0.00237008333206
228.432819 0.00235164165497
229.973178 0.00259325504303
231.569951 0.00254899263382
233.233689 0.00230748653412
234.847393 0.00229657888412
236.447203 0.00231833457947
238.016267 0.00242303609848
239.918727 0.00253558158875
241.487265 0.0022672533989
243.238559 0.00408291816711
244.846886 0.00320250988007
246.445456 0.00316568613052
248.2426 0.00253541469574
249.845154 0.00355198383331
251.439716 0.00226041078568
253.433808 0.00251665115356
255.285111 0.0024410367012
256.881643 0.00244896411896
258.755249 0.00270073413849
260.342681 0.00232453346252
261.932748 0.00252379179001
263.576517 0.00229105949402
265.16931 0.00381984710693
266.811096 0.00233504772186
268.518936 0.00228577852249
270.13946 0.0031151175499
271.809011 0.00316261053085
273.487626 0.00328552722931
275.096518 0.00257276296616
276.827617 0.00240579843521
278.586668 0.00244765281677
280.270399 0.00534063577652
281.926164 0.00227842330933
283.840742 0.00332850217819
285.653783 0.00239289999008
287.50163 0.0049548625946
289.17595 0.00233496427536
290.777869 0.00230315923691
292.364055 0.00251425504684
294.043903 0.00258593559265
295.74503 0.00404955148697
297.424594 0.00239509344101
299.175353 0.0046679854393
300.778225 0.0023096203804
302.381135 0.00245553255081
303.983528 0.00250179767609
305.90791 0.00226714611053
307.497217 0.00251413583755
309.227416 0.00426390171051
310.831931 0.00252062082291
312.503244 0.00248634815216
314.531012 0.00376843214035
316.269294 0.00288392305374
317.99604 0.00293653011322
319.62382 0.00236258506775
321.227286 0.00228422880173
322.866293 0.0038512468338
324.509441 0.00390259027481
326.50217 0.00234900712967
328.129373 0.00248630046844
329.73004 0.00271084308624
331.613671 0.00241391658783
333.229662 0.00261247158051
334.864862 0.0033974647522
336.492693 0.00376664400101
338.183278 0.00231288671494
339.773156 0.00240401029587
341.487462 0.0024648308754
343.183858 0.00265438556671
345.55843 0.00419381856918
347.12157 0.00235414505005
348.785934 0.00389955043793
350.651178 0.00377717018127
352.213665 0.00222549438477
353.838661 0.00324902534485
355.512455 0.00245624780655
357.07358 0.00247398614883
358.688805 0.00259224176407
360.372364 0.00255901813507
361.943539 0.00229214429855
363.52138 0.0024810552597
365.145198 0.00239342451096
366.731982 0.00370941162109
368.441675 0.00228626728058
370.037776 0.00233963727951
371.650026 0.0038001537323
373.305434 0.00253856182098
374.950874 0.00247511863708
376.853221 0.00239874124527
378.496902 0.00397359132767
380.439826 0.00291372537613
382.101347 0.00251644849777
383.722221 0.00318531990051
385.332019 0.00243920087814
386.915356 0.00234769582748
389.148208 0.00256165266037
390.84968 0.00224817991257
392.522727 0.00248264074326
394.093652 0.00267026424408
395.72079 0.0024222612381
397.388508 0.00234749317169
399.020253 0.00239967107773
400.745387 0.00288087129593
402.446751 0.00248514413834
404.064872 0.00236421823502
405.684739 0.00293219089508
407.686688 0.0046745300293
409.307244 0.00227041244507
410.959705 0.00269733667374
412.630218 0.0041899561882
414.230197 0.00236579179764
415.879911 0.00353910923004
417.788832 0.00248441696167
419.405258 0.0040864109993
421.061419 0.00223114490509
422.688938 0.00225560665131
424.268806 0.00233622789383
425.897274 0.00382449626923
427.495798 0.00224610567093
429.172253 0.00268572568893
430.828036 0.00225585699081
433.27654 0.00361214876175
434.996007 0.00227233171463
436.573995 0.00274502038956
438.399953 0.00242096185684
440.021917 0.00439070463181
441.657779 0.00325782299042
443.306742 0.00245628356934
444.99498 0.00227140188217
446.585509 0.00241496562958
448.258747 0.00267679691315
450.058714 0.00341004133224
451.679123 0.00229140520096
453.286532 0.0044687628746
455.037085 0.00223075151443
456.627407 0.0022541642189
458.298347 0.00244405269623
459.906264 0.00224814414978
461.514331 0.00253441333771
463.144782 0.0040863275528
465.240053 0.00287194252014
466.806045 0.00238013267517
468.685345 0.00385090112686
470.386779 0.00237865447998
471.996429 0.00269389152527
473.668425 0.00252230167389
475.442121 0.00439711809158
477.049157 0.00488628149033
478.669694 0.00248636007309
480.275889 0.00246388912201
481.863383 0.00232721567154
483.602676 0.00313535928726
485.227943 0.00229332447052
486.832004 0.00286651849747
488.583459 0.00267736911774
490.202802 0.00262978076935
492.006791 0.00230227708817
493.657 0.0037012219429
495.244843 0.00250517129898
497.111333 0.00237358808517
499.071006 0.00227464437485
500.696092 0.00226584672928
502.425692 0.0024831533432
504.045013 0.00227934122086
505.699925 0.00327754020691
507.579195 0.00241614580154
509.173093 0.00231922864914
510.754958 0.00228008031845
512.464381 0.0022271156311
514.072752 0.00327211618423
515.709067 0.00243486166
517.449478 0.00238518714905
519.047214 0.00221562385559
520.581437 0.00225803852081
522.185054 0.00222308635712
523.768816 0.00243229866028
525.434297 0.00255777835846
527.210063 0.004307949543
528.818251 0.00327261686325
530.908061 0.00240395069122
532.615357 0.00231260061264
534.228291 0.00231144428253
535.867376 0.00370165109634
537.507529 0.0032644867897
539.134995 0.00248552560806
540.814524 0.00408498048782
542.411603 0.00247304439545
544.127367 0.00275349617004
545.754684 0.00239658355713
547.353943 0.00246987342834
548.961939 0.00234680175781
550.767568 0.00227220058441
552.476819 0.00253021717072
554.062162 0.00345352888107
555.799607 0.00252104997635
557.492519 0.00234701633453
559.114094 0.00232362747192
560.734746 0.00421506166458
562.766952 0.00258092880249
564.391547 0.00248739719391
566.014205 0.00236201286316
567.569646 0.00234607458115
569.188617 0.00231450796127
570.785745 0.00228527784348
572.485631 0.00243824720383
574.06144 0.00238318443298
575.671985 0.00224707126617
577.261619 0.00256893634796
578.92494 0.00225619077682
580.605289 0.00229325294495
582.219424 0.00229245424271
583.880437 0.00311093330383
585.671773 0.00225687026978
587.279549 0.00222531557083
588.846669 0.0022719502449
590.556752 0.00268324613571
592.139873 0.00222747325897
594.064425 0.00277968645096
595.69388 0.00252213478088
597.306587 0.00292279720306
598.983703 0.00231028795242
600.573212 0.00420866012573
602.153866 0.00241088867188
603.764109 0.00234249830246
605.424351 0.00239701271057
607.004309 0.00294480323792
608.667398 0.00262905359268
610.506166 0.0028288602829
612.075073 0.00246623754501
613.776238 0.00259969234467
615.449819 0.00274708271027
617.068534 0.0024120926857
618.639982 0.00233585834503
620.301338 0.00490808486938
621.92517 0.00227773189545
623.545149 0.00234118700027
625.617039 0.0024022102356
627.210874 0.00398942232132
628.795958 0.00235915184021
630.398689 0.00435503721237
632.115651 0.00256752967834
633.750885 0.00264761447906
635.36453 0.00240445137024
637.089387 0.00302311182022
638.7833 0.00237296819687
640.443475 0.00367478132248
642.082274 0.00281698703766
643.759938 0.00297750234604
645.621309 0.00368844270706
647.240987 0.00242209434509
648.872954 0.00310662984848
650.734518 0.00240807533264
652.557301 0.00272442102432
654.198307 0.00250201225281
656.110762 0.00350893735886
657.783539 0.00235495567322
659.434233 0.00243655443192
661.092394 0.00382282733917
662.748688 0.00222445726395
664.300366 0.00236721038818
665.921455 0.00258176326752
667.535589 0.00249611139297
669.299548 0.00236704349518
670.934924 0.00324351787567
672.58457 0.00245887041092
674.221308 0.00298241376877
675.996612 0.00305114984512
677.65822 0.00331091880798
679.328994 0.0023995757103
680.915459 0.00342857837677
682.507819 0.00235821008682
684.097564 0.00369234085083
685.949096 0.00237534046173
687.75305 0.00242422819138
689.379735 0.00263379812241
691.010727 0.00246058702469
692.651504 0.00226819515228
694.439906 0.002248442173
696.210216 0.00306508541107
697.898979 0.00250066518784
699.530656 0.0024888753891
701.15709 0.00227514505386
702.756157 0.00235902070999
704.438995 0.00326015949249
706.191944 0.00231140851974
707.806772 0.00292227268219
709.469567 0.00224227905273
711.066574 0.00261189937592
712.658798 0.00310837030411
714.293831 0.0023097038269
715.974998 0.00292172431946
717.713589 0.00348494052887
719.702865 0.00235146284103
721.424143 0.00321247577667
723.049678 0.00470271110535
724.757652 0.00228751897812
726.713401 0.00232563018799
728.341143 0.00227776765823
729.935472 0.00264953374863
731.546407 0.00285233259201
733.126652 0.00287555456161
734.725158 0.00273087024689
736.31031 0.00224841833115
737.98304 0.00242470502853
739.629365 0.00238509178162
741.481678 0.00330821275711
743.384816 0.0023970246315
745.030394 0.00237629413605
746.637368 0.00385625362396
748.243734 0.00234000682831
750.216552 0.00242565870285
752.092095 0.00236375331879
753.721034 0.00243180990219
755.377907 0.00347958803177
757.059981 0.00351207256317
758.687378 0.00451518297195
760.27457 0.00242154598236
761.956376 0.00225237607956
763.533702 0.00239295959473
765.136267 0.00231754779816
766.812248 0.00234515666962
768.418403 0.00363231897354
770.036153 0.0034871339798
771.75112 0.00226666927338
773.33709 0.00244183540344
774.949606 0.00242947340012
776.603407 0.00232411623001
778.396706 0.00261346101761
780.054564 0.00236123800278
782.103333 0.00234178304672
783.731744 0.00245537757874
785.305807 0.00336775779724
786.89938 0.00230380296707
788.503213 0.00454629659653
790.083153 0.0030380487442
791.7232 0.00280174016953
793.311916 0.00226253271103
794.973343 0.00463988780975
796.617782 0.00256761312485
798.231569 0.00263221263885
799.859526 0.0036784529686
801.434093 0.00258377790451
803.028456 0.00239814519882
804.622257 0.00303175449371
806.197528 0.00270669460297
807.789759 0.0027659535408
809.444242 0.00423191785812
811.103531 0.00408802032471
812.968799 0.00237447023392
814.566551 0.00267448425293
816.14839 0.00234481096268
817.818865 0.00269372463226
819.459832 0.00244498252869
821.07101 0.00231329202652
822.672497 0.00311678647995
824.330965 0.00302351713181
825.976599 0.00349917411804
827.712415 0.00276155471802
829.325086 0.00237375497818
830.986727 0.00421340465546
833.354893 0.00231654644012
835.025534 0.00247733592987
836.640648 0.00238645076752
838.379223 0.00239777565002
840.018677 0.00245214700699
841.682467 0.00307885408401
843.49799 0.00240793228149
845.079487 0.0025283575058
846.698519 0.00237197875977
848.292804 0.00244232416153
849.920386 0.00261145830154
851.548592 0.00272381305695
853.195888 0.00233498811722
854.952418 0.00227799415588
856.506543 0.00224684476852
858.132523 0.00411020517349
859.775573 0.00245651006699
861.456766 0.00239347219467
863.118849 0.00236560106277
864.702589 0.00245438814163
866.333692 0.00267058610916
868.112646 0.00240732431412
869.809503 0.00393118858337
871.453798 0.00222345590591
873.114384 0.00259466171265
875.664046 0.00329065322876
877.425888 0.00232249498367
879.138265 0.00249625444412
880.75174 0.00229890346527
882.444717 0.00235388278961
884.115237 0.00233319997787
885.755036 0.00230250358582
887.336677 0.00244849920273
888.942299 0.0025280714035
890.556791 0.00223468542099
892.161368 0.00322099924088
893.916479 0.002459025383
895.46832 0.00232474803925
897.060686 0.00305596590042
898.701454 0.00285892486572
900.298122 0.00324903726578
901.907201 0.00320852994919
903.520171 0.0031231880188
905.121339 0.00287852287292
907.12615 0.00291246175766
908.809588 0.00241553783417
910.582686 0.00249044895172
912.181384 0.00359700918198
913.893374 0.00306353569031
915.55125 0.00260554552078
917.154674 0.00228573083878
918.777988 0.00402607917786
920.400709 0.00226466655731
922.043193 0.00228426456451
923.97638 0.00230619907379
925.604719 0.00288572311401
927.205477 0.00289597511292
928.832643 0.00398013591766
930.450954 0.00374360084534
932.136368 0.00241609811783
933.810719 0.0023428440094
935.486511 0.00252076387405
937.456028 0.00239510536194
939.143551 0.00309205055237
940.78269 0.0033384680748
942.390446 0.00245773792267
943.989526 0.00422967672348
946.030165 0.00246164798737
947.683007 0.00340129137039
949.320868 0.00372016429901
950.934346 0.00249240398407
952.491232 0.00266804695129
954.070941 0.00297708511353
955.712721 0.00316315889359
957.468302 0.00244641304016
959.075066 0.002479159832
960.631945 0.00226234197617
962.266824 0.00226780176163
963.847842 0.0023518204689
965.481543 0.00338095426559
967.164841 0.00225913524628
969.082652 0.00241384506226
970.815138 0.00378807783127
972.397959 0.00261377096176
974.095152 0.00238968133926
975.679846 0.00232886075974
977.269024 0.00247673988342
978.876521 0.00225780010223
980.507069 0.00227854251862
982.294824 0.00242520570755
984.682546 0.00231131315231
986.271601 0.00232135057449
987.967954 0.00235414505005
989.595265 0.0022181391716
991.297548 0.00227826833725
992.991559 0.00247205495834
994.637313 0.00237723588943
996.32822 0.00235593318939
997.966978 0.00235153436661
1000.138245 0.00258452892303
1001.680718 0.00243377685547
1003.342389 0.00240904092789
1004.974251 0.00333981513977
1006.604831 0.00251435041428
1008.230199 0.00247645378113
1009.803462 0.0030304312706
1011.405893 0.00268127918243
1013.120894 0.00238469839096
1014.816331 0.00282565355301
1016.410332 0.00244467258453
1018.094657 0.00226122140884
1019.7023 0.00372495651245
1021.340301 0.00285631418228
1022.954611 0.00373822450638
1024.60614 0.00305202007294
1026.369856 0.00323104858398
1028.005123 0.00421776771545
1029.630087 0.00261164903641
1031.947882 0.00310620069504
1033.641462 0.00253890752792
1035.223082 0.00232818126678
1036.853943 0.00239683389664
1038.453688 0.00248259305954
1040.092459 0.00244859457016
1041.752398 0.00235555171967
1043.342205 0.0023122549057
1044.921904 0.00244032144547
1046.571008 0.00239911079407
1048.13619 0.00252870321274
1049.744104 0.00324634313583
1051.488536 0.00237226486206
1053.088728 0.00233378410339
1054.679708 0.00247772932053
1056.308771 0.0023287653923
1057.902522 0.00263315439224
1059.518061 0.00282484292984
1061.211928 0.00361351966858
1063.665161 0.00237153768539
1065.386977 0.00273793935776
1067.016081 0.00532820224762
1068.842314 0.00287061929703
1070.433058 0.00227177143097
1072.019812 0.00227733850479
1073.58468 0.00253999233246
1075.250998 0.00257440805435
1077.064879 0.00249296426773
1078.72795 0.00268784761429
1080.399749 0.00288461446762
1082.082117 0.00534497499466
1083.695926 0.00232914686203
1085.347014 0.00249129533768
1087.041244 0.00294106006622
1088.633145 0.00236021280289
1090.248712 0.00267459154129
1091.863876 0.00248938798904
1093.454331 0.00245712995529
1095.992669 0.0033217549324
1097.65513 0.00261188745499
1099.264016 0.00308586359024
1100.983668 0.00343551635742
1102.689658 0.00377621650696
1104.327953 0.00404170751572
1105.917168 0.0023341178894
1107.592047 0.00283850431442
1109.234591 0.00229395627975
1110.903422 0.00301539897919
1112.601896 0.002601146698
1114.32394 0.00328232049942
1116.514687 0.0033278465271
1118.267453 0.00239635705948
1120.075292 0.00231461524963
1121.749311 0.00228470563889
1123.591845 0.00238341093063
1125.167163 0.00257622003555
1127.184722 0.0024486541748
1128.78829 0.00239754915237
1130.387962 0.00407810211182
1132.031602 0.00242800712585
1133.69669 0.00298161506653
1135.25353 0.00232886075974
1137.36832 0.00238375663757
1138.95561 0.00234426259995
1140.563255 0.00230193138123
1142.178387 0.00446778535843
1143.819538 0.00381894111633
1145.415774 0.00263561010361
1147.066257 0.00262241363525
1148.62726 0.00241714715958
1150.246342 0.00282733440399
1151.942302 0.00233381986618
1153.551374 0.00247576236725
1155.114553 0.0024512052536
1156.737439 0.00408613681793
1158.728764 0.00302066802979
1160.419776 0.00238757133484
1162.053666 0.00463222265244
1163.741497 0.00241914987564
1165.34355 0.00244078636169
1166.978467 0.00318733453751
1168.634617 0.00254538059235
1170.267473 0.00230710506439
1171.943145 0.00396707057953
1173.583484 0.00340871810913
1175.226934 0.00367844104767
1176.846735 0.00234016180038
1178.562319 0.00237498283386
1180.159481 0.00238691568375
1181.819106 0.00448051691055
1183.465433 0.0031863451004
1185.107425 0.00242183208466
1186.730835 0.00475037097931
1188.395405 0.00248444080353
1190.259049 0.00257267951965
1191.88835 0.0023597240448
1193.52067 0.00238181352615
1195.156067 0.00248327255249
1196.73197 0.00371625423431
1198.339363 0.00266190767288
1199.896999 0.00249593257904
1201.554741 0.00246224403381
1203.155061 0.00308680534363
1204.749745 0.00227454900742
1206.354151 0.00311915874481
1208.046536 0.00380539894104
1209.650799 0.00387092828751
1211.265049 0.00288735628128
1212.883146 0.00236353874207
1214.500154 0.00230969190598
1216.14783 0.00459243059158
1217.79559 0.00402339696884
1219.356247 0.00226323604584
1221.431806 0.00239766836166
1223.135124 0.00414333343506
1224.837243 0.00250021219254
1226.508436 0.00275211334229
1228.228285 0.00223618745804
1229.906488 0.00223594903946
1231.486607 0.00243856906891
1233.056585 0.00260471105576
1234.691291 0.00236403942108
1236.311304 0.00300920009613
1237.917065 0.00240125656128
1239.600945 0.00254864692688
1241.231477 0.00275368690491
1242.818057 0.0023269534111
1244.414562 0.0022852897644
1245.997033 0.00256333351135
1247.639016 0.00228236913681
1249.344596 0.00475594997406
1250.928417 0.00251224040985
1253.126937 0.00309351682663
1254.824701 0.00478689670563
1256.434201 0.00223735570908
1258.038029 0.00246764421463
1259.64276 0.00312180519104
1261.319595 0.00273139476776
1262.976723 0.00361529588699
1264.556577 0.00243502855301
1266.118939 0.00336858034134
1267.81649 0.00276770591736
1269.442515 0.00337246656418
1271.020613 0.00282930135727
1272.62989 0.00287638902664
1274.784715 0.00329911708832
1276.47788 0.00253611803055
1278.136048 0.00559705495834
1279.767105 0.0025684595108
1281.389514 0.00439184904099
1282.980989 0.00254009962082
1285.083267 0.00406628847122
1286.684934 0.00249198675156
1288.351102 0.00250743627548
1289.902261 0.00238468647003
1291.507068 0.00275605916977
1293.121659 0.00230886936188
1294.795499 0.00297807455063
1296.439312 0.00239323377609
1297.996607 0.00236630439758
1299.683543 0.00341430902481
1301.305251 0.00279150009155
1302.964917 0.00247546434402
1304.605594 0.00244963169098
1306.204242 0.00295466184616
1307.861764 0.00398559570312
1309.421866 0.00238616466522
1311.003345 0.00235378742218
1312.637781 0.00387573242188
1314.396176 0.00459619760513
1316.43772 0.00545152425766
1318.112548 0.00566087961197
1319.842635 0.00316072702408
1321.441651 0.0030934214592
1323.062344 0.00279260873795
1324.724172 0.00275715589523
1326.524505 0.00238115787506
1328.132383 0.00259740352631
1329.731921 0.0038628578186
1331.373273 0.00323177576065
1333.008086 0.00249484777451
1334.878899 0.00280396938324
1336.553128 0.00359618663788
1338.223674 0.00219737291336
1339.814793 0.00220193862915
1341.428411 0.00398275852203
1343.112887 0.00227208137512
1344.704211 0.00234805345535
1346.323424 0.00268572568893
1348.488721 0.00352722406387
1350.145616 0.00461020469666
1351.825303 0.00231219530106
1353.507522 0.00311727523804
1355.134415 0.00248199701309
1357.007292 0.00242791175842
1358.66395 0.00267789363861
1360.236129 0.00235707759857
1361.907122 0.00228805541992
1363.528737 0.00227180719376
1365.204545 0.00246698856354
1366.827664 0.00234358310699
1368.69258 0.00228297710419
1370.335888 0.00339562892914
1371.947493 0.00247558355331
1373.764797 0.00255057811737
1375.402954 0.00407900810242
1377.002687 0.00279245376587
1379.156792 0.00302822589874
1380.848938 0.00228396654129
1382.545006 0.00310244560242
1384.262829 0.00235047340393
1385.889946 0.00229336023331
1387.719747 0.00253027677536
1389.350251 0.00235577821732
1390.969269 0.00242085456848
1392.693701 0.00340996980667
1394.384551 0.00272862911224
1396.017332 0.00267887115479
1397.647927 0.00291439294815
1399.302299 0.00396436452866
1400.881943 0.00242842435837
1402.528455 0.00271763801575
1404.215605 0.00271186828613
1405.80359 0.00313444137573
1407.55855 0.00241706371307
1409.694368 0.00297985076904
1411.345448 0.00332967042923
1412.999256 0.00305166244507
1414.603971 0.0024258852005
1416.185839 0.00234920978546
1417.761868 0.0023176908493
1419.424242 0.00226669311523
1421.02942 0.00237296819687
1422.659788 0.00344961881638
1424.331696 0.00239089727402
1425.900543 0.00298858880997
1427.6582 0.00273650884628
1429.252284 0.00251460075378
1430.900567 0.00363552570343
1432.65591 0.00417708158493
1434.265286 0.00269471406937
1436.262984 0.00461614131927
1437.994505 0.00243113040924
1439.959597 0.00236386060715
1441.602591 0.00420786142349
1443.27013 0.00234643220901
1444.959603 0.00236278772354
1446.790859 0.00239368677139
1448.48641 0.00376199483871
1450.099558 0.00317064523697
1451.724944 0.00349733829498
1453.381171 0.00247571468353
1455.023598 0.0038437962532
1457.030134 0.00238423347473
1458.623903 0.00247803926468
1460.313564 0.00373576879501
1462.025047 0.00235924720764
1463.662321 0.00255331993103
1465.356555 0.00332096815109
1466.989235 0.00419977903366
1468.675348 0.0024319767952
1470.808617 0.00253520011902
1472.426248 0.00260481834412
1474.140854 0.00411610603333
1475.772976 0.00321813821793
1477.399877 0.00266191959381
1479.041803 0.00324189662933
1480.687224 0.00274729728699
1482.32038 0.00233519077301
1483.946092 0.00231144428253
1485.535207 0.00281590223312
1487.185086 0.00426231622696
1488.813676 0.00255656242371
1490.442131 0.00251842737198
1492.068528 0.00272754430771
1493.86446 0.00407401323318
1495.48487 0.00317783355713
1497.122621 0.00375908613205
1498.726138 0.0023444890976
1500.337535 0.00226269960403
1502.312897 0.00433312654495
1503.901381 0.00256179571152
1505.512761 0.00320951938629
1507.202689 0.00234907865524
1509.022814 0.00291873216629
1510.659586 0.00249943733215
1512.358372 0.00236845016479
1513.983939 0.00320762395859
1515.625858 0.00286911725998
1517.237684 0.00288941860199
1518.836981 0.00244287252426
1520.552393 0.00347685813904
1522.144221 0.00232403278351
1523.760409 0.0025029540062
1525.408907 0.00348638296127
1527.093393 0.00317809581757
1528.700797 0.00237315893173
1530.415844 0.00292423963547
1532.060745 0.00240358114243
1534.354187 0.00254553556442
1535.989434 0.00312217473984
1537.633669 0.00231953859329
1539.249119 0.00254867076874
1540.952826 0.00248609781265
1542.582268 0.00313203334808
1544.324438 0.00241663455963
1546.039409 0.0024928689003
1547.670494 0.00240895748138
1549.291464 0.00238884687424
1550.909752 0.00250419378281
1552.513809 0.00293453931808
1554.214989 0.00250210762024
1555.968707 0.00261735916138
1557.551879 0.00250422954559
1559.128671 0.00266343355179
1560.75468 0.0023539185524
1562.364191 0.00238176584244
1563.967018 0.00243688821793
1565.915837 0.00370419025421
1567.78171 0.0026603102684
1569.417508 0.00236951112747
1571.058726 0.00250383615494
1572.771378 0.00242713689804
1574.381815 0.00248749256134
1576.164406 0.00224604606628
1577.740673 0.00231205224991
1579.335496 0.00245875120163
1580.96334 0.00260795354843
1582.575671 0.00271234512329
1584.201763 0.00250205993652
1585.908098 0.00272611379623
1587.49408 0.00244588851929
1589.355489 0.00252432823181
1591.106668 0.00426913499832
1592.795948 0.00384781360626
1594.40692 0.00248454809189
1596.359411 0.00362939834595
1598.021291 0.00399519205093
1599.650944 0.00436979532242
1601.258569 0.00237090587616
1603.007176 0.00310221910477
1604.629753 0.00301977396011
1606.489237 0.00262500047684
1608.123216 0.00238335132599
1609.67927 0.00225049257278
1611.333193 0.00219315290451
1613.135736 0.00247050523758
1614.735928 0.00271462202072
1616.552283 0.00277448892593
1618.150293 0.00239956378937
1619.792461 0.00247778892517
1621.458165 0.00232361555099
1623.078874 0.00293251276016
1624.675159 0.00335808992386
1626.623047 0.00242978334427
1628.261035 0.00308372974396
1629.879991 0.00238308906555
1631.554791 0.00243208408356
1633.151811 0.00249134302139
1634.840321 0.00272098779678
1636.396164 0.00235545635223
1638.132967 0.00379196405411
1639.761389 0.00452575683594
1641.470165 0.00317015647888
1643.114322 0.00418974161148
1644.73849 0.00228527784348
1646.420624 0.00228937864304
1648.021343 0.00255841016769
1649.658662 0.0026053071022
1651.369223 0.00237537622452
1653.02578 0.00493490695953
1654.620335 0.00284074544907
1656.423042 0.00234363079071
1659.191514 0.00258265733719
1660.798824 0.00231490135193
1662.628516 0.00412130355835
1664.233846 0.00236269235611
1665.876769 0.00234279632568
1667.584284 0.00321314334869
1669.303968 0.00244439840317
1670.892576 0.0023846745491
1672.476044 0.00240687131882
1674.127745 0.00245624780655
1675.774152 0.00256205797195
1677.604804 0.00233289003372
1679.222333 0.00245800018311
1680.808187 0.00247560739517
1682.465301 0.00237489938736
1684.04611 0.00245453119278
1685.616167 0.00246165990829
1687.235753 0.00297404527664
1688.86218 0.00259121656418
1690.9156 0.00256050825119
1692.766436 0.00227051973343
1694.363375 0.00240149497986
1695.942194 0.00286394357681
1697.544356 0.00276641845703
1699.188223 0.00270618200302
1700.983589 0.00310430526733
1702.639051 0.00463538169861
1704.466338 0.00238013267517
1706.04826 0.00229271650314
1707.629212 0.0023796916008
1709.349756 0.00318374633789
1711.074984 0.00234334468842
1712.70068 0.00289883613586
1714.322109 0.00260517597198
1715.896486 0.00317562818527
1717.479463 0.00323753356934
1719.086232 0.00261616706848
1720.700846 0.00385713577271
1722.665212 0.00338484048843
1724.242247 0.0026943564415
1725.89064 0.00260808467865
1727.721871 0.00265185832977
1729.389969 0.00240004062653
1731.072132 0.00274949073792
1733.030559 0.00245678424835
1734.752051 0.00234233140945
1736.498043 0.00255905389786
1738.190107 0.00276699066162
1739.798311 0.00236564874649
1741.390574 0.00238023996353
1743.039224 0.00276486873627
1744.628243 0.00394459962845
1746.224724 0.00256756544113
1747.801632 0.00248266458511
1749.400767 0.00241543054581
1751.028544 0.00376352071762
1753.192738 0.00418266057968
1754.83269 0.00270134210587
1756.410295 0.00254101753235
1758.009388 0.00227982997894
1759.647439 0.00263912677765
1761.25932 0.00249520540237
1762.87901 0.00231696367264
1764.554413 0.00272783041
1766.133582 0.00242990255356
1768.91567 0.00255305767059
1770.585483 0.00235887765884
1772.178764 0.00357632637024
1773.768772 0.00260117053986
1775.391763 0.00267424583435
1777.010187 0.00248390436172
1778.897029 0.00315893888474
1780.542509 0.00242528915405
1782.12116 0.00244171619415
1784.076791 0.00392748117447
1785.877896 0.00321683883667
1787.465905 0.00255861282349
1789.058344 0.00235987901688
1790.73247 0.00381360054016
1792.30305 0.00246248245239
1794.070227 0.00326199531555
1795.660416 0.00347418785095
1797.258812 0.00256164073944
1799.084825 0.00275753736496
1800.754215 0.00229527950287
1802.470284 0.00230468511581
1804.207197 0.00293391942978
1805.942728 0.00235213041306
1807.545105 0.00254139900208
1809.200445 0.00290685892105
1810.778329 0.00240443944931
1812.333838 0.00243332386017
1814.008967 0.00326699018478
1816.077664 0.00247935056686
1817.71214 0.00245778560638
1819.417123 0.00255651473999
1821.118677 0.00284533500671
1822.762837 0.00242712497711
1824.346851 0.00272949934006
1826.108357 0.00251969099045
1828.390775 0.00243263244629
1829.995196 0.00286641120911
1831.655281 0.00253058671951
1833.239821 0.00231297016144
1834.926254 0.00349903106689
1836.531063 0.00337492227554
1838.101655 0.0023371219635
1839.736862 0.00431966781616
1841.419843 0.00228440761566
1842.981997 0.0023234128952
1844.632751 0.00312405824661
1846.562954 0.00332795381546
1848.1948 0.00268602371216
1849.836184 0.00270298719406
1851.428942 0.0023345708847
1853.597387 0.00242340564728
1855.17675 0.0022500038147
1856.914725 0.00272146463394
1858.638479 0.00274378061295
1860.283417 0.00492930412292
1861.898542 0.0032991528511
1863.473781 0.00250442028046
1865.080004 0.00227086544037
1866.702507 0.00239493846893
1868.320766 0.00233067274094
1869.92945 0.00233516693115
1871.666843 0.00244982242584
1873.252386 0.00240902900696
1874.962998 0.0023318529129
1876.989666 0.00245127677917
1878.680599 0.00267020463943
1880.270002 0.00253947973251
1881.836441 0.0023166179657
1883.441311 0.00243448019028
1885.039588 0.00237703323364
1886.982086 0.0023866891861
1888.662618 0.00285900831223
1890.28983 0.0024090886116
1891.982823 0.00227324962616
1893.627026 0.00278301239014
1895.463671 0.00380454063416
1897.031943 0.0025946855545
1898.73654 0.00271407365799
1900.387964 0.00246139764786
1901.992355 0.00232062339783
1903.688592 0.00251665115356
1905.296161 0.00233079195023
1907.095604 0.00258828401566
1909.170051 0.00241520404816
1910.85445 0.00256391763687
1912.471251 0.00381500720978
1914.029989 0.00233594179153
1915.716185 0.00234112739563
1917.305634 0.00229177474976
1918.911414 0.00337393283844
1920.607932 0.00239481925964
1922.218237 0.00234073400497
1923.94648 0.00247001647949
1925.59641 0.00240374803543
1927.225474 0.00254909992218
1928.843318 0.00237798690796
1930.496317 0.00250881910324
1932.097558 0.00240819454193
1933.71823 0.00245641469955
1935.320691 0.00233352184296
1936.936176 0.00316383838654
1939.178345 0.00247895717621
1941.14521 0.00269646644592
1942.804791 0.00288813114166
1944.404782 0.00230675935745
1946.00028 0.002290391922
1947.618949 0.00325031280518
1949.288819 0.00250895023346
1951.007903 0.0023853302002
1952.666668 0.00236504077911
1954.280546 0.00238552093506
1955.87803 0.00309958457947
1957.458654 0.00232044458389
1959.007401 0.00242134332657
1960.768388 0.00261151790619
1962.381621 0.00231921672821
1963.977058 0.00223280191422
1965.599661 0.00259844064713
1967.262108 0.0024848818779
1968.893775 0.00237200260162
1970.576827 0.00322917699814
1972.4478 0.00378879308701
1974.08363 0.00230927467346
1975.868282 0.00315725803375
1977.576915 0.00226309299469
1979.195712 0.00320187807083
1980.875465 0.00271257162094
1982.462634 0.00256724357605
1984.082336 0.00228741168976
1985.714304 0.00406264066696
1987.379381 0.00244053602219
1988.995791 0.00235513448715
1990.570481 0.00247926712036
1992.291455 0.00239435434341
1994.004735 0.00343680381775
1995.623797 0.00281400680542
1997.441855 0.00287798643112
1999.063359 0.00233484506607
2000.672342 0.00231713056564
2002.362995 0.00274724960327
2004.42122 0.00296605825424
2006.081336 0.00231322050095
2007.667199 0.00230122804642
2009.326942 0.00261137485504
2010.91505 0.00240272283554
2012.60156 0.00226197242737
2014.305417 0.00276628732681
2015.987044 0.00369514226913
2017.740168 0.00489984750748
2019.532534 0.0023123383522
2021.072741 0.00231699943542
2022.705197 0.00352456569672
2024.303524 0.00408016443253
2026.126915 0.002312541008
2027.725925 0.00239304304123
2029.373705 0.00243924856186
2030.947609 0.00231868028641
2032.536531 0.00238589048386
2034.126532 0.00278420448303
2036.131907 0.00234826803207
2037.715816 0.0022594332695
2039.338075 0.00301877260208
2040.939256 0.00241094827652
2042.584287 0.00407390594482
2044.157932 0.00232754945755
2045.768741 0.00460702180862
2047.424278 0.00299232006073
2049.038237 0.00296618938446
2050.652642 0.00316255092621
2052.245982 0.00241107940674
2054.009258 0.00235061645508
2055.597478 0.00237855911255
2057.261359 0.00356358289719
2058.913513 0.00421286821365
2060.537777 0.00240681171417
2062.156866 0.00232371091843
2063.80107 0.00230855941772
2065.451305 0.00226870775223
2067.803805 0.00287401676178
2069.435711 0.00240494012833
2071.135921 0.00274866819382
2072.713846 0.00362660884857
2074.433361 0.00226562023163
2076.129676 0.00242499113083
2077.775604 0.00349867343903
2079.359866 0.00238795280457
2081.00845 0.00248260498047
2082.597897 0.00289410352707
2084.294553 0.0025282740593
2085.880803 0.00233154296875
2087.504738 0.0026958823204
2089.142484 0.00278662443161
2090.767989 0.00380527973175
2092.374252 0.00254826545715
2094.264014 0.00265105962753
2096.660616 0.00230897665024
2098.745583 0.00244520902634
2100.37196 0.00245345830917
2102.08349 0.00245839357376
2103.68321 0.00240087509155
2105.303345 0.00248748064041
2106.929318 0.00334450006485
2108.50222 0.00298827886581
2110.137784 0.00361694097519
2111.794956 0.00347155332565
2113.495949 0.00230947732925
2115.100602 0.00229561328888
2116.679787 0.0022552728653
2118.295164 0.00244224071503
2120.1766 0.00331518650055
2121.755359 0.00229433774948
2123.312851 0.00236518383026
2125.088222 0.0026255607605
2126.741288 0.00257142782211
2128.344109 0.00254679918289
2130.403343 0.00245388746262
2132.080942 0.00243117809296
2133.741247 0.00368710756302
2135.342881 0.00384013652802
2136.936417 0.00265620946884
2138.647275 0.00338140726089
2140.263352 0.00255465507507
2141.868428 0.00284703969955
2143.562706 0.00249907970428
2145.22006 0.00407619476318
2146.906614 0.00240885019302
2148.587671 0.00243434906006
2150.294253 0.00242322683334
2152.048209 0.00239531993866
2153.718333 0.00249025821686
2155.270038 0.00244042873383
2156.948342 0.0024706363678
2158.834258 0.00251004695892
2160.950013 0.0025611281395
2162.59645 0.00259798765182
2164.204 0.0023728966713
2165.933662 0.00425103902817
2167.684857 0.00298374891281
2169.306105 0.00259039402008
2170.929284 0.00303391218185
2172.5819 0.00276707410812
2174.335073 0.00268961191177
2176.009673 0.00338095426559
2177.60666 0.00324774980545
2179.205061 0.00322790145874
2180.78456 0.00222210884094
2182.410601 0.00239245891571
2184.04321 0.00226842164993
2186.317587 0.00294886827469
2187.947804 0.00242110490799
2189.536348 0.00250273942947
2191.609216 0.00247522592545
2193.209101 0.00238273143768
2194.88938 0.00234882831573
2196.484497 0.00230629444122
2198.193216 0.00250602960587
2199.884728 0.0026819229126
2201.530535 0.00230593681335
2203.12306 0.00446404218674
2204.728041 0.00374556779861
2206.352705 0.00224769115448
2207.98656 0.00278655290604
2209.638473 0.00238535404205
2211.258401 0.00228414535522
2212.852957 0.00279760360718
2214.463797 0.00252186059952
2216.102589 0.00248413085938
2217.785698 0.00459831953049
2219.408351 0.00252779722214
2221.083949 0.00274742841721
2223.301166 0.00260100364685
2225.030947 0.00248116254807
2226.671229 0.00378624200821
2228.483945 0.00404679775238
2230.114502 0.00315948724747
2231.792353 0.00292567014694
2233.408619 0.00240415334702
2235.0304 0.00242624282837
2236.672754 0.00227515697479
2238.626111 0.00299102067947
2240.254985 0.0025235414505
2241.915358 0.00436871051788
2243.560925 0.00231916904449
2245.15581 0.0040963768959
2246.907159 0.0031231880188
2248.623568 0.0032285451889
2250.275266 0.0022914648056
2251.971019 0.00258505344391
2254.315604 0.00237765312195
2255.96717 0.00246025323868
2257.562711 0.00248770713806
2259.229146 0.00293669700623
2260.864283 0.0027242898941
2262.51579 0.00388011932373
2264.145253 0.00238035917282
2265.744877 0.00231658220291
2267.469163 0.0029577255249
2269.059237 0.00306936502457
2270.700055 0.00334538221359
2272.938751 0.00303511619568
2274.620201 0.00467351675034
2276.543723 0.00464468002319
2278.210693 0.00225188732147
2279.836613 0.00236639976501
2281.458722 0.00231339931488
2283.154521 0.00246770381927
2285.133099 0.00329284667969
2286.89392 0.00251734256744
2288.521615 0.00237894058228
2290.111501 0.00240956544876
2291.743101 0.00233689546585
2293.435069 0.00240721702576
2295.301064 0.00236130952835
2296.925606 0.00244926214218
2298.609352 0.00324201583862
2300.251965 0.00248467922211
2301.865358 0.00315113067627
2303.531576 0.00228861570358
2305.117395 0.00231897830963
2306.73999 0.00255401134491
2308.548845 0.00287961959839
2310.334131 0.00263072252274
2311.96457 0.00243519544601
2313.608208 0.00227597951889
2316.239676 0.00246204137802
2317.84322 0.003471159935
2319.441968 0.00242789983749
2321.067201 0.00291780233383
2322.686283 0.00235216617584
2324.245085 0.00259522199631
2325.896106 0.00232293605804
2327.499511 0.00230369567871
2329.155485 0.00387793779373
2330.877585 0.00230104923248
2332.460175 0.00256863832474
2334.187315 0.00281177759171
2335.914569 0.00256444215775
2337.511024 0.00251128673553
2339.11608 0.00237722396851
2340.765712 0.00238542556763
2342.567353 0.00231426954269
2344.162714 0.00243761539459
2346.127087 0.00235267877579
2347.770251 0.00445854663849
2349.48802 0.00250877141953
2351.06678 0.00248118638992
2352.712072 0.00290106534958
2354.388749 0.00458949804306
2356.110777 0.00231291055679
2357.719479 0.00225774049759
2359.340291 0.00268833637238
2361.153055 0.00224752426147
2362.807796 0.00353912115097
2364.476134 0.00294109582901
2366.106716 0.00244731903076
2367.768598 0.00241055488586
2369.489621 0.00234727859497
2371.288844 0.00325212478638
2373.046615 0.00233027935028
2374.617264 0.00228630304337
2376.468635 0.00254304409027
2378.1588 0.00347901582718
2379.775431 0.0023554444313
2381.431751 0.00236034393311
2383.049472 0.00237402915955
2384.699748 0.00246261358261
2386.467892 0.00244438648224
2388.173675 0.00280978679657
2389.798154 0.00238770246506
2391.366231 0.00241578817368
2393.247338 0.00257596969604
2394.985335 0.00366271734238
2396.607704 0.00457034111023
2398.214142 0.00226866006851
2399.821999 0.00228037834167
2401.428986 0.0023628115654
2403.029969 0.00283272266388
2404.674481 0.0024343252182
2406.358054 0.00363490581512
2408.317181 0.00240877866745
2409.977052 0.00236353874207
2411.584386 0.00277446508408
2413.17781 0.00241838693619
2414.778293 0.0023756980896
2416.415999 0.00279049873352
2418.171456 0.00254989862442
2419.992103 0.00295932292938
2421.672576 0.00243114233017
2423.257815 0.00360226631165
2424.860007 0.0042943239212
2426.523957 0.00232013463974
2428.104278 0.00236229896545
2429.772979 0.00229655504227
2431.33333 0.0025526881218
2432.959984 0.00230975151062
2434.663048 0.00224477052689
2436.394803 0.00229088068008
2438.064873 0.00279477834702
2440.144787 0.00248017311096
2441.720669 0.00231677293777
2443.365152 0.00233192443848
2445.079672 0.00261545181274
2446.668213 0.00239506959915
2448.33661 0.00242440700531
2450.122594 0.00260722637177
2451.744574 0.00235164165497
2453.372766 0.00488525629044
2454.970954 0.00271369218826
2456.582534 0.00257539749146
2458.166114 0.00239746570587
2459.711888 0.00244535207748
2461.450409 0.00335797071457
2463.04482 0.00231826305389
2464.803998 0.00435394048691
2466.436611 0.00241380929947
2468.053551 0.00232858657837
2469.650565 0.00223571062088
2471.778599 0.00349081754684
2473.371236 0.00290712118149
2475.196456 0.00244402885437
2476.902629 0.00387065410614
2478.536372 0.00439434051514
2480.207872 0.00358064174652
2481.901218 0.00413945913315
2483.666303 0.00353593826294
2485.256418 0.00237560272217
2487.06689 0.00239585638046
2488.723498 0.00264199972153
2490.353018 0.0023411989212
2491.97383 0.00292776823044
2493.564825 0.00227837562561
2495.186537 0.00248185396194
2496.748837 0.00232944488525
2498.375993 0.00249321460724
2499.968451 0.00240303277969
2501.600393 0.00401899814606
2503.5975 0.00260956287384
2505.248833 0.00264381170273
2506.860902 0.00233309268951
2508.467843 0.00368727445602
2510.072975 0.00323311090469
2511.740063 0.00290315151215
2513.393504 0.00312843322754
2515.072414 0.00269086360931
2516.696307 0.00243468284607
2518.265439 0.00250853300095
2519.921275 0.00256352424622
2521.525349 0.00325306653976
2523.194898 0.00437486171722
2524.750519 0.0024714589119
2526.385628 0.0031910777092
2528.094408 0.00236396789551
2529.707827 0.00248109102249
2531.3229 0.002878677845
2532.908583 0.00246851444244
2534.872849 0.00244634151459
2536.576686 0.00396143198013
2538.231102 0.00249732732773
2539.811084 0.00237686634064
2541.47127 0.00274988412857
2543.216807 0.00233492851257
2544.851805 0.00241348743439
2546.530231 0.00243822336197
2548.15681 0.00245974063873
2549.767314 0.0026025891304
2551.367555 0.00232759714127
2552.983555 0.00419844388962
2554.575892 0.00244334936142
2556.198147 0.00239880084991
2558.121588 0.00254559516907
2559.726333 0.00337188243866
2561.419843 0.00345852375031
2563.128571 0.00292054414749
2564.829064 0.00347448587418
2566.859528 0.00310389995575
2568.484936 0.0023294210434
2570.153828 0.00229862928391
2571.785887 0.00302418470383
2573.403332 0.00230567455292
2574.970805 0.00331566333771
2576.613991 0.00243111848831
2578.174252 0.00231735706329
2579.792939 0.00249911546707
2581.410465 0.00291194915771
2582.963993 0.00236308574677
2584.653302 0.00241494178772
2586.273621 0.00253756046295
2588.011334 0.00358142852783
2589.722919 0.00266833305359
2591.290785 0.00249207019806
2593.035261 0.00310879945755
2594.716806 0.0023130774498
2596.358099 0.0030836224556
2598.471905 0.00238833427429
2600.036657 0.00234719514847
2601.59901 0.00240877866745
2603.27865 0.00285992622375
2604.890949 0.00297013521194
2606.581303 0.00254145860672
2608.269326 0.00352066755295
2609.871792 0.00226091146469
2611.489341 0.00257415771484
2613.116588 0.00307232141495
2614.742529 0.00305893421173
2616.402945 0.00466799736023
2618.003566 0.00224716663361
2619.659549 0.00239810943604
2621.516929 0.00229915380478
2623.125218 0.00245958566666
2624.728818 0.00247085094452
2626.363336 0.00243661403656
2628.005401 0.00227956771851
2630.138881 0.00234608650208
2631.753531 0.00241595506668
2633.365353 0.0042086482048
2635.031302 0.00434293746948
2636.636406 0.00246031284332
2638.302888 0.00229086875916
2640.071174 0.0023691534996
2641.682812 0.00230901241302
2643.295954 0.00337164402008
2645.108181 0.00405319929123
2646.744048 0.00248407125473
2648.397023 0.00384573936462
2650.010117 0.00237624645233
2651.681097 0.00224437713623
2653.293287 0.0024643778801
2654.884602 0.00403170585632
2656.592755 0.00234097242355
2658.237365 0.00243026018143
2659.847161 0.00384804010391
2661.896486 0.00240403413773
2663.556765 0.00383812189102
2665.291 0.00227332115173
2666.877773 0.00262221097946
2668.654578 0.00290573835373
2670.265856 0.00250878334045
2671.898346 0.0023939371109
2673.497322 0.00285876989365
2675.270446 0.00333759784698
2676.878503 0.00244514942169
2678.482646 0.00267810821533
2680.110293 0.00231882333755
2681.740774 0.00236607789993
2683.347902 0.00278388261795
2684.939303 0.00440565347672
2686.649078 0.00237430334091
2688.322238 0.00315324068069
2689.918161 0.00273715257645
2691.641577 0.00261011123657
2693.790233 0.00244901180267
2695.482958 0.00348092317581
2697.10526 0.00269099473953
2698.707708 0.0025986790657
2700.301538 0.00232095718384
2702.538235 0.00267723798752
2704.220657 0.00255753993988
2705.796314 0.002401304245
2707.445735 0.00236854553223
2709.099357 0.00475865602493
2710.900155 0.00382978916168
2712.575339 0.00383660793304
2714.233774 0.00254634618759
2715.94402 0.00230488777161
2717.702849 0.00334492921829
2719.311907 0.00239918231964
2720.971048 0.00394998788834
2722.691424 0.00227745771408
2724.632034 0.00279281139374
2726.264837 0.00227017402649
2727.880137 0.00227953195572
2729.465053 0.00231611728668
2731.078331 0.00235586166382
2732.638175 0.00226380825043
2734.259804 0.00330169200897
2735.852857 0.00263352394104
2737.573951 0.00248509645462
2739.169155 0.00239938497543
2740.80258 0.00234628915787
2742.386104 0.00243766307831
2743.969135 0.00393483638763
2745.846872 0.00292085409164
2747.490853 0.00286053419113
2749.13981 0.00232400894165
2750.683688 0.00233968496323
2752.302148 0.00241477489471
2753.981659 0.00237339735031
2756.07186 0.00229341983795
2757.640721 0.00237432718277
2759.340698 0.002403652668
2760.974296 0.00330287218094
2762.640781 0.00264648199081
2764.280235 0.00232037305832
2765.91155 0.00315818786621
2768.181276 0.0023848772049
2769.869363 0.00234477519989
2771.472244 0.00237520933151
2773.107179 0.00254403352737
2774.808067 0.00313482284546
2776.50044 0.0031730890274
2778.174733 0.00249259471893
2779.82409 0.00377753973007
2781.60294 0.00276072025299
2783.236814 0.00250473022461
2784.949804 0.00347261428833
2786.998896 0.00222409963608
2788.60285 0.00231276750565
2790.22607 0.00325992107391
2791.851223 0.00225336551666
2793.381642 0.00227065086365
2794.991735 0.00351111888885
2796.679701 0.00235947370529
2798.371809 0.00243574380875
2799.977822 0.00244778394699
2801.668234 0.00233145952225
2803.24568 0.00272717475891
2804.925367 0.00276074409485
2806.52437 0.00241547822952
2808.193381 0.00285363197327
2809.79529 0.00248329639435
2811.52867 0.00244483947754
2813.162702 0.00288505554199
2814.783206 0.00345304012299
2816.417042 0.00286664962769
2818.519951 0.00362040996552
2820.143468 0.0040804028511
2821.764996 0.00411158800125
2823.411672 0.00229970216751
2825.100146 0.00361264944077
2826.664724 0.00255081653595
2828.286505 0.00243295431137
2830.012383 0.00265984535217
2831.711808 0.00307025909424
2833.305432 0.00260044336319
2835.145746 0.00229989290237
2836.7635 0.00234661102295
2838.428258 0.00261566638947
2840.053559 0.00307990312576
2841.627795 0.00266811847687
2843.225208 0.00252878665924
2844.797267 0.00247694253922
2846.45602 0.00234268903732
2848.097794 0.00262035131454
2850.286658 0.00339772701263
2851.857582 0.00233465433121
2853.465676 0.00238330364227
2855.070436 0.00471795797348
2856.692829 0.00252677202225
2858.336378 0.00235284566879
2859.953637 0.00236309766769
2861.614378 0.00236231088638
2863.184827 0.00242921113968
2864.913295 0.00292048454285
2866.575935 0.00227230787277
2868.20036 0.00309911966324
2869.933165 0.00233741998672
2871.573314 0.0023576259613
2873.173254 0.00238476991653
2874.880495 0.00291755199432
2876.61279 0.00280584096909
2878.225311 0.00255728960037
2879.80698 0.00229907035828
2881.808527 0.0046347618103
2883.401756 0.00255967378616
2884.974718 0.0024113535881
2886.642094 0.00240787267685
2888.271389 0.00304963588715
2889.892169 0.00355534553528
2891.586733 0.00383350849152
2893.244421 0.00279372930527
2894.845058 0.00232251882553
2896.522446 0.00232580900192
2898.268894 0.00305027961731
2899.955998 0.00323542356491
2901.634321 0.0033945441246
2903.252462 0.00273920297623
2904.966974 0.00234597921371
2907.338795 0.00262874364853
2908.999441 0.00306714773178
2910.629363 0.0036302447319
2912.552711 0.00427561998367
2914.21959 0.00368888378143
2915.839869 0.00289460420609
2917.424478 0.0022819519043
2919.170943 0.00236107110977
2920.789617 0.00257898569107
2922.439186 0.00266090631485
2924.103134 0.00252568721771
2925.715893 0.0023907661438
2927.270123 0.00244746208191
2928.899408 0.00235401391983
2930.657661 0.00459553003311
2932.297917 0.00232979059219
2933.952862 0.00275851488113
2935.554501 0.00268812179565
2937.16038 0.00241242647171
2938.7699 0.00232162475586
2940.343723 0.00227717161179
2941.966969 0.00239353179932
2943.892348 0.00246161222458
2945.540379 0.00281039476395
2947.151198 0.00260375738144
2948.796903 0.00335280895233
2950.434973 0.00239040851593
2952.45055 0.00370047092438
2954.028042 0.00239884853363
2955.588699 0.00279093980789
2957.570104 0.00478001832962
2959.274099 0.00261617898941
2960.863329 0.00245425701141
2962.446208 0.00244234800339
2964.06889 0.00284779071808
2965.645508 0.00230983495712
2967.356545 0.00234525203705
2968.993158 0.00248736143112
2970.639844 0.00271666049957
2972.3058 0.00268697738647
2974.239931 0.00467357635498
2975.802482 0.00241041183472
2977.379366 0.00260825157166
2978.984836 0.00235209465027
2980.666766 0.00353829860687
2982.244414 0.00238099098206
2983.884244 0.00414052009583
2985.476963 0.00253640413284
2987.087108 0.00285588502884
2988.695629 0.00233098268509
2990.312855 0.00269504785538
2991.886892 0.00454655885696
2993.521671 0.00255599021912
2995.188076 0.00237449407578
2996.837984 0.00320204496384
2998.452076 0.00310288667679
3000.684945 0.00251269340515
3002.418467 0.00375635623932
3004.193991 0.00357130765915
3006.282582 0.00267746448517
3008.005916 0.00317988395691
3009.62966 0.00243213176727
3011.254717 0.00275460481644
3012.837454 0.00229732990265
3014.467419 0.00235041379929
3016.079508 0.00308758020401
3017.708568 0.00225434303284
3019.332999 0.0024698972702
3021.002111 0.00271434783936
3022.647676 0.00255826711655
3024.288919 0.00244057178497
3025.886208 0.00237331390381
3027.533915 0.00283054113388
3029.129082 0.00371918678284
3030.823981 0.00257321596146
3032.398191 0.00233803987503
3034.05082 0.00258241891861
3035.620297 0.00238114595413
3037.677906 0.0023845911026
3039.2903 0.00326479673386
3040.913569 0.00251706838608
3042.548459 0.00236444473267
3044.929576 0.00318109989166
3046.573544 0.00292117595673
3048.226187 0.0024959564209
3049.857847 0.00258076190948
3051.529861 0.00381926298141
3053.127025 0.00446147918701
3054.763705 0.00490820407867
3056.381649 0.00266293287277
3057.969006 0.00341799259186
3059.524808 0.00235785245895
3061.117508 0.00228787660599
3062.718651 0.00241541862488
3064.285166 0.00228009223938
3065.848322 0.00234060287476
3067.552209 0.00409462451935
3069.490754 0.00468088388443
3071.121269 0.00243020057678
3072.702843 0.00245883464813
3074.342138 0.00232781171799
3075.964808 0.00245181322098
3077.563499 0.00234266519547
3079.168146 0.00241611003876
3080.830983 0.00240916013718
3082.493676 0.00247132778168
3084.130506 0.00283536911011
3085.7328 0.00456041097641
3087.415788 0.00240685939789
3089.102169 0.00240114927292
3090.716598 0.00361460447311
3092.311338 0.00230000019073
3093.931544 0.0023331284523
3095.763066 0.0022696018219
3097.371392 0.00414220094681
3098.961324 0.00272432565689
3101.008203 0.00242999792099
3102.63943 0.00262767076492
3104.212295 0.0025021314621
3105.827964 0.00256713628769
3107.425228 0.00353718996048
3109.152474 0.00240890979767
3110.836739 0.00303864479065
3112.491052 0.00261263847351
3114.070438 0.00394265651703
3115.720027 0.00229833126068
3117.388191 0.00365396738052
3118.956798 0.00228873491287
3120.655508 0.00244970321655
3122.262171 0.00234187841415
3123.866479 0.00229551792145
3125.477334 0.00229721069336
3127.178274 0.00239486694336
3128.785518 0.00237554311752
3130.457685 0.00264966487885
3132.540953 0.00515829324722
3134.211357 0.00253312587738
3136.755571 0.00242893695831
3138.472138 0.00354729890823
3140.073488 0.00245598554611
3141.744715 0.00272340774536
3143.43573 0.00271586179733
3145.032648 0.00260500907898
3146.830425 0.00228161811829
3148.483594 0.00232313871384
3150.132244 0.00393629074097
3151.752353 0.00248281955719
3153.311065 0.00254557132721
3154.911029 0.00252069234848
3156.481722 0.00256417989731
3158.07197 0.00396124124527
3159.742408 0.00257472991943
3161.338615 0.00392435789108
3163.23889 0.00539734363556
3164.820548 0.00248558521271
3166.463237 0.004223716259
3168.297327 0.00257029533386
3169.895688 0.00239297151566
3171.484409 0.00256279706955
3173.119792 0.00343779325485
3174.868718 0.00389410257339
3176.492599 0.00254769325256
3178.387589 0.00238159894943
3180.134791 0.00368347167969
3181.774017 0.00429757833481
3183.406252 0.00251054763794
3185.130137 0.00510621070862
3186.822521 0.00238757133484
3188.46206 0.00396920442581
3190.18797 0.00254918336868
3191.825339 0.00360577106476
3193.859984 0.00230202674866
3195.468556 0.00285733938217
3197.075209 0.00270320177078
3198.664544 0.00234969854355
3200.628422 0.00227893590927
3202.175991 0.0025230884552
3203.774816 0.00252387523651
3205.417516 0.00233042240143
3207.025894 0.00234372615814
3208.658376 0.00230236053467
3210.243071 0.00232397317886
3211.823611 0.0023118853569
3213.423055 0.00235137939453
3215.181182 0.00441633462906
3216.806425 0.00233556032181
3218.428216 0.00320334434509
3220.025257 0.00246533155441
3221.622828 0.00241187810898
3223.339961 0.00441830158234
3225.469937 0.00242646932602
3227.060263 0.00238777399063
3228.706896 0.0024888753891
3230.310497 0.00260899066925
3231.948419 0.00314570665359
3233.607006 0.00237926244736
3235.382333 0.00259940624237
3237.02529 0.00254604816437
3238.622787 0.00421457290649
3240.211926 0.0026242017746
3241.814331 0.00258115530014
3243.401125 0.00231492519379
3245.051065 0.00236849784851
3246.660506 0.00254189968109
3248.261583 0.00290242433548
3249.887796 0.0026082277298
3251.464248 0.00342191457748
3253.11376 0.00282927751541
3254.665343 0.00235475301743
3256.57834 0.00460215806961
3258.574497 0.00255839824677
3260.210862 0.00251127481461
3261.787123 0.00285549163818
3263.399194 0.00255798101425
3264.979629 0.00255998373032
3266.662649 0.00250377655029
3268.321831 0.00260299444199
3269.991614 0.00250800848007
3271.710708 0.00295771360397
3273.291968 0.00323324203491
3274.900681 0.00323835611343
3276.580106 0.004532289505
3278.193903 0.0024968624115
3279.870155 0.00230699777603
3281.548022 0.0026939868927
3283.186241 0.00370011329651
3284.745036 0.00259240865707
3286.411247 0.00250551700592
3288.418374 0.00377032756805
3290.097491 0.0025408744812
3291.827634 0.00541478395462
3293.479569 0.0030465722084
3295.128559 0.00298355817795
3296.847523 0.00280600786209
3298.497238 0.00247875452042
3300.102403 0.00252718925476
3301.775519 0.00315963029861
3303.483659 0.00535187721252
3305.153605 0.00242689847946
3306.814517 0.00237305164337
3308.44481 0.0025235414505
3310.042848 0.00256143808365
3311.71367 0.00375165939331
3313.44108 0.00248273611069
3315.069533 0.00287688970566
3316.700986 0.00262178182602
3318.288746 0.00252892971039
3320.261521 0.00230866670609
3321.874533 0.0033789396286
3323.555632 0.00249699354172
3325.202118 0.00264346599579
3326.844708 0.00433702468872
3328.475627 0.00253200531006
3330.190146 0.00245287418365
3331.847335 0.00308884382248
3333.655718 0.00232503414154
3335.508114 0.00225480794907
3337.120499 0.0030433177948
3338.761598 0.00227447748184
3340.361302 0.00243445634842
3342.022511 0.00240323543549
3343.681086 0.00365859270096
3345.360727 0.00312925577164
3347.10149 0.00315492153168
3348.731466 0.00286339521408
3350.75697 0.00284607410431
3352.459923 0.00243666172028
3354.154323 0.00355857610703
3355.854899 0.00229706764221
3357.501228 0.00258595943451
3359.168012 0.00225825309753
3360.761361 0.00252258777618
3362.397604 0.00226321220398
3364.090366 0.00261100530624
3365.729009 0.00356413125992
3367.331257 0.00245614051819
3368.905564 0.00231138467789
3370.665889 0.00296286344528
3372.516953 0.00244251489639
3374.152117 0.00232315063477
3375.739993 0.00226066112518
3377.376674 0.00317269563675
3379.081546 0.00325292348862
3381.103796 0.00235148668289
3382.746892 0.00279279947281
3384.352426 0.00228753089905
3385.950743 0.00249850749969
3387.616015 0.00242577791214
3389.231629 0.00279886722565
3390.843681 0.00223122835159
3392.513259 0.00225183963776
3394.15494 0.00236432552338
3395.801946 0.00323807001114
3397.508404 0.00261784791946
3399.130295 0.00254069566727
3400.812746 0.00360882282257
3402.512713 0.00258563756943
3404.121164 0.00231881141663
3405.755961 0.00293136835098
3407.437874 0.00286456346512
3409.152767 0.0036576628685
3410.81134 0.00335426330566
3413.065151 0.00255343914032
3414.665984 0.00278179645538
3416.41757 0.00249888896942
3418.137718 0.0022712469101
3419.764228 0.00232039690018
3421.409879 0.00343042612076
3423.030983 0.00269236564636
3424.672039 0.00246959924698
3426.328305 0.00235689878464
3427.931617 0.00236738920212
3429.531767 0.00338977575302
3431.548726 0.00455247163773
3433.18003 0.00252335071564
3434.886666 0.00253509283066
3436.467589 0.00250811576843
3438.100224 0.00238415002823
3439.721959 0.00265632867813
3441.365473 0.00408869981766
3443.222833 0.00232591629028
3444.840547 0.00250753164291
3446.483372 0.00253490209579
3448.082846 0.00252813100815
3449.657593 0.00256023406982
3451.271244 0.00231001377106
3452.929344 0.00259227752686
3454.51874 0.00240393877029
3456.181655 0.0023934006691
3458.004143 0.00243793725967
3459.665964 0.00284041166306
3461.263864 0.00246450901031
3462.877019 0.0037101149559
3464.478759 0.00236886739731
3466.066512 0.00223661661148
3467.782472 0.00221633911133
3469.508575 0.00320551395416
3471.115374 0.00250715017319
3472.763135 0.00270794630051
3474.830506 0.00332466363907
3477.158685 0.00428911447525
3478.773708 0.00252158641815
3480.381075 0.00300123691559
3482.202054 0.00228303670883
3483.822533 0.00246524810791
3485.615915 0.00238451957703
3487.217416 0.00238786935806
3488.823665 0.00242255926132
3490.415051 0.00258283615112
3492.035154 0.00255690813065
3493.604769 0.00240459442139
3495.218497 0.00241196155548
3496.794884 0.00256315469742
3498.376814 0.00257104635239
3499.915306 0.002474796772
3501.535632 0.00275177955627
3503.140292 0.00290268659592
3504.851599 0.00244245529175
3507.024891 0.00286362171173
3508.667264 0.00254241228104
3510.301596 0.00248379707336
3511.926284 0.00234971046448
3513.820965 0.00380452871323
3515.594634 0.00260298252106
3517.206798 0.00360254049301
3519.240602 0.00231729745865
3520.883213 0.00260634422302
3522.511708 0.00256743431091
3524.355611 0.00336923599243
3525.951076 0.00258728265762
3527.547908 0.00244508981705
3529.160104 0.00316159725189
3531.591001 0.00273212194443
3533.193967 0.0043949842453
3534.912706 0.00350530147552
3536.484213 0.00258251428604
3539.013462 0.00237236022949
3540.656987 0.00252999067307
3542.315858 0.00301209688187
3543.98186 0.00330549478531
3545.702518 0.00245871543884
3547.30276 0.00384148359299
3548.890784 0.00357514619827
3550.838822 0.0024814248085
3552.447253 0.00268117189407
3554.082776 0.00242259502411
3555.713643 0.00239750146866
3557.414541 0.00331267118454
3559.13956 0.00483832359314
3560.848884 0.00243097543716
3562.624381 0.00295195579529
3564.328866 0.00265957117081
3566.10005 0.00255825519562
3567.698149 0.00251829624176
3569.958139 0.00257004499435
3571.559728 0.0025652050972
3573.338041 0.00252873897552
3574.928952 0.0036997795105
3576.535492 0.00227599143982
3578.123843 0.0023885846138
3579.824927 0.00230897665024
3581.471637 0.00306975841522
3583.055773 0.00342392921448
3584.662046 0.0034118771553
3586.332438 0.00377753973007
3588.282035 0.00229462385178
3589.873759 0.00249948501587
3591.526152 0.0032897233963
3593.110492 0.00226179361343
3594.896829 0.00236288309097
3596.531332 0.00328925848007
3598.118988 0.00246579647064
3599.822131 0.00287934541702
