24.788229 1.12016371489
49.24049 1.10864384174
73.961871 1.11442955732
98.443185 1.10941472054
123.064437 1.11163992882
147.598352 1.11149222851
172.214365 1.11067755222
196.735184 1.1114867568
221.467669 1.11679424047
245.99061 1.11160181761
270.524058 1.10669939518
295.060183 1.1111268878
319.728261 1.11445100307
344.196605 1.10889306068
368.745537 1.10857530832
393.316777 1.11366261244
417.951605 1.11149333715
442.585296 1.11590315104
467.287788 1.11393125057
491.970975 1.11944108009
516.58929 1.11003183126
541.226937 1.11731939316
565.845813 1.11048676968
590.411078 1.11384464502
615.41222 1.12939162254
640.101481 1.11631002426
664.865584 1.11804639101
689.338161 1.10883549452
714.256464 1.12440640926
738.80804 1.11297820807
763.574875 1.11780632734
788.06214 1.10870245695
812.692472 1.11125686169
837.262385 1.11313940287
861.999823 1.11660948992
886.482199 1.10975023508
911.15176 1.11298669577
935.70281 1.11271663904
960.236532 1.10529228449
984.671524 1.10673015118
1009.44016 1.11796078682
1033.945246 1.11138722897
1058.643115 1.1135442853
1083.198244 1.11233034134
1107.849792 1.11133180857
1132.447987 1.11579988003
1157.184265 1.11624330282
1181.61904 1.10758568048
1206.303498 1.11272002459
1230.754999 1.10791336298
1255.511085 1.11718747616
1280.128346 1.11594070196
1304.795086 1.11341891289
1329.462761 1.11798363924
1354.147933 1.11323882341
1378.666336 1.10945807695
1403.283919 1.10908674002
1428.219695 1.13132055998
1452.988303 1.11627628803
1477.60687 1.11424552202
1502.591696 1.12757792473
1527.112323 1.11052578688
1551.7824 1.11187343597
1576.430031 1.11548327208
1601.298774 1.12266407013
1625.850603 1.11249396801
1650.535401 1.1132825017
1675.036855 1.10867458582
1699.655297 1.10870594978
1724.307708 1.11721384525
1749.043115 1.11471534967
1773.643974 1.11360325813
1798.379244 1.1154410243
1822.898293 1.11105114222
1847.485017 1.10819756985
1872.034279 1.1129945159
1896.902691 1.11657447815
1921.641352 1.12046449184
1946.373074 1.11517627239
1970.910015 1.11314322948
1995.426924 1.10469242334
2019.944864 1.1110791564
2044.796911 1.12104890347
2069.350874 1.11281352043
2094.138057 1.11813910007
2118.686147 1.11095730066
2143.320706 1.11048800945
2167.873452 1.11271512508
2192.607057 1.11441435814
2217.062665 1.1085735321
2241.760388 1.11380240917
2266.213348 1.10705122948
2290.884214 1.11303086281
2315.348962 1.10811663866
2340.035469 1.11243704557
2364.535671 1.11138720512
2389.120888 1.10805771351
2413.573238 1.10805916786
2438.407213 1.1196625948
2462.9435 1.11126633883
2487.694761 1.11665621996
2512.333356 1.11650093794
2536.985015 1.11165704727
2561.616507 1.11687859297
2586.322046 1.11109902859
2610.971088 1.11724975109
2635.78885 1.11841892004
2660.510631 1.12174552679
2685.342947 1.11593930721
2709.797726 1.10783586502
2734.730554 1.12397385836
2759.547466 1.12656441927
2784.319217 1.11571524143
2808.919232 1.11462792158
2833.73863 1.11895341873
2858.308626 1.1143881321
2882.860073 1.10592490435
2907.342181 1.10822885036
2932.112292 1.11598798037
2956.647155 1.11181550026
2981.334005 1.11225547791
3005.865286 1.11062818766
3030.583207 1.11288352013
3055.189011 1.11471662521
3079.904047 1.11333068609
3104.538501 1.11645071507
3129.176678 1.10869944096
3153.845369 1.11855134964
3178.527228 1.11193803549
3203.332693 1.12474833727
3227.985054 1.10939471722
3252.515926 1.11117372513
3277.153012 1.10945447683
3301.753796 1.11522818804
3326.772071 1.12816178799
3351.355992 1.11539511681
3376.044935 1.112771523
3400.610342 1.11330899
3425.31193 1.11266287565
3449.816786 1.11153410673
3474.518733 1.11260106564
3499.083778 1.11311870813
3523.802886 1.11370955706
3548.304165 1.11102651358
3573.006146 1.11127073765
3597.642681 1.11602653265
3622.458832 1.11801557541
