3.883357 9999
48.142889 2.1343010664
52.08329 9999
95.721226 2.10745034218
139.53417 2.10430165529
183.380724 2.10939561129
227.181988 2.09839038849
270.927134 2.10084294081
314.682877 2.09861664772
358.475368 2.10162390471
402.116922 2.09550242424
446.458588 2.12516599894
490.142966 2.09861617088
533.92995 2.09895541668
577.693996 2.09597990513
621.415769 2.09704216719
665.217199 2.09797817469
709.075943 2.10008032322
752.931773 2.09952790737
796.824506 2.09892913103
800.742823 9999
844.146821 2.09563264847
887.888319 2.09981070757
932.32209 2.13048182726
976.054024 2.09575741291
1020.480727 2.12895927429
1064.470686 2.10783429146
1108.278893 2.0969538331
1152.685928 2.13252093792
1196.759342 2.1127990365
1200.720007 9999
1244.212694 2.09918866158
1248.10528 9999
1291.825993 2.1094209671
1295.748114 9999
1339.273532 2.10135552883
1383.127873 2.09779992104
1426.931187 2.09743639231
1470.751726 2.0971845746
1514.616457 2.09979636669
1518.564302 9999
1562.008724 2.09853856564
1605.784487 2.10048464537
1649.654376 2.09998848438
1693.5788 2.10349743366
1737.637486 2.10812231302
1781.372937 2.09588292837
1825.139213 2.09930728674
1868.898688 2.09740595818
1912.667306 2.0953599453
1956.433024 2.09852949381
2000.364852 2.09949398041
2044.242956 2.09705722332
2048.150588 9999
2091.571927 2.09545197487
2136.128125 2.13686181307
2179.983304 2.0993511796
2223.738886 2.09713400602
2268.153753 2.13029310703
2311.858578 2.09705827236
2355.63046 2.09860914946
2399.413239 2.09737163782
2443.146163 2.09423712492
2486.993338 2.1007930398
2530.776119 2.09700722694
2574.525427 2.10080795288
2618.480764 2.10097125769
2662.290256 2.09884785414
2706.125911 2.09777998924
2710.034137 9999
2753.60709 2.09911527634
2797.60292 2.10997042656
2801.451948 9999
2844.947895 2.09743711948
2888.960483 2.10960725546
2932.781987 2.10090643167
2976.576044 2.10022873878
3020.495025 2.10275295973
3064.626127 2.11390980482
3108.377463 2.09744907618
3152.2366 2.10163260698
3196.101749 2.09894781113
3239.955074 2.10027917624
3283.760466 2.09934248924
3287.679187 9999
3291.464555 9999
3334.981313 2.10190579891
3378.719085 2.0972548604
3422.51609 2.0960518837
3466.521148 2.1111035347
3511.103105 2.13964323997
3554.811179 2.09601638317
3598.84069 2.1104950428
3642.801301 2.10871158838
