7.196801 1.55905095736
16.953889 2.45319994291
24.092751 1.56749097506
31.198304 1.55713303884
40.271496 2.18520466487
47.34635 1.54991070429
54.482605 1.560678641
61.590161 1.55091500282
68.811918 1.56504575411
75.948314 1.576795578
135.209577 18.9526193142
142.413999 1.56693371137
149.436871 1.540427049
156.461271 1.54229664803
163.547303 1.55396103859
170.652604 1.55889495214
177.86064 1.56644225121
187.581034 2.44305030505
194.836115 1.60708030065
201.925901 1.56376671791
211.716084 2.44322689374
218.837549 1.56162063281
225.912764 1.56188662847
235.051381 2.24364932378
242.27347 1.56734871864
249.379827 1.55655137698
259.187627 2.47266721725
266.223271 1.54550067584
275.26498 2.18158570925
284.440557 2.24906333288
343.418341 18.8648175399
350.669625 1.5740023454
357.758682 1.55894764264
364.831449 1.55888772011
371.935897 1.56797536214
381.69295 2.45971433322
391.554205 2.45954736074
398.640257 1.56209770838
405.711634 1.56219863892
412.832603 1.57283504804
419.991243 1.55782294273
427.026487 1.54674935341
436.017334 2.17860595385
443.072073 1.54918034871
450.227927 1.55163494746
457.336737 1.56728831927
467.106558 2.46188131968
476.079931 2.18868033091
485.153521 2.18877037366
492.22529 1.54952430725
499.350371 1.58433365822
506.422792 1.55274224281
513.608139 1.56036702792
520.764196 1.57278927167
527.80238 1.5527416865
586.76251 18.8619517485
594.002358 1.57004960378
601.192859 1.55656568209
610.913191 2.43919992447
619.804288 2.16688704491
628.978645 2.22005367279
636.065726 1.55991069476
643.138896 1.56147329013
652.831054 2.43417867025
660.033624 1.55475028356
667.122739 1.57117072741
676.880251 2.45466621717
683.935806 1.55744433403
691.207189 1.58197673162
700.133442 2.18337130547
707.236247 1.56830668449
714.274057 1.54694835345
721.532522 1.57437070211
728.635218 1.57001638412
735.690926 1.56394433975
742.72934 1.55072927475
752.053453 2.3178024292
761.960024 2.4646786054
771.733423 2.45662387212
778.839762 1.57060305278
785.894443 1.55440163612
795.635408 2.42116340001
802.724638 1.5593846639
809.81269 1.56852269173
816.835265 1.54926896095
824.009293 1.55868609746
833.731734 2.44691069921
842.655495 2.17800267537
852.427359 2.455975612
859.565733 1.54880317052
869.27571 2.44584393501
878.146986 2.16165534655
885.251879 1.56252630552
894.55911 2.26957631111
904.333195 2.4569513003
914.123817 2.46104518572
923.014564 2.16892997424
930.202419 1.56398955981
989.130318 18.8530283769
998.386767 2.23498336474
1007.47719 2.24003036817
1017.201055 2.45121630033
1024.2754 1.566538016
1031.527799 1.56963833173
1038.636111 1.57319458326
1048.35742 2.44954363505
1055.396093 1.55223639806
1064.753627 2.27840073903
1071.824106 1.55194528898
1078.980073 1.57368731499
1087.986432 2.20124570529
1095.225303 1.55810594559
1102.279891 1.54875564575
1111.220792 2.17441232999
1120.928187 2.44062932332
1128.132975 1.5569276015
1187.07678 18.8539513747
1196.201444 2.16701499621
1205.908464 2.43733962377
1215.65189 2.4546277523
1222.6534 1.53668538729
1229.896097 1.56384134293
1236.931098 1.55786665281
1243.937505 1.53988901774
1253.577264 2.42115036647
1260.715479 1.53980271022
1267.737368 1.53997262319
1277.514103 2.45781532923
1284.599574 1.55677596728
1291.856185 1.56363860766
1301.646858 2.46202262243
1308.684182 1.55551401774
1318.459032 2.46239296595
1325.730778 1.56309628487
1335.507619 2.4620950222
1342.576688 1.55830438932
1351.503957 2.17501560847
1358.741635 1.56036496162
1365.811185 1.5605943203
1374.751237 2.18105657895
1381.82236 1.57150220871
1389.094854 1.56306505203
1398.168367 2.2303387324
1407.891924 2.45084826152
1414.93127 1.55335831642
1423.973601 2.17135334015
1431.02956 1.56492797534
1438.030992 1.5452319781
1447.705351 2.44136468569
1454.861568 1.53787867228
1461.883055 1.54909332593
1468.954439 1.55076344808
1478.828103 2.49571871758
1488.75181 2.44536368052
1497.676137 2.16372474035
1507.451961 2.45860393842
1514.488455 1.54826426506
1521.726332 1.56438891093
1528.782623 1.55479764938
1537.771424 2.1907916069
1544.743733 1.53323531151
1552.002372 1.55757164955
1559.054858 1.55431127548
1566.178781 1.5726629893
1573.218234 1.56111264229
1582.925681 2.4420923392
1590.044212 1.538955609
1599.701456 2.42941625913
1606.790388 1.56046366692
1615.830801 2.21319731077
1625.037338 2.23134096464
1632.042436 1.54930567741
1639.081878 1.55025728544
1646.086511 1.53590202332
1653.308722 1.56135503451
1660.364439 1.55448834101
1669.470621 2.23628934224
1678.563784 2.24176001549
1685.767059 1.55456328392
1692.839475 1.5568865935
1699.843918 1.54664794604
1706.914784 1.55996664365
1713.920979 1.53840867678
1721.30946 1.61256631215
1728.318038 1.54877877235
1737.405941 2.23193605741
1744.427464 1.54936591784
1751.56509 1.53141593933
1758.640364 1.56311194102
1765.662407 1.54631265004
1772.717876 1.56337475777
1779.786483 1.57009307543
1789.595699 2.43430836995
1796.64963 1.55856092771
1803.705428 1.56947660446
1810.763405 1.552623113
1817.915427 1.54492592812
1825.004197 1.56207990646
1832.075705 1.55850680669
1839.131472 1.5601623853
1846.152942 1.55271665255
1855.277171 2.18862311045
1862.348451 1.55840293566
1869.424101 1.56988406181
1876.460063 1.5514819622
1883.717688 1.56406927109
1890.753821 1.5559416612
1897.808982 1.56090728442
1904.83033 1.55603869756
1911.903088 1.55743575096
1919.057812 1.54502105713
1926.079671 1.54730272293
1934.987748 2.17429725329
1944.763374 2.46132365863
1951.966064 1.55684963862
1959.071027 1.5678636233
1966.094444 1.55110867818
1975.884706 2.46992365519
1984.941056 2.17069133123
1991.982198 1.54766837756
1998.967999 1.53390876452
2008.742244 2.45774761836
2015.96352 1.56191865603
2025.721346 2.45478955905
2032.829831 1.56688626607
2039.915642 1.57147336006
2047.170708 1.55981898308
2054.243406 1.55763403575
2061.330905 1.56853063901
2071.075621 2.45582294464
2078.213451 1.52729972204
2085.282761 1.56294234594
2092.338467 1.5561050574
2099.359351 1.55030663808
2106.38187 1.55239772797
2113.654985 1.57079299291
2123.394838 2.45148642858
2130.449245 1.54942496618
2137.459084 1.5466512839
2144.710307 1.55904928843
2151.849001 1.589376688
2158.871644 1.54835613569
2165.91006 1.55827562014
2175.667385 2.4591940244
2182.855619 1.5544406573
2189.894628 1.55555009842
2196.916412 1.55565659205
2203.958257 1.55519938469
2213.74545 2.46159132322
2223.670263 2.44940090179
2230.691455 1.53964002927
2237.76341 1.56798704465
2244.818942 1.55943361918
2252.057388 1.55118934313
2259.163854 1.57539161046
2266.21796 1.55414001147
2273.293369 1.56525707245
2280.362577 1.55432430903
2287.567752 1.55769936244
2297.375092 2.46527640025
2304.450814 1.56510066986
2311.434794 1.54157765706
2318.643944 1.55882668495
2327.564092 2.16557121277
2337.288524 2.44559033712
2346.995534 2.43571035067
2356.085529 2.172311306
2363.177788 1.57079792023
2370.232135 1.55817866325
2429.206982 18.8545719783
2436.448998 1.55290341377
2443.451013 1.54727228483
2450.526146 1.56682229042
2457.545486 1.54774864515
2467.335433 2.45505690575
2474.690965 1.56183139483
2481.69716 1.54935232798
2488.785213 1.57018399239
2495.840545 1.54962102572
2505.581129 2.44123872121
2515.588813 2.46968301137
2525.330502 2.45296494166
2532.401257 1.56188233693
2539.45667 1.56271139781
2546.780825 1.57203698158
2553.850104 1.55824820201
2560.922144 1.56057175001
2567.961804 1.55316837629
2574.983348 1.55347959201
2582.30503 1.5666560332
2589.362936 1.55922071139
2596.502453 1.58408212662
2605.739535 2.29006799062
2613.044382 1.56020069122
2622.718765 2.42838692665
2629.807127 1.56679169337
2636.812349 1.54973101616
2645.839404 2.15085132917
2654.812409 2.17922274272
2664.083119 2.2849659125
2671.191183 1.57713158925
2678.446883 1.55340202649
2688.235362 2.46428958575
2695.289376 1.55360865593
2702.344882 1.56253067652
2711.735575 2.2681500117
2718.80749 1.55846865972
2728.564795 2.45975430806
2737.488422 2.18361798922
2746.613529 2.16149640083
2753.667594 1.56245199839
2760.688175 1.55527234077
2767.760285 1.55210892359
2775.13625 1.57877834638
2784.006623 2.15830000242
2793.19623 2.26795260111
2800.204752 1.54246775309
2809.359121 2.18482732773
2816.432953 1.55824065208
2823.488696 1.55895733833
2832.593628 2.23906207085
2841.699635 2.16056060791
2851.473385 2.46296596527
2861.414195 2.51971141497
2868.452596 1.54336833954
2877.559864 2.1699450016
2886.833116 2.29268900553
2893.956216 1.56806993484
2902.866926 2.17103560766
2910.270786 1.58548331261
2919.191364 2.18394295375
2928.49739 2.2968943119
2935.553585 1.5599360466
2945.51399 2.45147498449
2952.532864 1.54778504372
2961.672492 2.24902073542
2968.710941 1.56116437912
2976.016523 1.56692934036
2985.824365 2.46694898605
2994.797068 2.18968733152
3004.555607 2.45878632863
3014.529124 2.45044366519
3021.601384 1.55744934082
3028.622813 1.54117560387
3038.466271 2.46915698051
3047.620383 2.16326236725
3054.72535 1.55592592557
3063.683012 2.18768771489
3072.805825 2.24196569125
3132.11678 18.8691893419
3142.161277 2.45744760831
3149.247001 1.56041097641
3159.003237 2.45252935092
3166.05951 1.55764166514
3175.115836 2.17555570602
3184.922904 2.46195467313
3194.113012 2.26543196042
3201.251819 1.58102901777
3208.523863 1.55474734306
3215.646686 1.57559665044
3225.389405 2.45216965675
3232.42513 1.5508081913
3242.41635 2.46012671789
3249.454667 1.54433663686
3256.510097 1.55908266703
3265.383866 2.16504065196
3272.671797 1.56557798386
3279.777485 1.56638121605
3289.534272 2.457457304
3296.622645 1.55567034086
3306.666465 2.46465826035
3316.403933 2.45144573847
3326.094372 2.44050637881
3335.021361 2.18082904816
3344.524613 2.29210766157
3351.600574 1.54923041662
3361.371292 2.45678464572
3368.459934 1.56632463137
3378.436881 2.4530406793
3388.224272 2.4628713131
3397.434049 2.27276968956
3406.70538 2.29186924299
3416.712813 2.44801632563
3423.817773 1.56967735291
3430.855986 1.55427598953
3440.14721 2.28822962443
3449.470749 2.21545060476
3458.427615 2.18200532595
3467.351182 2.17633803686
3474.472816 1.55996505419
3481.710598 1.54710968335
3488.835955 1.55799372991
3496.005029 1.57903234164
3503.011104 1.53413995107
3510.148273 1.56912930806
3519.655973 2.19564525286
3526.781016 1.5675508976
3533.88601 1.55638829867
3540.971888 1.56873726845
3548.279656 1.55763896306
3555.368079 1.55832632383
3562.554439 1.58941030502
3569.676439 1.57155974706
3628.741491 18.8913799127
