35.383185 9999.0
71.148943 9999.0
107.042304 9999.0
142.584159 9999.0
178.170917 9999.0
213.667297 9999.0
248.327423 9999.0
283.248478 9999.0
318.198547 9999.0
352.771468 9999.0
387.683843 9999.0
421.839788 9999.0
456.710028 9999.0
491.362322 9999.0
526.09946 9999.0
561.428583 9999.0
595.956433 9999.0
630.8984 9999.0
666.361205 9999.0
701.066549 9999.0
735.725797 9999.0
770.069248 9999.0
805.005492 9999.0
839.588804 9999.0
874.682766 9999.0
909.331808 9999.0
944.434436 9999.0
979.2458 9999.0
1014.234843 9999.0
1048.19462 9999.0
1082.831824 9999.0
1116.926591 9999.0
1151.540894 9999.0
1185.743942 9999.0
1220.738689 9999.0
1255.255501 9999.0
1289.846461 9999.0
1324.281407 9999.0
1358.659528 9999.0
1393.0461 9999.0
1426.805006 9999.0
1461.254897 9999.0
1496.015255 9999.0
1530.373113 9999.0
1564.896595 9999.0
1598.746538 9999.0
1633.261559 9999.0
1667.787906 9999.0
1702.800273 9999.0
1738.815642 9999.0
1773.451547 9999.0
1807.891463 9999.0
1842.304047 9999.0
1877.149093 9999.0
1911.890515 9999.0
1946.703044 9999.0
1983.459968 9999.0
2017.954167 9999.0
2052.713332 9999.0
2087.33467 9999.0
2121.894698 9999.0
2156.590719 9999.0
2191.278945 9999.0
2225.760723 9999.0
2260.151382 9999.0
2294.824788 9999.0
2329.417681 9999.0
2363.410331 9999.0
2398.470946 9999.0
2432.945351 9999.0
2467.518792 9999.0
2502.047025 9999.0
2536.658042 9999.0
2571.41286 9999.0
2605.838501 9999.0
2639.915719 9999.0
2673.886292 9999.0
2708.619629 9999.0
2743.559324 9999.0
2777.721423 9999.0
2818.685507 9999.0
2853.174493 9999.0
2887.507417 9999.0
2921.890354 9999.0
2956.45145 9999.0
2991.014384 9999.0
3024.953919 9999.0
3059.546626 9999.0
3094.124515 9999.0
3128.201497 9999.0
3162.778744 9999.0
3197.36759 9999.0
3232.143271 9999.0
3266.334809 9999.0
3300.740992 9999.0
3335.557476 9999.0
3369.894494 9999.0
3404.65993 9999.0
3438.746724 9999.0
3473.108486 9999.0
3508.046008 9999.0
3542.830053 9999.0
3577.324158 9999.0
3611.874467 9999.0
