29.116078 8.84493470192
58.340776 8.91749231021
87.729384 8.9357679685
116.813997 8.87033303579
156.661204 12.4312872887
196.490959 12.4081784089
225.644896 8.8619363308
254.866481 8.91574899356
284.025636 8.86420003573
313.06061 8.85654520988
342.252115 8.87280797958
371.30429 8.86359270414
400.526091 8.88553126653
429.647464 8.88860662778
458.902717 8.89080325762
535.163161 24.5863802433
564.381796 8.89050539335
593.903513 9.00714166959
623.12558 8.88122034073
652.197593 8.87549964587
681.652957 8.96503305435
711.091903 8.98850631714
740.265698 8.86011338234
769.354578 8.86990435918
798.540479 8.87048832575
873.461939 24.1449906031
913.462519 12.4759629567
942.76485 8.88772408168
982.410043 12.3958257039
1011.682703 8.89431961377
1040.72451 8.85978134473
1070.076913 8.91875036558
1109.738322 12.4022266865
1138.961202 8.87699596087
1167.965724 8.83823196093
1243.238307 24.2182974021
1272.610001 8.91046778361
1301.665687 8.85982441902
1330.738616 8.82072146734
1359.808522 8.86503728231
1389.180135 8.90544859568
1418.689264 9.01136867205
1448.041693 8.90737096469
1477.06391 8.84604938825
1506.434874 8.89627162615
1546.030246 12.3853026231
1575.118811 8.8438633283
1604.160328 8.85494669278
1643.920368 12.4010766347
1673.042298 8.8442680041
1702.066413 8.84870656331
1741.860008 12.4096506437
1770.99855 8.84142208099
1800.020731 8.8538312912
1829.145664 8.85084295273
1858.080001 8.8243590196
1897.84446 12.3959805965
1937.626081 12.4051986535
1966.744441 8.83752433459
1995.920136 8.89471761386
2025.155228 8.88388729095
2064.802239 12.397846063
2104.651033 12.4339639346
2134.055419 8.94434571266
2163.024684 8.82884701093
2238.263627 24.2140955925
2267.352608 8.83737508456
2296.507911 8.90012399356
2371.800331 24.2367212772
2401.038716 8.8821609815
2476.328022 24.2738087177
2505.547088 8.87973403931
2534.552132 8.84721302986
2574.348535 12.4073975881
2603.455471 8.83667174975
2632.508917 8.86154166857
2707.697448 24.1920990944
2737.139481 8.95298671722
2766.095161 8.83275477091
2805.887496 12.4019846916
2835.213181 8.91094899178
2864.400341 8.90894961357
2904.130442 12.3868146737
2933.332603 8.86919291814
2962.403715 8.86004932721
2991.593525 8.86365326246
3031.25632 12.4089383284
3060.94481 9.03033192952
3089.932791 8.8461689949
3119.054913 8.84770973523
3148.175921 8.87651197116
3177.451978 8.89442165693
3206.603771 8.89719263713
3235.909122 8.90398804347
3265.029437 8.87593539556
3340.069891 24.140767018
3380.098596 12.4661364555
3409.320732 8.87006012599
3438.395796 8.86920436223
3478.305782 12.4272212982
3507.514377 8.8635626634
3536.5655 8.85781868299
3565.855043 8.88392241796
3594.99649 8.88268359502
3670.232766 24.2003399531
3699.503482 8.88340830803
3739.167387 12.4019186497
3768.372433 8.85577599208
3808.084853 12.4054090182
3837.490879 8.92788060506
3866.379832 8.81580464045
3906.241904 12.4213199615
3935.396692 8.85338997841
3964.368217 8.84350800514
3993.507441 8.85246594747
4022.699122 8.91340430578
4051.786992 8.8295267423
4080.755407 8.83713968595
4120.503797 12.3782716592
4149.80697 8.89826997121
4179.012283 8.91118741035
4208.316545 8.90348299344
4237.389074 8.86625138919
4277.152426 12.3904953003
4306.240212 8.83255537351
4345.869487 12.3868516286
4375.109102 8.87552714348
4404.196988 8.87443606059
4433.318586 8.83138736089
4462.27422 8.83528534571
4491.495011 8.86800996463
4520.469758 8.84319003423
4549.754713 8.89764428139
4578.730065 8.82806603114
4607.932225 8.86239178975
4636.970762 8.84943962097
4666.224969 8.88093368212
4695.114266 8.80485868454
4724.254856 8.84185194969
4753.191103 8.82430934906
4782.395679 8.86136738459
4822.061706 12.3936983744
4851.249966 8.86242500941
4880.154789 8.81567931175
4955.157998 24.1301929951
4994.987912 12.4092101256
5024.195562 8.86594629288
5053.581213 8.97129297256
5082.753375 8.85680341721
5122.432616 12.4062813918
5151.520661 8.82391603788
5191.168326 12.3963196278
5220.372451 8.85971093178
5249.377443 8.8472310702
5278.715861 8.89794294039
5307.637308 8.8238123258
5347.550372 12.428965648
5376.688676 8.83944328626
5405.961128 8.93402663867
5435.23282 8.89415629705
5475.062523 12.4528947671
5504.434312 8.91390808423
5533.626059 8.90994270643
5562.844791 8.86712567012
5602.473429 12.3998256524
5631.528941 8.80043323835
5660.584686 8.86297067006
5700.463617 12.4222236474
5729.653016 8.85183572769
5758.790784 8.89309366544
5787.829249 8.80227565765
5816.770799 8.83227070173
5856.680649 12.4321210384
5885.735012 8.82094128927
5914.79401 8.86674459775
5944.012312 8.86498363813
5972.951233 8.82336600622
6002.2224 8.88441165288
6031.280932 8.86491632462
6060.31601 8.8060593605
6089.386669 8.87386027972
6118.492394 8.83502864838
6147.647175 8.89899603526
6176.702522 8.8092666467
6205.790757 8.8742120266
6245.487188 12.3613183498
6274.692351 8.86304092407
6303.615047 8.8191939195
6332.83551 8.86534468333
6361.74072 8.81073037783
6401.436909 12.3609113693
6441.286449 12.4110287031
6470.507761 8.85849165916
6510.08465 12.3800150553
6539.256565 8.84499375025
6578.906363 12.400393645
6607.990973 8.82034611702
6636.929435 8.83168800672
6711.971306 24.1413669586
6741.323161 8.90685200691
6770.262377 8.82624435425
6799.333839 8.82620461782
6838.950284 12.3851749897
6878.693479 12.3696356614
6907.818549 8.82466212908
6936.736521 8.81705697378
6965.87526 8.83981672923
7040.880936 24.1761075656
7070.122629 8.87415671349
7109.716612 12.3786180814
7138.83674 8.83201861382
7213.909679 24.1913680236
