73.209874 3.53398650885
146.430163 3.53689016104
219.652379 3.53810026646
292.523015 3.51954636574
364.896292 3.49462255239
437.214871 3.48968042135
510.055544 3.51862398386
582.692334 3.50772304535
655.361285 3.50995379686
728.168004 3.51699894667
801.036556 3.51946139336
872.723216 3.4600625515
946.361654 3.5584125638
1024.2696 3.77177430391
1102.295021 3.77879446745
1175.84954 3.55435367823
1247.623058 3.46398235559
1325.095983 3.75030096769
1396.564771 3.44835157394
1467.787392 3.43702903986
1539.087803 3.44077458382
1610.475156 3.44525768757
1681.210986 3.41354581118
1751.7625 3.40399103165
1822.416145 3.40856817961
1893.034965 3.40685429573
1964.058269 3.42794896364
2036.826576 3.51436817646
2113.616985 3.71656063795
2190.377591 3.71464153528
2261.560334 3.43497028351
2334.998707 3.5466989994
2406.719481 3.46296955347
2478.405252 3.46114228964
2549.692298 3.44032547474
2621.346253 3.4573282361
2694.717126 3.54348160028
2768.538352 3.565548563
2839.975945 3.44687800407
2911.8322 3.46830195189
2985.50178 3.56009321213
3057.23816 3.46210590601
3128.993595 3.46401203871
3202.049508 3.52940610647
3273.884266 3.46684734821
3345.439572 3.45380226374
3418.577597 3.53435527086
3491.795995 3.5352470994
3565.217585 3.54246082306
3638.639106 3.54729440212
