2.066437 9999
3.988462 9999
5.894297 9999
7.792078 9999
9.686277 9999
11.598149 9999
13.476067 9999
15.377474 9999
17.25996 9999
19.131291 9999
21.037429 9999
22.952937 9999
24.939921 9999
26.833439 9999
28.755538 9999
30.652436 9999.0
32.689543 9999
34.59565 9999
36.492021 9999
38.388759 9999
40.285265 9999
42.195176 9999
44.082262 9999
45.963207 9999
47.844765 9999
49.744654 9999
51.646711 9999
53.514138 9999
55.380515 9999
57.314106 9999
59.208214 9999
61.108365 9999.0
63.160206 9999
65.030562 9999
66.928371 9999
68.820607 9999
70.732549 9999
72.623221 9999
74.510766 9999
76.407789 9999
78.290138 9999
80.184005 9999
82.096895 9999
84.00301 9999
85.900854 9999
87.786492 9999
89.664187 9999
91.564006 9999.0
93.603501 9999
95.489843 9999
97.36906 9999
99.266995 9999
101.163607 9999
103.05707 9999
104.967101 9999
106.87644 9999
108.772982 9999
110.654785 9999
112.548598 9999
114.432536 9999
116.345199 9999
118.212904 9999
120.111312 9999
121.993056 9999.0
124.080189 9999
125.967291 9999
127.849845 9999
129.771988 9999
131.656915 9999
133.548791 9999
135.452868 9999
137.338341 9999
139.215249 9999
141.096777 9999
142.993581 9999
144.901172 9999
146.808852 9999
148.696374 9999
150.554389 9999
152.440542 9999.0
154.48646 9999
156.360495 9999
158.273176 9999
160.155722 9999
162.075807 9999
163.94891 9999
165.81048 9999
167.700886 9999
169.621594 9999
171.587679 9999
173.484983 9999
175.395543 9999
177.267408 9999
179.162076 9999
181.023201 9999
182.928964 9999.0
184.992519 9999
186.891543 9999
188.823029 9999
190.718829 9999
192.629022 9999
194.511418 9999
196.392796 9999
198.322108 9999
200.232105 9999
202.142491 9999
204.051246 9999
205.946744 9999
207.864208 9999
209.748989 9999
211.646674 9999
213.516364 9999.0
215.573041 9999
217.470318 9999
219.348269 9999
221.22322 9999
223.113985 9999
224.989229 9999
226.865551 9999
228.757435 9999
230.656082 9999
232.536606 9999
234.433672 9999
236.341664 9999
238.241025 9999
240.145812 9999
242.340513 9999
244.250449 9999.0
246.318925 9999
248.213301 9999
250.11581 9999
252.012081 9999
253.900484 9999
255.828505 9999
257.713376 9999
259.611209 9999
261.507018 9999
263.388478 9999
265.296549 9999
267.184984 9999
269.055716 9999
270.937272 9999
272.835948 9999
274.726463 9999.0
276.773364 9999
278.678327 9999
280.564083 9999
282.486443 9999
284.376467 9999
286.285093 9999
288.195413 9999
290.115326 9999
292.000667 9999
293.882805 9999
295.803812 9999
297.673701 9999
299.572705 9999
301.444669 9999
303.313966 9999
305.207596 9999.0
307.264346 9999
309.161125 9999
311.067622 9999
312.950437 9999
314.83563 9999
316.743403 9999
318.672314 9999
320.567936 9999
322.476289 9999
324.351816 9999
326.260516 9999
328.166729 9999
330.077433 9999
331.992515 9999
333.88907 9999
335.775943 9999.0
337.851069 9999
339.711291 9999
341.604951 9999
343.51178 9999
345.411619 9999
347.327509 9999
349.247926 9999
351.161919 9999
353.04125 9999
354.92518 9999
356.83289 9999
358.74498 9999
360.606282 9999
362.500022 9999
364.375432 9999
366.275013 9999.0
368.353375 9999
370.224825 9999
372.132235 9999
374.016858 9999
375.913147 9999
377.821604 9999
379.720244 9999
381.613835 9999
383.571114 9999
385.458477 9999
387.347981 9999
389.232548 9999
391.154863 9999
393.062916 9999
394.969493 9999
396.87865 9999.0
398.990811 9999
400.900608 9999
402.818007 9999
404.67165 9999
406.572821 9999
408.484532 9999
410.376969 9999
412.287335 9999
414.195785 9999
416.114589 9999
418.034353 9999
419.944674 9999
421.849566 9999
423.748906 9999
425.6669 9999
427.588872 9999.0
429.662496 9999
431.568933 9999
433.493068 9999
435.38754 9999
437.282866 9999
439.176866 9999
441.063328 9999
442.93446 9999
444.868531 9999
446.788201 9999
448.693447 9999
450.590409 9999
452.499519 9999
454.395157 9999
456.27724 9999
458.125419 9999.0
460.261323 9999
462.147256 9999
464.041994 9999
465.949427 9999
467.858509 9999
469.958326 9999
471.883855 9999
473.812318 9999
475.69993 9999
477.5677 9999
479.49782 9999
481.407634 9999
483.324156 9999
485.233522 9999
487.14294 9999
489.039422 9999.0
491.124662 9999
493.016844 9999
494.897114 9999
496.780517 9999
498.653624 9999
500.559331 9999
502.441108 9999
504.327327 9999
506.249422 9999
508.117443 9999
510.026186 9999
511.950473 9999
513.865448 9999
515.738207 9999
517.621086 9999
519.504377 9999.0
521.616892 9999
523.516319 9999
525.414422 9999
527.334515 9999
529.24871 9999
531.156377 9999
533.007352 9999
534.933083 9999
536.810144 9999
538.682065 9999
540.601048 9999
542.507703 9999
544.422122 9999
546.324632 9999
548.248947 9999
550.143461 9999.0
552.232731 9999
554.148363 9999
556.058824 9999
557.95476 9999
559.8592 9999
561.746361 9999
563.66224 9999
565.56526 9999
567.480705 9999
569.381537 9999
571.275993 9999
573.192805 9999
575.093763 9999
577.000302 9999
578.893573 9999
580.801712 9999.0
582.87655 9999
584.799125 9999
586.719649 9999
588.5996 9999
590.500008 9999
592.419332 9999
594.314621 9999
596.247439 9999
598.155635 9999
600.05036 9999
601.932239 9999
603.833582 9999
605.751131 9999
607.647192 9999
609.550168 9999
611.461151 9999.0
613.55028 9999
615.436153 9999
617.329405 9999
619.237748 9999
621.160389 9999
623.031595 9999
624.906281 9999
626.800185 9999
628.683496 9999
630.591 9999
632.505173 9999
634.395561 9999
636.291217 9999
638.186817 9999
640.095276 9999
642.017497 9999.0
644.135482 9999
646.033978 9999
647.940471 9999
649.836717 9999
651.756244 9999
653.655271 9999
655.573778 9999
657.483726 9999
659.37684 9999
661.270815 9999
663.15738 9999
665.045692 9999
666.948897 9999
668.850897 9999
670.732677 9999
672.666435 9999.0
674.764511 9999
676.668453 9999
678.567389 9999
680.461429 9999
682.362333 9999
684.266293 9999
686.163078 9999
688.070787 9999
689.980021 9999
691.876614 9999
693.78044 9999
695.666012 9999
697.513636 9999
699.421995 9999
701.329949 9999
703.237287 9999.0
705.314892 9999
707.207318 9999
709.107159 9999
711.015522 9999
712.934941 9999
714.83297 9999
716.750012 9999
718.672569 9999
720.591857 9999
722.497839 9999
724.391996 9999
726.31496 9999
728.214531 9999
730.071431 9999
731.967185 9999
733.885099 9999.0
735.979472 9999
737.858747 9999
739.756741 9999
741.651874 9999
743.543732 9999
745.440138 9999
747.327555 9999
749.21079 9999
751.106321 9999
752.991738 9999
754.865832 9999
756.772325 9999
758.64378 9999
760.525957 9999
762.423821 9999
764.329439 9999.0
766.432449 9999
768.33861 9999
770.223919 9999
772.130829 9999
774.027853 9999
775.944383 9999
777.856549 9999
779.73821 9999
781.645876 9999
783.542167 9999
785.4364 9999
787.358566 9999
789.258718 9999
791.152922 9999
793.058795 9999
794.985605 9999.0
797.06812 9999
798.953101 9999
800.845931 9999
802.743569 9999
804.670612 9999
806.548904 9999
808.457822 9999
810.387647 9999
812.306056 9999
814.225113 9999
816.124203 9999
818.017755 9999
819.92945 9999
821.849011 9999
823.753315 9999
825.675447 9999.0
827.778045 9999
829.691674 9999
831.592685 9999
833.483917 9999
835.384953 9999
837.305376 9999
839.212122 9999
841.098437 9999
842.99173 9999
844.851192 9999
846.747338 9999
848.61922 9999
850.513018 9999
852.413419 9999
854.340328 9999
856.24067 9999.0
858.337172 9999
860.235123 9999
862.129725 9999
864.031184 9999
865.932111 9999
867.817995 9999
869.737993 9999
871.648849 9999
873.58962 9999
875.464228 9999
877.332386 9999
879.230028 9999
881.12154 9999
883.035011 9999
884.970537 9999
886.86246 9999.0
888.938064 9999
890.850287 9999
892.755015 9999
894.653982 9999
896.583655 9999
898.478648 9999
900.363654 9999
902.279779 9999
904.154334 9999
906.047225 9999
907.955585 9999
909.87654 9999
911.736789 9999
913.60886 9999
915.514309 9999
917.413574 9999.0
919.490827 9999
921.406771 9999
923.293685 9999
925.190469 9999
927.121609 9999
929.017027 9999
930.936251 9999
932.830742 9999
934.73097 9999
936.614526 9999
938.522433 9999
940.439759 9999
942.339407 9999
944.257287 9999
946.167474 9999
948.071899 9999.0
950.197728 9999
952.083668 9999
953.981976 9999
955.888183 9999
957.785423 9999
959.691503 9999
961.573689 9999
963.507656 9999
965.391341 9999
967.252585 9999
969.149127 9999
971.05409 9999
972.949498 9999
974.848973 9999
976.769551 9999
978.664752 9999.0
980.835254 9999
982.732893 9999
984.624552 9999
986.558807 9999
988.455271 9999
990.363918 9999
992.271712 9999
994.176717 9999
996.088038 9999
997.971729 9999
999.868903 9999
1001.750355 9999
1003.648353 9999
1005.566514 9999
1007.47534 9999
1009.381089 9999.0
1011.508436 9999
1013.425308 9999
1015.333257 9999
1017.234094 9999
1019.151615 9999
1021.046185 9999
1022.955506 9999
1024.853802 9999
1026.782144 9999
1028.68112 9999
1030.576366 9999
1032.55517 9999
1034.460361 9999
1036.34771 9999
1038.233071 9999
1040.114871 9999.0
1042.251148 9999
1044.137102 9999
1046.042897 9999
1047.927376 9999
1049.81099 9999
1051.708269 9999
1053.59166 9999
1055.462052 9999
1057.343729 9999
1059.230179 9999
1061.101113 9999
1063.022086 9999
1064.922206 9999
1066.815654 9999
1068.722052 9999
1070.641839 9999.0
1072.76549 9999
1074.677674 9999
1076.584244 9999
1078.501747 9999
1080.434933 9999
1082.47563 9999
1084.381571 9999
1086.291899 9999
1088.212352 9999
1090.115266 9999
1092.000789 9999
1093.882527 9999
1095.771771 9999
1097.674706 9999
1099.575507 9999
1101.493531 9999.0
1103.654013 9999
1105.56158 9999
1107.446725 9999
1109.382083 9999
1111.286574 9999
1113.180064 9999
1115.088569 9999
1116.998749 9999
1118.888175 9999
1120.779492 9999
1122.708429 9999
1124.580945 9999
1126.467068 9999
1128.375268 9999
1130.257903 9999
1132.181569 9999.0
1134.347732 9999
1136.262038 9999
1138.441398 9999
1140.350389 9999
1142.275181 9999
1144.180755 9999
1146.065214 9999
1147.95514 9999
1149.832633 9999
1151.739349 9999
1153.681147 9999
1155.576783 9999
1157.475652 9999
1159.370822 9999
1161.266705 9999
1163.220741 9999.0
1165.336096 9999
1167.242016 9999
1169.185026 9999
1171.095776 9999
1172.991715 9999
1174.888225 9999
1176.805809 9999
1178.763593 9999
1180.708329 9999
1182.618995 9999
1184.535679 9999
1186.440671 9999
1188.326426 9999
1190.187561 9999
1192.08284 9999
1194.014381 9999.0
1196.125864 9999
1198.023739 9999
1199.928935 9999
1201.836532 9999
1203.74461 9999
1205.654295 9999
1207.573094 9999
1209.47309 9999
1211.381752 9999
1213.29641 9999
1215.193144 9999
1217.076891 9999
1219.013216 9999
1220.886124 9999
1222.80477 9999
1224.736243 9999.0
1226.855914 9999
1228.766113 9999
1230.655946 9999
1232.547179 9999
1234.443687 9999
1236.314061 9999
1238.196048 9999
1240.089266 9999
1241.978094 9999
1243.840451 9999
1245.746706 9999
1247.634812 9999
1249.504602 9999
1251.376082 9999
1253.268153 9999
1255.168148 9999.0
1257.279541 9999
1259.173615 9999
1261.094274 9999
1263.012875 9999
1264.914762 9999
1266.804558 9999
1268.648142 9999
1270.513091 9999
1272.409045 9999
1274.295804 9999
1276.167324 9999
1278.070903 9999
1280.001145 9999
1281.867614 9999
1283.736336 9999
1285.622132 9999.0
1287.783677 9999
1289.700059 9999
1291.609497 9999
1293.530257 9999
1295.452436 9999
1297.355917 9999
1299.268251 9999
1301.166018 9999
1303.084709 9999
1305.001564 9999
1306.888041 9999
1308.74913 9999
1310.629566 9999
1312.528817 9999
1314.43746 9999
1316.356964 9999.0
1318.477587 9999
1320.385311 9999
1322.310108 9999
1324.21266 9999
1326.134992 9999
1328.044427 9999
1329.940737 9999
1331.869889 9999
1333.793469 9999
1335.702683 9999
1337.581588 9999
1339.502955 9999
1341.410256 9999
1343.323372 9999
1345.227635 9999
1347.143253 9999.0
1349.305183 9999
1351.218791 9999
1353.14736 9999
1355.064167 9999
1356.966774 9999
1358.873664 9999
1360.789131 9999
1362.712876 9999
1364.607146 9999
1366.470638 9999
1368.364939 9999
1370.440355 9999
1372.345476 9999
1374.233229 9999
1376.137168 9999
1378.010384 9999.0
1380.154035 9999
1382.033861 9999
1383.948316 9999
1385.880961 9999
1387.805156 9999
1389.711863 9999
1391.606312 9999
1393.518088 9999
1395.396857 9999
1397.295386 9999
1399.177609 9999
1401.099364 9999
1403.004624 9999
1404.888159 9999
1406.836361 9999
1408.741934 9999.0
1410.829207 9999
1412.735481 9999
1414.614566 9999
1416.483722 9999
1418.376513 9999
1420.29591 9999
1422.18335 9999
1424.099597 9999
1425.997821 9999
1427.895965 9999
1429.788151 9999
1431.698129 9999
1433.605725 9999
1435.503931 9999
1437.421263 9999
1439.356108 9999.0
1441.491824 9999
1443.410202 9999
1445.316244 9999
1447.202862 9999
1449.09859 9999
1450.95827 9999
1452.831686 9999
1454.729117 9999
1456.646503 9999
1458.532437 9999
1460.426025 9999
1462.324418 9999
1464.21715 9999
1466.116901 9999
1468.009602 9999
1469.956879 9999.0
1472.125509 9999
1474.035659 9999
1475.954657 9999
1477.840108 9999
1479.752854 9999
1481.652045 9999
1483.559526 9999
1485.483066 9999
1487.414586 9999
1489.313718 9999
1491.219043 9999
1493.104114 9999
1494.999938 9999
1496.917739 9999
1498.824533 9999
1500.741657 9999.0
1502.904425 9999
1504.815296 9999
1506.723057 9999
1508.607597 9999
1510.516458 9999
1512.434333 9999
1514.343165 9999
1516.242856 9999
1518.132792 9999
1520.054333 9999
1522.105096 9999
1524.016947 9999
1525.926441 9999
1527.851759 9999
1529.7396 9999
1531.658474 9999.0
1533.795037 9999
1535.70318 9999
1537.609175 9999
1539.544096 9999
1541.441985 9999
1543.337248 9999
1545.2248 9999
1547.161555 9999
1549.071222 9999
1550.96831 9999
1552.886861 9999
1554.792932 9999
1556.681611 9999
1558.572437 9999
1560.471427 9999
1562.391072 9999.0
1564.512192 9999
1566.387418 9999
1568.267946 9999
1570.145543 9999
1572.011739 9999
1573.887273 9999
1575.784055 9999
1577.655216 9999
1579.505961 9999
1581.411625 9999
1583.317449 9999
1585.214758 9999
1587.113952 9999
1589.021859 9999
1590.938205 9999
1592.835916 9999.0
1594.980045 9999
1596.876887 9999
1598.772407 9999
1600.664834 9999
1602.554038 9999
1604.46107 9999
1606.332436 9999
1608.228859 9999
1610.174352 9999
1612.049068 9999
1613.922018 9999
1615.790287 9999
1617.663099 9999
1619.556469 9999
1621.48176 9999
1623.371058 9999.0
1625.544736 9999
1627.451407 9999
1629.389923 9999
1631.292258 9999
1633.189739 9999
1635.156277 9999
1637.055799 9999
1638.927682 9999
1640.833419 9999
1642.742517 9999
1644.648979 9999
1646.548605 9999
1648.426819 9999
1650.302983 9999
1652.211047 9999
1654.10815 9999.0
1656.207884 9999
1658.136258 9999
1660.071216 9999
1661.992392 9999
1663.90125 9999
1665.762764 9999
1667.633443 9999
1669.529176 9999
1671.425449 9999
1673.317946 9999
1675.23778 9999
1677.173604 9999
1679.103038 9999
1681.009589 9999
1682.912277 9999
1684.815711 9999.0
1686.946685 9999
1688.860067 9999
1690.743891 9999
1692.649113 9999
1694.55677 9999
1696.455491 9999
1698.361664 9999
1700.260883 9999
1702.165538 9999
1704.078281 9999
1705.9702 9999
1707.870386 9999
1709.77801 9999
1711.67376 9999
1713.580255 9999
1715.45089 9999.0
1717.598093 9999
1719.493558 9999
1721.417388 9999
1723.335745 9999
1725.281697 9999
1727.186954 9999
1729.108721 9999
1731.052154 9999
1732.974776 9999
1734.879892 9999
1736.788393 9999
1738.686376 9999
1740.604179 9999
1742.53592 9999
1744.458282 9999
1746.391112 9999.0
1748.582717 9999
1750.502022 9999
1752.433681 9999
1754.356058 9999
1756.277489 9999
1758.183082 9999
1760.124968 9999
1762.011581 9999
1763.917606 9999
1765.826489 9999
1767.746774 9999
1769.641991 9999
1771.536493 9999
1773.443263 9999
1775.366689 9999
1777.284823 9999.0
1779.432741 9999
1781.3313 9999
1783.263764 9999
1785.148473 9999
1787.080212 9999
1788.977068 9999
1790.859303 9999
1792.759087 9999
1794.662673 9999
1796.535148 9999
1798.432144 9999
1800.323593 9999
1802.212147 9999
1804.084852 9999
1805.967197 9999
1807.899981 9999.0
1810.083208 9999
1811.988433 9999
1813.884599 9999
1815.778893 9999
1817.680056 9999
1819.600383 9999
1821.510298 9999
1823.426453 9999
1825.344605 9999
1827.254986 9999
1829.188175 9999
1831.086662 9999
1833.003281 9999
1834.912839 9999
1836.821242 9999
1838.755014 9999.0
1840.864036 9999
1842.774001 9999
1844.691251 9999
1846.560449 9999
1848.471364 9999
1850.403029 9999
1852.302406 9999
1854.22017 9999
1856.116523 9999
1858.01507 9999
1859.905178 9999
1861.793292 9999
1863.707378 9999
1865.607592 9999
1867.512422 9999
1869.414011 9999.0
1871.559237 9999
1873.468472 9999
1875.387894 9999
1877.328689 9999
1879.23877 9999
1881.135908 9999
1883.04437 9999
1884.938726 9999
1886.824875 9999
1888.634627 9999
1890.554488 9999
1892.436988 9999
1894.311107 9999
1896.191905 9999
1898.081201 9999
1899.975494 9999.0
1902.085369 9999
1903.982866 9999
1905.88806 9999
1907.773157 9999
1909.670225 9999
1911.589861 9999
1913.48876 9999
1915.385864 9999
1917.27748 9999
1919.179027 9999
1921.079886 9999
1922.990886 9999
1924.876118 9999
1926.800317 9999
1928.655709 9999
1930.56201 9999.0
1932.699711 9999
1934.593151 9999
1936.46713 9999
1938.338262 9999
1940.213119 9999
1942.106651 9999
1943.999999 9999
1945.910131 9999
1947.828842 9999
1949.728362 9999
1951.648753 9999
1953.530494 9999
1955.417765 9999
1957.336156 9999
1959.243415 9999
1961.162169 9999.0
1963.299272 9999
1965.207777 9999
1967.22157 9999
1969.14258 9999
1971.077456 9999
1972.983036 9999
1974.889295 9999
1976.813183 9999
1978.731547 9999
1980.652811 9999
1982.533507 9999
1984.442119 9999
1986.352218 9999
1988.269572 9999
1990.18926 9999
1992.124896 9999.0
1994.271736 9999
1996.1575 9999
1998.066808 9999
1999.971076 9999
2001.900918 9999
2003.823287 9999
2005.707535 9999
2007.588541 9999
2009.488745 9999
2011.368815 9999
2013.281377 9999
2015.151705 9999
2017.057624 9999
2018.975808 9999
2020.872767 9999
2022.774107 9999.0
2024.873136 9999
2026.777451 9999
2028.688247 9999
2030.581816 9999
2032.469572 9999
2034.351302 9999
2036.273201 9999
2038.191556 9999
2040.09919 9999
2041.992198 9999
2043.892154 9999
2045.777951 9999
2047.69305 9999
2049.59971 9999
2051.476387 9999
2053.368063 9999.0
2055.506481 9999
2057.38832 9999
2059.274047 9999
2061.195237 9999
2063.115979 9999
2065.019285 9999
2066.945442 9999
2068.872922 9999
2070.783575 9999
2072.642644 9999
2074.528738 9999
2076.409938 9999
2078.329538 9999
2080.219122 9999
2082.102328 9999
2083.998762 9999.0
2086.132505 9999
2088.039387 9999
2089.945831 9999
2091.840661 9999
2093.735992 9999
2095.621591 9999
2097.526809 9999
2099.445934 9999
2101.359024 9999
2103.265447 9999
2105.186692 9999
2107.0713 9999
2108.965799 9999
2110.860859 9999
2112.758616 9999
2114.666788 9999.0
2116.851954 9999
2118.745575 9999
2120.680113 9999
2122.566485 9999
2124.457767 9999
2126.345004 9999
2128.264274 9999
2130.170111 9999
2132.079761 9999
2133.99535 9999
2135.908617 9999
2137.82665 9999
2139.749616 9999
2141.65206 9999
2143.561015 9999
2145.495022 9999.0
2147.676809 9999
2149.576597 9999
2151.484832 9999
2153.380088 9999
2155.28338 9999
2157.192049 9999
2159.078021 9999
2160.984164 9999
2162.895983 9999
2164.813147 9999
2166.70365 9999
2168.595571 9999
2170.49168 9999
2172.385675 9999
2174.330664 9999
2176.235759 9999.0
2178.361075 9999
2180.257447 9999
2182.154924 9999
2184.05287 9999
2185.934826 9999
2187.831514 9999
2189.727132 9999
2191.622579 9999
2193.497805 9999
2195.400538 9999
2197.309008 9999
2199.206102 9999
2201.102457 9999
2203.046001 9999
2204.929026 9999
2206.850849 9999.0
2208.989973 9999
2210.897431 9999
2212.814742 9999
2214.700043 9999
2216.596494 9999
2218.507069 9999
2220.420622 9999
2222.341181 9999
2224.228293 9999
2226.135286 9999
2228.055566 9999
2229.960894 9999
2231.870884 9999
2233.794626 9999
2235.724655 9999
2237.651985 9999.0
2239.793049 9999
2241.700411 9999
2243.609816 9999
2245.513107 9999
2247.433319 9999
2249.344435 9999
2251.261783 9999
2253.170654 9999
2255.09112 9999
2257.014301 9999
2258.933367 9999
2260.8754 9999
2262.797797 9999
2264.7056 9999
2266.636627 9999
2268.558577 9999.0
2270.692899 9999
2272.600083 9999
2274.519707 9999
2276.42727 9999
2278.359907 9999
2280.2696 9999
2282.198274 9999
2284.095646 9999
2286.017197 9999
2287.90199 9999
2289.784024 9999
2291.682534 9999
2293.600184 9999
2295.519345 9999
2297.427396 9999
2299.359374 9999.0
2301.520409 9999
2303.395651 9999
2305.325629 9999
2307.244687 9999
2309.144569 9999
2311.058382 9999
2312.965931 9999
2314.885496 9999
2316.781569 9999
2318.680815 9999
2320.597571 9999
2322.519903 9999
2324.497483 9999
2326.407916 9999
2328.326116 9999
2330.257932 9999.0
2332.381921 9999
2334.292097 9999
2336.209838 9999
2338.119159 9999
2340.025131 9999
2341.900272 9999
2343.819135 9999
2345.737903 9999
2347.645716 9999
2349.54386 9999
2351.43631 9999
2353.348205 9999
2355.256282 9999
2357.149648 9999
2359.09307 9999
2361.005311 9999.0
2363.067813 9999
2364.941479 9999
2366.868728 9999
2368.777064 9999
2370.666095 9999
2372.559871 9999
2374.491306 9999
2376.42385 9999
2378.317802 9999
2380.217025 9999
2382.136834 9999
2384.009092 9999
2385.891559 9999
2387.799963 9999
2389.69868 9999
2391.615776 9999.0
2393.74145 9999
2395.658422 9999
2397.583152 9999
2399.483866 9999
2401.410336 9999
2403.301192 9999
2405.212388 9999
2407.11262 9999
2409.027025 9999
2410.945122 9999
2412.840577 9999
2414.750832 9999
2416.656883 9999
2418.566258 9999
2420.455943 9999
2422.397087 9999.0
2424.546017 9999
2426.453795 9999
2428.348055 9999
2430.241878 9999
2432.153916 9999
2434.055526 9999
2435.931625 9999
2437.852847 9999
2439.750105 9999
2441.670237 9999
2443.573663 9999
2445.459913 9999
2447.350896 9999
2449.249728 9999
2451.185282 9999
2453.108273 9999.0
2455.227383 9999
2457.123195 9999
2459.007199 9999
2460.916016 9999
2462.805295 9999
2464.612248 9999
2466.445002 9999
2468.344843 9999
2470.225777 9999
2472.042123 9999
2473.90597 9999
2475.76986 9999
2477.504708 9999
2479.260067 9999
2481.064913 9999
2482.81908 9999
2484.660201 9999.0
2486.908433 9999
2488.792378 9999
2490.720969 9999
2492.607783 9999
2494.48942 9999
2496.393069 9999
2498.293986 9999
2500.195707 9999
2502.089081 9999
2503.98182 9999
2505.85774 9999
2507.724034 9999
2509.611943 9999
2511.471156 9999
2513.616163 9999
2515.465486 9999.0
2517.62219 9999
2519.535077 9999
2521.440037 9999
2523.367305 9999
2525.269746 9999
2527.190261 9999
2529.056852 9999
2530.928478 9999
2532.854198 9999
2534.770195 9999
2536.659985 9999
2538.533622 9999
2540.404138 9999
2542.258981 9999
2544.108558 9999
2546.018363 9999.0
2548.286292 9999
2550.155994 9999
2551.998275 9999
2553.890957 9999
2555.988352 9999
2557.918957 9999
2559.82066 9999
2561.738121 9999
2563.638041 9999
2565.567621 9999
2567.47016 9999
2569.396996 9999
2571.289774 9999
2573.162684 9999
2575.024502 9999
2576.958658 9999.0
2579.317836 9999
2581.170935 9999
2583.393603 9999
2585.268604 9999
2587.120426 9999
2589.000865 9999
2590.88701 9999
2592.782991 9999
2594.687784 9999
2596.571164 9999
2598.435213 9999
2600.303371 9999
2602.18053 9999
2604.087724 9999
2605.957667 9999
2607.844485 9999.0
2609.95837 9999
2611.852476 9999
2613.758026 9999
2615.668487 9999
2617.565072 9999
2619.472911 9999
2621.390077 9999
2623.300044 9999
2625.205575 9999
2627.1257 9999
2629.034124 9999
2630.95444 9999
2632.878588 9999
2634.781923 9999
2636.725454 9999
2638.636935 9999.0
2640.805861 9999
2642.74324 9999
2644.660201 9999
2646.580447 9999
2648.47616 9999
2650.384747 9999
2652.288693 9999
2654.208239 9999
2656.093449 9999
2658.010257 9999
2659.940079 9999
2661.855946 9999
2663.751799 9999
2665.684688 9999
2667.587094 9999
2669.521433 9999.0
2671.685921 9999
2673.616322 9999
2675.54393 9999
2677.456022 9999
2679.388823 9999
2681.295766 9999
2683.214139 9999
2685.125316 9999
2687.019844 9999
2688.963092 9999
2690.883007 9999
2692.769479 9999
2694.697911 9999
2696.611008 9999
2698.529602 9999
2700.436222 9999.0
2702.653957 9999
2704.579721 9999
2706.520101 9999
2708.468488 9999
2710.396486 9999
2712.327488 9999
2714.284668 9999
2716.225906 9999
2718.134178 9999
2720.046856 9999
2721.931543 9999
2723.882646 9999
2725.804985 9999
2727.724319 9999
2729.747895 9999
2731.660415 9999.0
2733.808114 9999
2735.717507 9999
2737.636769 9999
2739.55779 9999
2741.485139 9999
2743.358159 9999
2745.305703 9999
2747.224598 9999
2749.154626 9999
2751.063879 9999
2752.981032 9999
2754.931295 9999
2756.835215 9999
2758.768785 9999
2760.712771 9999
2762.655734 9999.0
2764.817029 9999
2766.733099 9999
2768.630592 9999
2770.559303 9999
2772.45901 9999
2774.38137 9999
2776.325155 9999
2778.217032 9999
2780.165222 9999
2782.024005 9999
2783.927548 9999
2785.81937 9999
2787.711029 9999
2789.58405 9999
2791.491681 9999
2793.390832 9999.0
2795.556174 9999
2797.492962 9999
2799.401094 9999
2801.340495 9999
2803.238738 9999
2805.158379 9999
2807.113636 9999
2809.038006 9999
2810.930675 9999
2812.836717 9999
2814.733757 9999
2816.678205 9999
2818.598901 9999
2820.507572 9999
2822.437277 9999
2824.347195 9999.0
2826.494195 9999
2828.391988 9999
2830.289534 9999
2832.193781 9999
2834.068367 9999
2835.961028 9999
2837.868777 9999
2839.789959 9999
2841.696699 9999
2843.633787 9999
2845.528938 9999
2847.448602 9999
2849.353053 9999
2851.274492 9999
2853.219272 9999
2855.03209 9999.0
2857.156142 9999
2859.051399 9999
2860.96946 9999
2862.879583 9999
2864.801306 9999
2866.704748 9999
2868.62759 9999
2870.522509 9999
2872.441444 9999
2874.353024 9999
2876.260729 9999
2878.140345 9999
2880.001673 9999
2881.937187 9999
2883.832675 9999
2885.740269 9999.0
2887.924592 9999
2889.878288 9999
2891.78618 9999
2893.706205 9999
2895.613267 9999
2897.545729 9999
2899.489906 9999
2901.409165 9999
2903.321751 9999
2905.257532 9999
2907.169982 9999
2909.066809 9999
2910.959866 9999
2912.884356 9999
2914.788448 9999
2916.703327 9999.0
2918.82509 9999
2920.733447 9999
2922.640957 9999
2924.547697 9999
2926.441434 9999
2928.353059 9999
2930.269923 9999
2932.189608 9999
2934.112546 9999
2936.007715 9999
2937.91406 9999
2939.811385 9999
2941.688267 9999
2943.587827 9999
2945.488747 9999
2947.384396 9999.0
2949.544051 9999
2951.449524 9999
2953.346459 9999
2955.2682 9999
2957.185995 9999
2959.082267 9999
2961.001278 9999
2962.911846 9999
2964.845103 9999
2966.765316 9999
2968.682279 9999
2970.605076 9999
2972.510767 9999
2974.395429 9999
2976.319962 9999
2978.208497 9999.0
2980.42162 9999
2982.340279 9999
2984.236381 9999
2986.117901 9999
2988.026482 9999
2989.935205 9999
2991.868319 9999
2993.776266 9999
2995.696062 9999
2997.603311 9999
2999.510139 9999
3001.414319 9999
3003.340557 9999
3005.246685 9999
3007.151106 9999
3009.073062 9999.0
3011.257695 9999
3013.167638 9999
3015.0848 9999
3016.996991 9999
3018.913641 9999
3020.809718 9999
3022.717143 9999
3024.589902 9999
3026.496883 9999
3028.396676 9999
3030.315671 9999
3032.263767 9999
3034.191779 9999
3036.121293 9999
3038.047123 9999
3039.961939 9999.0
3042.088087 9999
3044.042855 9999
3045.930185 9999
3047.825282 9999
3049.754035 9999
3051.686109 9999
3053.629598 9999
3055.559266 9999
3057.482264 9999
3059.404562 9999
3061.287776 9999
3063.182562 9999
3065.076131 9999
3066.984465 9999
3068.89663 9999
3070.793855 9999.0
3072.941165 9999
3074.838131 9999
3076.741862 9999
3078.659028 9999
3080.568841 9999
3082.480058 9999
3084.4013 9999
3086.296325 9999
3088.201438 9999
3090.125282 9999
3092.032521 9999
3093.962037 9999
3095.872071 9999
3097.778021 9999
3099.699875 9999
3101.585438 9999.0
3103.748145 9999
3105.635382 9999
3107.572856 9999
3109.480958 9999
3111.387336 9999
3113.270704 9999
3115.167217 9999
3117.077427 9999
3118.993828 9999
3120.901404 9999
3122.811918 9999
3124.732349 9999
3126.653544 9999
3128.544435 9999
3130.47967 9999
3132.400046 9999.0
3134.569603 9999
3136.4679 9999
3138.387955 9999
3140.305588 9999
3142.205149 9999
3144.148416 9999
3146.068663 9999
3148.000247 9999
3149.896511 9999
3151.814319 9999
3153.760614 9999
3155.67884 9999
3157.573998 9999
3159.498646 9999
3161.42836 9999
3163.349021 9999.0
3165.522486 9999
3167.418805 9999
3169.358503 9999
3171.243616 9999
3173.105921 9999
3174.987125 9999
3176.902506 9999
3178.802818 9999
3180.699923 9999
3182.619152 9999
3184.49052 9999
3186.410101 9999
3188.320226 9999
3190.205962 9999
3192.120203 9999
3194.099446 9999.0
3196.239032 9999
3198.148195 9999
3200.065214 9999
3201.987451 9999
3203.883705 9999
3205.768224 9999
3207.672709 9999
3209.59596 9999
3211.50475 9999
3213.398079 9999
3215.305983 9999
3217.227625 9999
3219.146872 9999
3221.06832 9999
3222.987855 9999
3224.90857 9999.0
3227.081421 9999
3229.010372 9999
3230.929953 9999
3232.864405 9999
3234.771597 9999
3236.691665 9999
3238.601327 9999
3240.530136 9999
3242.453154 9999
3244.396995 9999
3246.318942 9999
3248.247832 9999
3250.142625 9999
3252.054611 9999
3253.993405 9999
3255.914634 9999.0
3258.10095 9999
3260.0199 9999
3261.962647 9999
3263.893171 9999
3265.794682 9999
3267.720809 9999
3269.643709 9999
3271.54153 9999
3273.421989 9999
3275.32127 9999
3277.193523 9999
3279.059767 9999
3280.970718 9999
3282.868203 9999
3284.788441 9999
3286.693646 9999.0
3288.891703 9999
3290.80025 9999
3292.708068 9999
3294.616345 9999
3296.559719 9999
3298.466566 9999
3300.375023 9999
3302.272857 9999
3304.192267 9999
3306.230329 9999
3308.140721 9999
3310.087273 9999
3312.001984 9999
3313.922969 9999
3315.843917 9999
3317.740066 9999.0
3319.851237 9999
3321.762392 9999
3323.656292 9999
3325.554159 9999
3327.481993 9999
3329.417278 9999
3331.349107 9999
3333.278063 9999
3335.438466 9999
3337.326169 9999
3339.265037 9999
3341.164637 9999
3343.084193 9999
3345.003952 9999
3346.936411 9999
3348.840905 9999.0
3351.015403 9999
3352.948158 9999
3354.865389 9999
3356.790085 9999
3358.729199 9999
3360.618627 9999
3362.546587 9999
3364.429278 9999
3366.334108 9999
3368.211962 9999
3370.085416 9999
3371.958186 9999
3373.866559 9999
3375.768332 9999
3377.679971 9999
3379.565754 9999.0
3381.70989 9999
3383.644472 9999
3385.550176 9999
3387.45792 9999
3389.36996 9999
3391.28454 9999
3393.183835 9999
3395.055022 9999
3396.975401 9999
3398.895413 9999
3400.767486 9999
3402.667476 9999
3404.569237 9999
3406.442019 9999
3408.364632 9999
3410.248853 9999.0
3412.429723 9999
3414.341461 9999
3416.246073 9999
3418.192604 9999
3420.138875 9999
3422.022161 9999
3423.985109 9999
3425.928741 9999
3427.829299 9999
3429.736735 9999
3431.644017 9999
3433.56402 9999
3435.474613 9999
3437.401568 9999
3439.31208 9999
3441.218495 9999.0
3443.389316 9999
3445.285554 9999
3447.195924 9999
3449.092909 9999
3450.989317 9999
3452.908491 9999
3454.853673 9999
3456.796513 9999
3458.728361 9999
3460.648262 9999
3462.574256 9999
3464.465011 9999
3466.398339 9999
3468.30492 9999
3470.211629 9999
3472.117406 9999.0
3474.265517 9999
3476.164863 9999
3478.073104 9999
3479.991011 9999
3481.885742 9999
3483.792362 9999
3485.71306 9999
3487.609515 9999
3489.528957 9999
3491.405592 9999
3493.30084 9999
3495.187208 9999
3497.070575 9999
3498.951235 9999
3500.872578 9999
3502.791108 9999.0
3504.953255 9999
3506.817027 9999
3508.685485 9999
3510.546718 9999
3512.466231 9999
3514.379699 9999
3516.294023 9999
3518.187828 9999
3520.083318 9999
3521.989262 9999
3523.88845 9999
3525.78497 9999
3527.688193 9999
3529.610589 9999
3531.544426 9999
3533.464269 9999.0
3535.662898 9999
3537.568604 9999
3539.460976 9999
3541.382313 9999
3543.26996 9999
3545.174068 9999
3547.10818 9999
3549.029973 9999
3550.958784 9999
3552.888602 9999
3554.799843 9999
3556.724266 9999
3558.629588 9999
3560.523648 9999
3562.444148 9999
3564.351393 9999.0
3566.511972 9999
3568.430013 9999
3570.32834 9999
3572.209711 9999
3574.11816 9999
3576.037321 9999
3577.957435 9999
3579.868392 9999
3581.811012 9999
3583.706012 9999
3585.618739 9999
3587.512213 9999
3589.433444 9999
3591.314096 9999
3593.246027 9999
3595.178514 9999.0
3597.352575 9999
3599.249988 9999
3601.168721 9999
