2.067244 9999
3.949872 9999
5.838096 9999
7.69587 9999
9.58328 9999
11.441189 9999
13.347019 9999
15.214565 9999
17.114657 9999
18.975049 9999
20.884142 9999
22.769008 9999
24.661839 9999
26.569552 9999
28.542713 9999
30.425636 9999.0
32.446364 9999
34.311216 9999
36.21852 9999
38.126151 9999
40.001472 9999
41.881676 9999
43.754874 9999
45.638971 9999
47.513303 9999
49.410934 9999
51.269198 9999
53.14091 9999
55.012992 9999
56.91029 9999
58.801718 9999
60.691924 9999.0
62.706348 9999
64.610866 9999
66.483476 9999
68.393926 9999
70.289204 9999
72.173097 9999
74.078618 9999
75.959963 9999
77.849968 9999
79.699356 9999
81.590192 9999
83.454777 9999
85.327173 9999
87.231658 9999
89.117279 9999
90.987592 9999.0
93.076125 9999
94.929262 9999
96.797118 9999
98.690538 9999
100.561351 9999
102.469595 9999
104.359326 9999
106.240168 9999
108.136539 9999
110.022863 9999
111.92971 9999
113.826722 9999
115.745476 9999
117.617859 9999
119.485713 9999
121.36134 9999.0
123.506317 9999
125.380505 9999
127.311749 9999
129.185837 9999
131.081403 9999
132.980811 9999
134.848714 9999
136.738885 9999
138.713009 9999
140.599065 9999
142.455734 9999
144.353973 9999
146.236648 9999
148.1089 9999
150.003664 9999
151.895253 9999.0
153.998917 9999
155.91976 9999
157.828043 9999
159.690428 9999
161.584539 9999
163.50561 9999
165.409965 9999
167.320495 9999
169.242283 9999
171.113755 9999
173.019201 9999
174.927322 9999
176.837104 9999
178.724138 9999
180.642421 9999
182.535055 9999.0
184.589289 9999
186.482973 9999
188.380962 9999
190.250509 9999
192.136957 9999
194.034969 9999
195.917106 9999
197.80632 9999
199.708738 9999
201.590902 9999
203.489739 9999
205.394347 9999
207.296136 9999
209.165469 9999
211.047379 9999
212.923851 9999.0
214.985639 9999
216.879643 9999
218.787791 9999
220.683875 9999
222.591744 9999
224.51576 9999
226.409843 9999
228.316022 9999
230.235899 9999
232.131039 9999
234.053726 9999
235.899011 9999
237.797897 9999
239.705444 9999
241.598661 9999
243.458271 9999.0
245.525702 9999
247.419028 9999
249.306507 9999
251.153759 9999
253.050291 9999
254.960789 9999
256.829744 9999
258.742227 9999
260.594803 9999
262.47792 9999
264.373722 9999
266.271078 9999
268.185075 9999
270.0982 9999
271.994005 9999
273.901939 9999.0
275.964501 9999
277.863611 9999
279.762611 9999
281.656319 9999
283.562772 9999
285.46136 9999
287.36806 9999
289.279293 9999
291.172557 9999
293.031959 9999
294.916569 9999
296.786686 9999
298.684958 9999
300.56591 9999
302.451716 9999
304.356207 9999.0
306.454546 9999
308.344725 9999
310.251515 9999
312.133308 9999
314.042959 9999
315.931315 9999
317.821648 9999
319.751399 9999
321.652256 9999
323.538073 9999
325.420267 9999
327.305856 9999
329.211834 9999
331.094243 9999
332.980684 9999
334.852268 9999.0
336.95345 9999
338.86097 9999
340.735937 9999
342.60669 9999
344.500801 9999
346.37193 9999
348.267588 9999
350.147111 9999
352.002269 9999
353.899126 9999
355.816238 9999
357.711686 9999
359.621535 9999
361.542245 9999
363.461274 9999
365.405252 9999.0
367.543657 9999
369.450762 9999
371.331566 9999
373.214667 9999
375.113875 9999
377.020294 9999
378.926504 9999
380.8145 9999
382.697987 9999
384.59424 9999
386.548771 9999
388.43368 9999
390.30226 9999
392.173719 9999
394.027658 9999
395.883312 9999.0
397.943535 9999
399.829098 9999
401.716542 9999
403.610983 9999
405.509137 9999
407.417082 9999
409.315149 9999
411.191099 9999
413.070132 9999
414.94744 9999
416.859491 9999
418.741391 9999
420.616609 9999
422.510359 9999
424.407511 9999
426.305521 9999.0
428.36905 9999
430.253359 9999
432.159373 9999
434.068932 9999
435.941073 9999
437.825621 9999
439.719738 9999
441.59214 9999
443.475175 9999
445.364185 9999
447.279647 9999
449.178415 9999
451.047271 9999
452.969393 9999
454.888445 9999
456.814611 9999.0
458.934157 9999
460.831026 9999
462.710508 9999
464.59536 9999
466.478215 9999
468.396904 9999
470.305099 9999
472.192908 9999
474.07708 9999
475.963174 9999
477.855718 9999
479.765057 9999
481.682678 9999
483.603865 9999
485.498996 9999
487.375937 9999.0
489.474175 9999
491.379978 9999
493.262566 9999
495.171193 9999
497.030579 9999
498.882041 9999
500.743715 9999
502.625663 9999
504.506156 9999
506.381947 9999
508.291715 9999
510.17821 9999
512.056947 9999
513.915513 9999
515.802249 9999
517.657271 9999.0
519.722437 9999
521.632191 9999
523.53938 9999
525.446651 9999
527.333834 9999
529.251152 9999
531.163658 9999
533.039535 9999
534.925664 9999
536.824565 9999
538.74548 9999
540.650753 9999
542.536027 9999
544.418963 9999
546.307509 9999
548.229779 9999.0
550.369577 9999
552.257982 9999
554.151267 9999
556.040327 9999
557.932194 9999
559.841958 9999
561.746186 9999
563.650898 9999
565.523554 9999
567.411903 9999
569.310284 9999
571.213984 9999
573.094916 9999
574.970377 9999
576.834809 9999
578.719774 9999.0
580.827478 9999
582.723312 9999
584.614128 9999
586.526831 9999
588.409921 9999
590.330539 9999
592.213132 9999
594.053434 9999
595.922581 9999
597.72655 9999
599.609484 9999
601.503854 9999
603.379493 9999
605.259735 9999
607.155357 9999
609.054246 9999.0
611.152935 9999
613.050079 9999
614.945242 9999
616.855521 9999
618.749635 9999
620.6473 9999
622.529505 9999
624.40799 9999
626.276024 9999
628.180608 9999
630.078963 9999
631.973348 9999
633.904905 9999
635.79005 9999
637.683558 9999
639.567936 9999.0
641.665564 9999
643.519643 9999
645.426856 9999
647.2963 9999
649.159693 9999
651.015493 9999
652.900711 9999
654.770822 9999
656.646451 9999
658.509694 9999
660.398779 9999
662.271356 9999
664.154105 9999
666.037278 9999
667.91346 9999
669.770024 9999.0
671.954926 9999
673.806214 9999
675.714172 9999
677.600353 9999
679.518557 9999
681.400119 9999
683.283492 9999
685.18043 9999
687.04073 9999
688.913819 9999
690.795453 9999
692.667484 9999
694.534427 9999
696.413997 9999
698.2855 9999
700.169941 9999.0
702.279942 9999
704.188111 9999
706.130698 9999
708.021741 9999
709.922062 9999
711.81001 9999
713.708338 9999
715.620188 9999
717.499209 9999
719.368366 9999
721.290675 9999
723.173741 9999
725.067272 9999
726.938859 9999
728.837717 9999
730.736459 9999.0
732.866621 9999
734.759038 9999
736.659805 9999
738.566701 9999
740.464221 9999
742.371844 9999
744.289395 9999
746.165085 9999
748.058492 9999
749.941836 9999
751.831915 9999
753.737339 9999
755.630183 9999
757.541956 9999
759.424915 9999
761.30672 9999.0
763.442942 9999
765.339625 9999
767.237617 9999
769.153558 9999
771.053924 9999
772.960466 9999
774.857725 9999
776.759113 9999
778.634075 9999
780.507229 9999
782.40518 9999
784.322301 9999
786.222366 9999
788.119031 9999
790.011801 9999
791.89271 9999.0
794.069665 9999
795.964172 9999
797.883292 9999
799.770333 9999
801.664872 9999
803.573758 9999
805.477582 9999
807.370058 9999
809.282694 9999
811.179313 9999
813.089585 9999
814.994988 9999
816.915025 9999
818.813546 9999
820.707506 9999
822.599308 9999.0
824.70678 9999
826.627506 9999
828.560224 9999
830.454224 9999
832.34808 9999
834.206612 9999
836.097688 9999
838.000923 9999
839.874612 9999
841.756813 9999
843.638528 9999
845.533402 9999
847.444681 9999
849.326147 9999
851.221804 9999
853.136461 9999.0
855.244098 9999
857.1271 9999
859.048222 9999
860.956075 9999
862.862856 9999
864.761338 9999
866.640951 9999
868.519684 9999
870.435782 9999
872.332147 9999
874.251078 9999
876.147338 9999
878.031294 9999
879.917854 9999
881.957237 9999
883.840625 9999.0
885.987005 9999
887.859148 9999
889.744004 9999
891.617952 9999
893.513965 9999
895.39875 9999
897.273387 9999
899.159157 9999
901.023637 9999
902.931146 9999
904.814759 9999
906.686456 9999
908.575855 9999
910.456947 9999
912.33039 9999
914.226254 9999.0
916.42102 9999
918.329041 9999
920.209148 9999
922.100023 9999
923.981077 9999
925.899154 9999
927.80697 9999
929.691122 9999
931.586632 9999
933.449516 9999
935.34577 9999
937.25109 9999
939.160415 9999
941.091225 9999
942.99907 9999
944.914461 9999.0
947.067132 9999
948.964725 9999
950.863374 9999
952.744323 9999
954.643393 9999
956.511248 9999
958.38564 9999
960.260425 9999
962.153209 9999
964.061004 9999
965.969491 9999
967.839111 9999
969.734755 9999
971.646766 9999
973.563381 9999
975.478787 9999.0
977.693457 9999
979.57447 9999
981.495328 9999
983.368546 9999
985.265242 9999
987.19706 9999
989.09271 9999
990.987095 9999
992.907115 9999
994.822117 9999
996.712451 9999
998.575806 9999
1000.457064 9999
1002.385866 9999
1004.274794 9999
1006.18211 9999.0
1008.421902 9999
1010.332819 9999
1012.251168 9999
1014.159556 9999
1016.05994 9999
1018.023619 9999
1019.932436 9999
1021.818736 9999
1023.701375 9999
1025.573421 9999
1027.481559 9999
1029.412747 9999
1031.3091 9999
1033.191841 9999
1035.088775 9999
1037.006489 9999.0
1039.166074 9999
1041.078128 9999
1042.994963 9999
1044.880362 9999
1046.773661 9999
1048.664412 9999
1050.559215 9999
1052.461532 9999
1054.357681 9999
1056.256817 9999
1058.152848 9999
1060.06136 9999
1061.945666 9999
1063.829361 9999
1065.711372 9999
1067.584734 9999.0
1069.683198 9999
1071.581174 9999
1073.454058 9999
1075.359727 9999
1077.258238 9999
1079.161665 9999
1081.071466 9999
1082.99798 9999
1084.897528 9999
1086.798043 9999
1088.76495 9999
1090.65985 9999
1092.544376 9999
1094.466501 9999
1096.360013 9999
1098.235951 9999.0
1100.366603 9999
1102.251633 9999
1104.146462 9999
1106.03628 9999
1107.92705 9999
1109.813792 9999
1111.695032 9999
1113.598412 9999
1115.503667 9999
1117.397787 9999
1119.33953 9999
1121.249491 9999
1123.155369 9999
1125.076408 9999
1126.973969 9999
1128.899893 9999.0
1131.006681 9999
1132.899383 9999
1134.834609 9999
1136.714497 9999
1138.587001 9999
1140.470889 9999
1142.35466 9999
1144.245553 9999
1146.123282 9999
1148.022224 9999
1149.949682 9999
1151.84964 9999
1153.748053 9999
1155.631502 9999
1157.514706 9999
1159.415046 9999.0
1161.56945 9999
1163.465411 9999
1165.372234 9999
1167.266787 9999
1169.176585 9999
1171.086194 9999
1172.981079 9999
1174.874935 9999
1176.773828 9999
1178.653299 9999
1180.556603 9999
1182.463314 9999
1184.342812 9999
1186.248769 9999
1188.172239 9999
1190.069418 9999.0
1192.229993 9999
1194.117675 9999
1196.016065 9999
1197.901461 9999
1199.787389 9999
1201.69797 9999
1203.566455 9999
1205.458822 9999
1207.369586 9999
1209.293648 9999
1211.183207 9999
1213.075837 9999
1214.982106 9999
1216.863792 9999
1218.73208 9999
1220.634107 9999.0
1222.804567 9999
1224.700868 9999
1226.646237 9999
1228.563321 9999
1230.450419 9999
1232.298894 9999
1234.194529 9999
1236.087797 9999
1237.959953 9999
1239.835216 9999
1241.75251 9999
1243.645894 9999
1245.531532 9999
1247.452475 9999
1249.348871 9999
1251.238244 9999.0
1253.425648 9999
1255.313404 9999
1257.206872 9999
1259.108173 9999
1261.036031 9999
1262.935492 9999
1264.844454 9999
1266.762121 9999
1268.64326 9999
1270.529754 9999
1272.435102 9999
1274.331262 9999
1276.221758 9999
1278.138848 9999
1280.031151 9999
1281.923288 9999.0
1284.042538 9999
1285.937413 9999
1287.85874 9999
1289.768626 9999
1291.671752 9999
1293.556272 9999
1295.465575 9999
1297.35652 9999
1299.255749 9999
1301.152521 9999
1303.070835 9999
1304.94537 9999
1306.81791 9999
1308.722229 9999
1310.60922 9999
1312.504244 9999.0
1314.721187 9999
1316.631015 9999
1318.566166 9999
1320.426165 9999
1322.305253 9999
1324.201974 9999
1326.076257 9999
1328.003398 9999
1329.903214 9999
1331.798829 9999
1333.698201 9999
1335.617173 9999
1337.522126 9999
1339.410205 9999
1341.30665 9999
1343.193963 9999.0
1345.336035 9999
1347.243117 9999
1349.164578 9999
1351.049903 9999
1352.972023 9999
1354.864139 9999
1356.770951 9999
1358.675962 9999
1360.562513 9999
1362.437855 9999
1364.355882 9999
1366.252968 9999
1368.172777 9999
1370.078793 9999
1371.988597 9999
1373.917539 9999.0
1376.106459 9999
1377.99857 9999
1379.906164 9999
1381.805334 9999
1383.66292 9999
1385.537207 9999
1387.409706 9999
1389.293435 9999
1391.214199 9999
1393.123398 9999
1395.006241 9999
1396.88638 9999
1398.786005 9999
1400.670594 9999
1402.563993 9999
1404.434621 9999.0
1406.585101 9999
1408.49358 9999
1410.437691 9999
1412.357338 9999
1414.263693 9999
1416.161039 9999
1418.057044 9999
1419.974282 9999
1421.886531 9999
1423.802316 9999
1425.70144 9999
1427.622337 9999
1429.528656 9999
1431.444984 9999
1433.344819 9999
1435.239787 9999.0
1437.389578 9999
1439.307185 9999
1441.215322 9999
1443.126088 9999
1445.009316 9999
1446.897006 9999
1448.767149 9999
1450.689652 9999
1452.594533 9999
1454.464696 9999
1456.352275 9999
1458.233602 9999
1460.104723 9999
1461.980009 9999
1463.837933 9999
1465.717428 9999.0
1467.867373 9999
1469.776215 9999
1471.672023 9999
1473.565308 9999
1475.442513 9999
1477.312874 9999
1479.210332 9999
1481.098865 9999
1482.978922 9999
1484.873154 9999
1486.814801 9999
1488.701973 9999
1490.59732 9999
1492.468435 9999
1494.325448 9999
1496.17112 9999.0
1498.382198 9999
1500.233825 9999
1502.16211 9999
1504.050892 9999
1505.921063 9999
1507.81757 9999
1509.712158 9999
1511.616701 9999
1513.505074 9999
1515.392847 9999
1517.275048 9999
1519.150131 9999
1521.019924 9999
1522.895491 9999
1524.798895 9999
1526.727046 9999.0
1528.886354 9999
1530.759689 9999
1532.654731 9999
1534.543454 9999
1536.437781 9999
1538.33346 9999
1540.239854 9999
1542.14852 9999
1544.046422 9999
1545.952262 9999
1547.852881 9999
1549.734891 9999
1551.641879 9999
1553.59815 9999
1555.514592 9999
1557.400596 9999.0
1559.550179 9999
1561.457936 9999
1563.376719 9999
1565.25042 9999
1567.125157 9999
1569.037214 9999
1570.935839 9999
1572.81853 9999
1574.706124 9999
1576.552313 9999
1578.462235 9999
1580.344101 9999
1582.216541 9999
1584.099587 9999
1586.005881 9999
1587.898029 9999.0
1590.049538 9999
1591.923035 9999
1593.916705 9999
1595.81319 9999
1597.68746 9999
1599.570176 9999
1601.460796 9999
1603.359192 9999
1605.282245 9999
1607.150135 9999
1609.063535 9999
1610.971072 9999
1612.833381 9999
1614.705075 9999
1616.574706 9999
1618.448897 9999.0
1620.6164 9999
1622.511077 9999
1624.410782 9999
1626.31805 9999
1628.213472 9999
1630.123918 9999
1632.018166 9999
1633.913287 9999
1635.821307 9999
1637.717519 9999
1639.632829 9999
1641.544826 9999
1643.449875 9999
1645.348847 9999
1647.23234 9999
1649.132335 9999.0
1651.3109 9999
1653.230444 9999
1655.119294 9999
1656.998791 9999
1658.922098 9999
1660.826937 9999
1662.714029 9999
1664.638532 9999
1666.552983 9999
1668.460258 9999
1670.403193 9999
1672.302303 9999
1674.183884 9999
1676.072652 9999
1677.96288 9999
1679.867295 9999.0
1682.067334 9999
1683.979058 9999
1685.872417 9999
1687.755598 9999
1689.642283 9999
1691.571285 9999
1693.460252 9999
1695.344719 9999
1697.215898 9999
1699.107271 9999
1701.005465 9999
1702.89792 9999
1704.768054 9999
1706.657047 9999
1708.526728 9999
1710.411305 9999.0
1712.511543 9999
1714.381876 9999
1716.270627 9999
1718.163348 9999
1720.047187 9999
1721.957938 9999
1723.862483 9999
1725.764745 9999
1727.644107 9999
1729.539608 9999
1731.483869 9999
1733.396361 9999
1735.288709 9999
1737.197815 9999
1739.109027 9999
1740.990235 9999.0
1743.210162 9999
1745.104319 9999
1747.014424 9999
1748.910033 9999
1750.826227 9999
1752.714257 9999
1754.609456 9999
1756.479086 9999
1758.387248 9999
1760.251515 9999
1762.1545 9999
1764.042937 9999
1765.933222 9999
1767.821921 9999
1769.70581 9999
1771.597473 9999.0
1773.769971 9999
1775.665938 9999
1777.560874 9999
1779.471337 9999
1781.367694 9999
1783.287168 9999
1785.19604 9999
1787.116394 9999
1789.01364 9999
1790.900434 9999
1792.795764 9999
1794.678083 9999
1796.575103 9999
1798.471075 9999
1800.384683 9999
1802.267925 9999.0
1804.408455 9999
1806.308463 9999
1808.201086 9999
1810.075616 9999
1811.966462 9999
1813.854146 9999
1815.723954 9999
1817.622267 9999
1819.51368 9999
1821.3901 9999
1823.274281 9999
1825.131456 9999
1827.028372 9999
1828.922505 9999
1830.808182 9999
1832.680143 9999.0
1834.788483 9999
1836.675472 9999
1838.596843 9999
1840.487118 9999
1842.35905 9999
1844.284377 9999
1846.180993 9999
1848.087418 9999
1849.973066 9999
1851.867651 9999
1853.761918 9999
1855.661358 9999
1857.547078 9999
1859.42611 9999
1861.31016 9999
1863.218609 9999.0
1865.382136 9999
1867.250234 9999
1869.114419 9999
1870.996308 9999
1872.928753 9999
1874.832772 9999
1876.716751 9999
1878.627771 9999
1880.509021 9999
1882.395504 9999
1884.27291 9999
1886.186207 9999
1888.058071 9999
1889.938787 9999
1891.818372 9999
1893.729979 9999.0
1896.206893 9999
1898.093902 9999
1899.987882 9999
1901.910266 9999
1903.7979 9999
1905.701403 9999
1907.59436 9999
1909.49395 9999
1911.378177 9999
1913.260552 9999
1915.154291 9999
1917.040513 9999
1918.94759 9999
1920.843636 9999
1922.761438 9999
1924.659508 9999.0
1926.779285 9999
1928.660664 9999
1930.539292 9999
1932.453098 9999
1934.376355 9999
1936.287644 9999
1938.18355 9999
1940.124752 9999
1941.987812 9999
1943.871728 9999
1945.758122 9999
1947.67798 9999
1949.571124 9999
1951.453355 9999
1953.319141 9999
1955.201158 9999.0
1957.351277 9999
1959.258601 9999
1961.151985 9999
1963.051752 9999
1964.964427 9999
1966.865499 9999
1968.781918 9999
1970.692733 9999
1972.603505 9999
1974.474527 9999
1976.394342 9999
1978.288056 9999
1980.217913 9999
1982.128771 9999
1984.024613 9999
1985.958669 9999.0
1988.163722 9999
1990.051342 9999
1991.93231 9999
1993.829687 9999
1995.742889 9999
1997.617852 9999
1999.528155 9999
2001.425072 9999
2003.299213 9999
2005.205944 9999
2007.126459 9999
2009.04376 9999
2010.948351 9999
2012.86429 9999
2014.745343 9999
2016.64138 9999.0
2018.788518 9999
2020.662938 9999
2022.537477 9999
2024.453356 9999
2026.319699 9999
2028.207212 9999
2030.09248 9999
2032.011936 9999
2033.907917 9999
2035.806314 9999
2037.715763 9999
2039.621501 9999
2041.510847 9999
2043.38987 9999
2045.274587 9999
2047.202137 9999.0
2049.425375 9999
2051.348419 9999
2053.277812 9999
2055.168805 9999
2057.051158 9999
2058.942382 9999
2060.861569 9999
2062.791885 9999
2064.687163 9999
2066.571877 9999
2068.480706 9999
2070.386224 9999
2072.27661 9999
2074.1661 9999
2076.160832 9999
2078.056757 9999.0
2080.23113 9999
2082.125393 9999
2084.009843 9999
2085.92713 9999
2087.831067 9999
2089.709788 9999
2091.605109 9999
2093.513367 9999
2095.410215 9999
2097.327164 9999
2099.250374 9999
2101.157545 9999
2103.071344 9999
2105.000218 9999
2106.91627 9999
2108.851156 9999.0
2111.03109 9999
2112.942872 9999
2114.861812 9999
2116.782539 9999
2118.675222 9999
2120.583151 9999
2122.493231 9999
2124.387014 9999
2126.283805 9999
2128.205625 9999
2130.087668 9999
2131.972478 9999
2133.8433 9999
2135.716803 9999
2137.603972 9999
2139.521334 9999.0
2141.715399 9999
2143.602609 9999
2145.484644 9999
2147.362378 9999
2149.237212 9999
2151.112502 9999
2152.987853 9999
2154.891488 9999
2156.775951 9999
2158.652119 9999
2160.542361 9999
2162.42722 9999
2164.335705 9999
2166.242992 9999
2168.115043 9999
2170.003021 9999.0
2172.173102 9999
2174.089381 9999
2175.974868 9999
2177.863881 9999
2179.802121 9999
2181.711548 9999
2183.634053 9999
2185.539255 9999
2187.454825 9999
2189.369426 9999
2191.278337 9999
2193.148848 9999
2195.032141 9999
2196.928888 9999
2198.810996 9999
2200.708395 9999.0
2202.928034 9999
2204.827501 9999
2206.722476 9999
2208.612941 9999
2210.507059 9999
2212.406038 9999
2214.30454 9999
2216.212743 9999
2218.078074 9999
2220.007951 9999
2221.933838 9999
2223.845852 9999
2225.731568 9999
2227.613853 9999
2229.508502 9999
2231.404325 9999.0
2233.589613 9999
2235.515821 9999
2237.425426 9999
2239.325249 9999
2241.238576 9999
2243.126114 9999
2245.036483 9999
2246.931232 9999
2248.839561 9999
2250.735712 9999
2252.627804 9999
2254.539382 9999
2256.444011 9999
2258.355859 9999
2260.241885 9999
2262.158046 9999.0
2264.345079 9999
2266.237795 9999
2268.147227 9999
2270.054414 9999
2271.931097 9999
2273.849879 9999
2275.732932 9999
2277.641587 9999
2279.527497 9999
2281.421802 9999
2283.329759 9999
2285.246434 9999
2287.139067 9999
2288.996497 9999
2290.877155 9999
2292.784019 9999.0
2294.907135 9999
2296.819664 9999
2298.736222 9999
2300.630997 9999
2302.516413 9999
2304.458117 9999
2306.365442 9999
2308.25317 9999
2310.164125 9999
2312.095505 9999
2313.988037 9999
2315.871266 9999
2317.749349 9999
2319.67768 9999
2321.58615 9999
2323.493747 9999.0
2325.629355 9999
2327.523546 9999
2329.469353 9999
2331.388594 9999
2333.266492 9999
2335.16883 9999
2337.074912 9999
2338.994474 9999
2340.891746 9999
2342.798387 9999
2344.708864 9999
2346.618168 9999
2348.521478 9999
2350.441354 9999
2352.351301 9999
2354.241536 9999.0
2356.429799 9999
2358.330032 9999
2360.214591 9999
2362.109902 9999
2363.998381 9999
2365.876986 9999
2367.75799 9999
2369.653655 9999
2371.839858 9999
2373.76187 9999
2375.64308 9999
2377.551023 9999
2379.443546 9999
2381.307942 9999
2383.204235 9999
2385.096825 9999.0
2387.252939 9999
2389.134936 9999
2391.051329 9999
2392.964823 9999
2394.844968 9999
2396.717112 9999
2398.596686 9999
2400.499115 9999
2402.408202 9999
2404.324303 9999
2406.210034 9999
2408.116557 9999
2410.019947 9999
2411.906377 9999
2413.813902 9999
2415.71203 9999.0
2417.843093 9999
2419.770569 9999
2421.675537 9999
2423.5741 9999
2425.46845 9999
2427.402646 9999
2429.295098 9999
2431.19139 9999
2433.089099 9999
2434.982679 9999
2436.894971 9999
2438.787616 9999
2440.696855 9999
2442.605249 9999
2444.523537 9999
2446.418844 9999.0
2448.580174 9999
2450.490968 9999
2452.410979 9999
2454.297937 9999
2456.170916 9999
2458.064457 9999
2459.932724 9999
2461.827149 9999
2463.735568 9999
2465.634416 9999
2467.516913 9999
2469.435925 9999
2471.33319 9999
2473.227674 9999
2475.08995 9999
2477.033451 9999.0
2479.20395 9999
2481.08603 9999
2482.984273 9999
2484.855002 9999
2486.770102 9999
2488.68397 9999
2490.579033 9999
2492.499024 9999
2494.381491 9999
2496.266969 9999
2498.174822 9999
2500.0941 9999
2502.004054 9999
2503.900622 9999
2505.806771 9999
2507.703511 9999.0
2509.879284 9999
2511.782158 9999
2513.660484 9999
2515.564988 9999
2517.454235 9999
2519.343154 9999
2521.211533 9999
2523.125215 9999
2525.044438 9999
2526.930113 9999
2528.811048 9999
2530.706574 9999
2532.593577 9999
2534.486769 9999
2536.382408 9999
2538.257391 9999.0
2540.417028 9999
2542.299589 9999
2544.183219 9999
2546.068624 9999
2547.946443 9999
2549.812744 9999
2551.719386 9999
2553.614034 9999
2555.487859 9999
2557.371065 9999
2559.253789 9999
2561.138918 9999
2563.031697 9999
2564.909087 9999
2566.814317 9999
2568.733287 9999.0
2570.882068 9999
2572.772284 9999
2574.677948 9999
2576.572033 9999
2578.510568 9999
2580.390683 9999
2582.27401 9999
2584.191338 9999
2586.102692 9999
2587.959806 9999
2589.882919 9999
2591.777814 9999
2593.672363 9999
2595.559614 9999
2597.444077 9999
2599.335516 9999.0
2601.435488 9999
2603.342856 9999
2605.242364 9999
2607.125995 9999
2609.045973 9999
2610.936234 9999
2612.835111 9999
2614.766773 9999
2616.675503 9999
2618.57081 9999
2620.492808 9999
2622.389735 9999
2624.298273 9999
2626.216862 9999
2628.127197 9999
2630.047912 9999.0
2632.198463 9999
2634.090413 9999
2635.958314 9999
2637.858488 9999
2639.726495 9999
2641.615104 9999
2643.489935 9999
2645.356021 9999
2647.278848 9999
2649.207288 9999
2651.106387 9999
2652.989368 9999
2654.90408 9999
2656.851705 9999
2658.762208 9999
2660.696233 9999.0
2662.832399 9999
2664.722887 9999
2666.634476 9999
2668.526761 9999
2670.432248 9999
2672.34522 9999
2674.263288 9999
2676.175602 9999
2678.090871 9999
2679.99925 9999
2681.909646 9999
2683.817702 9999
2685.712923 9999
2687.644793 9999
2689.791766 9999
2691.700932 9999.0
2693.856718 9999
2695.744763 9999
2697.638622 9999
2699.539001 9999
2701.433325 9999
2703.364339 9999
2705.282805 9999
2707.166504 9999
2709.067291 9999
2710.982213 9999
2712.891528 9999
2714.77428 9999
2716.726079 9999
2718.624875 9999
2720.527527 9999
2722.455033 9999.0
2724.65097 9999
2726.576063 9999
2728.467741 9999
2730.390265 9999
2732.283765 9999
2734.179512 9999
2736.075112 9999
2738.008162 9999
2739.90482 9999
2741.826241 9999
2743.746112 9999
2745.659577 9999
2747.58338 9999
2749.531512 9999
2751.458692 9999
2753.378498 9999.0
2755.553833 9999
2757.472917 9999
2759.402046 9999
2761.311191 9999
2763.239649 9999
2765.154525 9999
2767.048928 9999
2768.977409 9999
2770.866834 9999
2772.762431 9999
2774.682839 9999
2776.587548 9999
2778.494369 9999
2780.430164 9999
2782.33753 9999
2784.278083 9999.0
2786.469097 9999
2788.33886 9999
2790.224514 9999
2792.115834 9999
2794.011283 9999
2795.935032 9999
2797.827201 9999
2799.723959 9999
2801.619276 9999
2803.490751 9999
2805.387451 9999
2807.260139 9999
2809.191166 9999
2811.094282 9999
2812.97187 9999
2814.870626 9999.0
2817.029908 9999
2818.926795 9999
2820.818278 9999
2822.703538 9999
2824.574758 9999
2826.462817 9999
2828.391093 9999
2830.312701 9999
2832.207012 9999
2834.114143 9999
2836.038521 9999
2837.932737 9999
2839.827388 9999
2841.721454 9999
2843.633669 9999
2845.52954 9999.0
2847.699678 9999
2849.643077 9999
2851.554983 9999
2853.459492 9999
2855.362696 9999
2857.285812 9999
2859.181914 9999
2861.087998 9999
2862.990349 9999
2864.907629 9999
2866.829403 9999
2868.738324 9999
2870.633139 9999
2872.518592 9999
2874.412527 9999
2876.319092 9999.0
2878.500857 9999
2880.424656 9999
2882.332961 9999
2884.240498 9999
2886.174921 9999
2888.054617 9999
2889.987338 9999
2891.923943 9999
2893.854159 9999
2895.771256 9999
2897.669293 9999
2899.577964 9999
2901.470796 9999
2903.382251 9999
2905.31316 9999
2907.241898 9999.0
2909.389337 9999
2911.302127 9999
2913.257192 9999
2915.176268 9999
2917.083962 9999
2918.981684 9999
2920.878063 9999
2922.785179 9999
2924.67877 9999
2926.588901 9999
2928.48305 9999
2930.366489 9999
2932.253078 9999
2934.129806 9999
2936.031694 9999
2937.930953 9999.0
2940.135581 9999
2942.016073 9999
2943.90108 9999
2945.802875 9999
2947.695303 9999
2949.569733 9999
2951.43443 9999
2953.346298 9999
2955.242301 9999
2957.140575 9999
2959.060227 9999
2960.953743 9999
2962.858553 9999
2964.758906 9999
2966.644158 9999
2968.52629 9999.0
2970.708487 9999
2972.629954 9999
2974.549019 9999
2976.456186 9999
2978.358016 9999
2980.265348 9999
2982.160018 9999
2984.057327 9999
2985.946145 9999
2987.857847 9999
2989.74582 9999
2991.626177 9999
2993.543136 9999
2995.431912 9999
2997.340732 9999
2999.236234 9999.0
3001.445992 9999
3003.351592 9999
3005.245906 9999
3007.124201 9999
3009.017985 9999
3010.92548 9999
3012.818871 9999
3014.718562 9999
3016.611501 9999
3018.512297 9999
3020.379714 9999
3022.29912 9999
3024.183546 9999
3026.076436 9999
3027.965322 9999
3029.8949 9999.0
3032.047646 9999
3033.952992 9999
3035.834813 9999
3037.745084 9999
3039.659238 9999
3041.549875 9999
3043.455555 9999
3045.37868 9999
3047.306927 9999
3049.220219 9999
3051.135766 9999
3053.03605 9999
3054.934214 9999
3056.816152 9999
3058.734887 9999
3060.611529 9999.0
3062.751494 9999
3064.646701 9999
3066.532385 9999
3068.419807 9999
3070.323572 9999
3072.221469 9999
3074.127024 9999
3076.026514 9999
3077.934252 9999
3079.828313 9999
3081.759117 9999
3083.670008 9999
3085.601329 9999
3087.486708 9999
3089.378798 9999
3091.265545 9999.0
3093.450021 9999
3095.309472 9999
3097.2153 9999
3099.091454 9999
3100.974343 9999
3102.917753 9999
3104.802286 9999
3106.697244 9999
3108.584003 9999
3110.469859 9999
3112.364264 9999
3114.246431 9999
3116.140929 9999
3118.046862 9999
3119.958099 9999
3121.863256 9999.0
3123.995994 9999
3125.874303 9999
3127.77072 9999
3129.653441 9999
3131.543316 9999
3133.422025 9999
3135.339109 9999
3137.235385 9999
3139.121587 9999
3141.017719 9999
3142.937455 9999
3144.821246 9999
3146.703147 9999
3148.586975 9999
3150.485763 9999
3152.390504 9999.0
3154.51936 9999
3156.438473 9999
3158.30776 9999
3160.207149 9999
3162.119199 9999
3164.04121 9999
3165.940537 9999
3167.835842 9999
3169.722256 9999
3171.639658 9999
3173.49841 9999
3175.381882 9999
3177.290362 9999
3179.203484 9999
3181.108004 9999
3183.014793 9999.0
3185.163182 9999
3187.062 9999
3188.969812 9999
3190.865348 9999
3192.759006 9999
3194.667388 9999
3196.540798 9999
3198.448648 9999
3200.346808 9999
3202.251061 9999
3204.149957 9999
3206.057268 9999
3207.946439 9999
3209.86981 9999
3211.793417 9999
3213.706803 9999.0
3215.865931 9999
3217.779532 9999
3219.675192 9999
3221.574143 9999
3223.495775 9999
3225.41131 9999
3227.355116 9999
3229.274332 9999
3231.193936 9999
3233.071371 9999
3234.978268 9999
3236.881325 9999
3238.770066 9999
3240.651211 9999
3242.560437 9999
3244.471923 9999.0
3246.637637 9999
3248.534969 9999
3250.430549 9999
3252.327313 9999
3254.24308 9999
3256.143135 9999
3258.04417 9999
3259.936726 9999
3261.858772 9999
3263.78661 9999
3265.657754 9999
3267.579854 9999
3269.503986 9999
3271.421863 9999
3273.354493 9999
3275.295146 9999.0
3277.459376 9999
3279.360671 9999
3281.262503 9999
3283.132458 9999
3285.00051 9999
3286.900642 9999
3288.783706 9999
3290.675581 9999
3292.576289 9999
3294.461368 9999
3296.354566 9999
3298.261853 9999
3300.192333 9999
3302.094852 9999
3304.003571 9999
3305.94267 9999.0
3308.127756 9999
3310.014924 9999
3311.957101 9999
3313.852591 9999
3315.770464 9999
3317.669688 9999
3319.55434 9999
3321.458232 9999
3323.357386 9999
3325.263388 9999
3327.209842 9999
3329.119757 9999
3331.052224 9999
3332.981987 9999
3334.9112 9999
3336.868107 9999.0
3339.087848 9999
3340.987159 9999
3342.907248 9999
3344.815892 9999
3346.70651 9999
3348.574789 9999
3350.480144 9999
3352.358278 9999
3354.234251 9999
3356.140924 9999
3358.024028 9999
3359.923324 9999
3361.824132 9999
3363.718884 9999
3365.600171 9999
3367.502165 9999.0
3369.67426 9999
3371.585212 9999
3373.48249 9999
3375.38821 9999
3377.298519 9999
3379.217064 9999
3381.135725 9999
3383.0491 9999
3384.963754 9999
3386.862174 9999
3388.782027 9999
3390.689914 9999
3392.571216 9999
3394.47032 9999
3396.398039 9999
3398.310026 9999.0
3400.512954 9999
3402.40291 9999
3404.332728 9999
3406.217631 9999
3408.123885 9999
3410.007018 9999
3411.905974 9999
3413.806165 9999
3415.695514 9999
3417.602956 9999
3419.56195 9999
3421.467195 9999
3423.344428 9999
3425.251505 9999
3427.169494 9999
3429.092121 9999.0
3431.297651 9999
3433.205813 9999
3435.102908 9999
3437.031889 9999
3438.929848 9999
3440.835264 9999
3442.794587 9999
3444.739507 9999
3446.630845 9999
3448.566044 9999
3450.509853 9999
3452.409257 9999
3454.334479 9999
3456.097411 9999
3457.945955 9999
3459.8469 9999.0
3462.044241 9999
3463.947824 9999
3465.845162 9999
3467.74155 9999
3469.652456 9999
3471.536216 9999
3473.404255 9999
3475.376513 9999
3477.293833 9999
3479.222829 9999
3481.157663 9999
3483.053047 9999
3484.946311 9999
3486.844859 9999
3488.742442 9999
3490.687865 9999.0
3492.832655 9999
3494.744092 9999
3496.661681 9999
3498.567115 9999
3500.432664 9999
3502.3153 9999
3504.206528 9999
3506.130324 9999
3508.002001 9999
3509.908515 9999
3511.838077 9999
3513.746108 9999
3515.68028 9999
3517.573218 9999
3519.473945 9999
3521.3823 9999.0
3523.550163 9999
3525.460785 9999
3527.369281 9999
3529.278055 9999
3531.171392 9999
3533.093705 9999
3535.013309 9999
3536.931738 9999
3538.813933 9999
3540.714396 9999
3542.594324 9999
3544.574782 9999
3546.485457 9999
3548.378586 9999
3550.263632 9999
3552.174013 9999.0
3554.331095 9999
3556.240835 9999
3558.13696 9999
3560.066235 9999
3561.955179 9999
3563.846858 9999
3565.708282 9999
3567.585894 9999
3569.504594 9999
3571.430691 9999
3573.342045 9999
3575.261111 9999
3577.155004 9999
3579.036017 9999
3580.961132 9999
3582.845495 9999.0
3585.016307 9999
3586.913742 9999
3588.828624 9999
3590.717604 9999
3592.612873 9999
3594.491364 9999
3596.379713 9999
3598.289128 9999
3600.217194 9999
