13.056883 1.27445793152
23.082399 9999
32.090677 9999.0
52.749563 3.28210099538
64.34006 1.39633671443
76.602486 9999
87.591269 9999
104.801405 2.3625146548
123.963199 2.30220166842
138.856745 1.19143565496
153.90031 1.23469106356
164.507612 1.22402485212
183.287804 3.51857797305
198.679028 1.26979843775
213.889111 1.26511001587
226.964437 1.28910493851
241.309656 1.26190201441
256.134397 1.23953731855
271.427159 1.24594267209
287.705141 1.20398330688
303.799357 1.32907899221
318.924818 1.23688602448
333.902268 1.21406229337
348.245385 1.8253467083
367.541328 2.25828170776
380.752774 1.21680100759
396.296749 1.25793035825
411.906648 1.23772962888
424.567643 9999
444.224879 2.25474437078
462.787856 3.46025395393
472.872106 9999
488.221254 1.25443696976
503.697697 1.31529959043
518.573645 1.24153176943
529.019488 9999
546.995088 3.48817936579
561.986838 1.23472801844
574.497195 9999
584.6841 1.22704299291
600.211463 1.24959564209
618.306228 2.62060236931
637.786211 2.41078233719
650.165939 9999
661.537982 1.3480899334
677.379464 1.22014490763
697.225626 2.25220402082
709.568593 1.18518106143
721.892187 1.24024669329
735.82607 9999
749.545948 1.24460593859
758.736902 9999
771.225435 1.24608858426
783.118672 9999.0
798.626907 2.20874404907
805.885818 9999
819.70948 9999.0
833.498394 1.24187294642
851.327658 3.50367824237
859.618736 9999
873.550679 9999
890.536422 2.93847735723
903.612117 1.15370210012
912.387459 9999
929.881678 2.2564116319
941.437091 1.35159389178
950.147376 9999
960.986981 9999.0
975.109804 1.27078024546
991.103838 1.20652095477
1005.68013 1.1974003315
1021.006582 2.17661809921
1039.551971 2.71951651573
1050.332092 9999
1060.485416 9999
1070.539553 1.17998425166
1083.46728 9999
1095.738944 1.17047198613
1115.338682 3.48671332995
1129.315733 9999
1139.47156 9999
1148.422874 9999.0
1163.367514 1.2419415315
1175.831377 9999
1191.219021 2.14761328697
1204.461717 1.14832433065
1219.805534 1.21147370338
1232.696513 1.13031466802
1245.655268 1.19988799095
1256.028996 1.34830753009
1271.223243 1.25576432546
1288.767428 2.25987402598
1308.247926 3.46083720525
1321.258384 1.13375814756
1334.314192 1.16124065717
1347.789124 1.12234131495
1360.981218 1.13401532173
1374.540885 1.15962600708
1388.149572 1.14877438545
1401.960288 1.14501833916
1418.702301 1.18664662043
1433.279775 1.2899603049
1446.774039 1.12928032875
1460.397628 1.11085899671
1473.1551 1.23704441388
1493.369676 3.42458836238
1506.010899 1.35556705793
1516.567601 1.33252676328
1529.677086 1.50928600629
1542.168295 1.30466024081
1555.726271 1.13098899523
1575.022709 3.42968463898
1587.48458 1.30305131276
1606.410798 3.58248003324
1623.054284 1.18948229154
1635.463713 1.31415963173
1649.372973 1.15236322085
1663.881673 1.2760690848
1679.175024 1.20997667313
1692.61783 1.1252207756
1703.796796 9999
1717.450799 1.14596732457
1730.175719 1.1994210879
1741.733594 1.32195297877
1761.950068 3.43914628029
1775.823122 1.15360005697
1789.465524 1.12684162458
1803.023308 1.14306370417
1816.750143 1.14555565516
1830.129105 1.15021467209
1843.733933 1.13371109962
1857.376394 1.1248849233
1870.635242 1.14085570971
1884.194569 1.15687338511
1898.053501 1.15189878146
1914.715191 1.19376595815
1934.996628 3.43738635381
1955.324493 3.44897826513
1969.152661 1.12749266624
1982.742794 1.124096632
1995.752047 1.13249174754
2008.093502 1.32235066096
2018.838405 9999
2032.225807 1.12843434016
2050.054618 2.85492634773
2063.646195 1.11928900083
2074.506282 9999
2091.116068 1.19353310267
2104.623947 1.14485573769
2118.299133 1.14851268133
2138.632457 3.4397029082
2152.671784 1.15976301829
2172.801673 3.4468776385
2186.628085 1.21046535174
2200.437286 1.22969237963
2214.135814 1.18681804339
2227.754843 1.13635627429
2244.349274 1.17648657163
2258.191967 1.13378636042
2271.706533 9999
2285.226129 1.12973093987
2299.06844 1.12747565905
2312.578605 1.14647332827
2332.857918 3.45922795931
2346.786804 1.13539973895
2360.442878 1.13386106491
2374.185255 1.15505965551
2394.500492 3.47093637784
2406.006396 1.33637960752
2417.579904 1.30438296
2431.222269 1.13160769145
2442.615294 1.35010035833
2455.421826 1.1259273688
2468.848609 1.13309176763
2482.523645 1.11988433202
2495.67014 1.14110104243
2508.424189 1.13934532801
2521.966934 1.13202905655
2535.758305 1.18351896604
2556.140029 3.42941562335
2568.764269 1.31805809339
2579.771724 1.18261798223
2593.480876 1.1373333931
2607.438968 1.14812167486
2621.148465 1.13397812843
2631.741563 1.34078208605
2645.698556 1.13273644447
2660.257995 1.81075541178
2673.750808 1.11377302806
2687.562242 1.1351339817
2701.202304 1.12440490723
2714.979272 1.14800270398
2728.586849 1.13076337179
2742.295514 1.1533973217
2750.972365 9999.0
2771.498047 3.47008792559
2783.906255 1.30896600087
2797.635377 9999
2812.778108 1.22771628698
2826.368231 1.15991465251
2846.597825 3.42604525884
2860.307588 1.21820537249
2874.266444 1.13670865695
2885.992127 1.33745733897
2898.351589 1.31477729479
2906.858986 9999
2923.549442 1.21453928947
2936.289676 1.16372736295
2956.672498 3.44940304756
2970.368019 9999.0
2984.255471 1.16991702716
2997.781633 1.11698468526
3009.172986 1.3202222983
3022.981693 1.1391544342
3036.373935 1.14249801636
3047.68117 1.32644534111
3061.056785 1.13649535179
3077.567797 1.20876963933
3091.160194 1.13990497589
3104.919698 1.12126469612
3118.128348 1.14196475347
3131.769932 1.11956731478
3147.39743 1.22620670001
3161.93977 1.27959998449
3175.767758 1.13198375702
3187.056256 1.34234698613
3200.698228 1.13416377703
3214.458222 1.13097929955
3234.655293 3.43711328506
3255.168538 3.44412239393
3271.011914 1.22431031863
3287.842849 1.21068429947
3297.016562 9999
3310.704848 1.15668773651
3323.247816 1.31250635783
3336.240346 1.13539290428
3349.98147 1.13169630369
3369.81091 2.24704329173
3380.317178 1.34369635582
3393.345738 1.12987963359
3406.902807 1.1119222641
3420.244254 1.14931535721
3431.217744 1.18467370669
3444.843061 1.25002574921
3454.054445 9999.0
3468.04555 1.12690337499
3481.855004 1.15600204468
3501.149198 3.42883523305
3515.091284 1.14818199476
3531.518238 1.18916344643
3544.49271 1.14296110471
3558.052098 1.16271305084
3567.746371 9999.0
3580.933669 1.12676461538
3597.394763 1.1997376283
3614.922192 2.27709770203
