2.200423 9999
4.156084 9999
6.135785 9999
8.129109 9999
10.090235 9999
12.187315 9999
14.176163 9999
16.143894 9999
18.128694 9999
20.107212 9999
22.108653 9999
24.078144 9999
26.0567 9999
28.036779 9999
30.040857 9999
32.021504 9999.0
34.133311 9999
36.103904 9999
38.116885 9999
40.120074 9999
42.29478 9999
44.323929 9999
46.282856 9999
48.280836 9999
50.260231 9999
52.246293 9999
54.21058 9999
56.248496 9999
58.20447 9999
60.174813 9999
62.140978 9999
64.254551 9999
66.24468 9999
68.218226 9999
70.192384 9999
72.172396 9999
74.167489 9999
76.134216 9999
78.140191 9999
80.143899 9999
82.125725 9999
84.123787 9999
86.109247 9999
88.102098 9999
90.127201 9999
92.119935 9999
94.095173 9999.0
96.219572 9999
98.226222 9999
100.198704 9999
102.235586 9999
104.215334 9999
106.167993 9999
108.163764 9999
110.128934 9999
112.108625 9999
114.112943 9999
116.097283 9999
118.065498 9999
120.034539 9999
121.996467 9999
123.982462 9999
125.972545 9999.0
128.134538 9999
130.107899 9999
132.089486 9999
134.08671 9999
136.056144 9999
138.017951 9999
139.980888 9999
141.954642 9999
143.917408 9999
145.881098 9999
147.858207 9999
149.829129 9999
151.804333 9999
153.77272 9999
155.754627 9999
157.732156 9999.0
159.882622 9999
161.871073 9999
163.842452 9999
165.834338 9999
167.81835 9999
169.814745 9999
171.813309 9999
173.789705 9999
175.749765 9999
177.739127 9999
179.742744 9999
181.73456 9999
183.737416 9999
185.739305 9999
187.780673 9999
189.771679 9999.0
191.921592 9999
193.911602 9999
195.926079 9999
197.920124 9999
199.921502 9999
201.898659 9999
203.860675 9999
205.854213 9999
207.857599 9999
209.840109 9999
211.819222 9999
213.795162 9999
215.775015 9999
217.745967 9999
219.737597 9999
221.727825 9999.0
223.879544 9999
225.880808 9999
227.88379 9999
229.870647 9999
231.849079 9999
233.839167 9999
235.814006 9999
237.858075 9999
239.815603 9999
241.807659 9999
243.800585 9999
245.774414 9999
247.772509 9999
249.746085 9999
251.761421 9999
253.726775 9999.0
255.883965 9999
257.862706 9999
259.830202 9999
261.82526 9999
263.813573 9999
265.814791 9999
267.799766 9999
269.794682 9999
271.786135 9999
273.76351 9999
275.733947 9999
277.724401 9999
279.714382 9999
281.693271 9999
283.684252 9999
285.706533 9999.0
287.908002 9999
289.897958 9999
291.897359 9999
293.888167 9999
295.878762 9999
297.869394 9999
299.854198 9999
301.827549 9999
303.838452 9999
305.826102 9999
307.813702 9999
309.823164 9999
311.803688 9999
313.810922 9999
315.79042 9999
317.779581 9999.0
319.919732 9999
321.891768 9999
323.923313 9999
325.911322 9999
327.895036 9999
329.877436 9999
331.850393 9999
333.879162 9999
335.897103 9999
337.901479 9999
339.9045 9999
341.864691 9999
343.879799 9999
345.868892 9999
347.841906 9999
349.804275 9999.0
351.977137 9999
353.957039 9999
355.948829 9999
357.944083 9999
359.945568 9999
361.924713 9999
363.893381 9999
365.873107 9999
367.852813 9999
369.832407 9999
371.800582 9999
373.774229 9999
375.754572 9999
377.720114 9999
379.717313 9999
381.715038 9999.0
383.901673 9999
385.892895 9999
387.884135 9999
389.849002 9999
391.863596 9999
393.860115 9999
395.880249 9999
397.867221 9999
399.863848 9999
401.863416 9999
403.85806 9999
405.872576 9999
407.875989 9999
409.876994 9999
411.847441 9999
413.838066 9999.0
416.022789 9999
417.991897 9999
419.990919 9999
421.971871 9999
423.931064 9999
425.922594 9999
427.921324 9999
429.928059 9999
431.913718 9999
433.90277 9999
435.879105 9999
437.881319 9999
439.875879 9999
441.871785 9999
443.875074 9999
445.853272 9999.0
448.019308 9999
450.007628 9999
452.019821 9999
454.012536 9999
455.994115 9999
457.975975 9999
459.96765 9999
461.984186 9999
463.976366 9999
465.969033 9999
467.955087 9999
469.927539 9999
471.941754 9999
473.923814 9999
475.906736 9999
477.881676 9999.0
480.048385 9999
482.062521 9999
484.050726 9999
486.069062 9999
488.088157 9999
490.090951 9999
492.108258 9999
494.108174 9999
496.112538 9999
498.126432 9999
500.14088 9999
502.15744 9999
504.151785 9999
506.154655 9999
508.134773 9999.0
510.324494 9999
512.31858 9999
514.334558 9999
516.33081 9999
518.369866 9999
520.388499 9999
522.375915 9999
524.370856 9999
526.371239 9999
528.391649 9999
530.379475 9999
532.348255 9999
534.341086 9999
536.334906 9999
538.314781 9999
540.494465 9999
542.501704 9999
544.528 9999
546.525587 9999
548.50013 9999
550.504388 9999
552.510105 9999
554.526472 9999
556.504065 9999
558.523363 9999
560.492014 9999
562.482778 9999
564.490076 9999
566.476341 9999
568.445215 9999
570.416028 9999.0
572.622025 9999
574.602838 9999
576.630285 9999
578.655277 9999
580.647018 9999
582.626095 9999
584.61796 9999
586.614319 9999
588.59345 9999
590.553908 9999
592.527675 9999
594.522299 9999
596.510762 9999
598.501933 9999
600.501998 9999
602.474923 9999.0
604.625386 9999
606.607074 9999
608.581311 9999
610.590565 9999
612.595059 9999
614.600173 9999
616.576043 9999
618.554508 9999
620.531129 9999
622.511206 9999
624.499179 9999
626.472729 9999
628.467679 9999
630.449508 9999
632.451637 9999
634.470083 9999.0
636.601743 9999
638.573679 9999
640.555799 9999
642.550129 9999
644.52913 9999
646.518575 9999
648.514034 9999
650.504313 9999
652.482644 9999
654.483958 9999
656.488602 9999
658.484774 9999
660.4763 9999
662.454448 9999
664.427158 9999
666.404768 9999.0
668.593081 9999
670.56525 9999
672.558688 9999
674.552612 9999
676.532537 9999
678.492471 9999
680.454387 9999
682.425164 9999
684.38812 9999
686.380453 9999
688.350317 9999
690.318454 9999
692.29561 9999
694.270764 9999
696.258372 9999
698.259609 9999.0
700.443321 9999
702.449555 9999
704.451826 9999
706.43066 9999
708.413931 9999
710.406635 9999
712.411522 9999
714.36165 9999
716.334428 9999
718.322494 9999
720.308184 9999
722.298667 9999
724.276302 9999
726.284039 9999
728.282165 9999
730.278377 9999.0
732.425956 9999
734.39738 9999
736.402195 9999
738.388375 9999
740.384304 9999
742.37561 9999
744.342801 9999
746.336235 9999
748.352617 9999
750.355039 9999
752.346889 9999
754.310269 9999
756.298407 9999
758.277126 9999
760.267184 9999
762.222748 9999.0
764.405316 9999
766.424344 9999
768.419886 9999
770.418832 9999
772.416284 9999
774.403479 9999
776.398932 9999
778.398872 9999
780.38061 9999
782.368572 9999
784.375677 9999
786.367057 9999
788.349984 9999
790.364077 9999
792.354904 9999
794.341148 9999.0
796.491338 9999
798.502057 9999
800.476539 9999
802.464111 9999
804.433626 9999
806.397429 9999
808.364757 9999
810.36486 9999
812.335082 9999
814.33989 9999
816.329092 9999
818.310431 9999
820.278811 9999
822.276232 9999
824.280697 9999
826.255842 9999.0
828.440222 9999
830.445619 9999
832.448024 9999
834.442697 9999
836.430414 9999
838.43588 9999
840.41664 9999
842.411463 9999
844.413385 9999
846.40086 9999
848.406701 9999
850.40166 9999
852.382569 9999
854.369323 9999
856.353477 9999
858.358268 9999.0
860.576261 9999
862.592625 9999
864.608788 9999
866.595763 9999
868.570385 9999
870.558747 9999
872.540168 9999
874.50738 9999
876.4887 9999
878.489892 9999
880.518958 9999
882.521936 9999
884.50079 9999
886.482068 9999
888.447913 9999
890.45445 9999.0
892.649124 9999
894.639993 9999
896.648533 9999
898.650986 9999
900.65924 9999
902.653104 9999
904.639306 9999
906.627339 9999
908.645455 9999
910.648844 9999
912.647905 9999
914.62316 9999
916.626955 9999
918.629434 9999
920.626444 9999
922.838553 9999
924.85645 9999
926.862973 9999
928.863354 9999
930.881208 9999
932.861631 9999
934.851735 9999
936.856867 9999
938.851046 9999
940.842809 9999
942.823819 9999
944.792568 9999
946.770975 9999
948.763498 9999
950.734322 9999
952.704417 9999.0
954.8741 9999
956.876097 9999
958.866308 9999
960.858548 9999
962.875842 9999
964.866561 9999
966.85886 9999
968.851892 9999
970.820142 9999
972.808988 9999
974.779378 9999
976.798263 9999
978.773289 9999
980.778342 9999
982.781401 9999
984.78501 9999.0
986.991053 9999
988.998923 9999
991.011955 9999
993.021166 9999
995.008552 9999
996.986137 9999
998.977536 9999
1000.945266 9999
1002.987531 9999
1004.96557 9999
1006.977089 9999
1008.95012 9999
1010.923037 9999
1012.916236 9999
1014.918906 9999
1016.905723 9999.0
1019.10777 9999
1021.125589 9999
1023.117009 9999
1025.092713 9999
1027.084302 9999
1029.078222 9999
1031.055981 9999
1033.037529 9999
1035.01642 9999
1036.996192 9999
1038.979557 9999
1040.935219 9999
1042.921092 9999
1044.901269 9999
1046.851963 9999
1048.856278 9999.0
1051.099173 9999
1053.077094 9999
1055.057075 9999
1057.051937 9999
1059.046635 9999
1061.037092 9999
1063.025019 9999
1065.043025 9999
1067.049977 9999
1069.0644 9999
1071.055324 9999
1073.036124 9999
1075.026294 9999
1077.021041 9999
1079.014366 9999
1081.004647 9999.0
1083.172287 9999
1085.156207 9999
1087.129635 9999
1089.164061 9999
1091.165451 9999
1093.189774 9999
1095.186803 9999
1097.154817 9999
1099.050484 9999
1101.019487 9999
1103.020614 9999
1105.004751 9999
1107.004975 9999
1108.983786 9999
1110.954968 9999
1112.956232 9999.0
1115.149378 9999
1117.146807 9999
1119.146088 9999
1121.152775 9999
1123.156122 9999
1125.143027 9999
1127.129687 9999
1129.124783 9999
1131.126839 9999
1133.12039 9999
1135.157399 9999
1137.134142 9999
1139.099289 9999
1141.099278 9999
1143.067811 9999
1145.041425 9999.0
1147.234048 9999
1149.233148 9999
1151.260054 9999
1153.243814 9999
1155.211161 9999
1157.200238 9999
1159.203239 9999
1161.19567 9999
1163.185395 9999
1165.201054 9999
1167.196706 9999
1169.200715 9999
1171.217773 9999
1173.224852 9999
1175.219181 9999
1177.181389 9999.0
1179.382741 9999
1181.391977 9999
1183.379382 9999
1185.342695 9999
1187.332401 9999
1189.329602 9999
1191.307743 9999
1193.299142 9999
1195.288387 9999
1197.28916 9999
1199.299162 9999
1201.257663 9999
1203.241116 9999
1205.270653 9999
1207.286697 9999
1209.26652 9999.0
1211.478537 9999
1213.493649 9999
1215.497514 9999
1217.515367 9999
1219.498221 9999
1221.509372 9999
1223.503554 9999
1225.506182 9999
1227.4971 9999
1229.502787 9999
1231.503325 9999
1233.488735 9999
1235.497878 9999
1237.495442 9999
1239.473754 9999
1241.740951 9999
1243.725269 9999
1245.747318 9999
1247.777604 9999
1249.785728 9999
1251.778154 9999
1253.744451 9999
1255.723581 9999
1257.70395 9999
1259.682591 9999
1261.641647 9999
1263.634525 9999
1265.597302 9999
1267.554946 9999
1269.54653 9999
1271.548858 9999.0
1273.777985 9999
1275.772398 9999
1277.743118 9999
1279.714879 9999
1281.69443 9999
1283.69026 9999
1285.687864 9999
1287.668513 9999
1289.638246 9999
1291.612657 9999
1293.606864 9999
1295.602102 9999
1297.579231 9999
1299.56277 9999
1301.544711 9999
1303.490631 9999.0
1305.73764 9999
1307.721149 9999
1309.677538 9999
1311.641255 9999
1313.602481 9999
1315.581625 9999
1317.547569 9999
1319.560942 9999
1321.523302 9999
1323.510567 9999
1325.508768 9999
1327.465058 9999
1329.415527 9999
1331.400456 9999
1333.37372 9999
1335.352636 9999.0
1337.622994 9999
1339.627387 9999
1341.618291 9999
1343.611999 9999
1345.60879 9999
1347.595424 9999
1349.588547 9999
1351.59156 9999
1353.592767 9999
1355.612039 9999
1357.603455 9999
1359.583472 9999
1361.587319 9999
1363.576685 9999
1365.544984 9999
1367.52761 9999.0
1369.691031 9999
1371.697509 9999
1373.667855 9999
1375.641551 9999
1377.617572 9999
1379.596173 9999
1381.613268 9999
1383.596508 9999
1385.572649 9999
1387.565691 9999
1389.572564 9999
1391.553417 9999
1393.549103 9999
1395.563137 9999
1397.560513 9999
1399.550265 9999.0
1401.788298 9999
1403.783081 9999
1405.8158 9999
1407.801272 9999
1409.788254 9999
1411.799262 9999
1413.784411 9999
1415.804756 9999
1417.799881 9999
1419.800289 9999
1421.770215 9999
1423.768283 9999
1425.796413 9999
1427.803665 9999
1429.819302 9999.0
1432.05964 9999
1434.039421 9999
1436.06071 9999
1438.048186 9999
1440.019016 9999
1442.021236 9999
1444.005639 9999
1445.981616 9999
1447.964487 9999
1449.95561 9999
1451.960823 9999
1453.956649 9999
1455.965335 9999
1457.957279 9999
1459.93051 9999
1461.916508 9999.0
1464.139114 9999
1466.132843 9999
1468.141266 9999
1470.134119 9999
1472.131214 9999
1474.160263 9999
1476.154454 9999
1478.156245 9999
1480.147544 9999
1482.127883 9999
1484.101313 9999
1486.121059 9999
1488.112089 9999
1490.122452 9999
1492.115288 9999
1494.103454 9999.0
1496.353002 9999
1498.365826 9999
1500.364592 9999
1502.379101 9999
1504.378607 9999
1506.390988 9999
1508.394293 9999
1510.371876 9999
1512.367608 9999
1514.347193 9999
1516.339902 9999
1518.33243 9999
1520.358887 9999
1522.340997 9999
1524.354317 9999.0
1526.600562 9999
1528.601539 9999
1530.592388 9999
1532.624548 9999
1534.625644 9999
1536.620726 9999
1538.646181 9999
1540.663467 9999
1542.696096 9999
1544.685988 9999
1546.652313 9999
1548.655227 9999
1550.645516 9999
1552.648364 9999
1554.680485 9999.0
1556.903986 9999
1558.880318 9999
1560.857247 9999
1562.879005 9999
1564.879196 9999
1566.883011 9999
1568.884684 9999
1570.879979 9999
1572.884477 9999
1574.852342 9999
1576.829063 9999
1578.811463 9999
1580.79165 9999
1582.760563 9999
1584.733249 9999
1586.721939 9999.0
1588.917868 9999
1590.904485 9999
1592.896862 9999
1594.874464 9999
1596.872753 9999
1598.883971 9999
1600.85513 9999
1602.848644 9999
1604.863434 9999
1606.856161 9999
1608.847036 9999
1610.842451 9999
1612.819963 9999
1614.832495 9999
1616.844408 9999
1618.865438 9999.0
1621.072583 9999
1623.089248 9999
1625.089179 9999
1627.107343 9999
1629.112859 9999
1631.117112 9999
1633.100421 9999
1635.102496 9999
1637.095452 9999
1639.125969 9999
1641.144388 9999
1643.138179 9999
1645.135022 9999
1647.132751 9999
1649.1538 9999.0
1651.376361 9999
1653.346022 9999
1655.321385 9999
1657.322884 9999
1659.330349 9999
1661.31037 9999
1663.281845 9999
1665.258545 9999
1667.27879 9999
1669.27944 9999
1671.246637 9999
1673.234122 9999
1675.207155 9999
1677.207001 9999
1679.167503 9999
1681.170289 9999.0
1683.393991 9999
1685.391973 9999
1687.372729 9999
1689.367089 9999
1691.369254 9999
1693.361452 9999
1695.354719 9999
1697.343159 9999
1699.316148 9999
1701.315396 9999
1703.324452 9999
1705.291286 9999
1707.28066 9999
1709.261142 9999
1711.248993 9999
1713.222007 9999.0
1715.429072 9999
1717.418323 9999
1719.41194 9999
1721.445138 9999
1723.4439 9999
1725.462671 9999
1727.446945 9999
1729.440936 9999
1731.438122 9999
1733.452611 9999
1735.45978 9999
1737.453161 9999
1739.434108 9999
1741.437805 9999
1743.457168 9999.0
1745.716754 9999
1747.699918 9999
1749.681468 9999
1751.67211 9999
1753.6582 9999
1755.653298 9999
1757.660502 9999
1759.639202 9999
1761.654823 9999
1763.644068 9999
1765.640348 9999
1767.650108 9999
1769.638059 9999
1771.641863 9999
1773.628723 9999
1775.610675 9999.0
1777.820082 9999
1779.814768 9999
1781.829278 9999
1783.830955 9999
1785.849123 9999
1787.851235 9999
1789.842477 9999
1791.86102 9999
1793.874188 9999
1795.882685 9999
1797.879969 9999
1799.886923 9999
1801.867801 9999
1803.871368 9999
1805.839794 9999.0
1808.059283 9999
1810.075203 9999
1812.087177 9999
1814.073554 9999
1816.072451 9999
1818.049511 9999
1820.048088 9999
1822.02976 9999
1824.030345 9999
1826.033078 9999
1828.027269 9999
1829.987939 9999
1831.953291 9999
1833.923171 9999
1835.9102 9999
1837.939676 9999.0
1840.1702 9999
1842.148463 9999
1844.152938 9999
1846.124041 9999
1848.132907 9999
1850.124961 9999
1852.119072 9999
1854.099216 9999
1856.090528 9999
1858.099076 9999
1860.087118 9999
1862.078417 9999
1864.065692 9999
1866.055356 9999
1868.033273 9999
1870.012272 9999.0
1872.214648 9999
1874.187677 9999
1876.162647 9999
1878.176663 9999
1880.19091 9999
1882.165473 9999
1884.164932 9999
1886.146589 9999
1888.148121 9999
1890.129118 9999
1892.116872 9999
1894.124657 9999
1896.128407 9999
1898.152057 9999
1900.162896 9999
1902.147181 9999.0
1904.396878 9999
1906.390336 9999
1908.416912 9999
1910.406825 9999
1912.420864 9999
1914.427541 9999
1916.418821 9999
1918.397801 9999
1920.393354 9999
1922.375629 9999
1924.370832 9999
1926.366146 9999
1928.355159 9999
1930.358933 9999
1932.351047 9999
1934.362759 9999.0
1936.631461 9999
1938.633249 9999
1940.60194 9999
1942.59174 9999
1944.598575 9999
1946.588062 9999
1948.590374 9999
1950.583135 9999
1952.564686 9999
1954.564669 9999
1956.570335 9999
1958.569805 9999
1960.565178 9999
1962.524184 9999
1964.527629 9999
1966.520446 9999.0
1968.737655 9999
1970.728847 9999
1972.686088 9999
1974.678305 9999
1976.661965 9999
1978.644529 9999
1980.610575 9999
1982.603434 9999
1984.612492 9999
1986.59634 9999
1988.588728 9999
1990.59201 9999
1992.5691 9999
1994.554996 9999
1996.565049 9999
1998.556468 9999.0
2000.789117 9999
2002.757489 9999
2004.813019 9999
2006.804677 9999
2008.782249 9999
2010.77543 9999
2012.752438 9999
2014.728628 9999
2016.702122 9999
2018.685445 9999
2020.686891 9999
2022.670466 9999
2024.632591 9999
2026.609941 9999
2028.624725 9999
2030.588587 9999.0
2032.814852 9999
2034.821661 9999
2036.813145 9999
2038.797321 9999
2040.807599 9999
2042.817786 9999
2044.807361 9999
2046.814828 9999
2048.790565 9999
2050.783528 9999
2052.773258 9999
2054.753766 9999
2056.733576 9999
2058.724409 9999
2060.717095 9999
2062.696817 9999.0
2064.955608 9999
2066.956821 9999
2068.93544 9999
2070.941497 9999
2072.920608 9999
2074.902988 9999
2076.869956 9999
2078.87905 9999
2080.864869 9999
2082.841626 9999
2084.815789 9999
2086.818557 9999
2088.809892 9999
2090.792086 9999
2092.780526 9999
2094.750993 9999.0
2096.99648 9999
2098.998677 9999
2100.976027 9999
2102.97718 9999
2104.969545 9999
2107.013247 9999
2109.016747 9999
2110.999437 9999
2112.983364 9999
2114.956456 9999
2116.940218 9999
2118.93377 9999
2120.922635 9999
2122.9435 9999
2124.954555 9999
2126.946337 9999.0
2129.185399 9999
2131.180658 9999
2133.176369 9999
2135.145909 9999
2137.17005 9999
2139.187592 9999
2141.179638 9999
2143.183146 9999
2145.16039 9999
2147.17876 9999
2149.166123 9999
2151.174851 9999
2153.175255 9999
2155.179964 9999
2157.198916 9999.0
2159.465659 9999
2161.459147 9999
2163.427288 9999
2165.397591 9999
2167.398978 9999
2169.383445 9999
2171.383803 9999
2173.353594 9999
2175.324694 9999
2177.301762 9999
2179.297233 9999
2181.286722 9999
2183.30155 9999
2185.27682 9999
2187.244755 9999
2189.264372 9999.0
2191.460805 9999
2193.470671 9999
2195.444445 9999
2197.456786 9999
2199.454104 9999
2201.462348 9999
2203.458832 9999
2205.462865 9999
2207.461062 9999
2209.444123 9999
2211.447199 9999
2213.429739 9999
2215.446694 9999
2217.421694 9999
2219.429526 9999
2221.420255 9999.0
2223.690597 9999
2225.692109 9999
2227.712085 9999
2229.714117 9999
2231.707243 9999
2233.719199 9999
2235.7025 9999
2237.707631 9999
2239.723144 9999
2241.71568 9999
2243.745377 9999
2245.74812 9999
2247.735083 9999
2249.729218 9999
2251.723909 9999.0
2253.955524 9999
2255.959665 9999
2257.972737 9999
2259.969934 9999
2261.937492 9999
2263.942854 9999
2265.907822 9999
2267.887277 9999
2269.85336 9999
2271.845514 9999
2273.854143 9999
2275.839632 9999
2277.814548 9999
2279.825073 9999
2281.804943 9999
2283.809335 9999.0
2286.066887 9999
2288.058934 9999
2290.093708 9999
2292.07922 9999
2294.069406 9999
2296.098797 9999
2298.103911 9999
2300.118591 9999
2302.12437 9999
2304.12833 9999
2306.128838 9999
2308.148287 9999
2310.163202 9999
2312.214244 9999
2314.204625 9999.0
2316.472294 9999
2318.514843 9999
2320.51858 9999
2322.523583 9999
2324.514856 9999
2326.523094 9999
2328.514424 9999
2330.517471 9999
2332.514692 9999
2334.522984 9999
2336.563548 9999
2338.54796 9999
2340.556077 9999
2342.575348 9999
2344.558983 9999.0
2346.778551 9999
2348.777025 9999
2350.783503 9999
2352.78778 9999
2354.793385 9999
2356.779805 9999
2358.77562 9999
2360.741884 9999
2362.721078 9999
2364.694212 9999
2366.683427 9999
2368.68697 9999
2370.63396 9999
2372.613537 9999
2374.565196 9999
2376.588444 9999.0
2378.835381 9999
2380.818849 9999
2382.813045 9999
2384.79884 9999
2386.803809 9999
2388.781865 9999
2390.775568 9999
2392.768962 9999
2394.773689 9999
2396.752044 9999
2398.746196 9999
2400.775401 9999
2402.78295 9999
2404.785221 9999
2406.809933 9999
2409.04286 9999
2411.04517 9999
2413.049747 9999
2415.042689 9999
2417.034005 9999
2419.032434 9999
2420.994322 9999
2422.998427 9999
2424.990651 9999
2426.992011 9999
2428.973309 9999
2430.952457 9999
2432.944952 9999
2434.895428 9999
2436.897262 9999
2438.873399 9999.0
2441.079834 9999
2443.085671 9999
2445.064373 9999
2447.04662 9999
2449.025727 9999
2451.020149 9999
2453.021453 9999
2455.004657 9999
2456.992489 9999
2458.991508 9999
2460.978983 9999
2462.980522 9999
2464.962788 9999
2466.953128 9999
2468.980369 9999
2470.971251 9999.0
2473.228592 9999
2475.197593 9999
2477.227595 9999
2479.232766 9999
2481.223384 9999
2483.235091 9999
2485.216953 9999
2487.2195 9999
2489.232245 9999
2491.233788 9999
2493.247813 9999
2495.222481 9999
2497.20683 9999
2499.191848 9999
2501.191468 9999
2503.179892 9999.0
2505.498327 9999
2507.49423 9999
2509.531295 9999
2511.519613 9999
2513.542001 9999
2515.534176 9999
2517.543556 9999
2519.561323 9999
2521.564419 9999
2523.594485 9999
2525.620922 9999
2527.624766 9999
2529.610077 9999
2531.60808 9999
2533.612826 9999.0
2535.844622 9999
2537.836748 9999
2539.829348 9999
2541.833388 9999
2543.841853 9999
2545.841629 9999
2547.823814 9999
2549.802547 9999
2551.808645 9999
2553.811399 9999
2555.805725 9999
2557.810642 9999
2559.813166 9999
2561.784401 9999
2563.808091 9999
2565.808821 9999.0
2568.034826 9999
2570.04589 9999
2572.048185 9999
2574.067447 9999
2576.049887 9999
2578.015786 9999
2580.009032 9999
2581.9987 9999
2584.001324 9999
2585.97845 9999
2587.976248 9999
2589.989492 9999
2591.972217 9999
2593.963265 9999
2595.925118 9999
2597.91224 9999.0
2600.154336 9999
2602.143956 9999
2604.13549 9999
2606.113719 9999
2608.110547 9999
2610.114059 9999
2612.106738 9999
2614.097982 9999
2616.067 9999
2618.07515 9999
2620.049392 9999
2622.016906 9999
2624.020901 9999
2626.000381 9999
2627.984699 9999
2629.975651 9999.0
2632.197707 9999
2634.173587 9999
2636.20098 9999
2638.17142 9999
2640.198731 9999
2642.214811 9999
2644.209327 9999
2646.211459 9999
2648.207404 9999
2650.20469 9999
2652.174105 9999
2654.155308 9999
2656.132967 9999
2658.104131 9999
2660.071382 9999
2662.040615 9999.0
2664.296606 9999
2666.276303 9999
2668.316459 9999
2670.308124 9999
2672.313069 9999
2674.325532 9999
2676.310005 9999
2678.309406 9999
2680.315866 9999
2682.324515 9999
2684.333992 9999
2686.348636 9999
2688.343198 9999
2690.356914 9999
2692.366364 9999.0
2694.615994 9999
2696.607973 9999
2698.604433 9999
2700.613905 9999
2702.625606 9999
2704.613559 9999
2706.609613 9999
2708.606079 9999
2710.600143 9999
2712.615167 9999
2714.608785 9999
2716.602242 9999
2718.595065 9999
2720.597275 9999
2722.57936 9999
2724.568306 9999.0
2726.792993 9999
2728.794005 9999
2730.819133 9999
2732.838282 9999
2734.855635 9999
2736.823902 9999
2738.842401 9999
2740.841018 9999
2742.823432 9999
2744.81956 9999
2746.822125 9999
2748.828446 9999
2750.815243 9999
2752.832446 9999
2754.832883 9999.0
2757.080161 9999
2759.057912 9999
2761.051326 9999
2763.043392 9999
2765.021497 9999
2767.024955 9999
2769.017235 9999
2771.02098 9999
2773.027587 9999
2775.014242 9999
2777.02091 9999
2779.028781 9999
2781.019446 9999
2783.037267 9999
2785.037581 9999
2787.005142 9999.0
2789.252897 9999
2791.252118 9999
2793.273705 9999
2795.273397 9999
2797.280115 9999
2799.294585 9999
2801.260732 9999
2803.29096 9999
2805.295394 9999
2807.284214 9999
2809.30389 9999
2811.284318 9999
2813.308208 9999
2815.321792 9999
2817.334739 9999.0
2819.586441 9999
2821.567632 9999
2823.571509 9999
2825.54287 9999
2827.507808 9999
2829.48647 9999
2831.469634 9999
2833.456727 9999
2835.418518 9999
2837.412947 9999
2839.372895 9999
2841.331196 9999
2843.308632 9999
2845.293237 9999
2847.268722 9999
2849.27221 9999.0
2851.500357 9999
2853.46358 9999
2855.470724 9999
2857.456231 9999
2859.508514 9999
2861.527219 9999
2863.513216 9999
2865.48785 9999
2867.45104 9999
2869.420945 9999
2871.416601 9999
2873.402948 9999
2875.386576 9999
2877.387223 9999
2879.382083 9999
2881.370925 9999.0
2883.585789 9999
2885.565532 9999
2887.530251 9999
2889.519608 9999
2891.505419 9999
2893.50435 9999
2895.524153 9999
2897.502289 9999
2899.46939 9999
2901.451419 9999
2903.440618 9999
2905.433323 9999
2907.438524 9999
2909.426354 9999
2911.423248 9999
2913.403795 9999.0
2915.668321 9999
2917.657472 9999
2919.654766 9999
2921.64134 9999
2923.6374 9999
2925.615052 9999
2927.588614 9999
2929.56346 9999
2931.534228 9999
2933.515098 9999
2935.517401 9999
2937.512104 9999
2939.492493 9999
2941.483959 9999
2943.462818 9999
2945.451787 9999.0
2947.663555 9999
2949.651349 9999
2951.682759 9999
2953.695419 9999
2955.713713 9999
2957.718268 9999
2959.699114 9999
2961.714571 9999
2963.682264 9999
2965.682364 9999
2967.657272 9999
2969.632491 9999
2971.633838 9999
2973.627228 9999
2975.621439 9999
2977.629902 9999.0
2979.826154 9999
2981.792299 9999
2983.779532 9999
2985.800178 9999
2987.800826 9999
2989.78146 9999
2991.776019 9999
2993.765384 9999
2995.786647 9999
2997.77998 9999
2999.748622 9999
3001.72606 9999
3003.719455 9999
3005.710639 9999
3007.665737 9999
3009.644028 9999.0
3011.890556 9999
3013.927874 9999
3015.919177 9999
3017.877098 9999
3019.857998 9999
3021.850796 9999
3023.830484 9999
3025.843459 9999
3027.82657 9999
3029.835437 9999
3031.809659 9999
3033.798439 9999
3035.812631 9999
3037.794957 9999
3039.765156 9999
3041.764373 9999.0
3044.004267 9999
3046.015097 9999
3047.997972 9999
3049.998222 9999
3051.994481 9999
3053.995523 9999
3055.985738 9999
3057.954914 9999
3059.954889 9999
3061.960159 9999
3063.952352 9999
3065.949684 9999
3067.935272 9999
3069.92567 9999
3071.890921 9999
3073.864395 9999.0
3076.131842 9999
3078.131454 9999
3080.115277 9999
3082.108436 9999
3084.174219 9999
3086.189333 9999
3088.192439 9999
3090.21254 9999
3092.249951 9999
3094.254081 9999
3096.272008 9999
3098.27003 9999
3100.254124 9999
3102.250997 9999
3104.252496 9999.0
3106.528795 9999
3108.551218 9999
3110.536336 9999
3112.514312 9999
3114.517842 9999
3116.522229 9999
3118.507176 9999
3120.476354 9999
3122.4435 9999
3124.434485 9999
3126.389877 9999
3128.392785 9999
3130.379248 9999
3132.356709 9999
3134.338799 9999
3136.362809 9999.0
3138.589593 9999
3140.586528 9999
3142.566663 9999
3144.582751 9999
3146.610465 9999
3148.599929 9999
3150.606214 9999
3152.601696 9999
3154.589468 9999
3156.571639 9999
3158.588266 9999
3160.589932 9999
3162.581603 9999
3164.576786 9999
3166.569821 9999
3168.534887 9999.0
3170.823464 9999
3172.831253 9999
3174.820505 9999
3176.811225 9999
3178.817461 9999
3180.830877 9999
3182.823569 9999
3184.81912 9999
3186.820718 9999
3188.80387 9999
3190.826481 9999
3192.845452 9999
3194.862775 9999
3196.858539 9999
3198.843792 9999.0
3201.065861 9999
3203.078828 9999
3205.084994 9999
3207.103136 9999
3209.103943 9999
3211.121598 9999
3213.104255 9999
3215.130849 9999
3217.148776 9999
3219.138674 9999
3221.162584 9999
3223.157287 9999
3225.163541 9999
3227.16595 9999
3229.169043 9999.0
3231.460737 9999
3233.483205 9999
3235.457536 9999
3237.441979 9999
3239.461961 9999
3241.501037 9999
3243.52167 9999
3245.503333 9999
3247.476653 9999
3249.449177 9999
3251.431666 9999
3253.427227 9999
3255.422318 9999
3257.419906 9999
3259.434333 9999
3261.739658 9999
3263.752795 9999
3265.772554 9999
3267.751424 9999
3269.730995 9999
3271.73134 9999
3273.718856 9999
3275.715452 9999
3277.786633 9999
3279.78838 9999
3281.781699 9999
3283.762051 9999
3285.763303 9999
3287.765667 9999
3289.743116 9999
3291.993149 9999
3293.99581 9999
3295.98871 9999
3297.99003 9999
3299.983377 9999
3301.97155 9999
3303.95141 9999
3305.941814 9999
3307.944712 9999
3309.944522 9999
3311.935796 9999
3313.952016 9999
3315.931456 9999
3317.919617 9999
3319.927535 9999
3321.917221 9999.0
3324.140744 9999
3326.144996 9999
3328.18291 9999
3330.175929 9999
3332.165066 9999
3334.182408 9999
3336.163631 9999
3338.165253 9999
3340.150304 9999
3342.16019 9999
3344.150328 9999
3346.137354 9999
3348.117768 9999
3350.119442 9999
3352.135179 9999
3354.343642 9999
3356.366574 9999
3358.399626 9999
3360.391535 9999
3362.367812 9999
3364.359172 9999
3366.365905 9999
3368.372288 9999
3370.376776 9999
3372.376893 9999
3374.360267 9999
3376.348915 9999
3378.365532 9999
3380.321385 9999
3382.303207 9999
3384.304605 9999.0
3386.549258 9999
3388.517234 9999
3390.520658 9999
3392.488845 9999
3394.481017 9999
3396.503816 9999
3398.488626 9999
3400.468436 9999
3402.46107 9999
3404.476213 9999
3406.480449 9999
3408.472975 9999
3410.4909 9999
3412.490159 9999
3414.533451 9999
3416.897518 9999
3418.879167 9999
3420.906679 9999
3422.923567 9999
3425.04861 9999
3427.062824 9999
3429.067497 9999
3431.069323 9999
3433.062931 9999
3435.124019 9999
3437.130451 9999
3439.117211 9999
3441.127806 9999
3443.107939 9999
3445.135632 9999.0
3447.39439 9999
3449.35954 9999
3451.36402 9999
3453.365505 9999
3455.371792 9999
3457.39621 9999
3459.377715 9999
3461.392805 9999
3463.384764 9999
3465.400177 9999
3467.379995 9999
3469.384627 9999
3471.376737 9999
3473.379938 9999
3475.373349 9999
3477.618671 9999
3479.597404 9999
3481.607475 9999
3483.617716 9999
3485.638503 9999
3487.625595 9999
3489.61096 9999
3491.62445 9999
3493.62827 9999
3495.652581 9999
3497.666198 9999
3499.68697 9999
3501.704862 9999
3503.683609 9999
3505.676263 9999.0
3507.984069 9999
3509.983766 9999
3511.976928 9999
3513.967435 9999
3515.948269 9999
3517.94688 9999
3519.943304 9999
3521.947299 9999
3523.92039 9999
3525.904313 9999
3527.874687 9999
3529.859925 9999
3531.828499 9999
3533.811195 9999
3535.794172 9999
3537.764929 9999.0
3539.981053 9999
3541.983838 9999
3543.965233 9999
3545.959131 9999
3547.952826 9999
3549.944095 9999
3551.957689 9999
3553.942111 9999
3555.931947 9999
3557.936202 9999
3559.925725 9999
3561.929119 9999
3563.936391 9999
3565.936963 9999
3567.915562 9999
3569.897428 9999.0
3572.131259 9999
3574.135812 9999
3576.124327 9999
3578.116802 9999
3580.110897 9999
3582.089675 9999
3584.068837 9999
3586.048585 9999
3588.07691 9999
3590.077505 9999
3592.061995 9999
3594.040582 9999
3596.021057 9999
3598.013658 9999
3600.006019 9999
