14.724396 4.0614109834
29.407828 4.0587439537
85.346288 17.7902719975
100.104878 4.05968570709
114.847891 4.09604072571
130.510212 4.38226826986
145.318348 4.05959097544
201.240951 17.7866341273
217.148521 4.41199994087
231.958182 4.07703304291
235.332408 9999
250.040811 4.08769671122
265.663778 4.35657461484
281.574135 4.40901033084
296.234209 4.04940271378
352.255376 17.7884956201
408.177419 17.7748326461
423.068342 4.07089710236
478.992112 17.7917516232
493.81581 4.07839957873
549.822085 17.8172922134
564.745961 4.08299867312
580.372461 4.35592603683
636.393348 17.7810756365
651.353278 4.07945696513
707.206224 17.7689390182
722.132592 4.08037932714
736.859329 4.04809006055
752.556431 4.37798833847
768.347479 4.38487195969
784.073771 4.383567969
798.817829 4.03637766838
813.546289 4.0408252875
828.253322 4.04893803596
844.180057 4.41390633583
900.150235 17.8075524171
956.091913 17.7715273698
970.947502 4.06225164731
1026.903281 17.7913499673
1041.627767 4.03472598394
1056.373948 4.06518562635
1059.696062 9999.0
1074.533197 4.0503607591
1089.295498 4.04665589333
1104.135994 4.07547370593
1118.962471 4.05319094658
1133.605524 4.04698300362
1148.284209 4.05276091894
1163.108281 4.04385471344
1219.097868 17.8051003615
1233.858183 4.04562322299
1249.549098 4.4020913442
1264.358066 4.04425263405
1267.648966 9999
1282.390068 4.05451361338
1297.21485 4.05664428075
1311.906879 4.04728500048
1367.777251 17.7743523916
1423.85001 17.7884829839
1438.823914 4.09481867154
1453.566766 4.07155768077
1468.293843 4.07049226761
1483.20379 4.05916762352
1497.964004 4.06811571121
1512.706043 4.06083536148
1527.549603 4.04861791929
1542.308979 4.05632527669
1557.068698 4.05965296427
1572.914396 4.39445900917
1587.606427 4.04910437266
1602.415292 4.06508557002
1617.141314 4.05028573672
1631.785322 4.03122591972
1646.595417 4.05291565259
1661.271558 4.05275003115
1676.948778 4.37892429034
1691.70793 4.04314676921
1706.467688 4.06142934163
1721.177752 4.04642597834
1736.053859 4.05848534902
1750.764965 4.04543876648
1765.406836 4.02818735441
1780.266583 4.05396064123
1795.965551 4.36228076617
1810.80453 4.04681030909
1866.725701 17.7836869558
1881.517232 4.03819266955
1896.176748 4.04422132174
1911.821945 4.36481428146
1967.990735 17.8280190627
1982.833586 4.04547270139
2038.772548 17.7944980462
2094.908625 17.8282034397
2150.879711 17.7907740275
2165.708828 4.04832696915
2180.415171 4.04306737582
2236.269032 17.7756500244
2292.294171 17.7774206003
2308.149125 4.37892603874
2323.843119 4.37623890241
2379.88054 17.7819716136
2436.136593 17.820716699
2450.993444 4.06019703547
2465.719977 4.05066164335
2481.330442 4.36483295759
2484.721989 9999
2540.62036 17.7898930709
2544.175308 9999
2558.999175 4.08945465088
2574.627396 4.37766726812
2630.633678 17.7706416448
2645.439458 4.04670564334
2701.396287 17.7949717045
2757.430554 17.7819039822
2813.550943 17.8080123266
2829.360603 4.36554296811
2844.070979 4.0427385966
2900.227608 17.8104632696
2915.051357 4.04690472285
2970.990473 17.8107066154
2985.813967 4.04888359706
2989.162362 9999
3004.813491 4.37517261505
3019.720217 4.0533973376
3034.548648 4.07595539093
3090.467602 17.8002890746
3105.295254 4.04667226473
3120.00349 4.05929501851
3134.745948 4.06614867846
3149.65673 4.0649942557
3152.9299 9999
3208.895935 17.7909893195
3265.032763 17.7944223086
3279.859198 4.05447840691
3294.618771 4.05687705676
3350.523281 17.7957780361
3366.232978 4.34973231951
3422.187237 17.801093022
3478.325341 17.8009036382
3534.363138 17.7770980199
3549.203919 4.043318669
3563.98426 4.06041908264
3619.901107 17.7953369617
