2.977924 9999
5.741158 9999
15.809845 2.43181490898
25.750676 2.38460469246
35.728233 2.39454523722
38.651914 9999
48.787649 2.44462601344
59.025639 2.47454333305
69.173706 2.4520954291
79.327207 2.4036916097
82.098561 9999
92.166827 2.4194940726
94.956958 9999
105.076351 2.43358667692
115.368245 2.43438768387
125.591123 2.4550160567
135.665187 2.42068799337
146.008619 2.43615309397
148.86409 9999
159.233013 2.4849503835
169.460221 2.45646500587
179.82381 2.47156238556
190.063716 2.44903564453
200.163301 2.43909509977
210.687945 2.48145524661
220.847296 2.46140329043
223.660467 9999
233.795346 2.44384733836
244.3305 2.48657925924
254.539956 2.44706296921
264.729507 2.45546674728
267.606286 9999
277.873078 2.46376268069
288.015834 2.43528064092
298.256661 2.45754003525
308.631781 2.43887607257
318.957493 2.45678003629
329.293402 2.48059606552
332.21914 9999
342.554034 2.48488330841
352.811809 2.45977044106
362.970136 2.4499352773
366.026786 9999
376.413144 2.49430505435
379.23831 9999
382.082206 9999
392.307558 2.47846539815
395.190693 9999.0
405.617452 2.46423610051
415.908808 2.46492600441
418.697123 9999
429.123596 2.50468103091
439.510332 2.46498370171
449.800197 2.48216994603
452.625764 9999
455.504678 9999
458.284254 9999
468.582181 2.47460897764
479.076933 2.48507205645
481.951826 9999
492.27588 2.48943169912
495.142972 9999
505.495762 2.4872999986
508.469788 9999
511.367609 9999
521.654493 2.4778350989
524.485955 9999
534.781273 2.4792064031
537.646682 9999.0
548.125523 2.49334160487
558.465963 2.4777135849
568.811769 2.48705371221
571.802029 9999
582.199642 2.49018732707
592.490369 2.47358902295
595.359642 9999
605.718142 2.49688164393
616.348216 2.51939074198
626.765926 2.51373767853
629.613561 9999
640.010491 2.53333520889
650.534234 2.50038838387
660.941381 2.48501809438
671.400133 2.50202465057
681.928451 2.5015566349
692.342899 2.51711964607
695.162256 9999
705.587117 2.51147874196
716.10331 2.50804336866
726.509085 2.50627962748
736.777631 2.47672096888
739.854507 9999
750.225125 2.4851992925
760.584101 2.4998366038
770.944559 2.50070333481
774.077978 9999
776.947899 9999
787.410353 2.50323971113
790.296806 9999
793.188001 9999
803.718806 2.53962802887
814.28983 2.50788903236
824.582068 2.47223567963
835.005908 2.51333769162
845.680633 2.50584403674
856.167405 2.52707227071
866.529409 2.51286832492
877.12013 2.49020234744
887.578535 2.50342885653
898.01825 2.49177996318
901.015463 9999
911.34619 2.50298666954
921.834175 2.5198507309
932.245221 2.49617004395
942.844145 2.50183208783
953.24425 2.48641697566
956.174198 9999
966.537272 2.49308633804
977.145494 2.48851164182
980.111515 9999
990.492343 2.50070198377
1000.946206 2.50626500448
1004.039368 9999
1006.99895 9999
1009.899543 9999
1020.314628 2.52881828944
1030.72248 2.4864303271
1041.112848 2.49242067337
1044.256944 9999
1054.623145 2.50370868047
1065.069385 2.51390504837
1067.917222 9999
1078.287525 2.49734862645
1081.362159 9999
1084.233152 9999
1094.702094 2.52213565509
1097.625066 9999
1107.97915 2.50190337499
1118.439328 2.51113335292
1129.126316 2.5253080527
1139.600945 2.50339198112
1142.479243 9999
1153.012388 2.54317569733
1163.572789 2.4837196668
1166.470948 9999
1176.891346 2.50626770655
1179.772976 9999
1190.154967 2.51773174604
1200.813207 2.5078039964
1211.203756 2.50600592295
1221.6291 2.50935864449
1224.817991 9999
1235.205561 2.5032962958
1245.612946 2.49970030785
1248.516673 9999
1258.966178 2.52656531334
1269.648798 2.53204703331
1280.072808 2.50297522545
1282.997894 9999
1293.365115 2.47745426496
1303.996447 2.50754729907
1314.485076 2.5075097084
1324.838524 2.48884661992
1327.986421 9999
1338.535617 2.53824496269
1348.973583 2.5041569074
1359.365951 2.50393867493
1369.948445 2.49255299568
1372.83853 9999
1375.701523 9999
1386.207518 2.52304069201
1389.112424 9999
1399.580589 2.51424630483
1410.28718 2.50718927383
1413.176204 9999
1423.596153 2.5131881237
1434.087391 2.50792034467
1437.166335 9999
1447.530607 2.50461999575
1457.926081 2.50111309687
1468.314361 2.50028999647
1479.005074 2.51984000206
1481.852211 9999
1492.264419 2.5241189003
1495.130822 9999
1505.641508 2.52660401662
1516.333815 2.51967938741
1526.798777 2.51717599233
1537.209168 2.49956099192
1547.839599 2.50137201945
1558.180842 2.50373927752
1561.060189 9999
1571.523417 2.50316135089
1574.658906 9999
1577.498473 9999
1580.304125 9999
1583.167276 9999
1586.029802 9999
1596.412393 2.4958849748
1599.328139 9999
1609.701763 2.50516835848
1612.913123 9999
1623.329527 2.51362276077
1633.705294 2.49128937721
1644.078586 2.50414276123
1647.34718 9999
1657.792432 2.53395930926
1660.710865 9999
1663.628353 9999
1674.13408 2.51783998807
1677.203992 9999
1687.527214 2.49129573504
1690.407955 9999
1700.841306 2.51271128654
1711.262865 2.50078256925
1721.936502 2.52865926425
1724.777088 9999
1727.670206 9999
1738.031995 2.49799434344
1748.356838 2.49527470271
1758.89771 2.49478022257
1761.713557 9999
1764.559586 9999
1774.964991 2.51119295756
1785.439991 2.51647265752
1788.610047 9999
1799.21428 2.55241688093
1809.753456 2.52434897423
1820.177472 2.50142129262
1830.88564 2.52708729108
1841.308978 2.49069968859
1844.220527 9999
1854.702233 2.52740661303
1865.460965 2.51762342453
1875.935276 2.49822068214
1878.791839 9999
1889.230808 2.51792470614
1892.419781 9999
1895.261437 9999
1905.574041 2.50039307276
1916.048685 2.530813694
1926.541921 2.51876131694
1929.725004 9999
1940.199741 2.52114335696
1950.661932 2.51726436615
1953.58049 9999
1964.001386 2.51685333252
1967.101789 9999
1977.544935 2.5229233106
1988.022506 2.52468458811
1998.644954 2.5270190239
2009.428102 2.54185740153
2019.926558 2.52523263295
2030.425562 2.53379893303
2041.185768 2.52897191048
2051.623088 2.51200866699
2061.995556 2.504134655
2065.189452 9999
2075.60165 2.50785160065
2086.062639 2.5270357132
2096.675348 2.56582864126
2107.489808 2.51393699646
2110.392906 9999
2120.868604 2.53196835518
2123.757019 9999
2134.09607 2.49986743927
2137.189171 9999
2140.048396 9999
2142.939007 9999
2153.309849 2.50918507576
2163.728255 2.51257133484
2174.161832 2.50589696566
2177.368374 9999
2187.83794 2.50609103839
2190.800659 9999
2193.691 9999
2196.626342 9999
2207.053396 2.50370891889
2217.74148 2.51052776972
2228.233356 2.53486442566
2238.640305 2.51832135518
2249.367198 2.51052769025
2252.208064 9999
2255.16372 9999
2265.610924 2.52152236303
2276.135 2.52901275953
2279.328919 9999
2289.829309 2.5301027298
2292.702732 9999
2303.17538 2.50832796097
2313.563557 2.49654197693
2324.370817 2.49968059858
2327.285603 9999
2337.665195 2.50975203514
2348.155972 2.49654459953
2358.96446 2.52149264018
2369.421408 2.51150639852
2379.862414 2.50113105774
2390.557408 2.51047444344
2401.112361 2.54207968712
2411.631462 2.53925061226
2414.774241 9999
2417.677644 9999
2428.086023 2.51773103078
2438.673742 2.54660399755
2441.631541 9999
2444.522028 9999.0
2455.137533 2.51461633046
2458.025086 9999
2468.416065 2.50967971484
2478.949789 2.52968271573
2489.728882 2.50925366084
2492.653559 9999
2503.106066 2.50387612979
2506.017335 9999
2516.416084 2.49614930153
2527.203047 2.52045702934
2530.146849 9999
2540.666418 2.55221096675
2551.109328 2.5037513574
2561.909508 2.51121465365
2572.449142 2.53810707728
2582.831387 2.49914550781
2593.587969 2.52052458127
2604.184307 2.55089799563
2614.618175 2.50584936142
2625.297034 2.51103194555
2635.791103 2.52079900106
2646.295872 2.5271080335
2657.070563 2.49863274892
2667.485166 2.50381461779
2678.002965 2.51527659098
2688.727943 2.49426221848
2699.187261 2.50849890709
2709.647792 2.50668462118
2712.909902 9999
2723.354628 2.52080623309
2726.244269 9999
2736.681488 2.51225026449
2739.639205 9999
2742.518127 9999.0
2745.636643 9999
2756.029106 2.49905029933
2766.520649 2.51918474833
2769.453058 9999
2772.400033 9999
2782.860657 2.51641567548
2793.622735 2.50900189082
2804.149637 2.51533762614
2807.047898 9999
2817.440947 2.49916537603
2820.570148 9999
2830.950692 2.50415770213
2833.872626 9999
2844.330186 2.52470167478
2854.79346 2.52702864011
2865.547407 2.51387278239
2876.018152 2.52490329742
2886.521638 2.53256837527
2897.317521 2.52167097727
2907.942773 2.55795566241
2910.888732 9999
2921.372673 2.53925100962
2924.613417 9999
2935.112172 2.51035094261
2945.586977 2.5357820193
2956.060751 2.51196098328
2966.898332 2.52771099408
2969.836386 9999
2980.346232 2.50301305453
2990.837903 2.51939940453
3001.615439 2.53345171611
3004.586796 9999
3014.9786 2.5096476078
3025.52635 2.54891292254
3028.779544 9999
3039.173556 2.50336368879
3049.599362 2.49880607923
3060.150485 2.5387951533
3070.915033 2.51799734433
3081.387949 2.51373632749
3091.879455 2.52204640706
3095.105177 9999
3105.575016 2.50628964106
3115.997336 2.49819405874
3126.523493 2.5421257019
3137.377411 2.53558293978
3147.757202 2.49648602804
3158.367158 2.54944133759
3169.271442 2.51678999265
3179.829024 2.54266929626
3182.742675 9999
3193.189491 2.51253732045
3203.981923 2.50966095924
3214.488299 2.52815024058
3224.912616 2.49095996221
3228.167885 9999
3238.569115 2.49543706576
3248.998932 2.50415841738
3259.490964 2.50020098686
3270.281573 2.51575144132
3280.822513 2.50974901517
3291.313491 2.52064228058
3294.611056 9999
3304.989077 2.50196003914
3315.446848 2.50296696027
3326.17193 2.59136772156
3336.949937 2.53918131193
3339.868638 9999
3350.374943 2.52468927701
3360.817545 2.49706331889
3371.62076 2.51713768641
3374.505513 9999
3377.398004 9999
3380.294596 9999
3390.805554 2.51477622986
3393.865257 9999
3404.355913 2.52508465449
3407.306867 9999
3410.212027 9999
3420.676334 2.53571796417
3431.117593 2.49563209216
3441.857468 2.52614967028
3444.723961 9999
3455.168385 2.5279537042
3465.600205 2.51501735051
3476.51738 2.53550195694
3487.058322 2.52778339386
3489.983507 9999
3500.469027 2.52526672681
3503.79474 9999
3514.346396 2.52132638295
3525.004413 2.55699706078
3535.562266 2.52871267001
3546.308925 2.51946965853
3556.811439 2.51894903183
3567.353143 2.52717471123
3570.631055 9999
3573.562981 9999
3584.015145 2.5230820179
3586.942991 9999
3597.425199 2.52880597115
3608.265184 2.52800901731
3618.657955 2.51104005178
3629.167166 2.53297726313
3639.926478 2.49490030607
3650.380925 2.50838589668
3660.9233 2.55081892014
3671.864205 2.53642129898
3682.358995 2.54702957471
3685.257678 9999
3695.731635 2.52654202779
3706.490023 2.50977627436
3709.394253 9999
3712.291265 9999
3715.198542 9999
3725.671031 2.52255964279
3736.162106 2.52763470014
3739.328187 9999
3749.889822 2.53632903099
3760.467736 2.54459063212
3770.925341 2.53938364983
3781.81718 2.52574531237
3792.271482 2.53062208494
3802.761539 2.52268600464
3813.670253 2.53001570702
3824.195031 2.53224198023
3834.57636 2.50059135755
3845.38069 2.51432522138
3855.785139 2.52236469587
3858.726221 9999
3869.22946 2.53747391701
3872.535911 9999
3875.41503 9999
3878.313143 9999
3881.160718 9999
3891.646348 2.52437361081
3902.069693 2.51180998484
3912.867581 2.51276636124
3915.840217 9999
3926.373159 2.51832564672
3929.320862 9999
3939.848284 2.53988162676
3950.757545 2.54687929153
3953.77231 9999
3964.3832 2.56192469597
3975.065888 2.59647599856
3985.871856 2.53653502464
3996.389524 2.53998192151
3999.2891 9999
4009.801539 2.52767968178
4020.692366 2.52877585093
4031.167102 2.51614570618
4041.607522 2.50902509689
4052.418642 2.54173723857
4062.891187 2.52944135666
4073.356398 2.51397315661
4084.141893 2.516020298
4087.079133 9999
4097.433211 2.49274889628
4107.890736 2.52520489693
4118.665497 2.5257127285
4129.183138 2.53305705388
4132.161155 9999
4142.570481 2.51361457507
4145.853608 9999
4156.327084 2.52070530256
4159.244698 9999
4169.793353 2.54483143489
4180.195043 2.51455203692
4191.103593 2.5520743529
4201.610612 2.51106866201
4212.145951 2.51199467977
4215.538236 9999
4226.146362 2.54949005445
4236.603188 2.51756000519
4239.486056 9999
4250.030772 2.53857604663
4260.912068 2.53693302472
4271.312957 2.50679930051
4281.892403 2.53835574786
4292.773624 2.54573098818
4303.286794 2.53420790037
4313.798929 2.51881972949
4324.587598 2.51900935173
4335.160633 2.5189816157
4345.602077 2.51658598582
4356.460949 2.54550997416
4366.935119 2.51472036044
4377.526918 2.53469395638
4388.385813 2.52370063464
4398.908827 2.52210330963
4409.317123 2.49251357714
4420.195386 2.51810828845
4430.732709 2.52132336299
4441.24124 2.53540436427
4452.085414 2.52252833049
4462.540296 2.50647075971
4472.991041 2.50876696905
4483.931805 2.56631565094
4494.370294 2.50466863314
4497.342328 9999
4500.230071 9999
4503.126208 9999.0
4506.338874 9999
4516.830681 2.50552471479
4527.275108 2.51881432533
4530.177486 9999
4533.083556 9999
4543.585407 2.5212726593
4546.892221 9999
4557.360548 2.50899259249
4560.319365 9999
4570.820736 2.54606437683
4573.726518 9999.0
4584.598738 2.52542034785
4595.002963 2.51421189308
4605.481622 2.52536694209
4608.763417 9999
4619.110086 2.50232410431
4629.531516 2.50870903333
4632.483253 9999
4643.028772 2.53343892097
4653.749555 2.48556494713
4664.221669 2.52012181282
4667.135875 9999
4677.534586 2.51995603244
4688.34359 2.49595872561
4698.9171 2.53859869639
4709.428673 2.51344561577
4720.301943 2.52834773064
4723.242079 9999
4733.659789 2.51235961914
4744.017589 2.51263125738
4754.900531 2.53410124779
4757.819208 9999
4768.238076 2.52286100388
4778.710875 2.49646631877
4789.585016 2.53473607699
4800.009134 2.50525601705
4810.584658 2.53674729665
4821.425072 2.51277335485
4832.053407 2.56722124418
4842.424681 2.49353663127
4853.485834 2.56782539686
4863.9575 2.50447765986
4874.365507 2.49684532483
4877.612096 9999
4888.125212 2.54043443998
4898.525222 2.48895009359
4908.917941 2.49815003077
4912.212985 9999
4915.09901 9999
4925.537406 2.5060040156
4928.475371 9999
4939.019763 2.53403139114
4949.858096 2.52198719978
4960.513542 2.57574272156
4971.004348 2.50888776779
4981.813697 2.50089899699
4992.341635 2.53287768364
4995.317581 9999
5005.735868 2.50835633278
5016.472784 2.5058230559
5026.929421 2.51609063148
5037.370442 2.51968606313
5040.621337 9999
5050.981056 2.49785637856
5061.421833 2.50673365593
5071.946137 2.52662499746
5082.70909 2.50582790375
5093.179349 2.50426602364
5103.72122 2.53754130999
5107.040434 9999
5117.564543 2.53378065427
5128.055525 2.53287100792
5138.580518 2.50884890556
5141.864733 9999
5152.307062 2.50495974223
5162.807901 2.52879198392
5173.267955 2.51975433032
5176.536056 9999
5186.982326 2.51831801732
5197.446649 2.52681787809
5207.987094 2.56698036194
5211.196183 9999
5221.67475 2.50145777067
5232.217769 2.52915906906
5235.091511 9999
5245.678233 2.53624264399
5256.501388 2.50663463275
5266.976764 2.52855118116
5277.493726 2.51959927877
5288.325358 2.50153128306
5298.816654 2.51130239169
5309.377259 2.53403369586
5320.316801 2.54383134842
5323.214349 9999
5333.645363 2.52385433515
5344.204172 2.52470628421
5355.125352 2.52489900589
5365.596778 2.51088658969
5376.124438 2.52819259961
5387.065973 2.54478995005
5397.539092 2.51348265012
5408.048804 2.53766600291
5418.883377 2.51520268122
5429.443789 2.54034431775
5439.97555 2.53184564908
5450.8651 2.53609577815
5461.429542 2.52705303828
5464.398652 9999
5474.835074 2.51110665003
5485.720515 2.53644633293
5496.230398 2.51279203097
5506.816825 2.56627194087
5517.833371 2.56166958809
5528.322177 2.53069734573
5538.925667 2.54629341761
5549.84065 2.51741504669
5560.299156 2.52421800296
5570.909259 2.56664594014
5574.192804 9999
5584.630736 2.51592087746
5595.104893 2.5101287365
5605.612748 2.51918109258
5616.537365 2.55644432704
5627.029221 2.52336064974
5637.570343 2.53599071503
5648.721283 2.57178529104
5659.155019 2.52048222224
5669.712411 2.54408494631
5680.569152 2.53113341331
5691.134855 2.52808101972
5701.67184 2.52969098091
5712.526343 2.51153159142
5722.984958 2.50986893972
5733.616592 2.5692337354
5736.938882 9999
5739.864215 9999
5750.369398 2.5122803847
5753.305462 9999
5763.769488 2.52686532338
5767.036863 9999
5769.940929 9999
5780.39452 2.52775295575
5790.895403 2.51491038005
5801.392805 2.52664971352
5812.254439 2.51600758235
5822.844766 2.54665104548
5833.364024 2.54186940193
5836.732402 9999
5847.244009 2.5276046594
5857.802378 2.53606971105
5868.229821 2.52294635773
5879.1768 2.53601805369
5889.726508 2.52850929896
5900.286369 2.52324827512
5911.256 2.53149906794
5921.851726 2.54592132568
5932.394417 2.52306675911
5943.208518 2.517796278
5953.723923 2.53525336583
5964.198261 2.51757303874
5974.99035 2.52139433225
5985.46838 2.50851670901
5996.006038 2.53775962194
6006.916481 2.52910025915
6017.455359 2.52671233813
6020.346365 9999
6030.737395 2.50580898921
6041.607568 2.52794067065
6052.18104 2.5412633419
6062.725593 2.52083834012
6073.592606 2.52910701434
6084.074477 2.50926701228
6094.566946 2.53095928828
6105.5143 2.49414904912
6116.179489 2.56313165029
6126.728172 2.52722597122
6137.731559 2.54193520546
6148.20253 2.51293802261
6158.695835 2.5074168841
6169.601801 2.51188564301
6180.081551 2.50645136833
6190.637107 2.53562831879
6201.544866 2.5050183932
6212.000682 2.52099434535
6222.692175 2.5992407004
6233.604277 2.51994498571
6244.058875 2.49503334363
6254.549523 2.51735472679
6265.50739 2.54319373767
6276.049089 2.53244964282
6286.573503 2.51377797127
6297.515345 2.51922162374
6308.021798 2.5249106884
6318.433955 2.50827900569
6329.37311 2.51828924815
6332.360004 9999
6343.02701 2.55721060435
6345.931488 9999
6356.344998 2.50609437625
6367.262667 2.53554431597
6377.67522 2.50068275134
6388.167129 2.52273909251
6399.108655 2.5368206501
6409.656904 2.54863293966
6420.157468 2.52932397525
6431.09805 2.52184271812
6434.094866 9999
6444.63717 2.54094092051
6455.167518 2.51933972041
6466.042061 2.51859219869
6476.498418 2.5194466114
6486.966662 2.5157892704
6497.786518 2.52149502436
6508.289701 2.52365366618
6518.712936 2.51269801458
6529.555536 2.52365573247
6540.130017 2.54106108348
6543.052337 9999
6553.500971 2.52392101288
6564.430143 2.54557100932
6575.030943 2.5504283905
6585.511207 2.51162028313
6596.388747 2.51291036606
6606.866749 2.50614730517
6609.840903 9999
6620.299131 2.50944900513
6631.172438 2.50125408173
6641.659328 2.52014136314
6652.130838 2.52723264694
6663.105273 2.52694630623
6673.550381 2.50027696292
6684.040848 2.52204259237
6695.030649 2.52876965205
6705.654345 2.55060895284
6716.157218 2.52231566111
6727.119605 2.54171872139
6729.987866 9999
6732.911538 9999
6743.382257 2.51953077316
6753.990372 2.55347569784
6764.892947 2.51467402776
6775.422795 2.53445768356
6785.89721 2.52336661021
6796.85537 2.53256766001
6807.42408 2.53923360507
6817.842229 2.50949168205
6821.197783 9999
6831.734093 2.53887200356
6842.161474 2.51332465808
6852.64717 2.53688462575
6863.505284 2.51037406921
6874.029513 2.51054437955
6884.526319 2.51079567273
6887.932335 9999
6890.885237 9999
6901.367133 2.5143049558
6911.817977 2.51945670446
6922.23336 2.51588996251
6933.157666 2.49856837591
6943.76805 2.54683510462
6954.236778 2.51490569115
6965.136629 2.51408068339
6968.119258 9999
6978.593135 2.50996557872
6989.145529 2.53513391813
7000.15792 2.54321241379
7010.699035 2.51224764188
7021.29057 2.53885110219
7032.278768 2.54581165314
7042.857891 2.53519964218
7053.365209 2.51891668638
7056.589867 9999
7059.478335 9999
7069.976693 2.52072270711
7080.518489 2.51789697011
7083.448658 9999.0
7094.312093 2.52933335304
7104.870725 2.51946059863
7115.343962 2.52847075462
7126.276593 2.51631331444
7136.719874 2.50633907318
7147.23451 2.53381729126
7158.261014 2.53512024879
7168.79025 2.53598562876
7179.195622 2.4941833814
7182.549284 9999
7192.997983 2.50647330284
7203.496858 2.52325129509
