155.940513 51.1140302817
313.023886 51.5188412666
468.873993 51.1023050149
615.449644 48.0052820047
771.365593 51.1110192935
918.17489 48.0906663736
981.322935 20.2071859837
1044.154047 20.0895949999
1108.03341 20.4451673826
1170.996962 20.138624986
1610.3764 145.615219593
1765.291091 50.7816493511
1829.805434 20.6439150174
1892.985626 20.2080129782
1956.216683 20.2292059263
2396.010683 145.744721651
2458.724562 20.0473627249
2604.950604 47.8823063374
2667.947413 20.1436740557
2730.59389 20.027980725
2793.461393 20.0978988012
2856.321633 20.095903635
3002.097365 47.7282040119
3065.961221 20.4407286644
3128.741407 20.0747656822
3284.227617 50.9751710097
3347.371144 20.192876339
3410.351245 20.1371196111
3474.215633 20.4435512225
3536.996129 20.0666929086
3683.158095 47.8733666738
3829.364311 47.8851972421
3892.243693 20.1064749559
3955.008213 20.0641467571
4017.641347 20.0221732457
4081.289338 20.3726429145
4143.965665 20.0364395777
4206.561934 20.0112959544
4352.657929 47.8486246268
4507.373382 50.7265883287
4570.34975 20.1391114394
4634.117964 20.4100930691
4696.844483 20.0606193542
4851.93007 50.8424627781
4915.794668 20.4307827155
5070.941182 50.8528884252
5217.300533 47.9309537411
5373.265992 51.1342624029
5529.318562 51.1630649567
5593.746322 20.610376358
5740.273534 47.9916056792
5803.33978 20.162943999
5866.116206 20.071070989
5930.047622 20.4423163732
6076.073671 47.8181447188
6222.43269 47.927598238
6368.743453 47.9176422755
6432.640532 20.4364293416
6495.256626 20.0156190395
6641.228422 47.7911043167
6703.97515 20.0656449
6767.789151 20.4073710442
6830.736601 20.1254572868
6986.636422 51.1176792781
7050.033692 20.2715455691
7112.933592 20.1133704185
7176.744752 20.4228963057
7331.793861 50.8183810711
