0.170005083084
0.176502227783
0.170920133591
0.177697181702
0.169631004333
0.176818847656
0.171507120132
0.176140069962
0.17995595932
0.170879125595
0.176737070084
0.170868873596
0.176614999771
0.170951128006
0.176237821579
0.174039125443
0.174484968185
0.169481039047
0.177393198013
0.182017087936
0.173871994019
0.175745010376
0.170122146606
0.171694993973
0.173739910126
0.1693379879
0.169754981995
0.176775932312
0.173447847366
0.176953077316
0.176681041718
0.169147968292
0.172991037369
0.173801898956
0.179615020752
0.178921937943
0.171135902405
0.166538953781
0.170707941055
0.175446987152
