0.169930934906
0.17706990242
0.173779010773
0.175008058548
0.178683996201
0.178915977478
0.171861171722
0.166200876236
0.168110132217
0.178288936615
0.179025173187
0.171808004379
0.176651000977
0.169487953186
0.180881977081
0.176501989365
0.170389175415
0.177212953568
0.179255008698
0.171262979507
0.170701980591
0.177447080612
0.181703805923
0.180994033813
0.176990032196
0.178770065308
0.174366950989
0.173956871033
0.181626081467
0.17743897438
0.179107189178
0.174806118011
0.17606306076
0.176777839661
0.174064159393
0.174414873123
0.178642988205
0.174674987793
0.174187898636
0.172942876816
