0.170527935028
0.177618026733
0.170056819916
0.168511867523
0.179524898529
0.177515983582
0.170782089233
0.178226947784
0.17780995369
0.169067144394
0.177893161774
0.171131134033
0.176562070847
0.179465055466
0.179804801941
0.17996096611
0.179821014404
0.179579973221
0.179672002792
0.179584980011
0.172538042068
0.177676916122
0.176120996475
0.173670053482
0.174458026886
0.179311990738
0.17961192131
0.181829929352
0.171252012253
0.176973104477
0.18020606041
0.178197145462
0.178467035294
0.179780006409
0.182047128677
0.180225133896
0.178019046783
0.171853780746
0.177690029144
0.178463935852
