68.394917 3.26491373777
98.001337 1.35854576826
127.890063 1.37648389339
157.362174 1.35358024836
225.015579 3.26729003191
254.651944 1.35940276384
322.551995 3.27996147871
352.025399 1.35286064148
419.807757 3.27396558523
487.813336 3.27788391113
517.298101 1.35311150551
541.299791 1.08259711266
609.250643 3.27550010681
638.872462 1.35530003309
706.790634 3.2795778513
730.895003 1.08446794748
798.642266 3.27232112885
822.74475 1.0832700491
852.449449 1.36882952452
920.384 3.27306824923
944.435301 1.08015437126
968.354748 1.08046877384
992.338626 1.07846249342
1016.305896 1.08241788149
1040.376954 1.08320500851
1108.125141 3.27189325094
1132.093434 1.0771150589
1156.177559 1.08869060278
1180.262213 1.08381618261
1209.80235 1.36273267269
1277.801715 3.2792519331
1302.002892 1.08816751242
1326.005371 1.08543101549
1350.192642 1.0888894558
1374.124168 1.08304861784
1398.258571 1.08599119186
1422.313245 1.0870008111
1446.495397 1.08594442606
1475.968007 1.35933527946
1500.135436 1.08830670118
1524.019437 1.08008972406
1592.003797 3.2789149642
1616.221438 1.08477909565
1683.972356 3.27406133413
1708.091118 1.08475819826
1732.009347 1.08074641228
1756.277018 1.08659403324
1780.278171 1.08473411798
1848.112536 3.2712974906
1872.217167 1.08302431107
1896.181853 1.08323043585
1920.399341 1.08567026854
1949.858502 1.35745116472
1973.973421 1.08510770798
1997.958535 1.08355062008
2022.060173 1.08321672678
2051.848096 1.37446945906
2075.999459 1.0859438777
2105.789419 1.37531318665
2129.906611 1.08222937584
2153.974952 1.08910284042
2178.012593 1.0828442812
2201.843868 1.07697184086
2225.895625 1.08299152851
2249.799881 1.07972614765
2273.831798 1.0809699893
2297.818939 1.08484829664
2321.934896 1.08486069441
2351.390629 1.35788998604
2375.42428 1.08024796247
2399.259413 1.07721288204
2467.108986 3.27262369394
2491.210971 1.08316054344
2521.049562 1.37698941231
2550.74298 1.36328961849
2618.556433 3.27691479921
2642.6406 1.0829595685
2666.625334 1.08395661116
2734.546777 3.27502007484
2758.7107 1.08565335274
2788.154051 1.3569128871
2812.334912 1.08309521675
2841.907424 1.36347488165
2866.007546 1.08387454748
2889.8293 1.07607541084
2914.044415 1.09074314833
2937.879849 1.07742682695
2961.8807 1.07884722948
2985.73082 1.07761340141
3009.769336 1.08109054565
3033.717388 1.08300290108
3057.818324 1.08431942463
3081.773403 1.08295706511
3105.72456 1.07710716724
3173.571734 3.27828967571
3203.227039 1.36025274992
3227.278863 1.08715573549
3251.314544 1.08051849604
3280.739441 1.35595090389
3304.753621 1.07956318855
3328.722958 1.08313564062
3352.906341 1.08330328465
3384.196507 1.44992024899
3413.919827 1.36348948479
3437.919484 1.0851360321
3462.171473 1.09199662209
3486.222862 1.08357901573
3554.106602 3.27245168686
3578.208393 1.08236181736
3602.075726 1.07823268175
