10.815047 9999
29.057237 2.12732768059
39.299871 9999.0
55.59159 1.25909169515
69.866883 1.23454999924
89.780709 4.11320789655
104.039477 1.25564599037
120.883902 2.60718433062
137.195824 1.26757566134
153.472054 1.16383139292
169.666917 1.24241065979
185.893289 1.14485176404
203.905574 2.84608920415
219.405136 9999
235.377705 1.23051603635
249.288578 9999
269.816727 3.43961660067
284.192131 1.24840505918
300.620171 1.17525633176
311.04923 9999
326.971288 1.19901704788
341.156364 9999.0
352.39575 9999
368.685144 1.27270905177
382.011246 9999.0
398.052511 1.19755466779
412.213509 1.17665600777
422.836841 9999
439.166127 1.16033267975
455.406339 1.15124066671
466.652202 9999
483.10719 1.17893425624
493.450454 9999.0
503.375929 9999
519.515486 1.18513337771
535.54184 1.2258023421
550.490692 9999
562.076614 1.18408020337
578.421109 1.17957766851
588.83466 9999
605.088363 1.15147399902
613.782531 9999.0
630.188278 1.13430269559
646.281618 1.21613558133
662.32609 1.23201624552
678.840893 1.1721739769
695.015805 1.15909433365
711.161095 1.1986489296
727.052752 1.23831065496
743.046931 1.16015092532
759.356666 1.16000302633
779.686916 3.41915305456
796.064608 1.18146737417
812.158501 1.16100557645
828.93761 1.20414868991
839.201736 9999
854.053992 1.78116766612
870.613639 1.16749636332
886.808278 2.62379312515
902.852629 1.24842858315
919.113061 1.15830453237
931.340766 1.16770704587
951.935147 3.43220440547
964.716073 9999
980.637199 1.26117070516
996.897193 1.27884030342
1017.69476 3.42150131861
1033.955681 1.18151887258
1050.516038 1.16662669182
1064.663245 9999.0
1079.122614 9999
1094.995298 1.19808371862
1107.737922 1.19362910589
1121.479902 1.2582710584
1137.024651 2.15567922592
1157.553741 3.42759466171
1173.565602 1.14240225156
1190.242539 1.16923801104
1206.520422 1.15755073229
1217.148126 9999
1228.687956 9999
1244.711564 1.16480700175
1261.055358 2.56104373932
1277.233967 1.1463209788
1293.527085 1.21138072014
1309.273534 1.19965704282
1325.698867 1.17922973633
1339.591213 1.25368865331
1355.652234 1.15114092827
1371.746136 1.15689603488
1380.89274 9999
1395.49762 9999
1415.026488 2.16335566839
1429.645129 9999
1445.810981 1.18163474401
1463.52317 2.1836300691
1484.153813 3.41833972931
1496.69503 1.14994899432
1512.942238 1.15491429965
1533.537034 3.42652861277
1544.916038 9999
1561.405126 1.18196463585
1577.515867 1.1656592687
1593.776681 1.16539565722
1608.557059 9999.0
1617.294991 9999
1637.789495 3.43289709091
1650.649109 9999.0
1660.376773 9999
1676.280488 1.26911171277
1694.476726 2.88406737645
1711.137093 1.18473339081
1725.462875 1.18602569898
1737.526353 9999
1753.885861 1.15258804957
1768.359716 1.21515599887
1779.868373 9999
1794.02578 1.17750628789
1812.2904 2.0956556797
1826.94672 1.1576546828
1840.994614 9999
1851.866163 9999.0
1868.024143 1.27034576734
1880.149514 1.33805036545
1896.275505 1.21647230784
1908.271727 9999
1927.964671 2.14540664355
1943.90739 1.23516472181
1960.019956 1.17954468727
1972.460376 1.21385963758
1988.738766 1.18402091662
2009.304712 3.46773838997
2024.867652 9999
2036.990657 9999
2055.164675 2.84918196996
2071.341893 1.21709330877
2081.185546 9999
2101.729362 3.44327028592
2118.390906 1.19326996803
2130.214284 1.16892695427
2146.225535 1.16836833954
2154.902518 9999
2168.326681 9999
2184.717229 2.59319933256
2200.778207 1.24523965518
2212.436359 1.14795303345
2228.28022 1.19590091705
2242.302202 9999
2257.068724 9999
2268.608462 9999.0
2283.365611 1.14187701543
2295.941061 1.19496599833
2312.201498 1.18255408605
2332.831832 3.45323967934
2347.680032 9999.0
2363.818669 1.27220694224
2374.346522 9999
2388.102321 1.16882268588
2404.462012 2.14691185951
2419.105996 1.16520396868
2435.816458 1.17170834541
2452.094437 1.16255394618
2468.121745 1.21939309438
2482.147569 1.25597262383
2496.718029 9999
2510.369568 9999
2522.01318 9999.0
2542.723716 3.44995594025
2563.321631 3.43109075228
2578.083452 9999
2592.657462 9999
2613.284579 3.42073369026
2625.16401 9999
2637.099914 1.13900542259
2653.294599 1.20874794324
2664.840188 9999
2681.045528 1.26063497861
2693.253929 1.14922467868
2702.129248 9999
2711.802645 9999
2724.744502 9999.0
2741.052616 1.22263495127
2758.99808 2.84852536519
2775.391523 1.17465424538
2786.955043 9999
2802.776317 2.16787068049
2819.156225 1.25981036822
2837.481995 2.54208334287
2853.896891 1.16728162766
2868.741967 9999.0
2884.963928 1.2613123258
2899.77684 9999.0
2909.999804 9999
2923.876242 9999
2937.252363 1.16964038213
2951.708394 1.17458597819
2965.475478 9999
2981.364885 1.19026724497
2991.888008 9999
3006.011441 1.23008330663
3019.256541 9999.0
3035.713981 1.20960831642
3055.545176 3.43532125155
3067.567999 1.14296921094
3081.978346 1.19083865484
3092.1235 9999.0
3104.960113 1.15446058909
3119.537177 1.15667963028
3131.510069 1.18978126844
3148.189166 2.62341515223
3164.566828 1.27838428815
3180.642964 1.27379226685
3190.872516 9999
3205.034773 9999.0
3216.320026 9999
3234.612999 2.87994058927
3250.55622 1.22534855207
3265.882836 1.14598170916
3281.893435 1.24368532499
3293.238513 9999
3307.680953 1.15864896774
3323.888531 1.19987169902
3333.181925 9999
3347.737081 1.1895813942
3363.48135 1.19272502263
3374.076033 9999
3394.735949 3.44419940313
3411.148593 1.21441729863
3425.589017 1.13438256582
3442.382807 1.16981426875
3458.460205 2.61257473628
3471.49044 9999
3482.869349 9999
3493.036335 9999.0
3507.762329 9999
3520.234965 1.15247392654
3533.280501 1.18481135368
3544.7727 9999
3555.094344 9999
3571.73581 1.18895904223
3584.461127 1.16166202227
3600.788392 1.18396337827
