2.107789 0.00330575704575
3.719476 0.00230195522308
5.355689 0.00234040021896
7.079251 0.00441510677338
8.651027 0.00252628326416
10.359664 0.00301221609116
11.979644 0.00273996591568
13.627112 0.00295686721802
15.227199 0.00230544805527
16.818791 0.00233738422394
18.353003 0.00237843990326
20.037196 0.00241277217865
21.780873 0.00244195461273
23.403608 0.00292586088181
25.058587 0.00436555147171
26.695755 0.00464861392975
28.405201 0.00305161476135
30.129381 0.00304305553436
31.739133 0.00270190238953
33.683334 0.0024827837944
35.376425 0.00230448246002
37.102259 0.00284291505814
38.66841 0.00319274663925
40.637295 0.00226123332977
42.319404 0.00227680206299
43.963893 0.00318684577942
45.640539 0.00421191453934
47.265451 0.00231298208237
48.919067 0.00320425033569
50.55104 0.00327620506287
52.145433 0.00235923528671
53.696586 0.00244623422623
55.279157 0.00348099470139
56.91534 0.00413395166397
58.480411 0.00242091417313
60.149415 0.00227220058441
61.738378 0.00354014635086
63.368755 0.00233277082443
65.160318 0.00266054868698
66.859764 0.00332418680191
68.64639 0.0038888335228
70.294699 0.00260039567947
72.289467 0.00240716934204
74.072292 0.00242395401001
75.720813 0.00240215063095
77.322971 0.00272438526154
78.91999 0.00231895446777
80.480945 0.00232435464859
82.266746 0.00389310121536
83.921096 0.00337772369385
85.578191 0.00258041620255
87.446348 0.00248856544495
89.030895 0.00242167711258
90.59698 0.00244663953781
92.19673 0.00222873687744
93.914462 0.00249149799347
95.937623 0.00237522125244
97.642474 0.00380862951279
99.460298 0.00262758731842
101.068076 0.0026308298111
102.645132 0.00228049755096
104.251658 0.0030689239502
105.900942 0.00243573188782
107.498398 0.00242322683334
109.128989 0.00258750915527
110.82888 0.00244810581207
112.657056 0.00235168933868
114.281372 0.00423535108566
115.994152 0.00227741003036
117.599401 0.00269553661346
119.596418 0.00245279073715
121.165462 0.00238310098648
122.780047 0.00241862535477
124.3867 0.00251126289368
126.455185 0.00228023529053
128.016858 0.00300019979477
129.65237 0.00228345394135
131.329427 0.00229835510254
132.936926 0.00243755578995
134.606242 0.00270788669586
136.279683 0.00232883691788
137.874076 0.00258954763412
139.501207 0.00235027074814
141.108174 0.00381348133087
142.930469 0.00231695175171
144.570735 0.00309263467789
146.325081 0.00245269536972
147.970082 0.00239697694778
149.570911 0.00237956047058
151.249629 0.00224093198776
152.961307 0.00258648395538
154.611106 0.00348525047302
156.333606 0.00392508506775
158.272949 0.00239653587341
159.968998 0.00421339273453
161.614467 0.00336320400238
163.255107 0.00461896657944
164.883393 0.00280485153198
166.466502 0.00238206386566
168.151527 0.00275603532791
169.754589 0.0023289680481
171.303443 0.00231809616089
172.889774 0.00254677534103
174.515569 0.00243988037109
176.151703 0.0035875916481
177.810158 0.0024640083313
179.437706 0.00233743190765
181.036654 0.00228416919708
182.640396 0.00231105089188
184.26113 0.00248738527298
185.865327 0.00245794057846
187.675273 0.0023556470871
189.655689 0.00356861352921
191.2726 0.0027991771698
192.971135 0.00268025398254
194.62894 0.00292738676071
196.270856 0.00439820289612
197.890496 0.0026428937912
199.540544 0.00296142101288
201.223077 0.00292969942093
203.404334 0.00262954235077
204.992579 0.00313704013824
206.653565 0.00540441274643
208.316918 0.00344529151917
210.070846 0.00246204137802
211.760551 0.00243761539459
213.371674 0.00255893468857
215.457964 0.0023538351059
217.071488 0.00234336853027
218.698785 0.00299237966537
220.91916 0.00249288082123
222.575126 0.00240865945816
224.191837 0.00395077466965
225.790826 0.00231865644455
227.485998 0.00240685939789
229.08484 0.00229595899582
230.696144 0.0023220539093
232.347652 0.00261769294739
233.987882 0.00365887880325
235.619486 0.00284460783005
237.202535 0.00264539718628
238.779607 0.00230703353882
240.346254 0.00266678333282
241.956076 0.00230572223663
243.624671 0.00312478542328
245.239751 0.00247528553009
246.860555 0.00311686992645
248.48037 0.0022656917572
250.387806 0.00241823196411
252.408273 0.00305144786835
254.069172 0.00228947401047
255.736838 0.00240634679794
257.431493 0.00224078893661
259.153816 0.00302625894547
260.779383 0.00239527225494
262.433697 0.00298209190369
264.139139 0.00360813140869
265.76374 0.00269054174423
267.362217 0.0024794459343
268.962702 0.00235431194305
270.646255 0.00256308317184
272.284258 0.00241624116898
273.883935 0.00278778076172
275.497215 0.00229256153107
277.148082 0.00308902263641
278.762147 0.00233618021011
280.519654 0.00243874788284
282.128714 0.0028818488121
284.096949 0.00241302251816
285.785483 0.00238976478577
287.380476 0.00244317054749
289.496705 0.00227584838867
291.121282 0.0022926568985
292.720316 0.00246683359146
294.306632 0.00233697891235
295.990678 0.00559048652649
297.663211 0.00370708703995
299.985849 0.00240164995193
301.834826 0.00360267162323
303.42424 0.00240588188171
305.052406 0.00251944065094
306.703849 0.00293116569519
308.300306 0.00230510234833
310.017703 0.0023717880249
311.685473 0.00238261222839
313.356374 0.00258855819702
315.590768 0.00264332294464
317.498925 0.00230308771133
319.101479 0.00268977880478
320.697061 0.00242015123367
322.281568 0.00246056318283
323.995812 0.00234287977219
325.687219 0.003433573246
327.483936 0.00219504833221
329.087126 0.00358772277832
330.724506 0.00271755456924
332.322671 0.00340614318848
334.020732 0.00347837209702
335.985406 0.00330371856689
337.95011 0.00280029773712
339.525098 0.00228972434998
341.149409 0.00353655815125
342.812719 0.00250673294067
344.435248 0.00226073265076
346.509994 0.002319252491
348.152932 0.00234866142273
349.795148 0.00441553592682
351.419139 0.00271362066269
353.018854 0.00239351987839
354.639834 0.00243874788284
356.2687 0.00357666015625
358.034399 0.00416635274887
359.645848 0.00316251516342
361.298607 0.00311877727509
362.849298 0.00239660739899
364.561188 0.00238375663757
366.194361 0.00225600004196
367.802556 0.00241812467575
369.427289 0.00314353704453
371.087484 0.00302139520645
372.689185 0.00228534936905
374.639799 0.00231281518936
376.320013 0.0023801445961
378.213022 0.00299427509308
379.844512 0.00399643182755
381.513587 0.00453851222992
383.115731 0.00232874155045
384.725985 0.00231736898422
386.348262 0.00476325750351
388.088248 0.00265854597092
389.759021 0.00267459154129
391.372927 0.00230736732483
392.995083 0.00264879465103
394.58185 0.00238584280014
396.192501 0.00223459005356
397.762475 0.00270391702652
399.471151 0.00238839387894
401.054488 0.0034340262413
402.734355 0.00305074453354
404.338876 0.00251889228821
405.952333 0.00280513763428
407.57258 0.00283596515656
409.455639 0.00224196910858
411.029853 0.00229498147964
412.719017 0.00332168340683
414.317176 0.00231901407242
416.198089 0.00226495265961
417.954749 0.00292828083038
419.638139 0.00228214263916
421.234328 0.00365961790085
422.86311 0.00232155323029
424.41404 0.00233327150345
425.978499 0.00240569114685
427.620277 0.00269782543182
429.205763 0.00235924720764
430.846908 0.00227471590042
432.437438 0.00231025218964
434.275747 0.00261112451553
435.997768 0.00250931978226
437.717786 0.00238860845566
439.302155 0.00234566926956
441.167055 0.00251290798187
442.779277 0.00273348093033
444.37564 0.00237408876419
445.961435 0.00311640501022
447.896194 0.00450474023819
449.505179 0.00235528945923
451.1182 0.00293695926666
452.832744 0.0030042886734
454.399212 0.00227936506271
456.062479 0.00287532806396
457.822926 0.00301579236984
459.542224 0.00283560752869
461.205142 0.00275124311447
462.831022 0.00238900184631
464.443639 0.00242257118225
466.909252 0.00354801416397
468.545342 0.00287493467331
470.160211 0.00233880281448
472.357138 0.00269640684128
474.008157 0.00293303728104
475.665722 0.00241628885269
477.271152 0.00240926742554
478.918808 0.00244519710541
480.89516 0.00229997634888
482.560198 0.00230506658554
484.128439 0.0023871421814
485.73633 0.00334213972092
487.318248 0.00237342119217
488.92702 0.00231169462204
490.625923 0.00331699848175
492.193193 0.00230929851532
493.904182 0.00239810943604
495.499137 0.00259939432144
497.108967 0.00294814109802
498.714544 0.00252544879913
500.451678 0.00229402780533
502.404793 0.00244207382202
504.048212 0.00239725112915
505.725438 0.0034069776535
507.597684 0.00255355834961
509.323836 0.00230479240417
510.918748 0.00228222608566
512.507104 0.00235743522644
514.170351 0.00349229574203
515.838352 0.00230084657669
517.432987 0.00237431526184
519.077046 0.00265398025513
520.692996 0.00236365795135
522.30405 0.00292710065842
523.892676 0.00267316102982
525.46117 0.00252070426941
527.200215 0.00313218832016
528.797786 0.00319551229477
530.410009 0.002632188797
531.979319 0.00243002176285
533.834765 0.00229815244675
535.419972 0.00221718549728
537.016211 0.00228934288025
538.634251 0.0033283829689
540.293784 0.00231727361679
541.917106 0.00250822305679
543.529826 0.0026598572731
545.637489 0.00234977006912
547.215086 0.00232090950012
548.868332 0.00339231491089
550.483068 0.00229932069778
552.101641 0.00404981374741
553.690898 0.00231750011444
555.358517 0.00229177474976
557.038727 0.0023853302002
558.726847 0.00254765748978
560.449573 0.00464676618576
562.074112 0.00279483795166
563.65934 0.00314762592316
565.706377 0.00239493846893
567.542781 0.00397959947586
569.160194 0.00224540233612
571.091665 0.00231065750122
572.857848 0.00227296352386
574.625271 0.00282933712006
576.312401 0.00271161794662
577.918748 0.00247845649719
579.533586 0.00232888460159
581.387593 0.00241718292236
582.978147 0.00238624811172
584.62588 0.00251327753067
586.453905 0.00311018228531
588.108071 0.00463184118271
589.72681 0.00252522230148
591.808154 0.0024906039238
593.368132 0.00236061811447
595.06288 0.00323535203934
596.996827 0.00349839925766
598.600125 0.00235325098038
600.241512 0.00245357751846
601.955301 0.00227736234665
603.637702 0.00272487401962
605.276561 0.00326821804047
607.052282 0.00314815044403
608.699395 0.00233906507492
610.289329 0.00255808830261
611.961264 0.00407910346985
613.658907 0.00376398563385
615.265449 0.00400816202164
617.01714 0.00228233337402
618.615229 0.00463906526566
620.278363 0.00294221639633
621.969281 0.00239664316177
623.55211 0.00237681865692
625.146471 0.00288571119308
626.983117 0.00247405767441
629.115402 0.0023024559021
630.693709 0.00234560966492
632.322457 0.0027436375618
633.930542 0.00229606628418
635.609152 0.00341856479645
637.288693 0.00234377384186
638.909465 0.00376070737839
640.461105 0.00231800079346
642.295398 0.00329710245132
643.879642 0.00315427780151
645.501754 0.00243608951569
647.178429 0.00471402406693
648.805705 0.00244550704956
650.43361 0.00374964475632
652.222309 0.0022399187088
653.839708 0.00288583040237
655.452669 0.00273207426071
657.112521 0.00262413024902
658.695177 0.00288282632828
661.072218 0.00549273490906
662.925162 0.00251239538193
664.597513 0.00326408147812
666.320114 0.00250611305237
667.963615 0.00472835302353
669.618715 0.00369279384613
671.225379 0.00245933532715
672.803526 0.00266423225403
674.445009 0.00229744911194
676.079511 0.00241488218307
677.898085 0.00226393938065
679.550287 0.00338220596313
681.23409 0.00244954824448
682.811633 0.00242785215378
684.387386 0.00236595869064
685.941975 0.00229824781418
687.548862 0.00245317220688
689.162902 0.00297751426697
691.487266 0.00224738121033
693.060437 0.00242623090744
694.653893 0.00290894508362
696.339116 0.0035474896431
698.016138 0.00236208438873
699.670116 0.00250859260559
701.248213 0.00255460739136
702.940335 0.0027291059494
704.567266 0.00355352163315
706.226525 0.0025274515152
708.70243 0.00254236459732
710.362215 0.00316907167435
711.979002 0.00254848003387
713.633632 0.00259557962418
715.224929 0.00245628356934
717.033055 0.00242456197739
718.744253 0.00372174978256
720.413334 0.00249121189117
722.657817 0.00283807516098
724.305473 0.00365262031555
725.927906 0.00241743326187
727.640689 0.00226827859879
729.270471 0.00257675647736
731.092251 0.00219943523407
732.663911 0.0038965344429
734.387525 0.00388125181198
736.019239 0.00421348810196
737.616689 0.00325635671616
739.454989 0.00408658981323
741.063705 0.00257797241211
742.642941 0.00295478105545
744.214357 0.00259027481079
746.098052 0.00263509750366
747.711442 0.00248880386353
749.311036 0.00362426042557
751.068481 0.00227365493774
753.08726 0.00304050445557
754.666477 0.00229752063751
756.273739 0.00241794586182
758.114536 0.00261327028275
760.223798 0.00474818944931
761.849482 0.0025115609169
763.441573 0.00261191129684
765.044756 0.00406967401505
766.655106 0.00225381851196
768.364539 0.00260862112045
769.997636 0.00222284793854
771.586319 0.0023881316185
773.184405 0.00280885696411
774.784026 0.00263203382492
776.38705 0.00249930620193
777.994244 0.00276535749435
779.601411 0.00467921495438
781.439335 0.00322096347809
783.024921 0.00356204509735
785.216035 0.00254015922546
787.003488 0.00305488109589
788.609595 0.00405913591385
790.277843 0.0024031996727
791.882498 0.00263125896454
793.498194 0.00229413509369
795.127383 0.00238960981369
797.455085 0.00227261781693
799.112432 0.00285791158676
800.814583 0.00303910970688
802.460879 0.0026088476181
804.081944 0.00304557085037
805.737976 0.00257397890091
807.287456 0.00236383676529
808.931999 0.00227377414703
810.573737 0.00357061624527
812.184755 0.00243729352951
813.792136 0.00248839855194
816.074187 0.00241924524307
817.657015 0.00231850147247
819.317491 0.00462859869003
820.921699 0.0024343252182
822.537211 0.00235645771027
824.16217 0.00427535772324
825.789484 0.00310031175613
827.412078 0.00279824733734
829.068036 0.00341219902039
830.681413 0.00279639959335
832.967847 0.00249360799789
834.565833 0.0029983997345
836.237977 0.00241485834122
837.834404 0.00370767116547
839.471087 0.00364753007889
841.076758 0.00243388414383
842.722906 0.00327060222626
844.457841 0.00253611803055
846.471008 0.0037811756134
848.054364 0.00235577821732
849.658364 0.00364084243774
851.629193 0.0029353260994
853.233668 0.00239038467407
854.912789 0.00406851768494
856.533486 0.00236785411835
858.189603 0.00287353992462
859.800696 0.00235559940338
861.409158 0.00224078893661
863.199721 0.00274080038071
864.82243 0.00249435901642
866.392413 0.00254114866257
868.112469 0.00252383947372
869.681823 0.0036926984787
871.39396 0.00232290029526
872.944199 0.0022577881813
874.54484 0.00246523618698
876.194789 0.00445691347122
878.234484 0.00230402946472
879.832265 0.00227745771408
881.513618 0.00246896743774
883.379168 0.00229209661484
885.037236 0.00396778583527
886.727632 0.0036395907402
888.40779 0.00242314338684
890.012646 0.00232083797455
891.610392 0.00243527889252
893.228241 0.00431072711945
895.09982 0.00221122503281
896.695166 0.00231853723526
898.405632 0.00242103338242
900.042164 0.00226702690125
901.687975 0.00247983932495
903.360738 0.00353041887283
905.045928 0.00234447717667
906.650888 0.00339175462723
908.683314 0.00246336460114
910.257556 0.00252280235291
911.909467 0.00236113071442
913.607727 0.00252004861832
915.223786 0.0042631149292
916.832364 0.00311584472656
918.433978 0.00249465703964
920.016336 0.00238980054855
921.605123 0.00246187448502
923.302936 0.00357575416565
924.94458 0.00226308107376
926.543145 0.00322744846344
928.292182 0.0031564116478
929.986637 0.00388518571854
931.60781 0.00253154039383
933.228014 0.00264009237289
935.586387 0.00311326980591
937.237153 0.00249475240707
939.104359 0.00346124172211
940.727467 0.0041944026947
942.364417 0.00230085849762
944.092106 0.007206594944
945.777182 0.00240050554276
947.591036 0.00256307125092
949.184237 0.0025004029274
950.802224 0.00272063016891
952.528632 0.0023206114769
954.178449 0.00259754657745
955.780065 0.00332978963852
957.46004 0.0024071931839
959.061427 0.00322605371475
960.731855 0.00255908966064
962.556443 0.00255328416824
964.194961 0.00245674848557
965.954245 0.00292600393295
967.544553 0.0022934794426
969.560291 0.00354340076447
971.972532 0.00278625488281
973.560112 0.00314769744873
975.183523 0.00269857645035
976.891671 0.00369527339935
978.528774 0.00243234634399
980.196379 0.00244610309601
981.838473 0.00289120674133
983.437007 0.00280245542526
985.04826 0.0027273774147
986.62615 0.00242075920105
988.380549 0.0026216506958
990.11661 0.00468204021454
991.762687 0.00329685211182
993.454944 0.0023952960968
995.189848 0.0027176618576
996.89168 0.0026965379715
998.47102 0.00238887071609
1000.460282 0.00278164148331
1002.125927 0.00362335443497
1003.88897 0.0032038807869
1005.741139 0.00504528284073
1007.368442 0.00285458564758
1009.01492 0.00228688716888
1010.763642 0.00279892683029
1012.378601 0.00253384113312
1014.079097 0.0025460600853
1015.868197 0.00299723148346
1017.468203 0.0023280620575
1019.071327 0.00319554805756
1020.773987 0.00267254114151
1022.393178 0.00291361808777
1024.416011 0.00234706401825
1026.088224 0.00284365415573
1027.736835 0.0030995965004
1029.414159 0.0032858133316
1031.366144 0.00234168767929
1033.055561 0.00238208770752
1034.665465 0.00238054990768
1036.268513 0.00339448451996
1037.90406 0.0023885011673
1039.517913 0.00251508951187
1041.137595 0.00222426652908
1042.93878 0.00293157100677
1044.568174 0.00286958217621
1046.143294 0.00244674682617
1047.795671 0.00291067361832
1049.558633 0.00229638814926
1051.172871 0.00235224962234
1052.799352 0.00287344455719
1054.450451 0.00282144546509
1056.051362 0.00244598388672
1057.63927 0.0023668885231
1059.257893 0.00357313156128
1061.003252 0.00298020839691
1063.005251 0.00359410047531
1064.75129 0.00239038467407
1066.360578 0.00423210859299
1067.961413 0.00288776159286
1069.569954 0.0025356054306
1071.215605 0.00241187810898
1072.877506 0.00315935611725
1074.550171 0.00402213335037
1076.142004 0.00256934165955
1077.799782 0.00247589349747
1079.467095 0.00227962732315
1081.081905 0.00249621868134
1083.093592 0.00231500864029
1084.712391 0.00251420736313
1086.388993 0.00247982740402
1088.080904 0.00279051065445
1089.848145 0.00314604043961
1091.538713 0.00230116844177
1093.47603 0.00267680883408
1095.089853 0.002472615242
1096.688781 0.00230113267899
1098.280292 0.00354460477829
1099.928129 0.00427306890488
1101.515288 0.00231101512909
1103.092089 0.00254820585251
1104.700694 0.00238054990768
1106.339432 0.00337804555893
1107.968044 0.00243881940842
1109.551105 0.00234229564667
1111.207769 0.00394213199615
1113.002365 0.00241688489914
1114.697873 0.00279713869095
1116.308959 0.00242191553116
1117.881572 0.00240113735199
1119.509362 0.00282644033432
1121.188045 0.00453550815582
1123.696193 0.00237588882446
1125.839887 0.00351175069809
1127.462848 0.0023757815361
1129.127219 0.00269242525101
1130.770749 0.00395045280457
1132.429596 0.00246940851212
1134.04018 0.00235728025436
1135.728745 0.00250064134598
1137.406766 0.00249779224396
1139.115656 0.00240470170975
1140.689889 0.00228732824326
1142.290584 0.00290553569794
1143.900431 0.00228577852249
1145.501777 0.00231785774231
1147.154367 0.00378453731537
1148.813201 0.00233582258224
1150.524851 0.00328962802887
1152.201605 0.00236645936966
1153.797136 0.00265846252441
1155.619761 0.00228697061539
1158.410509 0.00244839191437
1160.049022 0.00232751369476
1161.626158 0.00261704921722
1163.283172 0.00302890539169
1164.990591 0.00231825113297
1166.645544 0.00308130979538
1168.281565 0.00255641937256
1170.034341 0.00232539176941
1171.696389 0.00247304439545
1173.317928 0.00244320631027
1175.006167 0.0024209856987
1176.751772 0.00283257961273
1178.375093 0.00233881473541
1180.061031 0.00238896608353
1181.65158 0.00241503715515
1183.484057 0.00225623846054
1185.087765 0.00245282649994
1186.773324 0.00296982526779
1188.766406 0.00292502641678
1190.420726 0.0030760884285
1192.097649 0.0047177195549
1194.769357 0.00280787944794
1196.457183 0.00262809991837
1198.200031 0.00317219495773
1199.862111 0.00245215892792
1201.44853 0.00239338874817
1203.069885 0.00335425138474
1204.719111 0.00357973575592
1206.36546 0.00392066240311
1207.950077 0.00243099927902
1209.656056 0.00326842069626
1211.361706 0.00252636671066
1213.084605 0.00235496759415
1214.718646 0.00304934978485
1216.354243 0.00257127285004
1218.059359 0.00259733200073
1220.14643 0.00274440050125
1221.76091 0.00257943868637
1223.346141 0.0023974776268
1225.109872 0.00294806957245
1226.851054 0.0041456580162
1228.602414 0.00233199596405
1230.204752 0.00226882696152
1231.840881 0.00288617610931
1233.52768 0.00251445770264
1235.20303 0.00251386165619
1236.855547 0.00403938293457
1238.443184 0.00231148004532
1240.090832 0.00227996110916
1241.669457 0.00241056680679
1243.377695 0.0024916768074
1245.074635 0.00264570713043
1246.694175 0.00346283912659
1248.344261 0.00457592010498
1249.967915 0.00229754447937
1252.086626 0.0024530172348
1253.707465 0.00286922454834
1255.37922 0.00354386568069
1256.984115 0.0024901509285
1258.630926 0.00364670753479
1260.288193 0.00357139110565
1261.890065 0.00231018066406
1264.241312 0.00291609764099
1265.962465 0.0025753736496
1267.804123 0.00249692201614
1269.412935 0.00246464014053
1270.995268 0.0025293469429
1272.626255 0.00233523845673
1274.430299 0.00243765115738
1276.014606 0.00235587358475
1277.673561 0.00229730606079
1279.291693 0.00238492488861
1280.970835 0.00354814529419
1283.021352 0.00232475996017
1284.733037 0.0025429725647
1286.355343 0.0023770570755
1287.991144 0.00242334604263
1289.641098 0.00239760875702
1291.325258 0.0024517416954
1293.068001 0.00241897106171
1294.698649 0.00272469520569
1296.316015 0.00250971317291
1297.907406 0.00230062007904
1299.4695 0.00238511562347
1301.270702 0.0024603843689
1303.751782 0.00244715213776
1305.57504 0.00314147472382
1307.215853 0.00500679016113
1308.860612 0.00252679586411
1310.493471 0.00314787626266
1312.102257 0.00235304832458
1314.336045 0.00245752334595
1315.927265 0.00244485139847
1317.780318 0.00243982076645
1319.397029 0.00241672992706
1321.04423 0.00234055519104
1322.646419 0.00263100862503
1324.267372 0.00242003202438
1325.852488 0.00234483480453
1327.56647 0.00270948410034
1329.174539 0.00256161689758
1330.856277 0.00243154764175
1332.553827 0.0022775053978
1334.179624 0.00241428613663
1335.81237 0.00341616868973
1337.489046 0.00323874950409
1339.189235 0.00236282348633
1340.770743 0.0026984333992
1342.893662 0.00243955850601
1344.947843 0.00333862304688
1346.573394 0.002767765522
1348.179822 0.00254541635513
1349.82245 0.00318640470505
1351.470845 0.00343083143234
1353.128651 0.00246194601059
1354.863071 0.00242698192596
1356.528846 0.00281479358673
1358.115847 0.00290915966034
1359.851488 0.00247443914413
1361.425287 0.00319259166718
1363.040812 0.00257850885391
1364.745545 0.00237216949463
1366.395671 0.00383437871933
1368.042941 0.00276314020157
1369.730851 0.00270364284515
1371.524132 0.00379260778427
1373.182127 0.00274343490601
1374.808454 0.00318638086319
1377.447179 0.00274349451065
1379.073003 0.00276553630829
1380.789406 0.00321756601334
1382.452497 0.00451864004135
1384.177245 0.00245760679245
1385.876178 0.00223671197891
1387.533069 0.00227760076523
1389.17517 0.00263143777847
1390.810805 0.00264765024185
1392.481049 0.00256018638611
1394.281932 0.00258610248566
1395.906603 0.00252252817154
1397.59127 0.00246526002884
1399.247048 0.00288989543915
1400.887017 0.0032808303833
1402.960399 0.00270043611526
1404.647363 0.00371820926666
1406.257322 0.00252912044525
1408.258647 0.00312323570251
1409.853766 0.00264027118683
1411.476087 0.003044962883
1413.108579 0.00267670154572
1414.687284 0.00273283720016
1416.280882 0.00284575223923
1417.976444 0.00242209434509
1419.850735 0.00262911319733
1421.429816 0.002488052845
1423.11058 0.00229378938675
1424.803926 0.00341778993607
1426.652818 0.00264594554901
1428.342537 0.00295087099075
1430.005058 0.00316425561905
1431.814871 0.00410040616989
1433.420039 0.0024064540863
1435.079583 0.00240592956543
1436.744162 0.0030303478241
1438.954004 0.00249133110046
1440.67435 0.00261981487274
1442.38121 0.00241655111313
1444.015098 0.00238425731659
1445.622648 0.00241613388062
1447.269886 0.00248485803604
1448.997232 0.00476409196854
1450.730375 0.00234429836273
1452.406837 0.0025675535202
1454.030518 0.00243554115295
1455.726283 0.00321655273438
1457.334159 0.00246189832687
1459.4256 0.00257548093796
1461.055678 0.00355182886124
1462.651526 0.00249851942062
1464.244063 0.00244156122208
1465.886266 0.00265070199966
1467.635657 0.00254406929016
1469.891145 0.00255773067474
1471.609922 0.00278272628784
1473.225137 0.00243227481842
1474.932661 0.00354949235916
1476.731647 0.00227982997894
1478.43927 0.00236300230026
1480.044456 0.00229246616364
1481.76836 0.00284388065338
1483.396359 0.00236620903015
1484.971139 0.00255341529846
1486.715326 0.00480955839157
1488.403769 0.00258618593216
1490.00798 0.00233815908432
1491.685331 0.0023153424263
1493.351427 0.00272426605225
1494.992543 0.00258753299713
1496.657714 0.00270659923553
1498.256338 0.00241152048111
1500.306239 0.00271047353745
1501.976467 0.00502417087555
1503.654661 0.00274345874786
1506.09074 0.00388427972794
1507.97761 0.00234047174454
1509.605032 0.00279361009598
1511.24124 0.00250358581543
1512.874748 0.00238214731216
1514.589307 0.00355348587036
1516.20344 0.00326708555222
1517.874158 0.00324306488037
1519.505315 0.00482687950134
1521.22662 0.00230793952942
1522.817944 0.00232623815536
1524.381368 0.00244989395142
1526.10719 0.00235563516617
1527.716731 0.00278989076614
1529.28909 0.00233407020569
1531.528118 0.00326079130173
1533.420091 0.00321102142334
1535.031796 0.00374592542648
1536.640285 0.00249658823013
1538.340227 0.00229355096817
1539.955663 0.0023174405098
1541.650949 0.0023649096489
1543.263837 0.00381214618683
1544.958301 0.00238392353058
1546.642421 0.00239540338516
1548.280917 0.00355195999146
1549.896223 0.00247945785522
1551.49626 0.00246331691742
1553.188199 0.00383771657944
1554.864951 0.0022977232933
1556.493434 0.00238889455795
1558.151573 0.00357846021652
1559.83157 0.00273143053055
1561.852556 0.00262060165405
1563.467068 0.00234969854355
1565.059495 0.00241026878357
1566.876123 0.00297936201096
1568.454132 0.00237616300583
1570.040141 0.00231364965439
1571.710653 0.00240845680237
1573.431173 0.00258765220642
1575.061635 0.00239530801773
1576.749839 0.00383794307709
1578.405729 0.00227667093277
1580.2089 0.0023169875145
1582.008621 0.00268429517746
1583.605268 0.00235238075256
1585.183201 0.00279368162155
1586.766985 0.00225065946579
1588.389284 0.00234048366547
1590.02352 0.00246931314468
1591.612395 0.00228959321976
1593.819287 0.00230989456177
1595.419853 0.00235152244568
1597.093975 0.00228585004807
1598.791942 0.00262451171875
1600.380276 0.00244817733765
1602.003469 0.00263992547989
1603.684308 0.00278431177139
1605.295898 0.00274789333344
1606.932632 0.00272969007492
1608.989338 0.00311411619186
1610.618052 0.00274782180786
1612.259204 0.00356194972992
1614.087965 0.00315986871719
1615.79587 0.00256642103195
1617.497311 0.00247111320496
1619.10586 0.00258758068085
1620.990395 0.00243757963181
1622.592679 0.00256396532059
1624.689131 0.00250797271729
1626.324173 0.00418626070023
1627.891829 0.00238980054855
1629.726079 0.0023677110672
1631.391518 0.00415371656418
1633.408284 0.00232226848602
1635.298268 0.00248242616653
1637.052398 0.00228388309479
1638.746728 0.00228838920593
1640.358152 0.00238890647888
1641.995833 0.00231713056564
1643.596022 0.00231565237045
1645.296054 0.00296580791473
1646.906805 0.00246630907059
1648.539245 0.00276310443878
1650.467795 0.00272171497345
1652.150773 0.00319577455521
1653.801668 0.00252691507339
1655.847001 0.00239472389221
1657.447253 0.00233628749847
1659.233508 0.00250210762024
1660.815444 0.00350041389465
1662.435132 0.00264312028885
1664.130506 0.00416144132614
1665.78526 0.00237132310867
1667.375715 0.00245192050934
1669.100674 0.00334535837173
1670.855572 0.00330859422684
1672.526687 0.00315967798233
1674.146327 0.00248794555664
1675.821412 0.00247846841812
1677.51266 0.00281573534012
1679.18205 0.00315759181976
1680.843937 0.00259699821472
1682.711729 0.00249111652374
1684.326094 0.00261580944061
1686.413572 0.00254193544388
1688.335301 0.00409836769104
1690.063767 0.00238740444183
1691.697473 0.00225850343704
1693.335213 0.00372805595398
1694.997808 0.00252639055252
1696.622135 0.00337383747101
1698.901999 0.00245085954666
1700.717498 0.00248801708221
1702.364223 0.00228731632233
1703.942411 0.00264623165131
1705.589208 0.00253225564957
1707.193713 0.00271077156067
1708.888072 0.00280863046646
1710.520785 0.00245169401169
1712.19208 0.00269242525101
1713.85125 0.0027024269104
1715.522715 0.00248148441315
1717.579469 0.0023891210556
1719.206767 0.00451104640961
1720.919939 0.00240030288696
1722.551333 0.0033548116684
1724.242734 0.00299010276794
1726.138408 0.00285278558731
1727.76423 0.00229824781418
1729.404631 0.00247571468353
1731.023255 0.00234764814377
1732.667887 0.00248816013336
1734.309481 0.00249437093735
1736.15318 0.00353014469147
1737.779745 0.00262162685394
1739.391883 0.00262479782104
1741.019109 0.0023822426796
1742.629195 0.00236155986786
1744.193568 0.00269371271133
1745.875528 0.00244281291962
1747.511177 0.00242042541504
1749.706202 0.002454662323
1751.671 0.00288172960281
1753.342264 0.00477643013
1754.92708 0.00245778560638
1756.520804 0.00421426296234
1758.18491 0.00428775548935
1759.895332 0.00242052078247
1761.527955 0.00285098552704
1763.205852 0.00404931306839
1764.815681 0.00236968994141
1766.417604 0.00236256122589
1768.063055 0.00287744998932
1769.69551 0.00323905944824
1771.785128 0.00231453180313
1773.450344 0.00264654159546
1775.100863 0.00245335102081
1776.739106 0.00392184257507
1778.432226 0.00360670089722
1780.389517 0.00234483480453
1782.007633 0.00233738422394
1783.673802 0.00236603021622
1785.306155 0.002701151371
1787.103184 0.00332461595535
1788.722968 0.00237579345703
1790.423835 0.00246248245239
1792.074312 0.00301606655121
1793.770944 0.00240478515625
1795.388212 0.00242621898651
1797.032147 0.00225903987885
1798.673363 0.00239424705505
1800.371881 0.00252510309219
1802.039069 0.00242352485657
1804.066298 0.00235377550125
1805.692464 0.00250393152237
1807.347896 0.00281723737717
1808.95839 0.00271503925323
1811.068258 0.00320831537247
1812.683864 0.00238307714462
1814.313271 0.00250834226608
1816.029638 0.00228585004807
1817.793978 0.00255506038666
1819.484646 0.00292217731476
1821.160339 0.0024199962616
1822.790911 0.00358682870865
1824.430367 0.00415064096451
1826.036736 0.0024129152298
1827.619642 0.00232475996017
1829.237346 0.00268226861954
1830.879026 0.00235491991043
1832.525828 0.00244262218475
1834.111053 0.00333414077759
1835.932239 0.00236746072769
1837.501439 0.00281039476395
1839.302971 0.00331587791443
1841.020326 0.00250791311264
1843.141036 0.00256404876709
1844.983489 0.00236845016479
1846.597892 0.00247037410736
1848.223012 0.00260187387466
1849.794622 0.0024756193161
1851.372115 0.00258907079697
1853.069206 0.00461933612823
1854.846207 0.00435178279877
1856.498411 0.00237196683884
1858.052223 0.00226435661316
1859.809364 0.00262676477432
1861.512783 0.00286149978638
1863.162875 0.00238198041916
1864.777847 0.0028418302536
1866.450175 0.00255538225174
1868.128441 0.00230712890625
1869.81783 0.00245468616486
1871.507641 0.00242389440536
1873.862701 0.00242314338684
1875.640849 0.0023943066597
1877.334407 0.004256939888
1879.017832 0.00285376310349
1880.633213 0.00423746109009
1882.269549 0.00242451429367
1883.938715 0.00230507850647
1885.600826 0.00388765335083
1887.390971 0.00374108552933
1889.037637 0.00334503650665
1890.606827 0.00236884355545
1892.378172 0.00271998643875
1894.023894 0.00267333984375
1895.68501 0.00339300632477
1897.355609 0.00261317491531
1898.960019 0.00240558385849
1900.615103 0.00326206684113
1902.237281 0.00247995853424
1904.344294 0.00271002054214
1906.981681 0.00231673717499
1908.578676 0.00243624448776
1910.227109 0.00273342132568
1911.90313 0.00245263576508
1913.52539 0.00232673883438
1915.174359 0.00261201858521
1916.908442 0.00231900215149
1918.586191 0.00250833034515
1920.382994 0.0023765206337
1922.159633 0.00246912240982
1923.83186 0.00269204378128
1925.41322 0.0024734377861
1927.023231 0.00378959178925
1928.639863 0.00306317806244
1930.290315 0.00402013063431
1932.525676 0.00239144563675
1934.175436 0.0032543182373
1936.148558 0.00277214050293
1938.053192 0.0027526974678
1939.707793 0.00311088562012
1941.341939 0.00276162624359
1942.941962 0.00251023769379
1944.668462 0.00293813943863
1946.229447 0.00238009691238
1947.872723 0.00335462093353
1949.563146 0.00245810747147
1951.208376 0.00260692834854
1952.881907 0.00249176025391
1954.587659 0.00231456756592
1956.146994 0.00250030755997
1957.881032 0.00256180763245
1959.523624 0.00273662805557
1961.148918 0.00349308252335
1962.822282 0.00322064161301
1964.536717 0.00238891839981
1966.669818 0.0025141119957
1968.973738 0.00246912240982
1970.606932 0.00243521928787
1972.320944 0.0023052573204
1973.931088 0.00247273445129
1975.540528 0.00343132019043
1977.312419 0.00314285755157
1979.011269 0.00264205932617
1980.664391 0.00240840911865
1982.272473 0.00247722864151
1984.012427 0.00255979299545
1985.582847 0.00229489803314
1987.251625 0.00422328710556
1988.858964 0.00297658443451
1990.427977 0.0024204492569
1992.043326 0.00230512619019
1993.681335 0.00246949195862
1995.323702 0.0029204249382
1997.543078 0.00236656665802
1999.264108 0.00270417928696
2000.904709 0.00317873954773
2002.555891 0.00230402946472
2004.340027 0.00311592817307
2005.969117 0.00243525505066
2007.632867 0.00238598585129
2009.258138 0.00346349477768
2011.217939 0.00261850357056
2012.826915 0.00376316308975
2014.54092 0.00250214338303
2016.155938 0.00234627723694
2017.877694 0.0034051656723
2019.514814 0.00249565839767
2021.115988 0.00259640216827
2022.862265 0.00307388305664
2024.612722 0.00355712175369
2026.297486 0.00288187265396
2028.647873 0.00251611471176
2030.359708 0.00237934589386
2031.997697 0.00246928930283
2033.572895 0.00244693756104
2035.172462 0.00239803791046
2036.819371 0.00247410535812
2038.43165 0.00232262611389
2040.21397 0.00242066383362
2041.844526 0.00266728401184
2043.544839 0.00285618305206
2045.173705 0.0032879948616
2047.081196 0.00232447385788
2048.81603 0.00477378368378
2050.420068 0.00314027070999
2052.1083 0.00272942781448
2053.694887 0.00251733064651
2055.335368 0.00244522094727
2057.04105 0.00367307662964
2058.962656 0.00309480428696
2060.54254 0.00241113901138
2062.170756 0.00279059410095
2063.793069 0.00239933729172
2065.451075 0.00339782238007
2067.05565 0.00352506637573
2068.821379 0.00278097391129
2070.466246 0.00258955955505
2072.093566 0.00298308134079
2073.859241 0.00229878425598
2075.874374 0.00436432361603
2077.603358 0.00308386087418
2079.333869 0.00227785110474
2080.953412 0.00235539674759
2082.589772 0.00250263214111
2084.311454 0.00244238376617
2085.913549 0.0023233294487
2087.589017 0.00241717100143
2089.624745 0.00247731208801
2091.316785 0.002385866642
2092.935945 0.00462037324905
2094.580565 0.00305202007294
2096.205786 0.00264893770218
2097.814527 0.00235909223557
2099.462422 0.00266697406769
2101.045416 0.00285847187042
2102.606527 0.00245587825775
2104.325253 0.00245108604431
2105.942432 0.00385555028915
2107.64794 0.00235550403595
2109.495541 0.00229589939117
2111.112258 0.00269551277161
2113.038725 0.0023034453392
2114.717988 0.00248883962631
2116.337394 0.0023416519165
2117.980855 0.00263929367065
2120.179373 0.00384171009064
2121.847534 0.00384601354599
2123.594819 0.00250560045242
2125.267812 0.00346443653107
2126.902917 0.00413588285446
2128.604181 0.00455030202866
2130.246258 0.00237222909927
2132.09128 0.00244117975235
2133.72743 0.00250157117844
2135.431918 0.00238419771194
2137.166621 0.00233384370804
2138.776496 0.00238176584244
2140.497448 0.00341435670853
2142.178327 0.00281517505646
2143.801812 0.00272173881531
2145.488824 0.00240066051483
2147.142251 0.0027933716774
2148.772655 0.00275588035583
2150.974846 0.00265823602676
2152.590125 0.002299284935
2154.218362 0.00231581926346
2156.023879 0.00232664346695
2157.669438 0.00373170375824
2159.290194 0.00253419876099
2160.931957 0.00357389450073
2162.573952 0.00272998809814
2164.205054 0.00277719497681
2165.833943 0.00233612060547
2167.414846 0.00253537893295
2169.052537 0.00224506855011
2170.733469 0.00234398841858
2172.401889 0.00241622924805
2173.993615 0.00238689184189
2175.628958 0.00233147144318
2177.230969 0.00228058099747
2178.835534 0.00291466712952
2180.699113 0.00266044139862
2182.778665 0.00301189422607
2184.385536 0.00386422872543
2186.077162 0.00239474773407
2187.817116 0.00272102355957
2189.446635 0.00260802507401
2191.145355 0.00429841279984
2193.243977 0.00290204286575
2194.910456 0.00368568897247
2196.51819 0.00254340171814
2198.154206 0.00227597951889
2199.899024 0.00234076976776
2201.70024 0.00245313644409
2203.343689 0.00232989788055
2204.997574 0.00452469587326
2206.600112 0.00238300561905
2208.166878 0.00249096155167
2209.779043 0.00229904651642
2211.497313 0.00230693817139
2213.548509 0.00265820026398
2215.454683 0.00308191776276
2217.07177 0.00286867618561
2218.69931 0.00233770608902
2220.293511 0.0025505065918
2221.891945 0.00236095190048
2223.623411 0.00413155555725
2225.410593 0.00250465869904
2227.002343 0.00248426198959
2228.686631 0.00237107276917
2230.320294 0.00363001823425
2231.892734 0.00247827768326
2233.517358 0.00400149822235
2235.135765 0.00229090452194
2236.69737 0.0022940158844
2238.353823 0.00233000516891
2240.049794 0.00443379878998
2241.884382 0.00528287887573
2243.896736 0.00255200862885
2245.566677 0.00298428535461
2247.154346 0.00230689048767
2248.769956 0.00246556997299
2250.408016 0.00241204500198
2251.997036 0.00237455368042
2253.61136 0.00400272607803
2255.248084 0.00241369009018
2256.865879 0.00458436012268
2258.549772 0.00246725082397
2260.206341 0.00229775905609
2261.797391 0.00263105630875
2263.39495 0.00417295694351
2265.141159 0.0023234128952
2266.783682 0.00240253210068
2268.463048 0.00232231616974
2270.135299 0.00316216945648
2271.793147 0.00419503450394
2273.487582 0.00237690210342
2276.142346 0.00241203308105
2277.862438 0.00240992307663
2279.504283 0.00248893499374
2281.148681 0.00232331752777
2282.802389 0.0022822022438
2284.393974 0.00352449417114
2286.036917 0.0028301358223
2287.781465 0.00359433889389
2289.428296 0.00351338386536
2291.121128 0.00236953496933
2292.726905 0.00228189229965
2294.345021 0.00291558504105
2296.01166 0.00225774049759
2297.616013 0.00251882076263
2299.197945 0.0023514509201
2300.885372 0.00239943265915
2302.565609 0.00247446298599
2304.187538 0.00224657058716
2306.226399 0.00298042297363
2307.864776 0.00282381772995
2309.514946 0.00235397815704
2311.177861 0.00250958204269
2312.865314 0.00518574714661
2314.730869 0.00251401662827
2316.343369 0.00235151052475
2317.993305 0.00381203889847
2319.772128 0.00232095718384
2321.433378 0.00361478328705
2323.20641 0.00229444503784
2325.103094 0.00265645980835
2326.794489 0.00228760242462
2328.458875 0.00275369882584
2330.141938 0.0055523276329
2331.758726 0.00231161117554
2333.414318 0.00265380144119
2335.047555 0.00262687206268
2337.273852 0.00335615873337
2338.92216 0.00303854942322
2340.614565 0.00283904075623
2342.224925 0.00241467952728
2343.820873 0.00239404439926
2346.77052 0.00258519649506
2348.509631 0.00248922109604
2350.132379 0.00249466896057
2351.792998 0.00246369838715
2353.527523 0.00238254070282
2355.152935 0.0037167429924
2356.875535 0.00244333744049
2358.503171 0.00276758670807
2360.151198 0.00251076221466
2361.776332 0.00245014429092
2363.353834 0.00279369354248
2365.171109 0.00230904817581
2366.827454 0.00234886407852
2368.88535 0.00249876976013
2370.560363 0.00409791469574
2372.209052 0.00359201431274
2373.903153 0.00361584424973
2375.546444 0.0031462430954
2377.422984 0.00287729501724
2379.173122 0.00241854190826
2380.774893 0.00238527059555
2382.373191 0.00250219106674
2383.94598 0.00260282754898
2385.521238 0.00227706432343
2387.194962 0.00230011940002
2388.939362 0.00248854160309
2390.670877 0.0028028011322
2392.318726 0.00232874155045
2393.959687 0.0023500084877
2395.559369 0.00229512453079
2397.217101 0.00233526229858
2398.925498 0.00225603580475
2401.021336 0.00264309644699
2402.645308 0.00442057847977
2404.413005 0.00248777866364
2406.000611 0.00265146493912
2407.669357 0.00302182435989
2409.352139 0.00344860553741
2410.964675 0.00250781774521
2412.580895 0.00241372585297
2414.203742 0.00232222080231
2415.805147 0.00277037620544
2417.49261 0.00361834764481
2419.109476 0.00304905176163
2420.698775 0.00261043310165
2422.326348 0.00399621725082
2424.143011 0.00248069763184
2425.727404 0.00361140966415
2427.465146 0.00252887010574
2429.078232 0.00320446491241
2430.72418 0.00278314352036
2432.782628 0.00233105421066
2434.672142 0.00248973369598
2436.424099 0.00308644771576
2437.985779 0.00244266986847
2439.564365 0.00236126184464
2441.193593 0.00267659425735
2442.812118 0.00281765460968
2444.449375 0.00246546268463
2446.685844 0.00289697647095
2448.612132 0.00327429771423
2450.216968 0.00272288322449
2451.844248 0.00308282375336
2453.48181 0.00257034301758
2455.102001 0.0023041009903
2456.749286 0.00270785093307
2458.482838 0.00245790481567
2460.112611 0.00235998630524
2461.712467 0.00236760377884
2463.876781 0.00244425535202
2465.486361 0.00237549543381
2467.168987 0.00440423488617
2468.928665 0.00237919092178
2470.549366 0.00237790346146
2472.222807 0.00302059650421
2473.844555 0.00267374515533
2475.646245 0.00369312763214
2477.317522 0.00274796485901
2478.974208 0.00344450473785
2480.627769 0.00307652950287
2482.231189 0.00310008525848
2483.866785 0.00237193107605
2486.430623 0.00254323482513
2488.222898 0.00246645212173
2489.833452 0.00248826742172
2491.508503 0.0054457783699
2493.262379 0.00243989229202
2495.572394 0.00241721868515
2497.172196 0.00244671106339
2498.838406 0.0028780579567
2500.571544 0.00242875814438
2502.223937 0.00271862745285
2503.894275 0.0039838552475
2505.519723 0.00242108106613
2507.21755 0.00359075069427
2508.814174 0.00406554937363
2510.548915 0.00307201147079
2512.304911 0.00464054346085
2513.943707 0.00245089530945
2515.50473 0.00245614051819
2517.204222 0.00290238857269
2518.89525 0.00249032974243
2520.478272 0.00306820869446
2522.328805 0.00247030258179
2524.046617 0.00267734527588
2526.591471 0.00402464866638
2528.214826 0.00314356088638
2529.826255 0.00355123281479
2531.627891 0.00246742963791
2533.504754 0.00341806411743
2535.119156 0.00351933240891
2536.780765 0.00245749950409
2538.631446 0.00281955003738
2540.31487 0.00242919921875
2542.003514 0.00239446163177
2543.634994 0.00446416139603
2545.283697 0.00252636671066
2546.939871 0.00260480642319
2548.571649 0.00236550569534
2550.512011 0.00247051715851
2552.136018 0.00230361223221
2553.711146 0.00236028432846
2555.49174 0.00237435102463
2557.678476 0.0024843454361
2559.294142 0.00241026878357
2560.899458 0.00250091552734
2562.54125 0.00229597091675
2564.273759 0.00250375270844
2565.894344 0.0031112074852
2567.545521 0.00323976278305
2569.244676 0.00224519968033
2570.880424 0.00467073917389
2572.516451 0.00238786935806
2574.100929 0.00247975587845
2575.751173 0.00241452455521
2577.425435 0.00246423482895
2579.086097 0.00493905544281
2580.696539 0.00253043174744
2582.280979 0.0023668050766
2583.855982 0.00242373943329
2585.637813 0.00227476358414
2587.402371 0.0023908495903
2589.435478 0.0023383140564
2591.064821 0.00271782875061
2592.671255 0.00235359668732
2594.464306 0.002683198452
2596.109524 0.00251485109329
2597.742637 0.00257838964462
2599.395572 0.00237857103348
2600.953741 0.00236022472382
2602.603018 0.00248258113861
2604.234519 0.00228261947632
2605.936026 0.002416908741
2607.589801 0.00241268873215
2609.193999 0.00239716768265
2610.96769 0.00340709686279
2612.734187 0.00228998661041
2614.338093 0.00274728536606
2615.961701 0.00251686573029
2617.632115 0.00230730772018
2619.289924 0.00236831903458
2621.420335 0.00251892805099
2623.049097 0.00227531194687
2624.750345 0.00285234451294
2626.360188 0.00282166004181
2628.022581 0.0027333855629
2629.604547 0.00244292020798
2631.240145 0.00328335762024
2632.954926 0.00231717824936
2634.702834 0.00275683403015
2636.350556 0.00253776311874
2637.984829 0.00237500667572
2639.613786 0.00287699699402
2641.269681 0.00238200426102
2642.986794 0.00275559425354
2644.651461 0.00262097120285
2646.25427 0.00448101758957
2647.94528 0.00254641771317
2649.522765 0.00257581472397
2651.141733 0.00298645496368
2653.092849 0.00252418518066
2654.67684 0.00231554508209
2656.316834 0.00302801132202
2658.101367 0.00420918464661
2659.796531 0.00256930589676
2661.489366 0.00365808010101
2663.16844 0.0024139881134
2664.794877 0.00341831445694
2666.414784 0.00330461263657
2668.695624 0.00255197286606
2670.274275 0.00243113040924
2671.934139 0.00233780145645
2673.784098 0.00264154672623
2675.472163 0.00290602445602
2677.140889 0.00251027345657
2678.698165 0.00237052440643
2680.377256 0.00505787134171
2681.995194 0.00237210988998
2684.318783 0.00372984409332
2685.951122 0.00244476795197
2687.523668 0.00276035070419
2689.257056 0.00243300199509
2691.025121 0.00246402025223
2692.605316 0.00240069627762
2694.328024 0.00312629938126
2695.948097 0.00245640277863
2697.582773 0.003307056427
2699.312347 0.00241986513138
2701.102 0.00233470201492
2702.710333 0.00239197015762
2704.378098 0.00411541461945
2705.987822 0.00242992639542
2707.603181 0.00242412090302
2709.24153 0.00241158008575
2710.809912 0.00254306793213
2712.469253 0.00232940912247
2714.34711 0.00242910385132
2716.678004 0.00231020450592
2718.386836 0.00323917865753
2720.179196 0.00276342630386
2721.868504 0.00232260227203
2723.765549 0.00234736204147
2725.429827 0.00494916439056
2727.059921 0.00232267379761
2728.712954 0.00242817401886
2730.383831 0.00242049694061
2732.081702 0.00247225761414
2733.714462 0.00499651432037
2735.418058 0.00252865552902
2737.010248 0.00250257253647
2738.74737 0.00301572084427
2740.479262 0.00296890735626
2742.119874 0.00253883600235
2743.822105 0.00245808362961
2745.467532 0.0025297164917
2747.440043 0.00258140563965
2749.082821 0.00262714624405
2750.745466 0.00370124578476
2752.370055 0.00236381292343
2754.018376 0.00260452032089
2755.976684 0.00246436595917
2757.637215 0.00239425897598
2759.396653 0.00226377248764
2761.027311 0.00403953790665
2762.646649 0.00245425701141
2764.283676 0.00246621370316
2766.01055 0.00279763936996
2767.66077 0.0026388168335
2769.289734 0.00389969348907
2770.980365 0.00236015319824
2772.589471 0.00416721105576
2774.336699 0.00383487939835
2776.062559 0.00253556966782
2778.121096 0.00392211675644
2779.736351 0.00235735177994
2781.372482 0.00248450040817
2782.959524 0.0023589849472
2784.641006 0.0023575425148
2786.299979 0.00244073867798
2787.957406 0.00446823835373
2789.577855 0.002501475811
2791.299 0.00254155397415
2792.923975 0.0023427605629
2795.409675 0.00306622982025
2797.122281 0.00266575813293
2798.720398 0.00238215923309
2800.493036 0.00261037349701
2802.154856 0.00232217311859
2803.911839 0.0027349114418
2805.536976 0.00246570110321
2807.222281 0.00242751836777
2809.542329 0.00274020433426
2811.188014 0.00232251882553
2812.767121 0.00245217084885
2814.405523 0.00334904193878
2816.038677 0.0024308681488
2817.765756 0.00316023826599
2819.447916 0.00231091976166
2821.070825 0.00229979753494
2822.738524 0.00278329849243
2824.413729 0.00224789381027
2826.018443 0.00244293212891
2827.771838 0.00257884263992
2829.389653 0.00244708061218
2830.996107 0.00322781801224
2832.622357 0.00244946479797
2834.287822 0.00239449739456
2835.959255 0.00260430574417
2837.725452 0.00264648199081
2839.696221 0.00377786159515
2842.147053 0.00366653203964
2843.744635 0.0024582862854
2845.428435 0.00230969190598
2847.140769 0.00360261201859
2848.743381 0.00242075920105
2850.650654 0.00241054296494
2852.266351 0.00242329835892
2853.864732 0.00229275226593
2855.455374 0.00228803157806
2857.069594 0.00366758108139
2858.670642 0.00246469974518
2860.370336 0.00247949361801
2862.055535 0.00232388973236
2863.715066 0.00244108438492
2865.382349 0.00262207984924
2867.176802 0.00230684280396
2868.907498 0.00266188383102
2870.545361 0.0023486495018
2872.916953 0.00359588861465
2874.665244 0.00233289003372
2876.354308 0.0024017572403
2878.03891 0.00245281457901
2879.665211 0.00236630439758
2881.31521 0.00277763605118
2882.982779 0.00238199234009
2884.574532 0.00236871242523
2886.232667 0.00395843982697
2888.317299 0.00240397453308
2889.964368 0.00242327451706
2891.671993 0.00251467227936
2893.333584 0.00254321098328
2894.940076 0.00248931646347
2896.620378 0.00276902914047
2898.269624 0.00352412462234
2899.890615 0.00246579647064
2901.513499 0.00260642766953
2903.738164 0.00311776399612
2905.331757 0.00241981744766
2906.945011 0.00249636173248
2908.946186 0.00272010564804
2910.668217 0.00252010822296
2912.367616 0.00303519964218
2914.047081 0.00253340005875
2915.682838 0.00308568477631
2917.386437 0.00240868330002
2919.088215 0.00294867753983
2920.932863 0.00294488668442
2922.540464 0.00386548042297
2924.185908 0.00246354341507
2926.043033 0.00238456726074
2927.667297 0.00251519680023
2929.336831 0.00236178636551
2930.966312 0.00299386978149
2932.854833 0.0028507232666
2934.842826 0.00237693786621
2936.538102 0.00360480546951
2938.191512 0.0025333404541
2940.029888 0.00242595672607
2941.666992 0.00294321775436
2943.406688 0.00252510309219
2945.113928 0.00364956855774
2946.804674 0.00495651960373
2948.456121 0.00237377882004
2950.32398 0.00383169651031
2952.00479 0.00357213020325
2953.661955 0.00238815546036
2955.326947 0.00226269960403
2956.920676 0.00296870470047
2958.51547 0.0023602604866
2960.128415 0.00254300832748
2961.792031 0.00283501148224
2963.527664 0.00345542430878
2965.658767 0.00234260559082
2967.296138 0.00232379436493
2968.934002 0.00243755578995
2970.536026 0.00255889892578
2972.315002 0.00300387144089
2973.947032 0.00323793888092
2975.593632 0.00246474742889
2977.212041 0.0044250369072
2978.849487 0.00225172042847
2980.422317 0.0024253487587
2982.069964 0.00267693996429
2983.793789 0.00233161449432
2985.414133 0.0025696516037
2987.049558 0.00236328840256
2988.68252 0.00249139070511
2990.276477 0.00253854990005
2991.874689 0.00231220722198
2993.487372 0.00235389471054
2995.081036 0.00226290225983
2997.272616 0.00234522819519
2998.873339 0.00247466564178
3000.48928 0.00252947807312
3002.103251 0.00252734422684
3003.738439 0.00305634737015
3005.333127 0.0022886633873
3007.276221 0.00414558649063
3008.884831 0.00233361721039
3010.567665 0.0024288892746
3012.186466 0.00471487045288
3013.992187 0.00475388765335
3015.734446 0.00227690935135
3017.380918 0.00261795520782
3019.421609 0.00240581035614
3021.073847 0.00300974845886
3022.715623 0.00250660181046
3024.310601 0.00261970758438
3026.248649 0.00370506048203
3028.471507 0.00242629051208
3030.106353 0.00255210399628
3031.72619 0.00235531330109
3033.364856 0.00267263650894
3035.000226 0.0025820016861
3036.653258 0.00377775430679
3038.481362 0.00233147144318
3040.154843 0.00265992879868
3041.758077 0.00427205562592
3043.473332 0.00243848562241
3045.082451 0.00231907367706
3046.722216 0.00306547880173
3048.343933 0.00244294404984
3049.950802 0.00235620737076
3051.5258 0.00232530832291
3053.256026 0.00254163742065
3054.882763 0.00240260362625
3056.490102 0.00266697406769
3058.275127 0.00339734554291
3060.39249 0.00252596139908
3062.106445 0.0024156332016
3063.797921 0.00241281986237
3065.413421 0.00363074541092
3067.20931 0.0024875998497
3068.981433 0.002805519104
3070.647992 0.00340884923935
3072.315369 0.00248705148697
3073.935423 0.00288593769073
3075.587046 0.00304454565048
3077.216778 0.00335422754288
3079.264386 0.00355986356735
3080.933518 0.00244696140289
3082.582745 0.00352300405502
3084.241764 0.00456773042679
3085.839653 0.0024852514267
3087.48575 0.00342721939087
3089.171027 0.00249139070511
3091.506991 0.00238265991211
3093.134257 0.00249056816101
3094.900848 0.00363306999207
3096.473378 0.00247594118118
3098.151631 0.0024717092514
3099.747657 0.00250763893127
3101.343025 0.00288715362549
3102.944242 0.00232989788055
3104.53196 0.00242809057236
3106.134607 0.00263202190399
3107.934715 0.00271388292313
3109.629788 0.00289530754089
3111.304917 0.00252561569214
3113.05806 0.00322250127792
3114.743222 0.00249744653702
3116.376543 0.00235440731049
3118.027488 0.0026728272438
3119.634849 0.00244278907776
3121.546166 0.00354048013687
3123.449463 0.00229021310806
3125.098119 0.00259492397308
3126.950082 0.00276427268982
3128.642537 0.00259455442429
3130.312955 0.00275374650955
3131.960385 0.00275018215179
3133.630552 0.00309551954269
3135.269398 0.00267215967178
3137.051777 0.0024705529213
3138.69139 0.0024994134903
3140.29422 0.00342814922333
3141.91978 0.00230631828308
3143.555199 0.00247259140015
3145.18656 0.00248657464981
3146.93121 0.00355495214462
3148.560024 0.00264112949371
3150.161377 0.00317409038544
3151.806342 0.00231574773788
3153.441969 0.0023126244545
3155.619899 0.00253820419312
3157.244364 0.00272794961929
3158.979125 0.00331591367722
3160.666002 0.00265983343124
3162.273484 0.00236620903015
3163.967677 0.00356454849243
3166.170394 0.00265018939972
3167.924493 0.00260449647903
3169.536298 0.0025890827179
3171.423357 0.00230439901352
3173.046528 0.00373574495316
3174.713339 0.00253155231476
3176.318407 0.00245062112808
3177.931831 0.00256499052048
3179.674402 0.00243537425995
3181.313796 0.00232774019241
3183.056391 0.00296812057495
3184.665839 0.00247478485107
3186.907002 0.00228728055954
3188.53987 0.00292153358459
3190.192665 0.00260231494904
3191.803244 0.00230267047882
3193.40684 0.00390371084213
3195.063828 0.00314474105835
3196.695356 0.00268521308899
3198.258698 0.00235348939896
3199.907205 0.00249609947205
3201.492423 0.00238184928894
3203.181554 0.00271811485291
3204.817795 0.00248292684555
3206.675496 0.00265018939972
3208.282626 0.00230425596237
3209.906639 0.0022770524025
3211.632143 0.00273504257202
3213.28294 0.00288990736008
3214.92362 0.00229474306107
3216.52234 0.00228157043457
3218.624464 0.00276848077774
3220.400374 0.00350108146667
3222.047762 0.00301223993301
3223.731122 0.00241265296936
3225.348132 0.00233609676361
3227.019691 0.00244289636612
3228.927926 0.00227837562561
3230.506609 0.00241440534592
3232.126441 0.00243071317673
3233.786433 0.00375189781189
3235.400627 0.00239458084106
3237.084787 0.0027628660202
3238.752126 0.00242477655411
3240.395342 0.00245751142502
3242.160389 0.0024847984314
3243.86149 0.00413647890091
3246.008701 0.00269774198532
3247.617119 0.00256425142288
3249.637289 0.00235373973846
3251.266745 0.00261857509613
3252.948874 0.0032658457756
3254.57954 0.00233037471771
3256.219297 0.0023649096489
3257.862678 0.00323400497437
3259.554613 0.00395666360855
3261.193108 0.00297957658768
3262.820867 0.00246584415436
3264.450188 0.00418802499771
3266.182386 0.00301554203033
3267.979557 0.00298490524292
3269.67309 0.00244207382202
3271.338345 0.0029524564743
3272.963463 0.00397263765335
3274.657594 0.00342730283737
3276.403898 0.00268151760101
3278.011096 0.00240241289139
3279.643184 0.00260528326035
3281.607225 0.00272688865662
3283.410393 0.00240887403488
3285.162506 0.00259171724319
3286.880394 0.00238018035889
3288.534075 0.00359060764313
3290.147124 0.00339080095291
3292.015732 0.00238350629807
3293.670829 0.00229818820953
3295.471163 0.00251015424728
3297.199876 0.00437318086624
3298.837423 0.00229690074921
3300.490035 0.00365124940872
3302.185697 0.00250632762909
3303.907483 0.00240559577942
3305.550814 0.00234875679016
3307.207669 0.00331612825394
3308.87575 0.00253083705902
3310.496475 0.00283901691437
3312.55104 0.00319230556488
3314.227517 0.00241981744766
3315.947209 0.00318493843079
3317.615919 0.00243699550629
3319.265911 0.00463390350342
3320.919054 0.00243403911591
3322.619493 0.00366510152817
3324.246252 0.00231229066849
3325.923265 0.00238907337189
3327.546942 0.00249645709991
3329.135283 0.00254176855087
3330.743816 0.00369489192963
3332.608213 0.00383688211441
3334.338612 0.00300326347351
3335.939043 0.00232515335083
3337.590053 0.00298300981522
3339.228532 0.00232256650925
3340.879872 0.00238302946091
3343.212388 0.0027131319046
3345.51424 0.00316671133041
3347.185692 0.0025759935379
3348.813607 0.00310214757919
3350.678669 0.00316081047058
3352.396851 0.00274395942688
3354.044263 0.00266029834747
3355.731143 0.00298026800156
3357.559208 0.0046875834465
3359.185043 0.00374525785446
3360.835112 0.00293841362
3362.63136 0.00256451368332
3364.283391 0.00257127285004
3365.899609 0.00232051610947
3367.539225 0.00298877954483
3369.23097 0.00246572494507
3371.35023 0.00245417356491
3373.030813 0.00356129407883
3375.09877 0.00271546840668
3376.749563 0.00354026556015
3378.491293 0.0024875998497
3380.181076 0.00246266126633
3381.815841 0.00253660678864
3383.67491 0.00257873535156
3385.298516 0.00259045362473
3386.906087 0.00236103534698
3388.586706 0.00284733772278
3390.216999 0.00244145393372
3391.828555 0.00369538068771
3393.477153 0.0023699760437
3395.11021 0.00231026411057
3396.739926 0.00234725475311
3398.342941 0.00250600576401
3400.015171 0.00233287811279
3401.605974 0.00251117944717
3403.260191 0.00330117940903
3405.005082 0.00264346599579
3406.974707 0.00246971845627
3408.632431 0.00445559024811
3410.402212 0.00269428491592
3412.038827 0.00242198705673
3413.637526 0.00240417718887
3415.305941 0.00245176553726
3416.942882 0.00317612886429
3418.598827 0.00242913961411
3420.211172 0.00238192081451
3421.794369 0.00245088338852
3423.418916 0.00242540836334
3425.03057 0.00234018564224
3426.646397 0.00242800712585
3428.259269 0.00266169309616
3430.129903 0.00230833292007
3431.76263 0.00316278934479
3433.378529 0.00237045288086
3435.006347 0.00270963907242
3436.652501 0.00250436067581
3439.582703 0.00361174345016
3441.249787 0.00242539644241
3442.944135 0.00237830877304
3444.601861 0.00298866033554
3446.205743 0.00233775377274
3447.87913 0.00302551984787
3449.534549 0.00302227735519
3451.229741 0.00428854227066
3452.882778 0.00263402462006
3454.588251 0.00274053812027
3456.285552 0.00237209796906
3457.901097 0.00236663818359
3459.51749 0.00247856378555
3461.113981 0.00238097906113
3462.909486 0.00229076147079
3464.578285 0.00455552339554
3466.258322 0.00300581455231
3467.877533 0.00224338769913
3470.03501 0.00248962640762
3471.670398 0.00242797136307
3473.316201 0.00231795310974
3474.971388 0.00238885879517
3476.638408 0.00259699821472
3478.294508 0.00338261127472
3479.992415 0.0025243639946
3481.630101 0.00227808952332
3483.534887 0.00241764783859
3485.147893 0.00236817598343
3486.811627 0.00275889635086
3488.461178 0.00237489938736
3490.104712 0.00297147035599
3491.785819 0.00287328958511
3493.464593 0.00320504903793
3495.079414 0.00280621051788
3496.695326 0.00237234830856
3498.262787 0.00241641998291
3499.952927 0.00288428068161
3502.158645 0.00255345106125
3503.889555 0.00240523815155
3505.487816 0.00239852666855
3507.154533 0.00411862134933
3508.914451 0.00245004892349
3510.536679 0.00245890617371
3512.509368 0.00270566940308
3514.214665 0.00369234085083
3515.837507 0.00294511318207
3517.454846 0.00233622789383
3519.089564 0.00231449604034
3520.766488 0.00252996683121
3522.592628 0.00236873626709
3524.321251 0.00344008207321
3525.947586 0.00246367454529
3527.823004 0.00264271497726
3529.437625 0.00280759334564
3531.163747 0.00231654644012
3533.698399 0.00333502292633
3535.490644 0.00461406707764
3537.152847 0.00233317613602
3538.881135 0.00446161031723
3540.50614 0.00268352031708
3542.202812 0.00415910482407
3543.929519 0.00435990095139
3545.521499 0.00241568088531
3547.325673 0.00260390043259
3548.977414 0.00237703323364
3550.589777 0.00240807533264
3552.196361 0.00236140489578
3553.918614 0.00238263607025
3555.603391 0.00289272069931
3557.341978 0.00354906320572
3559.050992 0.0027172088623
3560.693055 0.00537433624268
3562.329248 0.00235575437546
3564.558053 0.00231113433838
3566.177963 0.00228786468506
3567.778755 0.00236618518829
3569.462484 0.00275866985321
3571.09689 0.00241048336029
3572.776389 0.00239434242249
3574.426748 0.00253545045853
3576.084759 0.00427920818329
3577.717321 0.00286198854446
3579.388117 0.00224435329437
3581.06638 0.00251740217209
3582.69987 0.00554357767105
3584.344947 0.00246368646622
3585.982195 0.00249135494232
3587.651424 0.00284413099289
3589.527563 0.00245708227158
3591.220832 0.00280110836029
3592.899755 0.00283678770065
3594.652416 0.003422498703
3596.720837 0.00231420993805
3599.111525 0.0027349114418
3600.990632 0.00353298187256
