49.613242 16.0052193801
99.746937 16.1776476701
149.778766 16.1391329765
150.325547 9999
200.197592 16.1335713863
260.646545 19.4913245837
311.06502 16.1428906918
311.219307 9999
368.734876 18.6853353977
418.913745 16.065953811
478.805935 19.4315288862
539.478659 19.5679330031
599.851125 19.5859086514
604.963998 9999
609.525237 9999
659.195703 16.0753440062
719.582884 19.6092107296
777.516207 18.7826999029
830.589132 17.1420136293
881.012073 16.1347224712
929.910193 15.6345095634
980.159809 16.0797176361
1038.43144 18.7611620426
1087.247766 15.7315220038
1138.315412 16.4886789322
1187.079193 15.6910083294
1237.084363 16.1323073705
1286.242379 15.7103133996
1334.86419 15.5423449675
1385.961688 16.4031016032
1427.722942 13.265647014
1432.431797 9999
1436.973986 9999
1494.665007 18.7510869503
1536.223414 13.1888243357
1577.502964 13.2213945389
1577.668233 9999
1635.634031 18.8486092091
1685.865719 16.2140503724
1738.991529 17.1720397472
1780.708306 13.2340357304
1822.039664 13.2358973026
1863.545817 13.284163634
1913.597894 16.143001318
1955.191632 13.1940267086
2005.441681 16.2150871754
2063.172477 18.7055219809
2063.367298 9999
2113.519609 16.2296017011
2154.94039 13.2696769238
2214.894427 19.4465499719
2256.302144 13.251765728
2297.47968 13.1868333817
2338.865544 13.2705686887
2398.782944 19.4401806196
2440.151334 13.2455890179
2497.929589 18.7246059577
2498.416563 9999
2539.642009 13.267793417
2589.646918 16.143840313
2630.998981 13.2387089729
2672.349238 13.242588679
2720.608473 15.5450250308
2781.035149 19.5851706664
2831.354986 16.2197833061
2873.133462 13.2475513617
2914.711626 13.318500042
2956.146817 13.2556112607
3005.750572 15.9981930256
3059.311898 17.1716536681
3107.398492 15.4713079929
3150.425342 13.6684556802
3191.902129 13.2780234019
3240.437352 15.6352670193
3281.802496 13.2461360296
3323.116721 13.2419997056
3364.481031 13.2392873764
3369.252297 9999
3373.81145 9999
3414.70587 13.1525186698
3419.444652 9999
3460.348694 13.1535518964
3501.534203 13.1871573925
3501.703904 9999
3542.724742 13.1885729631
3600.641832 18.7716429234
3650.514965 16.0715309779
3692.299469 13.2562950452
3733.613192 13.2151243687
3775.989452 13.576631705
3817.494276 13.2939209938
3858.96687 13.2835366726
3859.174864 9999
3917.503664 18.9544340769
3965.960156 15.6112093925
3970.736474 9999
4020.592431 16.1391270161
4063.433166 13.622881333
4113.716522 16.224194924
4162.612317 15.6428530216
4221.215965 18.8572754065
4221.802039 9999
4263.142076 13.2956757545
4305.65545 13.6264846325
4310.382857 9999
4358.467185 15.5462933381
4358.997687 9999
4408.859574 16.1333900293
4449.994285 13.1702629725
4454.704737 9999
4507.75399 17.199934562
4565.559067 18.6020079454
4625.444862 19.4282476902
4667.001273 13.186455965
4708.426372 13.2685826619
4749.72791 13.2155480385
4791.131678 13.2465995948
4848.84441 18.6907330354
4902.013394 17.1757266521
4952.237885 16.0776136716
4993.760738 13.1644704342
5054.046347 19.5740319888
5054.228896 9999
5104.292132 16.1972084045
5163.187496 18.9744939804
5204.868327 13.2242929935
5253.405763 15.6301280657
5253.620634 9999
5303.506832 16.1421032747
5361.758129 18.774920702
5403.037112 13.2178397179
5444.33445 13.2190372944
5486.992687 13.6714523633
5535.521727 15.6318969727
5586.181338 16.2204057376
5591.301177 9999
5632.164601 13.1405715942
5673.353036 13.1913296382
5726.492046 17.1707169215
5779.915273 17.2680900892
5830.533214 16.2084036668
5891.30119 19.5776760578
5939.50958 15.5430586338
5998.094489 18.863745292
6048.045632 16.0808552901
6106.594014 18.8586520354
6149.339913 13.5865664482
6198.080362 15.7004179955
6198.271569 9999
6239.647634 13.3186023235
6281.169606 13.2968850136
6334.228931 17.1654799779
6385.268144 16.3400905927
6443.500573 18.8677039941
6485.361885 13.2927309672
6533.627092 15.5464470387
6594.173806 19.5159056187
6635.492157 13.2376949787
6676.691554 13.187801679
6718.040139 13.2470997175
6759.533502 13.287267367
6800.695366 13.1834890048
6858.905402 18.8574712276
6916.797469 18.7561430136
6970.35236 17.3030092716
7031.070715 19.5046100616
7072.4401 13.2553497156
7113.725002 13.2030463219
7118.518453 9999
7176.020366 18.6917817593
7236.702819 19.5743249257
