0.440211 9999
0.740405 9999
0.969972 9999
1.209467 9999
1.437601 9999
1.669481 9999
1.990318 9999
2.219313 9999
2.452698 9999
2.680465 9999
2.934867 9999
3.16795 9999
3.397512 9999
3.658489 9999
3.891725 9999
4.11841 9999
4.350356 9999
4.582217 9999
4.884087 9999
5.143313 9999
5.376907 9999
5.60684 9999
5.841061 9999
6.094892 9999
6.32754 9999
6.582123 9999
6.814577 9999
7.042564 9999
7.283324 9999
7.539785 9999
7.768539 9999
8.105459 9999
8.346396 9999
8.579866 9999
8.823924 9999
9.062672 9999
9.295754 9999
9.522289 9999
9.751391 9999
9.977591 9999
10.2871 9999
10.533408 9999
10.770252 9999
11.000447 9999
11.23469 9999
11.465644 9999
11.713333 9999
11.944617 9999
12.182701 9999
12.416597 9999
12.664127 9999
12.903823 9999
13.388759 9999
13.624587 9999
13.86912 9999
14.10427 9999
14.35499 9999
14.596957 9999
14.838929 9999
15.080649 9999
15.318066 9999
15.556695 9999
15.818716 9999
16.062373 9999
16.317529 9999
16.563336 9999
16.800193 9999
17.040799 9999
17.297422 9999
17.544737 9999
17.786508 9999
18.032695 9999
18.274717 9999
18.560941 9999
18.808771 9999
19.043597 9999
19.304451 9999
19.55176 9999
19.808028 9999
20.063553 9999
20.30391 9999
20.556205 9999
20.804013 9999
21.048461 9999
21.357287 9999
21.599513 9999
21.843778 9999
22.083603 9999
22.333504 9999
22.588318 9999
22.840907 9999
23.094486 9999
23.345081 9999
23.590008 9999
23.831273 9999
24.124761 9999
24.367287 9999
24.63894 9999
24.881497 9999
25.131201 9999
25.37882 9999
25.634417 9999
25.896612 9999
26.143396 9999
26.402263 9999
26.650316 9999
26.996993 9999
27.247922 9999
27.490062 9999
27.739407 9999
28.0311 9999
28.284648 9999
28.534289 9999
28.819463 9999
29.065406 9999
29.322928 9999
29.578424 9999
29.832155 9999
30.113873 9999.0
