178.999263 59.1353452206
357.327083 58.9086353779
535.22925 58.63530159
819.267654 94.0180493991
1010.316113 63.0342179934
1293.604097 93.8856939475
1580.054564 94.848246336
1759.521445 59.1751267115
1949.563403 62.6886297067
2127.405016 58.6233212948
2306.877218 59.1681826909
2486.378922 59.186122338
2678.16964 63.2767133713
2867.861503 62.6869796912
3039.533762 56.5511613687
3343.150214 100.545224031
3627.210479 94.0150519212
3926.030115 98.9392472903
4098.626617 56.8710474173
4389.411843 96.2515657743
4573.306817 60.635177056
4757.25284 60.6428332329
5056.335721 99.0262376467
5229.058324 56.8791383902
5418.706477 62.6742596626
5608.75936 62.6888839404
5894.183769 94.4794933001
6065.942163 56.5677060286
6238.519368 56.8569390774
6522.128115 93.9967192809
6694.75244 56.8569876353
6867.286097 56.849858284
7039.816571 56.8340448538
7212.310234 56.8217979272
