1.887576 0.00213286876678
3.473133 0.00261931419373
5.204788 0.0035396695137
6.798661 0.00222064256668
8.393069 0.00227411985397
9.978671 0.00348573923111
11.764758 0.00242940187454
13.328585 0.00238436460495
14.90934 0.00222709178925
16.680647 0.00215445756912
18.260259 0.00217568874359
19.882644 0.00221337080002
21.605696 0.00338667631149
23.206433 0.00427869558334
24.821696 0.00220792293549
26.423266 0.00255016088486
28.068587 0.00265291929245
29.620377 0.00226054191589
31.290211 0.00258995294571
33.313098 0.00338782072067
34.960199 0.00339607000351
36.583488 0.00390483140945
38.451443 0.00436210632324
40.066867 0.00412271022797
41.630098 0.00232436656952
43.198019 0.00221623182297
44.758403 0.00221347808838
46.362513 0.00251717567444
47.998901 0.00317144393921
49.592746 0.00253211259842
51.254443 0.00280950069427
53.059546 0.00234278440475
54.659302 0.00258110761642
56.260381 0.00221705436707
58.114985 0.00232526063919
59.689082 0.00274589061737
61.328803 0.00238428115845
62.95381 0.00278936624527
65.01049 0.00439339876175
66.653201 0.00246365070343
68.219866 0.0026686668396
69.812122 0.00226166248322
71.463976 0.00259615182877
73.164299 0.00243017673492
74.757328 0.00233410596848
76.482445 0.00238443613052
78.194378 0.00228601694107
79.823498 0.00222983360291
81.392388 0.00220189094543
83.121422 0.00387496948242
84.73385 0.00239139795303
86.454481 0.00295469760895
88.104308 0.00471540689468
89.882901 0.00244553089142
91.604904 0.00240868330002
93.183185 0.00230913162231
95.173791 0.00238279104233
96.877228 0.00367238521576
98.455719 0.00228079557419
100.131097 0.00248410701752
101.7961 0.00258905887604
103.388335 0.00419148206711
105.045893 0.00406475067139
106.620174 0.00237642526627
108.224951 0.00259193181992
109.804038 0.00234156847
111.359239 0.00243955850601
113.057783 0.00339584350586
114.653348 0.00370123386383
116.254029 0.00314205884933
117.817946 0.00227341651917
119.395618 0.00422747135162
120.966533 0.00236220359802
122.548612 0.00228657722473
124.135279 0.00236649513245
126.071124 0.00253024101257
127.724944 0.00245305299759
129.39072 0.00250678062439
131.089847 0.00267659425735
132.731804 0.00543907880783
134.343235 0.0031158208847
135.944459 0.00242331027985
137.528476 0.00240420103073
139.119899 0.00254834890366
140.72398 0.00266699790955
142.471313 0.00249683856964
144.059124 0.00243906974792
145.694045 0.00243703126907
147.366096 0.00392583608627
149.062757 0.00247159004211
150.713385 0.0024102807045
152.583281 0.00233240127563
154.160568 0.00334352254868
155.776228 0.00231248140335
157.743232 0.00232666730881
159.327452 0.00308032035828
160.951281 0.00263772010803
162.571588 0.00230267047882
164.179822 0.00475937128067
165.963447 0.00225828886032
167.686362 0.00281671285629
169.480464 0.00286096334457
171.1344 0.00264940261841
172.841692 0.00243034362793
174.441386 0.00224738121033
176.056449 0.0022677898407
177.667548 0.00231282711029
179.23098 0.00256043672562
180.813333 0.00264365673065
182.434805 0.00261189937592
184.07186 0.00234416723251
185.660396 0.0025309920311
187.250771 0.00258812904358
189.192904 0.00366650819778
190.81629 0.00225193500519
192.466382 0.00379886627197
194.097492 0.00260279178619
195.81544 0.00243164300919
197.426629 0.00229376554489
199.073442 0.0022993683815
200.688251 0.0022901892662
202.375582 0.00352473258972
204.004679 0.00240269899368
205.633769 0.00452721118927
207.28821 0.00229585170746
209.121827 0.00235878229141
210.766964 0.00238828659058
212.410408 0.00470180511475
214.044276 0.00247659683228
215.621801 0.00234277248383
217.22851 0.00242058038712
218.908015 0.00272924900055
221.139198 0.00230133533478
222.731686 0.00322525501251
224.505349 0.00238436460495
226.088436 0.00232138633728
227.774529 0.00245186090469
229.368877 0.00240812301636
231.03155 0.0023735165596
232.60774 0.00270366668701
234.208099 0.00244985818863
235.863069 0.00438967943192
237.50413 0.00235593318939
239.129254 0.00422971248627
240.768965 0.00236440896988
242.346216 0.002654504776
243.974066 0.0027863740921
245.57302 0.00329780578613
247.194222 0.00410389900208
248.813408 0.00225979089737
250.408595 0.00235257148743
252.767438 0.0036146402359
254.376037 0.00356899499893
255.966241 0.00249074697495
257.514046 0.00249627828598
259.333676 0.00233314037323
261.05627 0.00337172746658
262.650688 0.00230793952942
264.198863 0.0025120973587
265.766816 0.00228583812714
267.344177 0.00263266563416
268.939871 0.00243159532547
270.706184 0.00249588489532
272.29287 0.00314649343491
273.849025 0.00250204801559
275.409053 0.00239925384521
277.011774 0.00231509208679
278.638579 0.00233720541
280.296398 0.00420894622803
281.973834 0.00257896184921
283.805531 0.00235792398453
285.405422 0.00246207714081
287.001021 0.0024849653244
288.643734 0.00250500440598
290.244692 0.00226675271988
291.832006 0.00389976501465
293.425813 0.00223526954651
295.241156 0.00227262973785
296.881109 0.00289545059204
298.664278 0.00232169628143
300.327222 0.00250684022903
301.93363 0.0024359703064
303.51207 0.00327913761139
305.224061 0.00279517173767
306.779048 0.0024233341217
308.414106 0.00352123975754
309.995205 0.00248982906342
311.645618 0.00225007534027
313.319066 0.00230786800385
315.250894 0.00419625043869
316.811341 0.00237189531326
318.491951 0.00285754203796
320.168355 0.00424801111221
321.752362 0.0023078083992
323.34293 0.00299063920975
324.986286 0.00316178798676
326.729508 0.00408039093018
328.341918 0.00232753753662
329.985905 0.0042051076889
331.660175 0.00309752225876
333.269225 0.00276118516922
334.951071 0.0024017572403
336.658016 0.00439032316208
338.230807 0.00251406431198
339.85677 0.00230942964554
341.424976 0.00224350690842
343.006654 0.00230439901352
344.6297 0.00243170261383
346.570926 0.0024001121521
348.153925 0.0026585817337
349.800524 0.00243889093399
351.436422 0.00242122411728
353.075959 0.00229281187057
354.650617 0.00245141983032
356.323437 0.00325320959091
358.074809 0.00234602689743
359.745566 0.00327615737915
361.379114 0.00218143463135
362.958313 0.00236041545868
364.700003 0.00258110761642
366.477276 0.0022620677948
368.046483 0.00247176885605
369.736328 0.0026505112648
371.335143 0.00231469869614
372.88876 0.00236175060272
374.473553 0.00227777957916
376.143615 0.00225147008896
377.99399 0.00228585004807
379.621119 0.00243558883667
381.301368 0.00226336717606
382.873685 0.00337264537811
384.611174 0.00432499647141
386.218243 0.00240358114243
387.810595 0.00232198238373
389.486906 0.00242909193039
391.211243 0.00225169658661
392.826052 0.00233867168427
394.410157 0.00278131961823
396.104433 0.00298742055893
397.786783 0.00220470428467
399.350635 0.00244288444519
400.95086 0.00255986452103
402.555544 0.00246883630753
404.167349 0.00319458246231
405.735884 0.00263229608536
407.361972 0.00257598161697
409.530034 0.00230036973953
411.160693 0.00459815263748
412.796382 0.00456448793411
414.39898 0.00247707366943
415.967247 0.00230742692947
417.519883 0.00243867635727
419.094365 0.00256639719009
420.720546 0.00292657613754
422.450064 0.00382462739944
424.051123 0.00237231254578
425.629966 0.00234763622284
427.330156 0.00601217746735
428.898408 0.00226855278015
430.636261 0.00263624191284
432.179221 0.00235878229141
433.848634 0.00233730077744
435.424418 0.00240724086761
436.995972 0.00232897996902
438.626431 0.00239298343658
440.478319 0.00491901636124
442.057597 0.00245891809464
443.627244 0.00235048532486
445.324052 0.00245047807693
447.024229 0.00407942533493
448.65826 0.00228146314621
450.3763 0.00219473838806
451.906568 0.00246158838272
453.500892 0.00259325504303
455.209711 0.00244487524033
456.848093 0.00251270532608
458.393043 0.00252846479416
460.013864 0.00339968204498
461.623829 0.00488495826721
463.37965 0.00248963832855
464.972291 0.00437444448471
466.586972 0.00234454870224
468.29681 0.0022912979126
469.882978 0.00256538391113
471.678594 0.00242944955826
473.332721 0.00306603908539
475.057294 0.00304719209671
476.628705 0.00252907276154
478.349572 0.00456749200821
479.943401 0.00233085155487
481.548107 0.00237987041473
483.165667 0.00226058959961
484.778433 0.00221617221832
486.400595 0.00229270458221
488.010322 0.00279213190079
489.607694 0.00227106809616
491.343456 0.0024665594101
492.949909 0.00392183065414
494.667365 0.00287972688675
496.374082 0.00456186532974
497.976067 0.0050230383873
499.851207 0.00252785682678
501.424132 0.00238242149353
503.322492 0.00244581699371
504.926517 0.00231150388718
506.514464 0.00244255065918
508.1119 0.00322260856628
509.94955 0.00332018136978
511.550545 0.00269687175751
513.220711 0.00377168655396
514.82459 0.00267968177795
516.435272 0.00336374044418
518.160022 0.00345222949982
520.001611 0.00249238014221
521.57164 0.00256103277206
523.166156 0.00233874320984
524.80615 0.0025749206543
526.410801 0.0024273276329
527.98894 0.00233545303345
529.574351 0.00238311290741
531.277334 0.00234000682831
532.85878 0.00240224599838
534.753515 0.00253871679306
536.347966 0.00240013599396
537.977381 0.00391422510147
539.586876 0.00246891975403
541.23305 0.00243401527405
542.794768 0.00236850976944
544.38056 0.00253509283066
545.9505 0.00378075838089
547.529784 0.00244102478027
549.222093 0.00254962444305
550.896746 0.00331213474274
552.582299 0.0033926486969
554.364061 0.0024606347084
555.973389 0.00248862504959
557.537061 0.00235377550125
559.175816 0.00426459312439
560.809515 0.00236614942551
562.488615 0.00248538255692
564.061134 0.00365891456604
565.898921 0.00240526199341
567.518548 0.00230188369751
569.102973 0.00231643915176
570.86243 0.00384832620621
572.524559 0.00259469747543
574.173343 0.00359009504318
575.981292 0.00232051610947
577.564342 0.00232682228088
579.186029 0.0048366189003
580.900202 0.00353873968124
582.464717 0.00255638360977
584.106079 0.00273200273514
585.76555 0.00232274532318
587.364373 0.00322071313858
588.974593 0.00243139266968
590.602188 0.00247986316681
592.257671 0.00247999429703
593.859251 0.00341063737869
595.434005 0.00251327753067
597.427807 0.00231612920761
599.155515 0.00254548788071
600.802646 0.00396900177002
602.421679 0.00307621955872
604.027532 0.00234699249268
605.655847 0.00468771457672
607.302523 0.00292385816574
608.921346 0.00276883840561
610.577878 0.00233950614929
612.200145 0.00234051942825
613.925098 0.00227358341217
615.521578 0.00240248441696
617.151207 0.00266184806824
618.761901 0.00239913463593
620.3861 0.0041965842247
622.038018 0.00306619405746
623.630728 0.00238288640976
625.240686 0.00253082513809
626.898309 0.00238837003708
628.767138 0.00244429111481
630.439414 0.00263110399246
632.06996 0.00283406972885
633.654954 0.00238569974899
635.30578 0.00219476222992
636.94559 0.00248529911041
638.648443 0.00232461690903
640.567403 0.00457216501236
642.255881 0.00229605436325
643.8697 0.00432074069977
645.676936 0.00229460000992
647.50436 0.00272538661957
649.202447 0.00273755788803
650.859787 0.00264381170273
652.471614 0.0030564904213
654.046921 0.00339736938477
655.680815 0.00251675844193
657.271638 0.00250610113144
659.207558 0.00236749649048
660.821162 0.00431679487228
662.514285 0.00337824821472
664.192183 0.0028439283371
665.853273 0.00366436243057
667.420932 0.00237498283386
669.027711 0.00255403518677
670.728709 0.0024995803833
672.315592 0.00239843130112
673.956209 0.0027819275856
675.652266 0.00237823724747
677.308995 0.00228044986725
678.937543 0.00414749383926
680.532748 0.00226781368256
682.0891 0.00230683088303
683.693067 0.00272846221924
685.436979 0.00239670276642
687.13344 0.00249599218369
688.828485 0.003544485569
690.782733 0.0024591088295
692.336425 0.00354160070419
693.929985 0.00241192579269
695.535908 0.00294581651688
697.266092 0.00248595476151
698.973731 0.00246561765671
700.63922 0.00224243402481
702.207835 0.00231584310532
703.992684 0.00231767892838
705.673819 0.00233360528946
707.278629 0.00248048305511
708.989396 0.00284785032272
710.583643 0.00280560255051
712.16354 0.0024261713028
713.776884 0.0024528503418
715.412763 0.00365141630173
717.01845 0.00289305448532
718.606956 0.0023798584938
720.201442 0.00252115726471
722.28203 0.00257531404495
723.858642 0.0023530125618
725.468384 0.00238753557205
727.125707 0.00322623252869
728.731117 0.00284589529037
730.3064 0.00245660543442
731.904898 0.00279457569122
733.549499 0.00242997407913
735.099252 0.00240148305893
736.855994 0.0027664899826
738.494631 0.00239037275314
740.140351 0.00301588773727
741.756957 0.00230623483658
743.327186 0.00220810174942
744.974983 0.00307432413101
746.600917 0.00322642326355
748.212517 0.0035763502121
749.864382 0.0023522734642
751.49676 0.00255789756775
753.702182 0.00242396593094
755.290617 0.00247993469238
756.890757 0.00230754613876
758.471087 0.00228356122971
760.081458 0.00231429338455
761.679289 0.00236909389496
763.26029 0.00248934030533
764.882781 0.00422152280807
766.645244 0.00430570840836
768.236066 0.0024148106575
769.92248 0.00300397872925
771.640335 0.00252715349197
773.211653 0.00243269205093
774.929234 0.00267759561539
776.538351 0.00306966304779
778.192364 0.00276252031326
779.889472 0.00265545845032
781.594313 0.00289907455444
783.169119 0.00225936174393
785.115723 0.00272959470749
786.68439 0.00252567529678
788.268213 0.00247951745987
789.884896 0.00301055908203
791.52649 0.0024817943573
793.188915 0.002525806427
794.767526 0.00238635540009
796.539295 0.00250381231308
798.138415 0.00384839773178
799.871685 0.00233252048492
801.849938 0.00355561971664
803.462423 0.00229123830795
805.132415 0.00258811712265
806.811105 0.00279772281647
808.410152 0.00241972208023
810.144605 0.00230748653412
811.788914 0.00228670835495
813.361845 0.0023433804512
814.980624 0.00259122848511
816.886079 0.00385167598724
818.580916 0.00299096107483
820.257838 0.00329240560532
821.845663 0.00237593650818
823.434778 0.0024818778038
825.056118 0.00246142148972
826.750491 0.00466270446777
828.381001 0.00326107740402
829.993945 0.00232756137848
831.620203 0.00222371816635
833.214243 0.00233467817307
834.877287 0.00276817083359
836.709561 0.00282043218613
838.292289 0.00227922201157
840.012456 0.00230160951614
841.6342 0.00414702892303
843.337249 0.00248645544052
844.968621 0.00261260271072
846.677659 0.00456455945969
848.518472 0.00263593196869
850.175619 0.00251766443253
851.880317 0.00235654115677
853.498291 0.00412237644196
855.218012 0.0023393034935
856.881188 0.00233954191208
858.460166 0.00234360694885
860.159997 0.00301928520203
861.726656 0.00275350809097
863.325446 0.00266745090485
864.904039 0.00385118722916
866.633821 0.00236319303513
868.206819 0.0025270819664
869.867505 0.00235058069229
871.473461 0.00246059894562
873.160885 0.00276746749878
874.734298 0.00247946977615
876.328316 0.0025529384613
877.980259 0.00327609777451
880.037601 0.00240145921707
881.662471 0.00235984325409
883.243207 0.0022268652916
884.830961 0.00224386453629
886.412703 0.00250648260117
888.097913 0.00319420099258
889.741436 0.00221499204636
891.378983 0.00292750597
892.940936 0.00238795280457
894.573052 0.00369222164154
896.184199 0.00270998477936
897.983561 0.00299711227417
899.616182 0.00242681503296
901.208635 0.00258066654205
902.940568 0.00237458944321
904.764922 0.00331853628159
906.419852 0.00235342979431
908.096626 0.00243339538574
909.789904 0.00334717035294
911.912412 0.00345195531845
913.564811 0.00234946012497
915.143734 0.00301337242126
916.840417 0.00249078273773
918.418074 0.0022255897522
919.980594 0.00231275558472
921.560763 0.00301208496094
923.165694 0.0038645029068
925.011643 0.00240342617035
926.589276 0.00232688188553
928.310351 0.00229249000549
929.890611 0.00238471031189
931.5393 0.00238163471222
933.134182 0.00222495794296
934.731437 0.00227879285812
936.343635 0.00347000360489
938.046761 0.00244680643082
939.631603 0.00231963396072
941.306063 0.00251030921936
943.556167 0.0024001121521
945.286269 0.00227485895157
946.883991 0.00226556062698
948.655783 0.00225549936295
950.345551 0.00242898464203
951.920213 0.00260927677155
953.586842 0.00313680171967
955.242172 0.00241709947586
956.795733 0.00251698493958
958.41488 0.00226151943207
960.121351 0.00287697315216
961.792421 0.00337903499603
963.405193 0.00240044593811
965.189434 0.0023705124855
966.927643 0.00246863365173
968.522992 0.00241460800171
970.265047 0.00233788490295
971.826253 0.00243752002716
973.82192 0.00257835388184
975.412308 0.00375561714172
977.104158 0.00278249979019
978.763458 0.00243699550629
980.396166 0.00225780010223
982.041132 0.00306090116501
983.715796 0.00369185209274
985.282871 0.0026642203331
986.910846 0.00379022359848
988.55107 0.00261152982712
990.225268 0.00253283977509
991.830639 0.00418138504028
993.417632 0.00236773490906
995.13595 0.00242028236389
996.720125 0.00245069265366
998.367458 0.00227403640747
1000.01926 0.00420855283737
1001.710528 0.00321609973907
1003.362132 0.00242305994034
1005.281854 0.00238474607468
1006.918446 0.00323449373245
1008.514973 0.00230100154877
1010.138172 0.00266077518463
1011.92492 0.00287246704102
1013.587048 0.0024124622345
1015.306457 0.00244233608246
1016.921667 0.00249911546707
1018.551061 0.00229650735855
1020.19034 0.00228828191757
1021.783936 0.00253635644913
1023.385174 0.00251177549362
1025.076348 0.0025731086731
1026.67689 0.00245323181152
1028.30426 0.00296950340271
1029.919334 0.00318526029587
1031.504082 0.00253003835678
1033.076867 0.00234780311584
1034.746681 0.00229744911194
1036.58884 0.00241903066635
1038.225893 0.00238989591599
1039.847053 0.00237474441528
1041.399502 0.00248513221741
1043.023518 0.00230009555817
1044.627024 0.00287026166916
1046.257482 0.00229616165161
1047.896907 0.00238478183746
1049.501444 0.0023033618927
1051.24445 0.00226318836212
1052.843826 0.00330802202225
1054.468609 0.00352858304977
1056.081932 0.00236637592316
1057.654423 0.00245946645737
1059.250783 0.00234493017197
1060.908287 0.0023569226265
1062.46112 0.00240389108658
1064.097045 0.00243570804596
1065.890618 0.00239871740341
1067.741892 0.00246956348419
1069.4895 0.0022675037384
1071.034638 0.00231084823608
1072.623856 0.0024796962738
1074.221951 0.00352344512939
1075.852605 0.00357102155685
1077.523458 0.00389270782471
1079.116272 0.00255352258682
1080.824503 0.00243943929672
1082.392909 0.00242354869843
1083.96181 0.0023768901825
1086.45751 0.00300004482269
1088.062327 0.00354409217834
1089.691177 0.00342264175415
1091.411522 0.00235311985016
1093.004447 0.00291842222214
1094.799997 0.00249508619308
1096.377093 0.00272767543793
1098.172832 0.00404181480408
1099.782139 0.00319277048111
1101.445849 0.00263001918793
1103.019054 0.00237686634064
1104.585428 0.00234081745148
1106.264896 0.00287435054779
1107.907207 0.00242403745651
1109.908349 0.00232820510864
1111.534173 0.00244283676147
1113.194474 0.0022644162178
1114.781178 0.00233535766602
1116.362248 0.00231333971024
1117.974009 0.0024845123291
1119.576001 0.00407847166061
1121.289413 0.0023341178894
1122.90943 0.00235912799835
1124.464661 0.00233979225159
1126.175992 0.00253753662109
1127.850087 0.00293622016907
1129.620356 0.00240164995193
1131.461794 0.00238379240036
1133.100857 0.00331158638
1134.790326 0.00263438224792
1136.480859 0.00322885513306
1138.118681 0.0023690700531
1139.686771 0.00229780673981
1141.455213 0.00290664434433
1143.040708 0.00226265192032
1144.614024 0.00236946344376
1146.238426 0.00226163864136
1147.831155 0.00225509405136
1149.443327 0.00302202701569
1151.034871 0.0034813284874
1152.668808 0.00278337001801
1154.420199 0.00289132595062
1155.984291 0.00244085788727
1157.862241 0.00299980640411
1159.495444 0.00367078781128
1161.645801 0.0022970199585
1163.297483 0.00245872735977
1164.890564 0.00226255655289
1166.53953 0.0025808930397
1168.315773 0.0026065826416
1169.993333 0.00230382680893
1171.638753 0.00369498729706
1173.419982 0.00228811502457
1174.993935 0.00311554670334
1176.557983 0.00245988368988
1178.154914 0.00230211019516
1179.840854 0.00242129564285
1181.439339 0.00242215394974
1182.987161 0.00248122215271
1184.607464 0.00244514942169
1186.209858 0.0033921957016
1187.815829 0.00240623950958
1189.400111 0.00239679813385
1190.980195 0.00246748924255
1192.894329 0.00237838029861
1194.498358 0.00235043764114
1196.09412 0.00268616676331
1197.724354 0.0023409485817
1199.278874 0.00252089500427
1200.900052 0.00397729873657
1202.469933 0.00226508378983
1204.114596 0.00234388113022
1205.793241 0.00227047204971
1207.48551 0.00285203456879
1209.169529 0.00221489667892
1210.807569 0.00238711833954
1212.385852 0.00223076343536
1214.005558 0.002374958992
1215.638901 0.00232410430908
1217.335594 0.00235134363174
1218.942623 0.00228036642075
1220.720421 0.00249543190002
1222.376126 0.00233979225159
1224.386138 0.00240635871887
1225.962982 0.00338411331177
1227.522229 0.00249518156052
1229.402571 0.00357954502106
1231.063181 0.00352419614792
1232.645563 0.00251287221909
1234.264435 0.002956366539
1235.851029 0.00287108421326
1237.529932 0.00249457359314
1239.493433 0.00341811180115
1241.034472 0.00243394374847
1242.591927 0.00241658687592
1244.424296 0.00235207080841
1246.05579 0.00313612222672
1247.902201 0.00251542329788
1249.589163 0.00238904953003
1251.153956 0.00295461416245
1252.722391 0.00232875347137
1254.856833 0.00357067584991
1256.438021 0.0023496389389
1258.010588 0.00244911909103
1259.66028 0.00435913801193
1261.254544 0.0023498415947
1262.841583 0.00262027978897
1264.48252 0.0025620341301
1266.024861 0.00241905450821
1267.67142 0.00279990434647
1269.279761 0.00232305526733
1270.890924 0.00307651758194
1272.486854 0.00242055654526
1274.016554 0.00230261087418
1275.7115 0.00279901027679
1277.374221 0.00257085561752
1278.975816 0.00463861227036
1280.609672 0.0023513674736
1282.275155 0.00233991146088
1283.835644 0.00239586830139
1285.893548 0.00241026878357
1287.578846 0.00318148136139
1289.220334 0.00353620052338
1290.850287 0.00325615406036
1292.563297 0.00439056158066
1294.151084 0.00224936008453
1295.721412 0.00226893424988
1297.363757 0.00253478288651
1298.979712 0.00235570669174
1300.581354 0.00317133665085
1302.231205 0.00262168645859
1303.869955 0.00388294458389
1305.47158 0.00230574607849
1307.121843 0.00241270065308
1308.749182 0.00248914957047
1310.312276 0.00231699943542
1311.904022 0.00250543355942
1313.732981 0.00263489484787
1315.490817 0.00365642309189
1317.579116 0.00273540019989
1319.628523 0.00238543748856
1321.271782 0.0023543715477
1323.021578 0.00228326320648
1324.745587 0.00263707637787
1326.466435 0.00322504043579
1328.101639 0.00236821174622
1329.668621 0.00229997634888
1331.376405 0.00233758687973
1332.980628 0.00240545272827
1334.620482 0.00404186248779
1336.266445 0.00515328645706
1337.956545 0.00437217950821
1339.544781 0.00264617204666
1341.181923 0.00228841304779
1342.896352 0.00406831502914
1344.487023 0.00230503082275
1346.121521 0.00269078016281
1348.038045 0.00240302085876
1349.599643 0.00254700183868
1351.299806 0.00235377550125
1352.941818 0.00348267555237
1354.508014 0.0025265455246
1356.163407 0.00351949930191
1357.774581 0.00384439229965
1359.434024 0.00442378520966
1361.06364 0.00406668186188
1362.676881 0.00252040624619
1364.235634 0.00229579210281
1365.827353 0.00304627418518
1367.47274 0.00233591794968
1369.193885 0.00339090824127
1370.758441 0.00253049135208
1372.395119 0.00235178470612
1373.96076 0.00238974094391
1375.522264 0.00243012905121
1377.168726 0.00230623483658
1379.162152 0.00249706506729
1380.753589 0.00368882417679
1382.40772 0.00386743545532
1384.003528 0.00272927284241
1385.629761 0.0027134180069
1387.228811 0.00223844051361
1388.824645 0.00229612588882
1390.437777 0.00257334709167
1392.042207 0.00447260141373
1393.651662 0.00245424509048
1395.276854 0.0046800494194
1396.867619 0.00264223814011
1398.518649 0.00239670276642
1400.172775 0.00253421068192
1401.791297 0.00272423028946
1403.418468 0.00281155109406
1405.076281 0.00491462945938
1406.670004 0.00264762639999
1408.380973 0.00236973762512
1410.503132 0.00290405750275
1412.098355 0.0024843454361
1413.690264 0.00253236293793
1415.304031 0.00223749876022
1416.935956 0.00230821371078
1418.723068 0.00228749513626
1420.288339 0.0024597287178
1421.880609 0.00249927043915
1423.504012 0.00262485742569
1425.111575 0.00259408950806
1426.728932 0.00265173912048
1428.33796 0.00298615694046
1429.931195 0.00227266550064
1431.620849 0.00262486934662
1433.31824 0.00225378274918
1434.908544 0.00309927463531
1436.683328 0.00363360643387
1438.347467 0.00252174139023
1440.034286 0.00225931406021
1442.122294 0.00250174999237
1443.809373 0.0024720788002
1445.4852 0.00249965190887
1447.072701 0.00355106592178
1448.732412 0.00255082845688
1450.590715 0.00247195959091
1452.191938 0.00226858854294
1453.864926 0.00323386192322
1455.48433 0.0035884141922
1457.134128 0.00232992172241
1458.761736 0.00241278409958
1460.364746 0.00286753177643
1461.954379 0.00253732204437
1463.754401 0.00245250463486
1465.351331 0.00290499925613
1466.938809 0.00259058475494
1468.553607 0.00306148529053
1470.291652 0.00236610174179
1471.90951 0.00469430685043
1473.805018 0.00278837680817
1475.528842 0.00256640911102
1477.154464 0.00246616601944
1478.811545 0.00258965492249
1480.447448 0.00416948795319
1482.095121 0.0028155207634
1483.762644 0.00461773872375
1485.353276 0.00291405916214
1486.957233 0.00234763622284
1488.548567 0.00329142808914
1490.133263 0.00258550643921
1491.772524 0.00339087247849
1493.463037 0.00243673324585
1495.113931 0.00415805578232
1496.840333 0.00294953584671
1498.493453 0.00232844352722
1500.082649 0.0023801445961
1501.657699 0.00244909524918
1503.2256 0.00228424072266
1505.019482 0.00252014398575
1506.606335 0.0024120092392
1508.168421 0.00251331329346
1509.845454 0.00284540653229
1511.45798 0.0023463010788
1513.063492 0.00293114185333
1514.727278 0.00236394405365
1516.325918 0.00245507955551
1517.902543 0.00266777276993
1519.475151 0.00424355268478
1521.072048 0.00240123271942
1522.628512 0.00246187448502
1524.225433 0.00237733125687
1526.150742 0.00243366956711
1527.841977 0.00237480401993
1529.676335 0.00234826803207
1531.245007 0.00268007516861
1532.855017 0.00244860649109
1534.445933 0.00246745347977
1536.532462 0.00251950025558
1538.117531 0.00259139537811
1539.705246 0.00233761072159
1541.423664 0.00240330696106
1543.010069 0.00242038965225
1544.626219 0.00229457616806
1546.33206 0.00299932956696
1547.957126 0.0029036283493
1549.610049 0.00235322713852
1551.307505 0.00245033502579
1552.929797 0.00269490480423
1554.675017 0.00228370428085
1556.470871 0.00228416919708
1558.020868 0.00254125595093
1559.613647 0.00224224328995
1561.200275 0.00242668390274
1562.776516 0.00227538347244
1564.360445 0.00228985548019
1566.130576 0.00257337093353
1567.913759 0.00257059335709
1569.555588 0.00280536413193
1571.461734 0.0024662733078
1573.035114 0.00409909486771
1574.638067 0.00245335102081
1576.290128 0.00257641077042
1577.963285 0.0033064365387
1579.520117 0.00238796472549
1581.152061 0.00404551029205
1582.740739 0.00233995914459
1584.328969 0.00224820375443
1586.037286 0.00414667129517
1587.713095 0.00232568979263
1589.298651 0.00247824192047
1590.920215 0.00233017206192
1592.567555 0.00280820131302
1594.169182 0.00238060951233
1595.867504 0.00230313539505
1597.520626 0.00236403942108
1599.631348 0.00336320400238
1601.287599 0.00298405885696
1602.881364 0.00255814790726
1604.441765 0.00241365432739
1606.165402 0.00227301120758
1607.873483 0.0031417965889
1609.437232 0.00246759653091
1611.019989 0.00248374938965
1612.642989 0.00227692127228
1614.213814 0.00220209360123
1615.765397 0.00231431722641
1617.352522 0.00231513977051
1618.967761 0.00331815481186
1620.530623 0.00232312679291
1622.187365 0.00262757539749
1623.954472 0.00438144207001
1625.616645 0.00233923196793
1627.235404 0.00246057510376
1628.926315 0.00234956741333
1630.870944 0.00240404605865
1632.488004 0.0045628786087
1634.225557 0.00245630741119
1635.938015 0.00229864120483
1637.517745 0.00231791734695
1639.090021 0.0028718829155
1640.713826 0.00236812829971
1642.354899 0.00238139629364
1643.939034 0.00231791734695
1645.512841 0.0023848772049
1647.196362 0.00318703651428
1648.820794 0.00381276607513
1650.456648 0.00257799625397
1652.058281 0.00243744850159
1653.600578 0.00230031013489
1655.238757 0.00423213243484
1656.857861 0.00262713432312
1658.453292 0.00246323347092
1660.042514 0.00241395235062
1661.987562 0.00301033258438
1663.657847 0.00277892351151
1665.291893 0.00241791009903
1666.922087 0.00234987735748
1668.502034 0.00237202644348
1670.134416 0.0022832274437
1671.968052 0.0025010228157
1673.568598 0.003506731987
1675.28312 0.00263551473618
1676.886467 0.00370851755142
1678.511017 0.00227568149567
1680.071592 0.00239496231079
1681.642678 0.00227870941162
1683.244022 0.00281513929367
1684.875557 0.0042654633522
1686.503656 0.00236010551453
1688.062016 0.00281747579575
1689.677135 0.00247012376785
1691.244855 0.00234367847443
1693.303351 0.00246641635895
1694.884727 0.00242348909378
1696.496425 0.00353021621704
1698.437513 0.00230528116226
1700.025389 0.00291376113892
1701.85094 0.00222181081772
1703.452597 0.00245201587677
1705.122927 0.00236011743546
1706.772769 0.00239347219467
1708.383862 0.0024365901947
1709.986154 0.00232579708099
1711.583169 0.00236237049103
1713.164267 0.00233715772629
1715.003175 0.00293692350388
1716.590236 0.00268629789352
1718.148661 0.00242078304291
1719.71089 0.00241256952286
1721.286507 0.00232055187225
1722.908498 0.002960896492
1724.871458 0.00242712497711
1726.496531 0.00234615802765
1728.11457 0.00230411291122
1729.714449 0.00225125551224
1731.31489 0.00404089689255
1733.22267 0.00230849981308
1734.900004 0.00243074893951
1736.564185 0.00239235162735
1738.229744 0.00248823165894
1739.987787 0.00241678953171
1741.607528 0.00458537340164
1743.29226 0.00238388776779
1744.900757 0.00263081789017
1746.65156 0.00232772827148
1748.323505 0.00232021808624
1750.070065 0.00241016149521
1751.689371 0.00282751321793
1753.320627 0.00273561477661
1755.399918 0.00231122970581
1756.976259 0.00228370428085
1758.705214 0.00248281955719
1760.511336 0.00226539373398
1762.15411 0.00294591188431
1763.879806 0.0023285984993
1765.629757 0.00229184627533
1767.322111 0.00243945121765
1768.934996 0.00265542268753
1770.597326 0.00378938913345
1772.231726 0.00235042572021
1773.880822 0.00369787216187
1775.556775 0.00234336853027
1777.160456 0.0022739648819
1778.76677 0.0023184299469
1780.338908 0.00231858491898
1781.906457 0.00231144428253
1783.541679 0.00459393262863
1785.52651 0.00243154764175
1787.434452 0.00240222215652
1789.051793 0.00395406484604
1790.656879 0.00251066684723
1792.233882 0.00258138179779
1793.840773 0.00472351312637
1795.513095 0.00426224470139
1797.135897 0.00372368097305
1798.895361 0.00353404283524
1800.524809 0.00251913070679
1802.132837 0.00240886211395
1803.857096 0.00242427587509
1805.492405 0.00333678722382
1807.142133 0.00357615947723
1808.882985 0.00388107299805
1810.610075 0.00248602628708
1812.268128 0.00245208740234
1813.841903 0.0022922039032
1815.401333 0.0026459813118
1817.048597 0.00257352590561
1819.329913 0.00236974954605
1820.884378 0.00235958099365
1822.532131 0.00249943733215
1824.150802 0.00245220661163
1825.7285 0.00256053209305
1827.338758 0.00290068387985
1829.002574 0.00265377759933
1830.588335 0.00246194601059
1832.172105 0.00265746116638
1833.844793 0.00316385030746
1835.4277 0.00248656272888
1837.044894 0.00268089771271
1838.675727 0.00287314653397
1840.251092 0.00275233983994
1841.854874 0.00249223709106
1843.551872 0.00240066051483
1845.096919 0.00248731374741
1846.704784 0.00247613191605
1848.67885 0.00258651971817
1850.815337 0.00249404907227
1852.789275 0.00263966321945
1854.40804 0.0031680226326
1856.008204 0.00237445831299
1857.569359 0.00228905677795
1859.18547 0.00233285427094
1860.771269 0.00233834981918
1862.353075 0.00231482982635
1863.943877 0.00345726013184
1865.819475 0.00225430727005
1867.391856 0.00244632959366
1869.014119 0.00225698947906
1870.601854 0.00247699022293
1872.342778 0.00230295658112
1873.896098 0.00246002674103
1875.565949 0.00234400033951
1877.211598 0.00236558914185
1878.890617 0.00300468206406
1880.510719 0.00248863697052
1882.450896 0.00235434770584
1884.103588 0.00227519273758
1885.684382 0.00245940685272
1887.417329 0.00397820472717
1889.075111 0.00329757928848
1890.732246 0.00235981941223
1892.290743 0.00233680009842
1893.949728 0.00237382650375
1895.5549 0.00315747261047
1897.213785 0.00267976522446
1898.830033 0.00254737138748
1900.428108 0.00234011411667
1902.092344 0.00296667814255
1903.730887 0.0022673368454
1905.414463 0.00232318639755
1907.008552 0.00222762823105
1908.604243 0.00249326229095
1910.223309 0.00354903936386
1911.82529 0.00250294208527
1914.019384 0.00223255157471
1915.584878 0.00244318246841
1917.262513 0.00268652439117
1918.863386 0.00227415561676
1920.472658 0.00222002267838
1922.120621 0.00223931074142
1923.729148 0.00276727676392
1925.323788 0.00366110801697
1927.121641 0.00340377092361
1928.840895 0.00234392881393
1930.511058 0.00232343673706
1932.167194 0.00374763011932
1933.921508 0.00257781744003
1935.490283 0.00228388309479
1937.103033 0.00339554548264
1938.754489 0.00241448879242
1940.386112 0.0026300907135
1941.989824 0.00248742103577
1943.618338 0.00241008996964
1945.699106 0.00248640775681
1947.28158 0.00298191308975
1948.945141 0.00242801904678
1950.62207 0.00257893800735
1952.248362 0.00259498357773
1953.888849 0.00284333229065
1955.508495 0.00230749845505
1957.113531 0.0024454832077
1958.742842 0.00309182405472
1960.360758 0.00230408906937
1961.995026 0.0024644613266
1963.606264 0.00264594554901
1965.173224 0.00295408964157
1966.826791 0.00464187860489
1968.547379 0.00261416435242
1970.166022 0.00226514339447
1971.823519 0.00246300697327
1973.447257 0.00249922275543
1975.169329 0.00421435832977
1977.389663 0.00255290269852
1979.139395 0.00302487611771
1980.766009 0.00246214866638
1982.547864 0.00229951143265
1984.19865 0.00342724323273
1985.827632 0.00500676631927
1987.503265 0.00388797521591
1989.0518 0.00232733488083
1990.662237 0.0022313952446
1992.302745 0.00226862430573
1993.959984 0.00451780557632
1995.705673 0.00272299051285
1997.313266 0.00351660251617
1998.907829 0.00262675285339
2000.842108 0.0024872303009
2002.453785 0.00248515605927
2004.103161 0.00402175188065
2005.696201 0.00220572948456
2007.230308 0.00231375694275
2009.165298 0.00227655172348
2010.79234 0.00282914638519
2012.409507 0.00457247495651
2014.036003 0.00228140354156
2015.721978 0.00387179851532
2017.324044 0.00254845619202
2018.938858 0.00444246530533
2020.64904 0.0027615904808
2022.287447 0.00438284873962
2023.923676 0.00309871435165
2025.566805 0.00233670473099
2027.16915 0.00288826227188
2028.824205 0.00261051654816
2030.38453 0.00235522985458
2032.035479 0.00319935083389
2033.644606 0.002423787117
2035.204361 0.00234498977661
2036.810471 0.00241060256958
2038.383125 0.00240194797516
2040.394872 0.00424098968506
2041.997286 0.00273151397705
2043.56474 0.00229206085205
2045.136826 0.00245478153229
2046.74976 0.00274647474289
2048.308104 0.00257077217102
2049.944861 0.00236474275589
2051.566834 0.0022265791893
2053.25823 0.00390758514404
2054.908281 0.00240255594254
2056.531488 0.00236669778824
2058.125099 0.00246918201447
2059.728658 0.00229799747467
2061.364723 0.0025901556015
2062.961803 0.00232807397842
2064.531314 0.0024454832077
2066.161342 0.00233591794968
2067.955135 0.00235867500305
2069.569791 0.00257538557053
2071.530373 0.00233064889908
2073.162993 0.00286500453949
2074.765475 0.00240520238876
2076.420177 0.00244952440262
2078.046681 0.00286785364151
2079.72707 0.00244837999344
2081.363039 0.00236093997955
2083.080723 0.00235114097595
2084.685128 0.00236815214157
2086.270661 0.00247130393982
2087.990534 0.00229353904724
2089.586853 0.00239480733871
2091.180821 0.00421286821365
2092.824887 0.00222718715668
2094.438118 0.00236921310425
2096.038285 0.00231122970581
2097.665261 0.00235381126404
2099.254002 0.00245387554169
2100.863795 0.00248011350632
2102.837148 0.00253598690033
2104.420143 0.0025522351265
2106.053597 0.00233399868011
2107.810753 0.00434601306915
2109.485508 0.00248155593872
2111.036091 0.00242725610733
2112.640528 0.00226812362671
2114.28948 0.00223503112793
2116.093537 0.00227627754211
2117.764465 0.00353970527649
2119.39372 0.00444631576538
2120.971514 0.00244582891464
2122.602288 0.00481679439545
2124.202426 0.00231552124023
2125.884179 0.00335559844971
2127.522648 0.00225154161453
2129.082635 0.00225130319595
2130.740548 0.00418841838837
2132.310436 0.00254368782043
2134.363827 0.00284774303436
2135.990049 0.00259295701981
2137.574617 0.00237704515457
2139.202542 0.00241395235062
2140.895255 0.00355212688446
2142.48693 0.00311931371689
2144.104724 0.00228300094604
2145.702541 0.00238322019577
2147.307603 0.00241093635559
2148.997458 0.00301911830902
2150.670487 0.00237865447998
2152.254936 0.00243065357208
2153.889037 0.00247341394424
2155.501727 0.00252379179001
2157.088017 0.0026053071022
2158.738874 0.00235636234283
2160.424178 0.00234931707382
2162.043384 0.0039072394371
2163.615615 0.00230283737183
2165.831124 0.0023378610611
2167.58332 0.00255253314972
2169.193291 0.00234485864639
2170.895356 0.00315343141556
2172.500973 0.00367606878281
2174.146523 0.00248789787292
2175.804592 0.00452098846436
2177.42828 0.00237473249435
2179.078996 0.002379322052
2180.800057 0.00230910778046
2182.4289 0.00342042446136
2184.127925 0.00230422019958
2185.688277 0.00235759019852
2187.544796 0.00235577821732
2189.219784 0.00243712663651
2190.774935 0.00240069627762
2192.369185 0.00244860649109
2194.169431 0.00249655246735
2195.771654 0.00230860710144
2197.788482 0.00241408348083
2199.54688 0.0028239607811
2201.293284 0.00234582424164
2202.925687 0.00237859487534
2204.634038 0.00399881601334
2206.229336 0.00250965356827
2207.843809 0.00353684425354
2209.497214 0.0023029923439
2211.169192 0.0030137181282
2212.974999 0.00250695943832
2214.633882 0.00327508449554
2216.190846 0.00243276357651
2217.788366 0.00238569974899
2219.405459 0.00251690149307
2221.099995 0.00243947505951
2222.717937 0.00399788618088
2224.465674 0.00244379043579
2226.145085 0.00250422954559
2228.014662 0.00247291326523
2230.075453 0.00231212377548
2231.709802 0.00337562561035
2233.325684 0.00230956077576
2234.985876 0.00243934392929
2236.578176 0.00242556333542
2238.183353 0.00242072343826
2239.778791 0.00224949121475
2241.399638 0.00482822656631
2242.978503 0.00220750570297
2244.573689 0.00376117229462
2246.332241 0.00258835554123
2247.951455 0.00305050611496
2249.555731 0.00240774154663
2251.137349 0.00231724977493
2252.987033 0.00229423046112
2254.549347 0.00248284339905
2256.203555 0.00235038995743
2257.827191 0.00251313447952
2259.434311 0.0037724852562
2261.366043 0.00335246324539
2262.988631 0.00260055065155
2264.655063 0.00233247280121
2266.423142 0.00371308326721
2268.039058 0.00489935874939
2269.673236 0.00251166820526
2271.600424 0.00241184234619
2273.248906 0.00250358581543
2274.911068 0.00352417230606
2276.587725 0.00409635305405
2278.307017 0.00300524234772
2279.964562 0.00246407985687
2281.868953 0.00229341983795
2283.444128 0.00234373807907
2285.039846 0.00230363607407
2286.609855 0.00262495279312
2288.249505 0.00233618021011
2289.964184 0.00275137424469
2291.917539 0.00228563547134
2293.587846 0.00233991146088
2295.210537 0.0023906826973
2296.802761 0.00246744155884
2298.387009 0.00251064300537
2300.020959 0.00379766225815
2301.619214 0.00295586585999
2303.24888 0.00236165523529
2305.03775 0.00934001207352
2306.847966 0.00235220193863
2308.48517 0.00233135223389
2310.21051 0.0033043384552
2311.93501 0.00303337574005
2313.520331 0.00230904817581
2315.172175 0.00248637199402
2316.828538 0.00254076719284
2318.403804 0.00252406597137
2320.032687 0.00357083082199
2321.657134 0.00254912376404
2323.709163 0.00235377550125
2325.305756 0.00236369371414
2326.946145 0.00231609344482
2328.549347 0.00238327980042
2330.217013 0.00230672359467
2331.915472 0.00274666547775
2333.571979 0.00260554552078
2335.171595 0.00258549451828
2336.817591 0.00284224748611
2338.490469 0.00252412557602
2340.147764 0.00359103679657
2341.970592 0.00255473852158
2343.59832 0.0035640835762
2345.300701 0.00490151643753
2346.892208 0.00241538286209
2348.564375 0.00236212015152
2350.163413 0.00440593957901
2351.869863 0.00236096382141
2353.612287 0.00240126848221
2356.037324 0.00266129970551
2357.683071 0.00238676071167
2359.268866 0.00325385332108
2360.881867 0.00248720645905
2362.445667 0.00254336595535
2364.115554 0.00248835086823
2365.739782 0.00233572721481
2367.340816 0.00251756906509
2369.027924 0.00276020765305
2370.681778 0.00343129634857
2372.321784 0.00304930210114
2374.092165 0.00370979309082
2375.80036 0.00346359014511
2377.494525 0.00253837108612
2379.056212 0.00236551761627
2380.741384 0.0024995803833
2382.291732 0.00251947641373
2383.898575 0.00231758356094
2385.478901 0.00230604410172
2387.524452 0.00240358114243
2389.424917 0.00232948064804
2391.03873 0.00254943370819
2392.706658 0.00286065340042
2394.328213 0.00440825223923
2396.036198 0.00648868083954
2397.835091 0.00238980054855
2399.485212 0.00239791870117
2401.160506 0.00228415727615
2402.74975 0.00255755186081
2404.417233 0.00228309631348
2405.969022 0.00242475271225
2407.583108 0.00236510038376
2409.359134 0.00323323011398
2410.924899 0.00249382257462
2412.541647 0.00302367210388
2414.123356 0.00245467424393
2415.999661 0.00257014036179
2418.080568 0.00242519378662
2419.640276 0.002445936203
2421.331475 0.00233726501465
2422.930568 0.00270017385483
2424.607563 0.00240169763565
2426.243519 0.00234433412552
2427.869114 0.00235214233398
2429.489886 0.00331354141235
2431.117011 0.00247194766998
2432.776816 0.00497140884399
2434.371586 0.00235682725906
2436.080917 0.00295795202255
2437.668535 0.00266165733337
2439.289458 0.00242779254913
2441.074267 0.00244933366776
2442.746793 0.00231872797012
2444.363469 0.00238554477692
2445.951064 0.00306428670883
2447.619101 0.0040908575058
2449.570771 0.00259654521942
2451.16705 0.00223318338394
2452.847219 0.0025416135788
2454.474357 0.00233548879623
2456.092441 0.00292854309082
2457.725709 0.00240504741669
2459.32292 0.00326750278473
2460.928531 0.00240924358368
2462.614916 0.00245643854141
2464.216801 0.00254212617874
2465.863257 0.00235456228256
2467.463881 0.00328040122986
2469.060977 0.00252302885056
2470.682738 0.00238890647888
2472.351618 0.00261663198471
2473.930851 0.00247608423233
2475.504822 0.00236346721649
2477.124457 0.00454589128494
2478.88414 0.00227353572845
2480.998861 0.00246925354004
2482.571468 0.00246118307114
2484.190811 0.00232465267181
2485.783887 0.00247764587402
2487.4127 0.00434678792953
2488.999396 0.00234380960464
2490.593149 0.0023094534874
2492.214811 0.00306676626205
2493.897109 0.00309743881226
2495.473448 0.00230796337128
2497.049733 0.0023578286171
2498.675019 0.00225316286087
2500.282153 0.00227150917053
2501.937179 0.00252972841263
2503.555517 0.00293521881104
2505.173469 0.00230880975723
2506.779785 0.00244127511978
2508.407377 0.00232434272766
2510.19756 0.00231755971909
2512.147343 0.00398284196854
2513.786646 0.0023241519928
2515.420503 0.00293163061142
2517.074494 0.0022408246994
2518.635476 0.00250995159149
2520.253486 0.00248810052872
2521.858537 0.00313675403595
2523.518048 0.00272626876831
2525.247597 0.00290367603302
2526.866543 0.00340995788574
2528.516487 0.00231819152832
2530.078202 0.00236650705338
2531.695146 0.00420256853104
2533.301677 0.00249549150467
2534.884961 0.00227146148682
2536.636585 0.00272201299667
2538.273959 0.00272436141968
2539.889169 0.00394800901413
2541.49561 0.00242154598236
2543.495925 0.00255826711655
2545.153216 0.00278151035309
2546.937237 0.00258567333221
2548.619166 0.00268576145172
2550.187353 0.00250842571259
2551.788472 0.00345411300659
2553.405088 0.00251710414886
2555.10271 0.00304797887802
2556.685088 0.00235590934753
2558.51183 0.00243924856186
2560.141444 0.00434527397156
2561.728524 0.00364801883698
2563.311802 0.00228588581085
2565.075586 0.00433888435364
2566.780984 0.00410077571869
2568.444916 0.00240302085876
2570.019798 0.00305355787277
2571.607023 0.00254898071289
2573.199009 0.00236569643021
2575.172958 0.00311119556427
2576.798104 0.00242122411728
2578.68761 0.00251358747482
2580.343768 0.0024037361145
2582.052567 0.00239642858505
2583.641366 0.00229573249817
2585.20705 0.00234798192978
2586.82215 0.0023966550827
2588.423222 0.00271776914597
2590.019558 0.00439265966415
2591.632544 0.00250128507614
2593.208831 0.00250812768936
2594.980035 0.00268279314041
2596.596902 0.00228319168091
2598.212686 0.00252519845963
2599.885736 0.00225476026535
2601.473828 0.00274609327316
2603.07493 0.00248440504074
2604.795743 0.00247645378113
2606.945369 0.00290007591248
2608.551442 0.00363131761551
2610.187785 0.00238780975342
2611.941825 0.0033360004425
2613.55295 0.00249534845352
2615.240545 0.00242331027985
2616.840467 0.00326578617096
2618.441955 0.00245106220245
2620.019685 0.00233217477798
2621.628185 0.00258719921112
2623.28817 0.00243247747421
2624.862945 0.00258667469025
2626.548751 0.00418444871902
2628.37588 0.00255057811737
2630.028152 0.00247124433517
2631.686252 0.00283651351929
2633.313137 0.0023007273674
2634.92346 0.00228252410889
2636.475174 0.0024523973465
2638.45879 0.00284075737
2640.061041 0.00330904722214
2641.724178 0.00253446102142
2643.289881 0.00240961313248
2644.870892 0.00234431028366
2646.741608 0.00385400056839
2648.348987 0.00238231420517
2650.14943 0.00275032520294
2651.790323 0.00244468450546
2653.380661 0.00255851745605
2655.001138 0.00465195178986
2656.630363 0.00229290723801
2658.233512 0.00246300697327
2659.993977 0.00261567831039
2661.627017 0.0036365032196
2663.257678 0.00277925729752
2664.891178 0.00351458787918
2666.61993 0.00236055850983
2668.252054 0.00240993499756
2670.493151 0.00274751186371
2672.133282 0.00420794487
2673.751713 0.00237164497375
2675.33727 0.00236804485321
2676.911856 0.00235595703125
2678.521637 0.00229798555374
2680.07943 0.00243486166
2681.735586 0.00238659381866
2683.368457 0.00254230499268
2685.225265 0.00247268676758
2686.846742 0.00225112438202
2688.40387 0.00251226425171
2690.15242 0.00255612134933
2691.79829 0.00235199928284
2693.397537 0.00250905752182
2695.124455 0.00228613615036
2696.77855 0.00360271930695
2698.452728 0.00308632850647
2700.028142 0.00300744771957
2701.870285 0.0025670170784
2703.479624 0.00393643379211
2705.101396 0.00239436626434
2706.730041 0.0023564696312
2708.27531 0.00248595476151
2709.866156 0.00244988203049
2711.541673 0.00259685516357
2713.230318 0.00243781805038
2714.80218 0.00251481533051
2716.484087 0.00340967178345
2718.226193 0.00294630527496
2719.835724 0.00237280130386
2721.46731 0.00252507925034
2723.326385 0.00363097190857
2724.950575 0.0024992108345
2726.578536 0.00359275341034
2728.206223 0.00253211259842
2730.007395 0.00246044397354
2731.67954 0.00231775045395
2733.616901 0.00250766277313
2735.221368 0.00242794752121
2737.181361 0.00222916603088
2738.767246 0.00289317369461
2740.585171 0.00226694345474
2742.214436 0.00331469774246
2743.83843 0.00260696411133
2745.44845 0.00250704288483
2747.056842 0.00257402658463
2748.739299 0.00272686481476
2750.601259 0.00261545181274
2752.226293 0.00224344730377
2753.78922 0.00234036445618
2755.472185 0.00227519273758
2757.165425 0.002576816082
2758.810356 0.00543692111969
2760.43366 0.00232766866684
2762.069945 0.00355368852615
2764.097112 0.00251218080521
2765.683705 0.00242611169815
2767.35968 0.00228694677353
2768.946677 0.00260726213455
2770.574002 0.00251061916351
2772.424727 0.00249247550964
2774.095728 0.00238921642303
2775.716328 0.00435872077942
2777.343769 0.00251851081848
2779.045509 0.00241187810898
2780.663616 0.00246561765671
2782.260943 0.00226399898529
2783.849231 0.0022904753685
2785.417508 0.00256873369217
2786.996075 0.00383042097092
2788.671651 0.00368580818176
2790.271365 0.00250904560089
2791.837379 0.00250637531281
2793.419644 0.0024155497551
2795.319292 0.00249929428101
2796.94577 0.00246826410294
2798.552344 0.00248411893845
2800.135978 0.0025682091713
2801.724376 0.00239319801331
2803.28104 0.00234645605087
2804.882091 0.00275577306747
2806.483771 0.00285054445267
2808.156072 0.00304119586945
2809.772436 0.00232752561569
2811.395321 0.00282155275345
2813.02554 0.00258076190948
2814.920843 0.00347722768784
2816.558495 0.00241677761078
2818.166603 0.00236119031906
2820.00537 0.00404051542282
2821.579046 0.00232837200165
2823.193782 0.00259277820587
2825.005173 0.00290060043335
2827.140745 0.00257312059402
2828.759996 0.00337101221085
2830.372254 0.00240814685822
2832.057895 0.00352362394333
2833.658462 0.00298074483871
2835.42132 0.00304046869278
2837.033478 0.00460191965103
2838.645672 0.00339668989182
2840.434689 0.00255867242813
2842.050755 0.00255031585693
2843.652298 0.00292228460312
2845.267424 0.00377714633942
2846.891802 0.00283418893814
2848.533794 0.00250514745712
2850.271257 0.00225143432617
2851.938419 0.00243140459061
2853.624626 0.00363174676895
2855.231757 0.00262025594711
2857.023474 0.00243320465088
2858.963264 0.00238163471222
2860.723426 0.00341467857361
2862.349854 0.00255153179169
2863.929508 0.00282473564148
2865.631489 0.00265979766846
2867.255841 0.00256198644638
2869.071844 0.00255787372589
2870.689408 0.00424602031708
2872.328374 0.00246464014053
2873.942602 0.00241841077805
2875.566063 0.00379645824432
2877.413765 0.00240091085434
2879.09762 0.00254201889038
2880.694428 0.00253986120224
2882.291709 0.00251046419144
2883.86377 0.00252521038055
2885.622518 0.00274382829666
2887.180112 0.00247694253922
2888.782214 0.00241298675537
2890.863648 0.00234363079071
2892.448415 0.00250205993652
2894.062923 0.00254222154617
2895.650067 0.00369464159012
2897.442256 0.00276969671249
2899.127976 0.00243921279907
2900.878272 0.00248390436172
2902.489499 0.00259915590286
2904.161018 0.00231319665909
2905.872196 0.00290125608444
2907.445199 0.0023209810257
2909.047404 0.00255739688873
2910.644245 0.00239588022232
2912.350428 0.00355459451675
2914.012045 0.00243269205093
2915.638718 0.002299284935
2917.282202 0.0029344201088
2918.9198 0.00226162672043
2920.50584 0.00265028476715
2922.434908 0.00475082397461
2924.021558 0.00237630605698
2925.619465 0.00245491266251
2927.216664 0.00248250961304
2928.843268 0.00260587930679
2930.53244 0.00362201929092
2932.297496 0.00245678424835
2933.955435 0.00249547958374
2935.567015 0.00442997217178
2937.240294 0.00226945877075
2938.865011 0.00232973098755
2940.492724 0.00232971906662
2942.127785 0.00243000984192
2943.919751 0.00263643264771
2945.518513 0.00256632566452
2947.158343 0.00232980251312
2948.780863 0.00304775238037
2950.571833 0.00241640806198
2952.27481 0.00262197256088
2954.515229 0.00318975448608
2956.118205 0.00252759456635
2957.720953 0.00271028280258
2959.368278 0.00249927043915
2961.010772 0.004454600811
2962.647626 0.00228925943375
2964.21624 0.00238071680069
2965.891195 0.00250194072723
2967.583061 0.00295909643173
2969.333479 0.00298459529877
2971.043881 0.00257810354233
2972.923591 0.00260230302811
2974.535681 0.00417376756668
2976.196653 0.00254528522491
2977.763445 0.00231087207794
2979.439143 0.00255532264709
2981.036631 0.00222358703613
2982.652068 0.0027042388916
2984.330504 0.00255297422409
2986.204726 0.00235620737076
2987.886817 0.00242017507553
2989.475776 0.00231347084045
2991.171114 0.00234260559082
2992.780824 0.0024106502533
2994.513043 0.00255032777786
2996.126656 0.00252256393433
2997.775739 0.00270270109177
2999.401972 0.0024095416069
3001.066526 0.00264356136322
3002.648614 0.00310510396957
3004.251167 0.00245025157928
3005.943732 0.00317679643631
3007.553229 0.00286785364151
3009.270412 0.00231029987335
3010.87146 0.00264197587967
3012.64884 0.00229896306992
3014.414749 0.00248885154724
3016.020946 0.00315488576889
3017.872819 0.00319955348969
3019.496578 0.00253041982651
3021.057681 0.00239236354828
3022.72127 0.00238043069839
3024.336752 0.00418248176575
3025.943358 0.00282831192017
3027.660876 0.00246604681015
3029.267686 0.00289516448975
3030.912375 0.00463879108429
3032.517784 0.00261690616608
3034.154434 0.00252677202225
3035.754508 0.00236513614655
3037.390524 0.00270813703537
3038.99967 0.00224961042404
3040.564096 0.00243438482285
3042.150077 0.00253726243973
3043.889145 0.00275599956512
3045.687924 0.00421794652939
3047.469506 0.00224853754044
3049.510361 0.0024366736412
3051.077525 0.00233343839645
3052.780713 0.00233559608459
3054.412197 0.00237498283386
3056.068177 0.00230746269226
3057.732996 0.00238033533096
3059.325825 0.0023668050766
3061.029358 0.00288095474243
3062.699914 0.00236996412277
3064.311651 0.00227719545364
3065.996324 0.00290464162827
3067.648259 0.00320117473602
3069.246814 0.0024188876152
3070.823554 0.00243082046509
3072.461516 0.00249688625336
3074.068844 0.00286248922348
3075.759654 0.00256810188293
3077.455483 0.00239926576614
3079.112234 0.0023973941803
3081.062143 0.00521565675735
3082.636588 0.00234200954437
3084.329331 0.00238963365555
3085.970407 0.00242505073547
3087.536258 0.00247273445129
3089.182234 0.0024640917778
3090.890526 0.00237195491791
3092.534396 0.00407094955444
3094.138446 0.00237332582474
3095.779592 0.00238686800003
3097.362298 0.00243133306503
3099.014168 0.00430120229721
3100.644929 0.00270396471024
3102.251304 0.00240693092346
3103.791815 0.00230755805969
3105.578685 0.00226647853851
3107.185781 0.00279943943024
3108.82053 0.00436455011368
3110.443963 0.00247268676758
3112.455301 0.00249878168106
3114.014026 0.00231494903564
3115.636825 0.00233800411224
3117.341938 0.00502560138702
3118.918361 0.00255798101425
3120.477618 0.00237423181534
3122.175682 0.00234390497208
3124.040426 0.0027378320694
3125.683301 0.00384373664856
3127.316461 0.00228078365326
3129.002183 0.00396286249161
3130.721135 0.00469393730164
3132.294651 0.00233381986618
3133.936377 0.00307685136795
3135.769408 0.00250558853149
3137.381157 0.00255428552628
3139.039386 0.00501540899277
3140.67581 0.00262447595596
3142.251646 0.00233442783356
3144.564961 0.00260989665985
3146.287371 0.00244127511978
3147.908704 0.00232082605362
3149.617323 0.00265611410141
3151.200973 0.00279994010925
3152.862496 0.00253159999847
3154.477484 0.00237072706223
3156.187872 0.00235044956207
3157.782642 0.00233331918716
3159.350359 0.00236493349075
3160.975415 0.0024321436882
3162.561476 0.00251077413559
3164.451148 0.00233058929443
3166.224923 0.00254057645798
3167.902157 0.00250120162964
3169.573438 0.00227717161179
3171.211265 0.00296791791916
3172.895821 0.00237281322479
3174.539754 0.00247422456741
3177.246573 0.0040598154068
3178.836621 0.00366113185883
3180.430091 0.00237741470337
3182.156243 0.00455490350723
3184.057201 0.0036004781723
3185.626824 0.00244703292847
3187.311532 0.00239065885544
3189.061532 0.00281459093094
3190.688691 0.00235005617142
3192.350071 0.00468708276749
3193.954674 0.00257217884064
3195.591501 0.00253748893738
3197.166386 0.00240385532379
3198.833346 0.00249838829041
3200.521897 0.00224130153656
3202.116249 0.0022854924202
3203.750508 0.00244002342224
3205.356231 0.00350172519684
3207.055869 0.00247577428818
3209.05213 0.00240349769592
3210.731205 0.00264612436295
3212.370674 0.00347907543182
3214.016954 0.00236785411835
3215.621515 0.0022886633873
3217.253226 0.00254453420639
3218.87487 0.00244623422623
3220.545281 0.00237176418304
3222.26457 0.00258411169052
3223.892407 0.00246547460556
3225.642014 0.00328061580658
3227.239618 0.00251870155334
3228.87105 0.002308344841
3230.454142 0.00231428146362
3232.108754 0.00488497018814
3233.719083 0.00230309963226
3235.368391 0.0025447845459
3236.968842 0.00295653343201
3238.95068 0.00235497951508
3240.883645 0.0024665594101
3242.572109 0.00227605104446
3244.152705 0.00223351716995
3245.766415 0.00251467227936
3247.428302 0.00236790180206
3249.143097 0.00230488777161
3250.786614 0.00415449142456
3252.405401 0.00234367847443
3254.001415 0.00258919000626
3255.661476 0.00254421234131
3257.297436 0.00239117145538
3258.988313 0.00285271406174
3260.590462 0.00294167995453
3262.175644 0.00252213478088
3264.036445 0.00250380039215
3265.656744 0.00232204198837
3267.385992 0.0031240940094
3268.961384 0.00249320268631
3270.79038 0.00237631797791
3272.884061 0.0025642991066
3274.480388 0.00302367210388
3276.177615 0.00246515274048
3278.003452 0.00229423046112
3279.682655 0.00513807535172
3281.374024 0.00297182798386
3283.172384 0.00243173837662
3284.85251 0.00243372917175
3286.46611 0.00276833772659
3288.143465 0.00233821868896
3289.81401 0.00230087041855
3291.385038 0.00234677791595
3293.034494 0.0025336265564
3294.641873 0.00354582071304
3296.51256 0.0023045539856
3298.194463 0.00237119197845
3299.793231 0.0024395108223
3301.383508 0.00383356809616
3303.398707 0.00259474515915
3304.984872 0.0029980301857
3306.680453 0.00247167348862
3308.370901 0.00260237455368
3310.016053 0.00239715576172
3311.61914 0.00262657403946
3313.250853 0.00232375860214
3314.859065 0.00323169231415
3316.503134 0.00240702629089
3318.134089 0.00237443447113
3319.843694 0.00234789848328
3321.409822 0.00246908664703
3322.980116 0.00228955745697
3324.829181 0.00229654312134
3326.419079 0.00259625911713
3328.220925 0.00235104560852
3329.818192 0.00284311771393
3331.413253 0.00288609266281
3333.072778 0.00242092609406
3335.154075 0.00266786813736
3336.841116 0.00338151454926
3338.584481 0.0023385643959
3340.258395 0.00340083837509
3341.889632 0.00297372341156
3343.481469 0.00266041755676
3345.096668 0.00233728885651
3346.876524 0.00232949256897
3348.619227 0.00281419754028
3350.198857 0.002514564991
3351.80708 0.00243808031082
3353.546584 0.00241742134094
3355.162437 0.00234123468399
3356.841133 0.00248644351959
3358.605882 0.00235992670059
3360.203982 0.0025016784668
3361.749177 0.00254343748093
3363.37478 0.00385104417801
3365.107689 0.00292295217514
3367.151749 0.00236842632294
3368.840958 0.00247097015381
3370.456017 0.00257804393768
3372.073543 0.00244745016098
3373.690762 0.0025764465332
3375.323589 0.00296131372452
3377.005363 0.0024115562439
3378.802042 0.00361162424088
3380.472879 0.0028727889061
3382.071566 0.00248013734818
3383.654783 0.00247455835342
3385.256379 0.0024499297142
3386.858593 0.00245240926743
3388.428414 0.00248463153839
3390.075468 0.00402735471725
3391.785475 0.00313920974731
3393.560222 0.00262403488159
3395.164514 0.00233637094498
3396.83889 0.00252015590668
3398.864937 0.002430331707
3400.539052 0.00224260091782
3402.169205 0.00232872962952
3403.742971 0.00235040187836
3405.301669 0.00236645936966
3406.999178 0.00266419649124
3408.637826 0.00276294946671
3410.315372 0.00458165407181
3411.944286 0.0022364616394
3413.621728 0.00294713973999
3415.247865 0.00326634645462
3416.848554 0.00234063863754
3418.489055 0.00333950519562
3420.101425 0.0022354722023
3421.744039 0.00348422527313
3423.403145 0.00337190628052
3425.321525 0.00230923891068
3426.962378 0.00285959243774
3428.735319 0.00236620903015
3430.600586 0.00230896472931
3432.222536 0.00479284524918
3433.841939 0.00246069431305
3435.455104 0.00224457979202
3437.144911 0.00228867530823
3438.734685 0.00259844064713
3440.434035 0.00328413248062
3442.060999 0.00232708454132
3443.672884 0.00229536294937
3445.210156 0.00259920358658
3446.822881 0.00252406597137
3448.381244 0.00246802568436
3450.035442 0.00240178108215
3451.708858 0.00328682661057
3453.294974 0.00231471061707
3454.898636 0.00233663320541
3456.464961 0.0036012172699
3458.050792 0.00221220254898
3459.636934 0.00300765037537
3461.693734 0.00230277776718
3463.295415 0.00258549451828
3464.924894 0.004123711586
3466.556509 0.00258845090866
3468.260396 0.00305656194687
3469.928192 0.0023663520813
3471.491243 0.00237367153168
3473.086169 0.0023863196373
3474.889086 0.00250455141068
3476.605866 0.00257716178894
3478.26206 0.00234743356705
3479.89975 0.00230023860931
3481.490875 0.00242168903351
3483.126658 0.00247628688812
3484.749715 0.00275856256485
3486.347483 0.00224280357361
3487.973333 0.00233570337296
3489.532781 0.00249693393707
3491.267153 0.00236163139343
3493.026941 0.00231839418411
3494.618702 0.00255919694901
3496.390405 0.00345232486725
3498.063741 0.00241568088531
3499.667056 0.00229692459106
3501.222894 0.00237535238266
3502.773507 0.00229675769806
3504.403338 0.00251542329788
3506.091765 0.00233933925629
3508.003106 0.003200507164
3509.58765 0.00226029157639
3511.193662 0.0023251414299
3513.052719 0.00242618322372
3514.654622 0.00228755474091
3516.361478 0.00230808258057
3517.956334 0.00249401330948
3519.558445 0.00299174785614
3521.176973 0.00238537788391
3522.791885 0.00226308107376
3524.901404 0.00383859872818
3526.57512 0.00251325368881
3528.231972 0.00399618148804
3529.843453 0.00320936441422
3531.471511 0.00321749448776
3533.091603 0.00305516719818
3534.665502 0.00255936384201
3536.487734 0.00251866579056
3538.10486 0.00327210426331
3539.706235 0.00235617160797
3541.333871 0.00306757688522
3543.008911 0.00475143194199
3544.690564 0.00243467092514
3546.313566 0.00222562551498
3547.932313 0.00225856304169
3549.552557 0.0023316860199
3551.211952 0.00235302448273
3552.806649 0.0024520277977
3554.474527 0.00255945920944
3556.742603 0.00251450538635
3558.355066 0.0035585641861
3560.02344 0.00239500999451
3561.669299 0.00236822366714
3563.258582 0.00230969190598
3564.933589 0.00231062173843
3566.511061 0.0022607922554
3568.143579 0.00226105451584
3569.743138 0.00238128900528
3571.442448 0.00230131149292
3573.062203 0.00348483324051
3574.881097 0.00234464406967
3576.513042 0.00296241044998
3578.214407 0.00240702629089
3579.841689 0.00232994556427
3581.57226 0.00238907337189
3583.250018 0.00226329565048
3585.033422 0.002290558815
3586.64153 0.00266474485397
3588.753289 0.00269045829773
3590.320447 0.00262169837952
3592.135822 0.00262483358383
3593.773897 0.00249359607697
3595.396607 0.00234168767929
3596.978738 0.00251142978668
3598.653655 0.00252643823624
3600.298421 0.00231957435608
