8.169707 9999
18.521341 9999
26.625082 9999
34.68576 9999.0
43.014839 9999
51.169933 9999
59.346938 9999
67.593492 9999.0
75.888163 9999
90.807837 2.24927481016
98.935658 9999.0
113.881489 2.22801160812
129.124956 2.35946933428
137.40101 9999
145.698654 9999
153.894813 9999
164.364984 9999.0
179.425441 2.25832970937
194.401587 2.26644364993
209.561427 2.25187834104
219.853312 9999
227.958726 9999.0
242.949931 2.24563034376
257.893098 2.27641201019
266.072034 9999.0
274.468648 9999
289.294278 2.2281973362
304.073788 2.21627664566
312.389375 9999
320.501754 9999
335.493743 2.25091298421
346.083495 9999
354.246448 9999
362.611082 9999
370.841498 9999.0
385.727832 2.19371732076
400.821871 2.30379764239
415.70114 2.25333293279
426.326071 9999
434.47497 9999
444.852068 9999
459.843994 2.26433499654
468.241918 9999
478.794997 9999
493.616822 2.22750202815
502.096268 9999
517.04855 2.23475503922
531.842701 2.1928563118
540.251144 9999
548.530724 9999
556.694179 9999
567.286994 9999.0
582.564336 2.24920034409
597.522493 2.26137598356
612.735661 2.26928631465
627.689361 2.25976228714
636.02497 9999
650.806714 2.21158329646
659.053496 9999.0
674.275214 2.24938368797
682.439304 9999
697.284831 2.22183330854
705.694787 9999
720.682403 2.22690431277
735.575738 2.24177559217
744.074425 9999
758.87561 2.23035605748
769.362986 9999.0
777.828711 9999
786.22997 9999
794.573955 9999
809.444307 2.25933734576
824.551916 2.23896463712
839.611253 2.30509265264
848.003123 9999
856.238668 9999
871.065859 2.20201635361
881.553838 9999
889.803351 9999
898.114405 9999
906.309199 9999.0
921.365639 2.22863499324
931.828934 9999
946.816237 2.25686597824
962.058817 2.28036991755
970.243135 9999
985.141261 2.20995990435
993.565708 9999
1004.025398 9999
1018.846591 2.22689096133
1033.823583 2.22373644511
1048.857091 2.23438358307
1057.080566 9999
1065.338225 9999
1080.270349 2.24689904849
1095.347877 2.25577743848
1110.307942 2.26639858882
1118.581648 9999
1128.968649 9999
1137.275858 9999
1152.16842 2.21504131953
1162.774516 9999
1177.685078 2.21411029498
1192.642645 2.23862274488
1207.789277 2.22275503476
1222.984356 2.25952998797
1231.406288 9999
1246.231089 2.20404394468
1261.124213 2.2441786925
1276.268291 2.24946967761
1291.043963 2.20458332698
1305.976074 2.23977128665
1321.163818 2.26660466194
1329.416744 9999
1344.232478 2.23590898514
1352.599827 9999
1360.810558 9999
1375.699289 2.2333343029
1390.859091 2.26552907626
1405.91136 2.26047468185
1421.132622 2.28211983045
1435.739007 2.16965675354
1446.277997 9999.0
1461.367555 2.24513196945
1469.58664 9999
1484.459619 2.22931234042
1499.547802 2.25723369916
1507.774578 9999
1522.696678 2.20109462738
1537.788901 2.22687808673
1552.782793 2.23516623179
1563.512356 9999
1578.650158 2.27390829722
1593.211953 2.14238246282
1608.237088 2.21759208043
1623.246862 2.23898069064
1638.280506 2.20351664225
1653.134777 2.24861844381
1661.527389 9999.0
1676.698754 2.23934833209
1691.515008 2.19381038348
1706.40147 2.21919798851
1714.766397 9999
1729.698919 2.2218050162
1744.634706 2.23443301519
1759.654147 2.20515362422
1767.847019 9999
1782.812581 2.27049430211
1798.165409 2.25445954005
1812.940309 2.22535061836
1828.032587 2.24450524648
1842.998305 2.23676570257
1858.21229 2.2520822684
1873.100494 2.22133866946
1888.071719 2.21811707815
1902.946474 2.24398763975
1917.763963 2.23031926155
1932.918347 2.22898332278
1947.877639 2.21736598015
1962.837208 2.20492871602
1977.731525 2.2118639946
1992.685288 2.24391166369
2007.784303 2.24882570903
2022.659873 2.22161499659
2037.637386 2.22886562347
2052.663791 2.23489705722
2067.468185 2.22439058622
2075.768277 9999.0
2090.876485 2.24732867877
2101.300772 9999
2116.289619 2.22920926412
2131.400037 2.24100224177
2139.702855 9999
2154.654742 2.24971604347
2169.675682 2.22251860301
2184.754372 2.30815124512
2193.150105 9999
2208.249963 2.29498656591
2223.209489 2.25772500038
2238.445296 2.27945701281
2248.936783 9999
2263.954131 2.21183800697
2272.367425 9999
2280.629288 9999
2295.444077 2.21918026606
2310.584882 2.18570931753
2318.777516 9999
2333.901082 2.2773317496
2348.926872 2.2010863622
2357.113806 9999
2372.076354 2.25853594144
2387.235644 2.23838106791
2402.195814 2.22462105751
2417.306137 2.21208270391
2425.528246 9999
2433.891084 9999.0
2449.009848 2.21303129196
2463.864152 2.21582126617
2478.980412 2.23112726212
2493.707208 2.16207202276
2501.964324 9999.0
2510.381347 9999
2525.226736 2.22163407008
2533.554918 9999.0
2548.69242 2.2172832489
2563.568345 2.22675395012
2574.249798 9999
2589.070284 2.1985903581
2603.995835 2.21088155111
2614.707558 9999
2629.650555 2.23855487506
2644.692635 2.26344895363
2659.870477 2.24068125089
2674.742051 2.22054195404
2690.086479 2.31722807884
2700.407388 9999
2715.269433 2.23072997729
2730.447555 2.24005961418
2745.421451 2.23031202952
2760.432861 2.20404863358
2775.291969 2.24087659518
2783.507058 9999.0
2794.325553 9999
2809.368454 2.24875171979
2817.588854 9999.0
2832.76805 2.23888540268
2847.892583 2.27847743034
2856.336546 9999
2864.70954 9999
2875.162442 9999
2890.102042 2.23442737261
2905.311404 2.24771531423
2920.15514 2.22216264407
2928.569438 9999
2936.881647 9999
2945.097143 9999
2960.080236 2.21546467145
2975.209778 2.22475298246
2983.348972 9999
2998.257157 2.24394631386
3013.416416 2.23126188914
3028.577212 2.31310637792
3043.688992 2.25962694486
3058.532575 2.23719835281
3073.515841 2.24456365903
3088.699968 2.23429131508
3096.87713 9999
3105.251882 9999.0
3120.470742 2.26463659604
3128.611133 9999
3143.618688 2.234755675
3158.725378 2.23482060432
3173.589085 2.22524261475
3188.538251 2.25381096204
3203.72729 2.25102464358
3218.686248 2.25253566106
3227.175094 9999
3235.449222 9999
3243.755287 9999
3258.677337 2.22199201584
3273.808564 2.22494292259
3281.986852 9999
3290.197986 9999.0
3298.659482 9999
3313.683502 2.22473303477
3321.885393 9999.0
3337.035777 2.2448220253
3351.974072 2.24507228533
3367.167631 2.21140638987
3381.976682 2.19394024213
3397.069748 2.23880497615
3405.280732 9999
3420.219085 2.2347843647
3428.792999 9999
3437.044988 9999
3445.25268 9999
3455.68026 9999.0
3470.852203 2.23339565595
3485.679559 2.18441136678
3500.772415 2.22669990857
3509.033217 9999
3523.769937 2.16442036629
3539.168284 2.29845913251
3547.446622 9999
3562.263222 2.21449398994
3577.439589 2.22079364459
3592.39916 2.22493735949
3607.524997 2.21017336845
3615.815569 9999
3630.691339 2.20872131983
3645.638003 2.20652929942
3655.995499 9999
3664.178447 9999.0
3672.715487 9999
3687.732697 2.27343893051
3695.970958 9999.0
3704.375928 9999
3719.354655 2.23345255852
3734.369209 2.25700139999
3749.570836 2.22170996666
3757.743519 9999
3772.70552 2.24325195948
3787.95179 2.21351289749
3802.776488 2.23445900281
3811.357288 9999
3826.354076 2.23242028554
3841.163913 2.2104669412
3849.623806 9999
3857.832672 9999
3872.768561 2.25263834
3887.962478 2.24816004435
3902.854788 2.26571106911
3918.164481 2.28564492861
3932.957903 2.21621568998
3941.485448 9999
3949.661029 9999
3964.779935 2.25274268786
3975.406744 9999
3990.350662 2.20888574918
3998.533911 9999.0
4013.64906 2.22581100464
4028.57179 2.20149596532
4043.664986 2.21914037069
4058.541196 2.23297135035
4073.601711 2.18916066488
4088.399808 2.22293543816
4096.591041 9999.0
4105.101488 9999
4119.99784 2.23455357552
4128.289508 9999.0
4143.591452 2.22922499975
4158.473758 2.20422903697
4166.996517 9999
4181.905714 2.23655128479
4196.815546 2.24169301987
4211.793108 2.2139023145
4226.619395 2.20143993696
4241.396384 2.20681476593
4249.82661 9999
4264.727188 2.24453536669
4279.806938 2.25403038661
4295.215849 2.26589862506
4310.157587 2.20500564575
4325.240773 2.22366476059
4335.61583 9999
4350.575568 2.25801269213
4365.782619 2.24003704389
4374.05016 9999
4384.595295 9999.0
4399.871349 2.23678763707
4408.114347 9999
4418.500757 9999.0
4433.956658 2.30795796712
4448.749683 2.22052836418
4464.023021 2.23389371236
4472.353865 9999
4487.25806 2.2161406676
4502.371014 2.21677128474
4510.538001 9999
4525.384453 2.20326892535
4533.907806 9999
4548.933179 2.26221100489
4563.99186 2.27676606178
4579.052762 2.20538870494
4594.07848 2.24300265312
4609.290008 2.2096619606
4623.981664 2.14100003242
4639.0251 2.24027132988
4654.319094 2.25756367048
4662.43089 9999
4677.516944 2.28304592768
4692.761413 2.23456970851
4703.191837 9999
4718.260677 2.27297361692
4733.58191 2.25373800596
4748.581236 2.23480598132
4757.102445 9999
4765.31531 9999
4780.184831 2.23852268855
4788.732204 9999
4797.013622 9999
4812.023607 2.23743327459
4820.667559 9999
4835.689371 2.24558297793
4850.415649 2.18764440219
4861.312913 9999
4876.249167 2.24110492071
4891.148352 2.25904631615
4906.40213 2.23785265287
4921.365075 2.2406566143
4936.738406 2.18901062012
4951.682038 2.23793323835
4960.318683 9999
4968.483992 9999
4983.519325 2.24030701319
4998.829827 2.22924033801
5013.705899 2.2282102108
5028.940482 2.22736207644
5043.760208 2.23654603958
5059.0429 2.25312376022
5074.179821 2.28423388799
5089.556696 2.27195199331
5099.920997 9999
5114.90696 2.26331392924
5130.035414 2.19997024536
5144.934116 2.23396833738
5153.321578 9999
5168.142768 2.1967189312
5183.052152 2.22743972143
5198.252726 2.23707572619
5206.537398 9999
5216.998154 9999.0
5225.606353 9999
5240.660262 2.2445046107
5255.683608 2.24496738116
5266.310493 9999
5281.174682 2.23184728622
5296.26648 2.2903693517
5311.637685 2.27768603961
5326.564728 2.25392897924
5341.707416 2.22245367368
5356.600193 2.24959095319
5365.064558 9999
5373.366746 9999
5388.380951 2.25074132284
5403.697203 2.24848429362
5418.507875 2.23404041926
5433.835091 2.24598368009
5448.613087 2.24111175537
5463.903725 2.27385592461
5478.913871 2.2645149231
5494.103501 2.2056423823
5509.242247 2.33374873797
5524.494466 2.26429096858
5539.271168 2.20068740845
5554.548688 2.24918142955
5562.909373 9999
5577.702994 2.23769632975
5593.074786 2.28389263153
5608.095557 2.23773558935
5623.401573 2.23442133268
5638.286321 2.23037433624
5653.464396 2.22425635656
5661.676602 9999
5669.826183 9999.0
5685.301245 2.25369501114
5700.277584 2.26739343007
5715.654121 2.28062844276
5730.481264 2.23569432894
5738.871132 9999
5753.946295 2.26056130727
5762.175888 9999.0
5777.395261 2.26039441427
5792.354565 2.24558607737
5803.082324 9999
5817.988891 2.25035341581
5832.865297 2.24004324277
5848.175047 2.26769669851
5862.998338 2.24716393153
5878.077662 2.20732736588
5893.137911 2.27316999435
5908.483843 2.28798898061
5923.32629 2.25427635511
5931.842715 9999
5946.573605 2.19522062937
5961.550836 2.20712296168
5976.533784 2.16737397512
5991.470201 2.2309820652
5999.610796 9999.0
6014.734134 2.2341316541
6029.664004 2.22056937218
6044.906906 2.23464957873
6059.915853 2.24364598592
6075.091909 2.2254623572
6090.085104 2.24686566989
6100.863678 9999
6115.669225 2.22387901942
6130.611743 2.26269563039
6145.761623 2.192212979
6160.794198 2.22277100881
6176.118313 2.241249005
6190.935829 2.22203238805
6206.095218 2.21266460419
6221.066036 2.24490133921
6236.433775 2.21331803004
6251.375258 2.22785870234
6266.554706 2.20404140155
6274.666568 9999
6289.719285 2.22165934245
6304.777653 2.2124402523
6319.670428 2.25103235245
6334.615357 2.24747204781
6349.914618 2.2467909654
6364.867091 2.21958867709
6380.131276 2.23324561119
6390.60999 9999
6398.885077 9999.0
6414.216659 2.25247701009
6429.176234 2.24813159307
6444.407433 2.2502960364
6459.281344 2.22583500544
6467.776591 9999
6482.861546 2.27430701256
6497.93901 2.27565542857
6513.098961 2.22216073672
6528.025583 2.22173659007
6543.452912 2.2770746549
6558.31767 2.20873872439
6566.871653 9999
6581.555588 2.15447402
6596.220508 2.16892162959
6611.497413 2.23970031738
6626.28977 2.23385365804
6641.634677 2.3117527167
6649.849794 9999
6664.708466 2.23982429504
6679.976422 2.20203367869
6688.161681 9999
6702.958139 2.21202158928
6718.100341 2.22592433294
6732.977629 2.25338959694
6748.005855 2.22450860341
6762.863688 2.22353680929
6777.806421 2.23857990901
6793.000691 2.24772826831
6807.9437 2.23822601636
6816.511298 9999
6831.477379 2.24754436811
6846.45347 2.24622702599
6861.611021 2.22086970011
6876.357158 2.17140022914
6891.181878 2.23318139712
6906.507882 2.23694332441
6921.435088 2.22073594729
6936.613468 2.23482171694
6951.512297 2.23166402181
6966.751744 2.20024267832
6981.708312 2.22149658203
6996.752827 2.20809642474
7011.628849 2.23235734304
7026.471702 2.24692503611
7035.085666 9999
7050.038117 2.25744223595
7064.965183 2.23562908173
7080.130017 2.27127226194
7094.934933 2.22064693769
7103.429067 9999
7118.349574 2.25306367874
7133.241597 2.24641402562
7148.601241 2.24007463455
7163.379185 2.22092135747
7178.677646 2.23294623693
7189.170372 9999
7204.107789 2.24628472328
