45.486162 2.20817843676
91.040676 2.21127454042
136.6777 2.2154976964
182.00455 2.20411661863
227.442581 2.20876002312
273.069459 2.21472920179
318.753702 2.2161026001
364.26438 2.21078644991
367.774191 9999
412.98912 2.20380096436
458.521471 2.21273796558
503.98229 2.20611817837
549.36589 2.20400047302
594.787189 2.20644122362
640.254779 2.20651701689
685.67517 2.20726921558
731.09379 2.20582768917
776.588352 2.20936275721
821.981508 2.20374884605
867.636028 2.21744813919
913.119872 2.20859327316
958.731458 2.21163973808
1004.211419 2.20813914537
1049.725751 2.20936779976
1095.408572 2.21721925735
1140.840565 2.20758988857
1186.306622 2.20601619482
1231.614407 2.20117359161
1277.0163 2.20361441374
1322.489028 2.20616885424
1368.013592 2.20908000469
1413.50243 2.20949699879
1458.915352 2.20849689245
1504.307891 2.20477081537
1549.737793 2.20575140715
1595.237431 2.21173007488
1640.657219 2.2060282588
1686.109703 2.20820884705
1731.582922 2.208121562
1777.098565 2.21113550663
1822.489102 2.20589061975
1867.874004 2.20524230003
1913.458112 2.21484770775
1959.098928 2.21889059544
2004.59383 2.20992171764
2050.054752 2.20835665464
2095.717325 2.21692558527
2141.182473 2.20713040829
2144.771674 9999
2190.053721 2.20866940022
2235.487997 2.20825690031
2281.001556 2.21260845661
2326.611191 2.21667742729
2371.982458 2.20375580788
2417.650119 2.21926579475
2463.058415 2.20452424288
2466.614879 9999
2511.918757 2.20779033899
2557.470444 2.21186965704
2603.106296 2.21806513071
2648.599979 2.20707108974
2652.139813 9999
2697.656672 2.22052737474
2743.140041 2.20965667963
2788.597284 2.20716975927
2834.011569 2.20616559982
2879.482927 2.20681849718
2924.896109 2.20425537825
2928.450139 9999
2973.708894 2.20693458319
3019.041996 2.20214924812
3022.595619 9999
3067.83689 2.20624639988
3113.236692 2.20749026537
3158.703012 2.20863280296
3204.104298 2.205283463
3249.556536 2.20984013081
3295.125725 2.21247005463
3340.794792 2.2160327673
3386.260433 2.20971719027
3431.738124 2.20950443745
3477.183902 2.20743438005
3522.586508 2.20633825064
3567.986606 2.20502605438
3613.374514 2.20484594107
