4.5788 9999
62.890316 2.83852648735
124.221303 2.97307275534
182.843553 2.84069045782
241.556676 2.84464579821
300.397148 2.84871805906
358.870124 2.83431551456
417.760528 2.84299134016
476.690338 2.85291314125
480.956536 9999
539.22147 2.83857269287
598.058425 2.85023021698
657.02107 2.8516395092
716.041505 2.84362037182
775.052983 2.85086665154
831.963805 2.74925723076
888.738535 2.74837861061
945.505652 2.745817101
1004.405773 2.85375554562
1061.368835 2.75349242687
1118.446124 2.75283616781
1179.895334 2.97350512743
1236.922192 2.75348600149
1293.797283 2.75122383833
1350.731669 2.74904301167
1407.738808 2.74895893335
1412.479775 9999
1469.148872 2.74948608875
1526.067907 2.74817017317
1583.0052 2.75507855415
1641.863558 2.84914274216
1703.337816 2.97253354788
1760.139273 2.74624183178
1816.996751 2.74936126471
1875.789393 2.84675086737
1934.769627 2.85777759552
1991.686654 2.74616968632
2048.800268 2.76101969481
2110.094203 2.97485104799
2166.999263 2.75451667309
2225.924852 2.84992289543
2282.708498 2.74927324057
2339.823755 2.74805676937
2396.640003 2.751250875
2453.493484 2.74547842741
2510.482575 2.75848604441
2567.122958 2.7402615428
2623.941256 2.7523981452
2680.826317 2.75396163464
2737.949097 2.75198502541
2795.374012 2.75122436285
2852.228662 2.75005811453
2909.162883 2.75586832762
2966.080769 2.75091016293
3027.384985 2.97192173004
3086.21257 2.84901992083
3145.018844 2.85008853674
3206.282443 2.97067664862
3265.118092 2.84768698215
3323.952083 2.84621815681
3380.782724 2.74625428915
3442.093283 2.97357667685
3500.730911 2.8407975316
3560.018064 2.87322813272
3618.675652 2.8404545188
