5.740612 1.03527164459
11.328151 1.01907261213
16.916386 1.03767307599
22.473253 1.03050637245
28.026593 1.02273933093
33.579825 1.02474872271
39.29878 1.02947195371
44.922746 1.0367166996
50.490492 1.03338464101
56.0785 1.035627683
61.682592 1.03371628126
67.303335 1.03833174706
73.091301 1.04713773727
78.66197 1.03167533875
84.24829 1.02035665512
89.869997 1.05524031321
95.42365 1.02701457342
101.061243 1.01674874624
106.733595 1.03075702985
112.286764 1.01977769534
117.907138 1.03596893946
123.512288 1.03147498767
129.165763 1.04568227132
134.820207 1.04070162773
140.5116 1.01693526904
146.144905 1.0436510245
151.733788 1.02003192902
157.287491 1.01354130109
162.906894 1.03443670273
168.494712 1.02433466911
174.182739 1.01112659772
179.770244 1.02852129936
185.425565 1.04307866096
191.045251 1.03841797511
196.64998 1.0348953406
202.2381 1.0345146656
208.042022 1.0595946312
213.713275 1.05734276772
219.350155 1.04390398661
224.921467 1.02683965365
230.474708 1.01652201017
236.079228 1.03677765528
241.817533 1.03275068601
247.437885 1.03336294492
253.077875 1.04211727778
258.680805 1.02315767606
264.286011 1.03054738045
269.921985 1.03696099917
275.593956 1.00862709681
281.229231 1.03526393572
286.770954 1.01361195246
292.404359 1.0410083135
298.058726 1.02916669846
303.645966 1.0107986927
309.517074 1.0380979379
315.191723 1.05111893018
320.859268 1.0395283699
326.500252 1.03862667084
332.10217 1.01982442538
337.738075 1.02854998906
343.579199 1.04341864586
349.213794 1.02331638336
354.920592 1.04913361867
360.538311 1.02654139201
366.242741 1.03607908885
371.880108 1.0415336291
377.668091 1.03098670642
383.35862 1.04946557681
389.013249 1.04652698835
394.664929 1.04075288773
400.301464 1.02645413081
405.939072 1.04019498825
411.710521 1.0267636776
417.282103 1.01744159063
422.922053 1.02477542559
428.63895 1.05944601695
434.32742 1.0503423214
439.981501 1.03992335002
445.751618 1.03303964933
451.390037 1.03610833486
457.12999 1.0599603653
462.8489 1.05267858505
468.451793 1.02745095889
474.10667 1.03986040751
479.87739 1.02475667
485.50235 1.02862604459
491.137402 1.03653001785
496.8069 1.0420106252
502.510783 1.04737861951
508.151221 1.03630963961
513.969565 1.03509108226
519.640631 1.03116130829
525.245944 1.01429788272
530.882802 1.026775678
536.570126 1.04167707761
542.227357 1.03971727689
548.06149 1.04296906789
553.699492 1.03408487638
559.304206 1.0208243529
564.945007 1.03576469421
570.695241 1.04961299896
576.366849 1.03344035149
582.171096 1.02937602997
587.824666 1.02928630511
593.416567 1.019434611
599.067337 1.03048888842
604.737502 1.03986406326
610.426233 1.0451353391
616.245922 1.04157741865
621.90032 1.03230762482
627.655424 1.06353457769
633.345521 1.05287194252
638.997686 1.02631775538
644.65127 1.03535842896
650.541477 1.0507136186
656.179085 1.02479894956
661.782057 1.0209086736
667.451273 1.03118538857
673.189087 1.06533900897
678.743197 1.00305565198
684.63058 1.03122798602
690.284947 1.02327871323
695.90586 1.02805701892
701.610334 1.03746795654
707.231206 1.02908873558
712.885003 1.0354475975
718.789895 1.04887700081
724.494276 1.04243858655
730.164872 1.03990109762
735.769824 1.01898765564
741.473703 1.04608861605
747.094199 1.02951733271
752.966187 1.03017838796
758.65305 1.03802800179
764.310762 1.03936870893
770.031695 1.05276878675
775.734025 1.04639856021
781.386625 1.02566774686
787.223549 1.03208931287
792.928412 1.04564428329
798.599669 1.03613098462
804.287023 1.03994894028
809.994758 1.03893955549
815.679055 1.03916192055
821.516951 1.02212436994
827.222051 1.03745539983
832.891866 1.02958234151
838.51269 1.02766640981
844.150553 1.02190637589
849.787634 1.02356274923
855.579641 1.01648402214
861.229712 1.0315202872
866.950426 1.05338859558
872.554613 1.01342328389
878.261277 1.04473034541
883.895939 1.02695735296
889.701037 1.02404626211
895.388112 1.033310016
901.112494 1.0504600207
906.813382 1.04988495509
912.551158 1.05294934909
918.18847 1.02560599645
923.976974 1.01189096769
929.64676 1.04259061813
935.318315 1.04366032283
940.988876 1.04163702329
946.6936 1.04299434026
952.400702 1.05024305979
958.268616 1.03407859802
963.989781 1.05643431346
969.660403 1.02896356583
975.26492 1.0138112704
980.920309 1.03396264712
986.62648 1.04944467545
992.514115 1.05068230629
998.21545 1.05345861117
1003.802828 1.01031033198
1009.423962 1.02255296707
1015.077961 1.03176140785
1020.733775 1.03821698825
1026.586478 1.02661530177
1032.274093 1.04660344124
1037.928146 1.03247793516
1043.565605 1.03453437487
1049.303937 1.04707598686
1054.958808 1.02847393354
1060.794782 1.02008295059
1066.449241 1.02979238828
1072.154071 1.03164029121
1077.791464 1.02355535825
1083.412225 1.02209671338
1089.05063 1.03153896332
1094.871637 1.01676734289
1100.558341 1.04195960363
1106.246733 1.03958972295
1111.850443 1.00841124852
1117.421712 1.00156704585
1123.125833 1.04942766825
1128.979708 1.03959226608
1134.617755 1.03384033839
1140.288478 1.03645499547
1145.960313 1.03472908338
1151.697557 1.05814091365
1157.254598 1.01011665662
1163.105917 1.04076631864
1168.777523 1.04101896286
1174.497986 1.05113768578
1180.136854 1.02499771118
1185.806116 1.03617628415
1191.443538 1.03078468641
1197.314197 1.04626838366
1203.021295 1.04359436035
1208.739801 1.05168565114
1214.396871 1.03321830432
1220.101361 1.05589938164
1225.772029 1.0350013574
1231.675935 1.04300165176
1237.330293 1.03367527326
1243.065878 1.05955855052
1248.686507 1.03374775251
1254.341214 1.02592198054
1259.97786 1.02687764168
1265.816092 1.03700764974
1271.453098 1.02507503827
1277.123749 1.03177873294
1282.795356 1.02692039808
1288.4829 1.03495764732
1294.08686 1.03195611636
1299.974355 1.03162495295
1305.595338 1.02225597699
1311.250228 1.03210401535
1316.903603 1.03133471807
1322.528374 1.01763399442
1328.265814 1.03702131907
1334.167293 1.05084045728
1339.787959 1.02132399877
1345.459034 1.02974597613
1351.197257 1.04701264699
1356.836574 1.02534604073
1362.608689 1.07855224609
1368.478447 1.03502202034
1374.200525 1.06123526891
1379.88676 1.04143834114
1385.506237 1.0250240167
1391.17549 1.03609728813
1396.864593 1.04520495733
1402.702178 1.02480340004
1408.390056 1.0396993955
1414.093192 1.03897929192
1419.797884 1.05068659782
1425.468139 1.03297098478
1431.122592 1.03661171595
1436.946094 1.01607894897
1442.714772 1.05462622643
1448.372045 1.0339679718
1454.074143 1.04421973228
1459.844135 1.06325499217
1465.481938 1.02671074867
1471.319686 1.01456634204
1477.090503 1.04587769508
1482.761806 1.03063805898
1488.43204 1.02814658483
1494.11969 1.03772830963
1499.860695 1.0586736997
1505.731838 1.03039844831
1511.432327 1.04249405861
1517.136953 1.03717533747
1522.857993 1.04663856824
1528.498421 1.00914708773
1534.136338 1.02523501714
1540.037547 1.04224435488
1545.758461 1.04534403483
1551.430351 1.03365604083
1557.087943 1.03284025192
1562.771167 1.03818670909
1568.47538 1.04801305135
1574.395967 1.02907299995
1580.067316 1.02901331584
1585.758521 1.04301873843
1591.462346 1.04545227687
1597.162988 1.04242706299
1602.834605 1.04094465574
1608.738363 1.03797189395
1614.410452 1.0341629982
1620.164178 1.05017145475
1625.834817 1.03049834569
1631.505606 1.02081425985
1637.193022 1.03756539027
1643.098475 1.04783805211
1648.771879 1.03423261642
1654.439605 1.03510729472
1660.110535 1.03240076701
1665.84927 1.03968540827
1671.537475 1.04532702764
1677.440473 1.04808505376
1683.061962 1.01733803749
1688.816429 1.05649606387
1694.386509 1.00577537219
1700.073368 1.02830870946
1705.76112 1.03011202812
1711.749379 1.03857604663
1717.423756 1.04117997487
1723.091474 1.03293204308
1728.828966 1.0651093324
1734.486517 1.03180257479
1740.224433 1.03926968575
1746.158273 1.04439234734
1751.79557 1.02037405968
1757.468598 1.0362517039
1763.138025 1.03656403224
1768.809279 1.02968859673
1774.479544 1.02881860733
1780.401018 1.04454755783
1786.208977 1.03246831894
1791.896434 1.0374836127
1797.563772 1.04019562403
1803.250714 1.04141775767
1808.888704 1.03312301636
1814.759951 1.02929496765
1820.397366 1.01939630508
1826.086176 1.04373431206
1831.706737 1.01862494151
1837.394212 1.038733085
1843.067377 1.03523230553
1848.954701 1.01327236493
1854.672988 1.04661838214
1860.360754 1.04248539607
1866.115035 1.06342673302
1871.802771 1.03632132212
1877.423466 1.02799701691
1883.314305 1.03097200394
1889.034928 1.04176870982
1894.703052 1.02909962336
1900.39113 1.03528968493
1906.044885 1.02327466011
1911.798996 1.05523991585
1917.720053 1.04282569885
1923.408694 1.04411228498
1928.996205 1.00681320826
1934.683096 1.04339035352
1940.386973 1.02433029811
1946.044515 1.02445395788
1951.962562 1.03373297056
1957.666262 1.04515465101
1963.374223 1.03976098696
1969.142265 1.07035493851
1974.895826 1.05428266525
1980.617995 1.05528036753
1986.55439 1.03264896075
1992.29573 1.0483417511
1998.013398 1.04619026184
2003.684383 1.04354000092
2009.339066 1.02358611425
2015.059039 1.05767202377
2021.01389 1.04712963104
2026.734954 1.04147958755
2032.388942 1.02485394478
2038.009894 1.0217546622
2043.698153 1.02503927549
2049.368354 1.02137263616
2055.324072 1.04659167926
2060.977242 1.02689743042
2066.681863 1.04153871536
2072.369322 1.02776829402
2078.039819 1.02946424484
2083.777973 1.04060101509
2089.699063 1.01963504155
2095.355665 1.03669031461
2100.993559 1.02513130506
2106.694535 1.0440735817
2112.316092 1.01836768786
2117.936161 1.02288063367
2123.941195 1.05069923401
2129.598776 1.02979334195
2135.299359 1.04889671008
2141.037569 1.05125498772
2146.795894 1.05986793836
2152.479045 1.0442972978
2158.449806 1.05427797635
2164.12173 1.04133733114
2169.875709 1.03465708097
2175.546083 1.03218857447
2181.236773 1.04246036212
2186.921955 1.0318766435
2192.775667 1.02796602249
2198.446323 1.03184962273
2204.136832 1.03561290105
2209.822076 1.04331096013
2215.375787 0.999549309413
2221.063823 1.0412200292
2226.988666 1.02475913366
2232.658997 1.03988798459
2238.327014 1.0289123853
2243.964497 1.02958790461
2249.668763 1.04376824697
2255.372834 1.04954298337
2261.36321 1.04234170914
2267.035216 1.04188958804
2272.735417 1.04315129916
2278.356973 1.02230429649
2284.010513 1.0168205897
2289.682163 1.0368976593
2295.93731 1.02412136396
2301.624026 1.04178102811
2307.345017 1.03181831042
2313.066103 1.03718423843
2318.770136 1.03686793645
2324.457836 1.0356926918
2330.411606 1.03504133224
2336.050284 1.02641797066
2341.770798 1.04206895828
2347.411633 1.02160843213
2353.111591 1.04298138618
2358.817337 1.0492289861
2364.825087 1.04357330004
2370.495102 1.03886270523
2376.213231 1.04169265429
2381.850903 1.02247969309
2387.506085 1.03324723244
2393.259321 1.0441280206
2399.230289 1.04208199183
2404.904369 1.03733436267
2410.57611 1.02921962738
2416.293515 1.0423386097
2421.86516 1.00340032578
2427.535552 1.03538576762
2433.489314 1.03289802869
2439.193265 1.04635826747
2444.898718 1.03855228424
2450.635348 1.06025576591
2456.359561 1.05004866918
2461.99414 1.0195286274
2468.032466 1.04806264242
2473.786148 1.05283729235
2479.507329 1.03244376183
2485.197809 1.03942290942
2490.898719 1.02508068085
2496.603152 1.04242197673
2502.507509 1.01927375793
2508.228998 1.03963136673
2513.899768 1.02644634247
2519.519895 1.01515332858
2525.208385 1.04003636042
2530.929505 1.04621402423
2536.916753 1.04858970642
2542.554496 1.02560734749
2548.245008 1.03058465322
2553.913602 1.03293005625
2559.486718 1.0101612409
2565.187082 1.04079929988
2571.110262 1.02291361491
2576.830432 1.04245829582
2582.550766 1.04065124194
2588.505879 1.05146503448
2594.179546 1.04117147128
2599.833418 1.02806528409
2605.802637 1.03441198667
2611.422408 1.02112571398
2617.010073 1.01374165217
2622.680738 1.03951025009
2628.418858 1.05619033178
2634.073036 1.03854703903
2639.960867 1.03175203005
2645.685078 1.05525660515
2651.337655 1.03443471591
2656.989473 1.04224228859
2662.663956 1.03624327977
2668.29841 1.01701633135
2674.136842 1.01846885681
2679.79077 1.02694598834
2685.461869 1.03157091141
2691.182534 1.05391629537
2696.920382 1.05541435877
2702.591257 1.0343820254
2708.578247 1.03962826729
2714.265565 1.0477039814
2719.871128 1.00482034683
2725.544502 1.03831569354
2731.148503 1.01634502411
2736.850492 1.04794804255
2742.807088 1.04247824351
2748.442687 1.03485790888
2754.129103 1.02975662549
2759.850765 1.05673464139
2765.556358 1.03482166926
2771.277906 1.04010939598
2777.213913 1.04274702072
2782.903958 1.03030109406
2788.538814 1.02066540718
2794.193778 1.02977673213
2799.829756 1.02558930715
2805.467271 1.02120232582
2811.404981 1.02324970563
2817.110412 1.04662736257
2822.780705 1.0281791687
2828.401959 1.02338703473
2834.143683 1.05276640256
2839.776225 1.03109065692
2845.731427 1.03110361099
2851.369243 1.03528865178
2857.03922 1.03801639875
2862.577641 1.00167028109
2868.334084 1.05550734202
2874.018837 1.0414946874
2879.857 1.02363697688
2885.578528 1.04468369484
2891.298273 1.05074763298
2896.969714 1.03413192431
2902.65699 1.03886524836
2908.362001 1.04870303472
2914.365831 1.03790132205
2920.020333 1.03567322095
2925.642859 1.0273660024
2931.311804 1.03053959211
2936.965854 1.02035697301
2942.603373 1.02800194422
2948.42476 1.0125840505
2954.09618 1.03449289004
2959.834425 1.05202507973
2965.522207 1.0477689902
2971.158434 1.0267513593
2976.796115 1.03453969955
2982.716708 1.03297106425
2988.40693 1.04605666796
2994.093238 1.04305299123
2999.733364 1.03680698077
3005.450431 1.03593126933
3011.088459 1.03164966901
3017.042881 1.04058972994
3022.6802 1.02702260017
3028.318008 1.01470732689
3034.005799 1.03927667936
3039.629458 1.02653741837
3045.248039 1.02455234528
3051.218237 1.03447969755
3056.906016 1.03845834732
3062.561656 1.02970639865
3068.231295 1.03422991435
3073.935127 1.04211608569
3079.506545 1.007833004
3085.459825 1.03017393748
3091.149513 1.03048563004
3096.869363 1.04515258471
3102.523032 1.03488938014
3108.143679 1.02081362406
3113.865953 1.05234766006
3119.853375 1.03450496991
3125.442133 1.00078169505
3131.078354 1.02218405406
3136.766212 1.03699628512
3142.453986 1.04318229357
3148.227751 1.06769259771
3154.194697 1.05881524086
3159.935624 1.05705197652
3165.604115 1.03682096799
3171.258866 1.03146004677
3176.962057 1.0363825957
3182.6034 1.02844905853
3188.521033 1.03577931722
3194.242276 1.04457473755
3200.013475 1.06467501322
3205.634324 1.02906036377
3211.405422 1.05695931117
3217.059518 1.02471995354
3223.017066 1.02651262283
3228.70137 1.03017862638
3234.405328 1.04085238775
3240.093392 1.0478990078
3245.747075 1.0247909228
3251.434652 1.03535723686
3257.305581 1.01025271416
3263.043576 1.04831735293
3268.784704 1.02639166514
3274.551817 1.05953764915
3280.274126 1.04269401232
3285.943943 1.03824536006
3291.948254 1.05074206988
3297.686679 1.05386837324
3303.374017 1.03607169787
3308.977969 1.01475660006
3314.635042 1.0210343202
3320.2699 1.02478122711
3326.22386 1.04476737976
3331.911357 1.03978904088
3337.583053 1.03809165955
3343.222968 1.02664105097
3348.944452 1.05248769124
3354.629073 1.03661203384
3360.582972 1.03370022774
3366.237299 1.03248771032
3371.961079 1.05589063962
3377.629081 1.04513859749
3383.317949 1.0357410113
3388.940666 1.0221906503
3394.82537 1.01019740105
3400.529837 1.03831998507
3406.200245 1.03531304995
3411.890112 1.03268925349
3417.462082 1.00339627266
3423.146372 1.04138302803
3429.034234 1.0243786176
3434.73914 1.02885564168
3440.409376 1.04363099734
3446.084002 1.05183402697
3451.701316 1.01063505809
3457.339244 1.02633992831
3463.327157 1.03801925977
3468.997745 1.02493604024
3474.738273 1.0542400678
3480.406452 1.03539776802
3486.080754 1.03042133649
3491.71462 1.03131723404
3497.603212 1.02199864388
3503.256891 1.02145600319
3508.994581 1.04751968384
3514.664999 1.02892629306
3520.302511 1.02523144086
3526.027461 1.04266897837
3531.862675 1.00771530469
3537.582022 1.0314839681
3543.253468 1.02635773023
3548.907767 1.03323070208
3554.647814 1.03751627604
3560.316668 1.02792827288
3566.420802 1.05205559731
3572.091319 1.02483359973
3577.71238 1.01838135719
3583.33386 1.02464230855
3589.021114 1.03400071462
3594.642713 1.02539499601
3600.530035 1.02503434817
3606.150171 1.02330374718
3611.837408 1.04191819827
3617.525538 1.04176719983
3623.166232 1.0313150088
3628.784254 1.02728660901
3634.755242 1.03910795848
3640.509227 1.06388425827
3646.196753 1.04680331548
3651.921006 1.04029027621
3657.558475 1.01807904243
3663.343722 1.06895200411
3669.264041 1.02498261134
3674.885351 1.02535502116
3680.538826 1.02880501747
3686.161288 1.03625671069
3691.814467 1.03344392776
3697.471648 1.02746431033
3703.406342 1.02531162898
3709.04672 1.01721032461
3714.751746 1.04314804077
3720.33594 1.01223731041
3726.073272 1.04014865557
3731.760655 1.03786293666
3737.748771 1.02783870697
3743.436747 1.04169400533
3749.110481 1.03975637754
3754.761709 1.03324071566
3760.532515 1.01460790634
3766.172899 1.03008294106
3772.05844 1.02934034665
3777.778665 1.04710570971
3783.332951 1.00641139348
3789.037006 1.04046765963
3794.791418 1.04209796588
3800.445492 1.03273598353
3806.383166 1.02013198535
3812.05466 1.03552476565
3817.708374 1.03571669261
3823.330538 1.02031628291
3829.016623 1.02632800738
3834.705844 1.03718201319
3840.642994 1.03487737974
3846.313996 1.04289833705
3851.967701 1.02577630679
3857.655436 1.04829867681
3863.262442 1.01408966382
3868.897048 1.03145368894
3874.918253 1.04863961538
3880.589773 1.03544267019
3886.243167 1.03474362691
3891.914135 1.03555639585
3897.587981 1.0265759627
3903.206319 1.02691928546
3909.176744 1.05208539963
3914.831231 1.03167573611
3920.538754 1.04302763939
3926.142168 1.01233100891
3931.831323 1.04492735863
3937.582629 1.05327423414
3943.5194 1.03213723501
3949.223901 1.04728055
3954.961762 1.04143595695
3960.631841 1.0427646637
3966.369452 1.05390334129
3971.97456 1.02185869217
3977.961712 1.03933771451
3983.582422 1.01748696963
3989.323342 1.0572523276
3994.925716 1.01670034726
4000.528742 1.01741139094
4006.182571 1.03237263362
4012.154156 1.03385988871
4017.791953 1.02286076546
4023.381026 1.0078086853
4029.033227 1.03176561991
4034.770937 1.05508041382
4040.459078 1.05291231473
4046.430066 1.04134575526
4052.104496 1.04179469744
4057.771139 1.03636860847
4063.476169 1.04289404551
4069.129837 1.03307771683
4074.837818 1.04976566633
4080.721582 1.0223133564
4086.395878 1.03919561704
4092.097401 1.04075201352
4097.734427 1.02798461914
4103.390124 1.00978207588
4109.026609 1.03398100535
4114.917549 1.01456308365
4120.572818 1.03284740448
4126.160326 1.01030437152
4131.811224 1.02834065755
4137.548645 1.04711174965
4143.272667 1.04884203275
4149.223645 1.03923869133
4154.911208 1.03614966075
4160.648942 1.05813034376
4166.286397 1.03143437703
4171.856989 1.00586597125
4177.531016 1.04136633873
4183.602469 1.05077902476
4189.236262 1.02984627088
4194.924132 1.04019037882
4200.595168 1.02727897962
4206.232884 1.0293961366
4211.920082 1.04801567396
4217.858959 1.03306730588
4223.545895 1.03714132309
4229.300617 1.03709236781
4234.93824 1.02607067426
4240.628322 1.04395135244
4246.300431 1.043699344
4252.283998 1.03802426656
4257.872662 1.01171731949
4263.512196 1.03146966298
4269.146374 1.02597165108
4274.884206 1.06189695994
4280.471545 1.01456363996
4286.442455 1.03846931458
4292.014374 1.01051235199
4297.770905 1.05178435644
4303.40561 1.03119858106
4309.126462 1.04619495074
4314.781014 1.0315536658
4320.885521 1.05920473735
4326.559846 1.03778799375
4332.179686 1.01295169195
4337.831322 1.02531194687
4343.535669 1.04570563634
4349.190056 1.03875025113
4355.143677 1.03140664101
4360.881442 1.05998373032
4366.619531 1.04827904701
4372.324842 1.02543266614
4378.045944 1.03759694099
4383.715729 1.02638165156
4389.769854 1.04060928027
4395.427795 1.0344329675
4401.149186 1.05436404546
4406.866852 1.05775634448
4412.67125 1.05237897237
4418.345538 1.03778258959
4424.24559 1.01034601529
4429.900811 1.02502830823
4435.621091 1.04749266307
4441.425979 1.05215994517
4447.114025 1.03337009748
4452.820645 1.04603862762
4458.871401 1.03867562612
4464.595856 1.04311696688
4470.313656 1.04552523295
4475.938486 1.01924697558
4481.639007 1.04265968005
4487.275643 1.02047920227
4493.330911 1.02981336912
4499.052429 1.04875858625
4504.69016 1.01750938098
4510.330396 1.0240910848
4516.067517 1.05174740156
4521.755793 1.04612787565
4527.79005 1.04383762678
4533.430235 1.02008032799
4539.132415 1.0342862606
4544.785717 1.03262964884
4550.477051 1.03591656685
4556.211264 1.05070694288
4562.30109 1.05005327861
4568.02017 1.04452466965
4573.691156 1.03426202138
4579.41506 1.04831473033
4585.033431 1.00285840034
4590.737912 1.03847765923
4596.776762 1.03556068738
4602.529509 1.05485479037
4608.21682 1.03066953023
4613.903943 1.04350670179
4619.642313 1.04819631577
4625.266042 1.02741233508
4631.300281 1.03868897756
4636.971854 1.03156733513
4642.694115 1.05288036664
4648.363027 1.02486658096
4654.088632 1.04735255241
4659.808455 1.0376300017
4665.893871 1.02591824532
4671.547118 1.02442733447
4677.218725 1.03745738665
4682.939747 1.04379693667
4688.626693 1.04032739003
4694.231177 1.01588527362
4700.269803 1.03537027041
4705.956615 1.03183269501
4711.627459 1.02799304326
4717.348487 1.04481895765
4723.054027 1.04999232292
4728.774101 1.05214428902
4734.778995 1.02595305443
4740.41542 1.02323563894
4746.105875 1.03859567642
4751.808033 1.03802402814
4757.528283 1.05372095108
4763.21619 1.04065473874
4769.237911 1.03152728081
4774.941783 1.04289770126
4780.696533 1.05082734426
4786.284112 1.00502403577
4791.971266 1.03683988253
4797.675661 1.04422966639
4803.713451 1.03301358223
4809.417346 1.02814165751
4815.105072 1.03919235865
4820.826103 1.03818472226
4826.513555 1.03652397792
4832.218974 1.04398735364
4838.238641 1.02912799517
4843.860726 1.01887170474
4849.56452 1.05270799001
4855.185494 1.02486165365
4860.856021 1.04529674848
4866.55963 1.04157098134
4872.481355 1.01836554209
4878.188847 1.03394436836
4883.87379 1.03027462959
4889.527164 1.03415123622
4895.198668 1.02960197131
4900.906225 1.04727864265
4906.823494 1.02086877823
4912.544082 1.05132826169
4918.215663 1.03006362915
4923.918996 1.03769636154
4929.61045 1.03696529071
4935.312031 1.03852566083
4941.300065 1.03406031926
4946.986857 1.03438901901
4952.708153 1.05351901054
4958.382823 1.03621236483
4964.119412 1.05797274907
4969.807525 1.03919100761
4975.795327 1.02407534917
4981.479628 1.03922001521
4987.136597 1.03094728788
4992.788297 1.03146036466
4998.479635 1.03768459956
5004.196857 1.05459602674
5010.167951 1.03003899256
5015.822296 1.01685158412
5021.510376 1.0335846742
5027.130128 1.02994990349
5032.801687 1.03264204661
5038.456613 1.03379861514
5044.496223 1.0495976607
5050.248295 1.04571334521
5055.918885 1.03026103973
5061.5574 1.02641503016
5067.245985 1.03793207804
5072.934041 1.04724144936
5079.155556 1.06197659175
5084.826956 1.02318533262
5090.494816 1.03880397479
5096.1658 1.03876932462
5101.837657 1.02013905843
5107.556858 1.03334474564
5113.515186 1.03544100126
5119.166304 1.03618367513
5124.803509 1.01855572065
5130.4582 1.02156662941
5136.128331 1.03710635503
5141.717249 1.01208996773
5147.754625 1.03178302447
5153.408159 1.03099695841
5159.079161 1.03044136365
5164.716666 1.02708339691
5170.437503 1.03427108129
5176.141999 1.04967093468
5182.196032 1.06143800418
5187.783782 0.999885002772
5193.441148 1.02881646156
5199.161973 1.03725632032
5204.879624 1.04199330012
5210.601243 1.04295730591
5216.672044 1.02994330724
5222.310239 1.03616333008
5227.980576 1.03520901998
5233.634643 1.03122099241
5239.306076 1.04001569748
5244.960128 1.03376539548
5250.931091 1.0369656086
5256.568158 1.02426632245
5262.324484 1.05355771383
5268.047012 1.04392035802
5273.734526 1.03636797269
5279.372135 1.03020731608
5285.406959 1.0551776886
5291.110789 1.04958430926
5296.766035 1.02961174647
5302.402922 1.03047331174
5308.008415 1.01236804326
5313.694396 1.03382198016
5319.698799 1.03037770589
5325.357037 1.03543567657
5331.074333 1.04898524284
5336.79511 1.04678201675
5342.499779 1.04680871964
5348.136987 1.02387229602
5354.207866 1.02881391843
5359.929222 1.04226438204
5365.60349 1.04162478447
5371.322048 1.0564382871
5376.942482 1.0213376681
5382.663585 1.0385529995
5388.587099 1.00587232908
5394.255465 1.0250330766
5399.943144 1.04245861371
5405.630638 1.03156208992
5411.302096 1.02529629072
5416.975413 1.04267875353
5423.013408 1.03606994947
5428.583656 1.00741863251
5434.302352 1.04736097654
5440.026398 1.04406491915
5445.744481 1.04783368111
5451.463967 1.04821499189
5457.40265 1.01273131371
5463.089939 1.05607708295
5468.710904 1.02229738235
5474.398477 1.04329760869
5480.085833 1.03468028704
5485.790095 1.02524288495
5491.746056 1.01802571615
5497.432268 1.04182434082
5503.153065 1.03799470266
5508.840775 1.02669771512
5514.49533 1.02785031001
5520.216287 1.05080827077
5526.170352 1.02286402384
5531.841115 1.03850769997
5537.531944 1.05273509026
5543.233343 1.04170401891
5548.87387 1.01849889755
5554.524704 1.02810764313
5560.53234 1.03432766596
5566.084527 1.0084429582
5571.787904 1.03908260663
5577.379124 1.01971729596
5583.063539 1.0298837026
5588.717317 1.0238357385
5594.722041 1.02280139923
5600.377219 1.03732967377
5606.130211 1.05021333694
5611.851714 1.04164306323
5617.522895 1.03864534696
5623.193375 1.04118267695
5629.214193 1.03215797742
5634.885532 1.0345167319
5640.60884 1.04332272212
5646.247406 1.03006339073
5651.864836 1.01877331734
5657.486548 1.0218269825
5663.443282 1.03281625112
5669.094417 1.03065506617
5674.748422 1.03059395154
5680.43558 1.02979501088
5686.123889 1.037424167
5691.763626 1.02896261215
5697.849294 1.03378208478
5703.43955 1.01550197601
5709.106801 1.02911400795
5714.811899 1.04868729909
5720.499229 1.02305698395
5726.087496 1.01459789276
5732.042054 1.02536336581
5737.779521 1.05510004361
5743.434621 1.03477430344
5749.07016 1.02568268776
5754.775451 1.04649662971
5760.446609 1.0326089859
5766.450942 1.02927772204
5772.004399 1.00812570254
5777.675163 1.04132827123
5783.382827 1.04941225052
5789.067028 1.04732529322
5794.738919 1.0305249691
5800.726051 1.03881899516
5806.414315 1.04157622655
5812.067686 1.02939009666
5817.838765 1.04969660441
5823.462489 1.02548766136
5829.130311 1.03067096074
5835.134688 1.033040603
5840.772481 1.02793367704
5846.413045 1.02934765816
5852.097366 1.05007831256
5857.835577 1.03603839874
5863.491243 1.02445801099
5869.561954 1.04670039813
5875.182058 1.02613862356
5880.902832 1.05271045367
5886.556947 1.03397393227
5892.278266 1.05560628573
5897.915583 1.02533729871
5903.903107 1.01554560661
5909.591351 1.03881231944
5915.228126 1.02553168933
5920.885954 1.02800663312
5926.520046 1.02302463849
5932.275774 1.05374201139
5938.365661 1.03553970655
5944.033569 1.02855968475
5949.687374 1.02459144592
5955.34461 1.04109764099
5960.982876 1.02363562584
5966.66721 1.04572431246
5972.721603 1.03910732269
5978.3954 1.03809690475
5984.030057 1.02759973208
5989.767715 1.04815936089
5995.421731 1.02458071709
6001.161601 1.06112702688
6007.180525 1.02770241102
6012.868133 1.03791133563
6018.505783 1.02638228734
6024.212656 1.03357934952
6029.79761 1.00883944829
6035.368643 1.0086932977
6041.288892 1.0133647124
6046.943361 1.02825538317
6052.651798 1.04732958476
6058.353122 1.04198169708
6064.022926 1.02894894282
6069.727863 1.03907084465
6075.80229 1.0404903094
6081.469491 1.03683503469
6087.126844 1.03259531657
6092.862399 1.05772304535
6098.548635 1.04331199328
6104.186129 1.03077133497
6110.142203 1.01986408234
6115.778245 1.03052862485
6121.436425 1.0201783975
6127.121337 1.04298059146
6132.758026 1.02681875229
6138.428141 1.03924536705
6144.450594 1.0492456754
6150.170503 1.04629604022
6155.875109 1.04294633865
6161.549508 1.04288466771
6167.23375 1.03199068705
6172.872236 1.02636384964
6178.876691 1.02609697978
6184.579584 1.04466072718
6190.25091 1.02353962262
6195.905487 1.03420170148
6201.575974 1.04129163424
6207.198063 1.02223332723
6213.271256 1.05296206474
6219.005652 1.05448627472
6224.643087 1.02660957972
6230.314617 1.03004336357
6235.951582 1.0265036424
6241.689053 1.04943021139
6247.710757 1.04067174594
6253.398353 1.03975995382
6259.051577 1.02809731166
6264.672986 1.02622365952
6270.394405 1.03264991442
6276.031811 1.03435031573
6282.036084 1.03180170059
6287.758869 1.0542576313
6293.432023 1.0341779391
6299.065975 1.02629264196
6304.753843 1.03267002106
6310.423656 1.04106704394
6316.527872 1.05766034126
6322.18649 1.0279955864
6327.807969 1.01554441452
6333.428068 1.00798336665
6339.095391 1.03428030014
6344.769252 1.03233528137
6350.854621 1.04553794861
6356.508291 1.01534263293
6362.247095 1.06212727229
6367.93384 1.03931935628
6373.589323 1.02520561218
6379.242207 1.03462958336
6385.196801 1.01814651489
6390.918272 1.04106132189
6396.608576 1.04305664698
6402.25875 1.02249797185
6407.984445 1.04757674535
6413.652831 1.03485600154
6419.739388 1.0366332531
6425.460422 1.04960425695
6431.131031 1.02979095777
6436.819053 1.04413604736
6442.423558 1.00765299797
6448.110955 1.03895409902
6454.21511 1.03207302094
6459.835838 1.00816996892
6465.490378 1.01678450902
6471.144131 1.02771528562
6476.798547 1.02566305796
6482.469947 1.04299370448
6488.540594 1.02901291847
6494.227699 1.03391671181
6499.982594 1.04625630379
6505.636855 1.01916495959
6511.291204 1.01796627045
6516.944738 1.02490870158
6523.150436 1.05889463425
6528.837791 1.04310099284
6534.526336 1.03893860181
6540.198876 1.04283126195
6545.867212 1.02842903137
6551.555272 1.03593365351
6557.575343 1.01028299332
6563.283557 1.0466539065
6568.967589 1.02805527051
6574.622276 1.02027527491
6580.359151 1.04910333951
6586.066877 1.05092199643
6592.102049 1.01766339938
6597.755748 1.02586420377
6603.44308 1.03326567014
6609.130891 1.03771432241
6614.818558 1.03261295954
6620.442456 1.0161400636
6626.460607 1.01639533043
6632.098644 1.02306429545
6637.786293 1.02258372307
6643.541345 1.05979998906
6649.243772 1.0447640419
6654.949852 1.03959155083
6661.019356 1.03087004026
6666.706979 1.03286711375
6672.464733 1.05352965991
6678.182665 1.05021937688
6683.85368 1.0311293602
6689.557795 1.04390239716
6695.611854 1.01963098844
6701.383328 1.05675665538
6707.070809 1.03918011983
6712.725932 1.03110225995
6718.297514 1.00886098544
6723.96709 1.0229713122
6730.040873 1.03788201014
6735.678927 1.02181633313
6741.613512 1.03322037061
6747.300945 1.03806670507
6753.005238 1.04027827581
6758.643129 1.02497021357
6764.630608 1.01655801137
6770.28731 1.03255303701
6775.989828 1.03140536944
6781.693623 1.03581436475
6787.414774 1.0439157486
6793.10158 1.0388276577
6799.206869 1.04037467639
6804.777228 1.01076030731
6810.367983 1.0107896328
6816.019271 1.02017768224
6821.756681 1.05035456022
6827.377484 1.02467139562
6833.41545 1.03827770551
6839.136111 1.04142578443
6844.790665 1.03380060196
6850.480609 1.03835431735
6856.232129 1.0416987737
6861.906566 1.03948465983
6868.074838 1.05624032021
6873.681986 1.02382135391
6879.333815 1.03326066335
6884.97034 1.03029847145
6890.728407 1.04995163282
6896.429905 1.04766201973
6902.517327 1.02374235789
6908.307321 1.06805539131
6914.010189 1.05097460747
6919.646753 1.02334705989
6925.368142 1.04753255844
6931.008006 1.02949166298
6937.042658 1.03391170502
6942.69838 1.01756421725
6948.384839 1.02961476644
6954.072298 1.03258403142
6959.743341 1.03219564756
6965.480886 1.04861299197
6971.485786 1.02384956678
6977.189689 1.03258466721
6982.878549 1.03715165456
6988.614905 1.04889496168
6994.352777 1.05859899521
6999.973885 1.02864829699
7005.961786 1.02093100548
7011.598586 1.03125063578
7017.22022 1.01687328021
7022.923347 1.03531606992
7028.627806 1.04409972827
7034.315987 1.04555122058
7040.353982 1.02766831716
7046.091013 1.04092899958
7051.762394 1.03914443652
7057.466354 1.04356646538
7063.208121 1.05879457792
7068.925518 1.04753041267
7074.93171 1.01277716955
7080.586405 1.02993408839
7086.221818 1.01107597351
7091.92526 1.03418207169
7097.730035 1.06467199326
7103.450825 1.05505808194
7109.538624 1.03932205836
7115.260659 1.03765304883
7120.963447 1.04707829158
7126.584458 1.02746327718
7132.305666 1.05139899254
7138.027368 1.04985864957
7144.081845 1.04234830538
7149.76908 1.04628125827
7155.510999 1.0432463487
7161.193903 1.03218626976
7166.901405 1.02985572815
7172.569589 1.03841543198
7178.657958 1.04050906499
7184.311385 1.03043675423
7189.985388 1.03223403295
7195.772724 1.04645864169
7201.490831 1.04770342509
