4.998537 0.742717266083
9.784623 0.72455739975
14.622447 0.744400342306
17.319366 9999
22.12686 0.731072982152
26.980437 0.746070702871
30.403823 9999.0
35.369134 0.745892286301
40.272027 0.756606260935
45.160412 0.751243670781
50.029049 0.736188729604
53.384986 9999
56.788862 9999
61.669651 0.74610098203
66.590276 0.726500590642
71.610022 0.778917868932
76.429979 0.733268419902
79.076954 9999
83.918436 0.740377664566
88.73767 0.732284704844
93.657995 0.757957379023
97.163704 9999
99.816041 9999
104.714558 0.753287951152
109.551404 0.716542005539
114.404682 0.731845378876
119.274019 0.744474728902
124.16155 0.730567614237
129.217886 0.762717008591
134.151253 0.756071090698
139.020847 0.741070350011
143.891043 0.738012075424
148.743612 0.720568736394
153.647551 0.75958887736
157.069372 9999.0
162.069758 0.749560753504
164.74872 9999
169.65792 0.742916981379
172.32517 9999
175.042577 9999
179.914457 0.74916100502
184.801731 0.737823645274
187.470127 9999.0
192.539165 0.762035369873
195.945281 9999
200.845433 0.740431944529
205.74852 0.751043081284
210.636411 0.743164936701
213.341013 9999
218.256765 0.738326311111
223.262441 0.732278585434
228.215219 0.749575297038
233.116885 0.744377374649
237.986053 0.735338131587
241.410486 9999
246.42612 0.773285071055
251.344913 0.75160463651
254.213361 9999
259.13403 0.735030253728
264.08684 0.746260007222
266.786642 9999
271.742207 0.752478043238
276.644954 0.732942342758
281.51556 0.729370355606
286.601651 0.735365708669
289.331878 9999
294.324339 0.763213713964
297.03479 9999
301.979022 0.733987649282
306.949384 0.762016057968
309.650218 9999
312.334558 9999.0
315.190665 9999
320.177344 0.744026581446
322.920987 9999
327.896117 0.738773663839
332.800464 0.741708755493
335.537433 9999
338.307396 9999
343.191781 0.730309009552
346.076256 9999
348.815622 9999
353.779249 0.732481956482
358.716929 0.735780000687
363.653888 0.730398257573
368.639294 0.751620372136
372.082026 9999
377.045662 0.741459369659
379.913291 9999
384.900498 0.749064683914
389.803174 0.723568995794
394.690698 0.728345950445
399.610546 0.72894859314
404.512841 0.732355991999
407.23154 9999.0
412.38587 0.767758925756
417.421925 0.75725030899
420.239798 9999
425.177884 0.733297348022
428.702003 9999
433.649299 0.749692678452
438.620542 0.751409371694
443.755691 0.734465678533
448.675497 0.734817028046
451.427675 9999
456.347725 0.737931330999
461.317262 0.745740016301
464.757003 9999
469.690541 0.732453346252
474.726789 0.738534609477
479.679765 0.738460381826
482.389883 9999
485.141626 9999
487.92044 9999
492.905582 0.742672920227
497.892231 0.74542037646
502.812509 0.739942391713
507.965127 0.757762432098
511.472754 9999
516.453827 0.744694391886
521.407136 0.74712173144
524.193997 9999
526.977441 9999
531.981236 0.742414077123
536.918304 0.736010392507
542.021656 0.734384934107
546.976774 0.728546698888
551.928455 0.723497629166
556.831149 0.731899738312
559.607981 9999
564.586138 0.744548718135
569.539465 0.742648363113
572.486986 9999
577.461263 0.729386011759
582.547953 0.75023094813
585.292491 9999
590.33635 0.760254621506
593.147764 9999
598.177155 0.750202576319
603.177801 0.746203263601
606.852331 9999
611.766727 0.726097265879
614.550499 9999
619.555228 0.73995367686
622.296191 9999
627.312289 0.762211243312
630.104419 9999
634.999697 0.728853623072
640.152704 0.731734911601
645.071949 0.728736321131
649.992266 0.726889928182
652.843842 9999
657.848352 0.742151578267
662.885399 0.758659044902
665.647251 9999.0
670.823859 0.742285013199
675.776797 0.735778967539
678.492927 9999
683.481303 0.732815265656
688.468034 0.745048046112
691.906948 9999
696.940472 0.750351667404
699.896003 9999
703.364981 9999
706.14859 9999
711.18266 0.741580963135
714.640498 9999
717.420734 9999
720.224131 9999
725.260737 0.757628679276
728.039145 9999.0
733.18164 0.728254000346
736.62351 9999
739.461242 9999
744.571489 0.766939004262
748.026996 9999
753.077439 0.746432622274
757.997844 0.734956026077
762.883707 0.718028068542
768.020789 0.732906977336
770.849471 9999
775.892575 0.754208723704
780.829483 0.742360989253
783.624719 9999
788.6346 0.728825012843
792.105847 9999
797.090748 0.752183357875
800.813042 9999
805.780596 0.752622286479
810.815968 0.754496415456
815.752718 0.736076037089
820.705779 0.739306688309
823.396936 9999
828.329024 0.73347234726
831.399265 9999
836.415749 0.73543604215
841.385902 0.746445337931
846.355501 0.744354565938
851.326267 0.746635357539
854.062506 9999
858.981317 0.735465288162
861.973225 9999
866.953372 0.756931622823
871.972598 0.75789642334
874.775273 9999
879.727557 0.742019971212
884.765291 0.743207375209
888.238137 9999
893.187668 0.731814543406
898.390401 0.737530946732
903.328587 0.739827632904
906.849336 9999
909.626563 9999
912.428088 9999
915.195031 9999
920.238196 0.752469937007
925.157993 0.734376589457
930.345114 0.742387056351
935.298884 0.725893974304
938.089407 9999
943.036222 0.728137413661
945.804942 9999
950.842259 0.745654026667
954.314531 9999
959.381298 0.756942749023
964.702307 0.745084365209
969.654773 0.73757036527
974.592254 0.732597589493
977.343585 9999
982.346167 0.730942726135
985.102127 9999
990.085597 0.738821347555
993.119443 9999
995.912838 9999
998.674448 9999
1001.506078 9999
1006.611972 0.745212316513
1011.532195 0.731664339701
1014.391854 9999
1019.320685 0.726425011953
1024.207455 0.715469916662
1029.460558 0.744096279144
1032.222946 9999
1037.248893 0.748161315918
1042.186145 0.7393887043
1047.10516 0.727788289388
1052.058501 0.735873063405
1054.893625 9999.0
1057.867133 9999
1062.88229 0.737549066544
1067.78672 0.721947908401
1072.788906 0.757165352503
1077.742896 0.731478611628
1082.766276 0.755775690079
1087.665894 0.720000346502
1092.869901 0.748403310776
1095.642462 9999
1100.5916 0.739111820857
1105.660518 0.762668053309
1110.664865 0.743647257487
1115.584749 0.737929344177
1120.55452 0.740356047948
1125.7579 0.741508245468
1128.506653 9999
1133.495785 0.740701039632
1138.415843 0.73083837827
1143.419436 0.732722600301
1146.958218 9999
1149.75409 9999
1153.212642 9999.0
1158.429896 0.745988289515
1163.382498 0.736734787623
1168.402467 0.751836776733
1173.422238 0.755268653234
1178.475411 0.743962685267
1183.446009 0.736107110977
1188.701256 0.755108674367
1193.652788 0.737691322962
1198.67195 0.755179246267
1202.217662 9999
1207.26216 0.745343367259
1212.21566 0.740306059519
1217.253247 0.755080302556
1222.404697 0.74378490448
1227.3953 0.736279646556
1230.178292 9999
1235.164069 0.733664592107
1238.735386 9999
1243.685336 0.741086403529
1248.742327 0.74720509847
1254.026915 0.751391251882
1259.045706 0.752155621847
1263.98275 0.741903702418
1268.903994 0.716782649358
1273.873219 0.738582054774
1277.412397 9999
1280.243348 9999.0
1285.379644 0.727665026983
1290.416814 0.760172367096
1295.403287 0.739537636439
1300.373296 0.729190031687
1305.310275 0.729208310445
1310.396391 0.76532069842
1315.617159 0.74023103714
1320.602583 0.73338898023
1325.556606 0.744428714116
1330.493045 0.727961699168
1335.413612 0.732929309209
1340.432713 0.762425343196
1345.636664 0.748910029729
1350.589547 0.734882195791
1355.527 0.739530642827
1360.563457 0.748568693797
1365.516101 0.731145938238
1370.519854 0.74921242396
1375.723614 0.748555978139
1380.793108 0.762878894806
1385.729289 0.738701899846
1389.303113 9999
1394.272552 0.744609991709
1399.389156 0.757269938787
1404.409319 0.748160600662
1408.066976 9999
1410.820124 9999
1415.802546 0.740940332413
1420.819316 0.753568569819
1423.574747 9999
1428.524562 0.734511057536
1432.047781 9999
1437.014004 0.743463675181
1442.283241 0.740641593933
1447.220891 0.737133026123
1452.240612 0.731590350469
1457.227341 0.726675669352
1462.247494 0.756562391917
1467.185756 0.738620042801
1470.243149 9999
1475.309446 0.751462697983
1480.261345 0.729133367538
1483.102272 9999
1488.131047 0.733681042989
1493.183947 0.742612759272
1498.189932 0.762663284938
1501.157866 9999
1506.092592 0.7294429938
1511.146605 0.744617700577
1516.11596 0.734311342239
1518.938262 9999
1523.954693 0.738183895747
1526.766606 9999
1531.827037 0.743734359741
1537.079588 0.747404654821
1542.116255 0.747008959452
1544.883302 9999
1547.699948 9999
1552.757441 0.736563682556
1557.794068 0.748088677724
1562.749001 0.730240901311
1566.487285 9999
1571.469304 0.744253396988
1574.891193 9999
1577.644402 9999
1582.711072 0.753579616547
1587.780425 0.749549309413
1590.613905 9999
1595.618489 0.740607023239
1598.667387 9999
1601.514605 9999
1604.329279 9999
1607.189522 9999
1612.130084 0.728802998861
1617.184149 0.735316038132
1622.119361 0.737282037735
1624.887079 9999
1629.890689 0.733229398727
1635.061912 0.72144707044
1640.097797 0.749266624451
1645.068485 0.7358426253
1647.89158 9999
1650.675266 9999
1655.70867 0.738515059153
1660.729473 0.732291618983
1666.03542 0.748804330826
1669.522315 9999
1672.368605 9999
1677.456324 0.753171523412
1682.479132 0.749847650528
1685.268865 9999
1688.067612 9999
1690.851622 9999.0
1696.151738 0.749883731206
1701.205283 0.742338736852
1703.968903 9999
1706.771838 9999
1711.746029 0.738540649414
1716.765967 0.73762901624
1721.75259 0.747459967931
1724.793611 9999
1727.621644 9999
1732.593238 0.725586096446
1736.100862 9999
1738.905003 9999
1744.000644 0.763887008031
1748.970886 0.739051898321
1754.009926 0.749743620555
1759.227939 0.732012351354
1761.994883 9999
1767.034824 0.749449014664
1772.018282 0.742067972819
1774.85628 9999
1779.82373 0.740431308746
1784.760936 0.731560945511
1789.981761 0.729908386866
1794.933938 0.737747271856
1798.44134 9999
1803.490103 0.744190692902
1806.350286 9999
1811.378214 0.744150718053
1816.364893 0.747079372406
1819.392091 9999
1824.406081 0.749822298686
1827.187462 9999
1830.005075 9999
1834.943768 0.730158726374
1837.723674 9999
1842.682034 0.722623666128
1847.718713 0.746967077255
1852.989776 0.735147953033
1855.776767 9999
1860.826848 0.751451969147
1863.605137 9999
1868.715615 0.755681037903
1873.73656 0.733586708705
1878.756067 0.734083096186
1882.545314 9999
1887.495208 0.722345352173
1892.531499 0.7380900383
1897.502777 0.742130359014
1900.329659 9999
1903.876371 9999
1906.687809 9999
1909.477592 9999.0
1914.829834 0.757506688436
1917.590902 9999
1921.171524 9999
1924.011129 9999
1929.042441 0.752193291982
1933.993075 0.740721702576
1939.046158 0.758574724197
1941.86364 9999.0
1947.152577 0.746444622676
1952.173227 0.733247995377
1957.125602 0.732358932495
1959.901939 9999
1964.879656 0.736757914225
1967.701099 9999
1970.56662 9999
1975.72298 0.773075024287
1981.00735 0.739380200704
1986.063696 0.739202340444
1991.047597 0.749607960383
1993.866751 9999
1998.837901 0.739920775096
2003.773037 0.72861901919
2006.554834 9999.0
2011.777699 0.72873099645
2016.815544 0.738400061925
2021.834447 0.753225247065
2026.754504 0.729156970978
2029.553074 9999
2032.380203 9999
2037.377608 0.729305028915
2042.631815 0.746067285538
2045.528463 9999
2048.317885 9999
2053.355157 0.745336691538
2058.408247 0.750413656235
2061.833225 9999
2066.831252 0.752835353216
2071.783519 0.72739537557
2074.795408 9999
2079.806145 0.739401737849
2082.628483 9999
2087.69525 0.756030956904
2090.526154 9999
2095.516739 0.74440574646
2100.53685 0.735959291458
2103.298402 9999.0
2108.541205 0.758234818776
2111.379955 9999
2114.178211 9999
2119.234323 0.741345326106
2124.185173 0.735035498937
2129.154671 0.730803728104
2134.075277 0.726812918981
2137.107955 9999
2142.164766 0.755364338557
2147.20026 0.732526302338
2152.172159 0.735442638397
2157.374034 0.743174314499
2162.359886 0.725931962331
2167.313961 0.744208653768
2172.634118 0.762035369873
2175.435751 9999
2180.489747 0.733723719915
2183.96216 9999
2186.722324 9999
2189.55017 9999
2194.648367 0.740009307861
2199.586125 0.723827759425
2204.905615 0.756844043732
2209.975888 0.739199638367
2214.962188 0.748668114344
2217.735124 9999
2222.750661 0.74862130483
2227.83789 0.7627770106
2231.427182 9999.0
2236.675753 0.72366364797
2241.649908 0.73841102918
2246.716262 0.744315385818
2251.673707 0.730326334635
2256.572199 0.7319038709
2261.54244 0.730985323588
2266.781122 0.743080457052
2271.883377 0.754124085108
2276.903451 0.7607913812
2281.856014 0.731898228327
2284.660304 9999
2289.72771 0.749831914902
2292.494882 9999.0
2297.800434 0.743260939916
2302.853317 0.747641722361
2305.692713 9999
2310.776372 0.759645938873
2314.28104 9999
2317.077354 9999
2322.15029 0.754174550374
2325.654625 9999.0
2328.812707 9999
2331.622333 9999
2336.626255 0.744822343191
2341.562647 0.722758690516
2346.515668 0.733887434006
2351.536488 0.745675961177
2356.588734 0.757040341695
2359.700327 9999
2364.761703 0.747310320536
2367.538623 9999
2371.068388 9999
2376.119255 0.756853898366
2381.105751 0.735280672709
2383.961371 9999
2388.943459 0.738292694092
2394.330484 0.747082312902
2397.085757 9999
2402.169026 0.747569322586
2407.205959 0.755755027135
2412.242792 0.755255699158
2417.328799 0.758963664373
2422.332805 0.741140286128
2425.512093 9999
2430.455096 0.736403385798
2433.246223 9999
2438.294287 0.750164031982
2443.246145 0.734766085943
2446.801866 9999
2451.886687 0.761195659637
2456.93882 0.743206977844
2462.359266 0.757054249446
2467.395979 0.755938688914
2472.432058 0.749359448751
2477.435196 0.732530911764
2482.4753 0.755473693212
2487.44275 0.74227031072
2491.302857 9999
2496.281169 0.748939990997
2499.790119 9999
2504.853894 0.747310002645
2507.628693 9999
2512.642932 0.738662004471
2517.662294 0.741988976796
2522.865937 0.735637664795
2526.361086 9999
2531.438336 0.748411734899
2536.558314 0.762978315353
2541.49833 0.737701416016
2546.498829 0.735565344493
2550.04145 9999.0
2555.304981 0.745956659317
2560.374031 0.752297957738
2565.411636 0.747816960017
2570.398745 0.737675587336
2575.483941 0.761433045069
2578.257902 9999
2581.707879 9999.0
2584.838942 9999
2589.809622 0.730445941289
2594.76441 0.738370021184
2599.834955 0.74281001091
2604.888273 0.748287995656
2609.856259 0.739331324895
2614.826278 0.737331946691
2619.980381 0.72015563647
2624.983692 0.74417368571
2629.936176 0.72883661588
2632.779137 9999
2637.808644 0.744504292806
2642.796971 0.748620669047
2647.834085 0.733417669932
2653.10156 0.743366320928
2658.105869 0.746016263962
2663.058226 0.732592185338
2668.165743 0.758772691091
2673.216631 0.743669350942
2678.219508 0.745253562927
2683.438072 0.726247708003
2688.625981 0.751586914062
2691.383875 9999
2696.363919 0.73472793897
2701.300588 0.743188222249
2704.03498 9999
2707.523986 9999
2712.574327 0.746980667114
2717.928566 0.755809942881
2721.468309 9999
2726.48341 0.731123606364
2731.521738 0.74920241038
2736.491612 0.733560959498
2741.477707 0.725305716197
2746.580921 0.754341363907
2750.403087 9999
2755.452653 0.736302932103
2758.202015 9999
2763.241504 0.759083429972
2768.211461 0.74301759402
2773.416125 0.758827050527
2778.402043 0.747903664907
2783.722237 0.756219307582
2788.642485 0.741918245951
2793.678865 0.759886423747
2798.665642 0.751809040705
2803.58582 0.724199692408
2808.522167 0.73171432813
2813.641984 0.722891966502
2818.661618 0.74347670873
2821.446744 9999
2824.969765 9999
2830.069478 0.760330120722
2835.122989 0.750508387884
2840.143563 0.750057299932
2843.865492 9999
2848.832585 0.750223080317
2853.902004 0.754137674967
2858.838657 0.732663631439
2862.33024 9999
2867.260473 0.733974695206
2870.112976 9999
2875.149554 0.734896262487
2880.337941 0.723713000615
2885.25794 0.733460346858
2888.028685 9999
2892.994084 0.731506586075
2897.99792 0.730021715164
2901.503275 9999
2904.298081 9999
2907.113166 9999.0
2912.390996 0.740904649099
2917.393755 0.74502269427
2922.380596 0.737619320552
2927.350516 0.726981639862
2932.353498 0.729843616486
2937.424214 0.747849384944
2942.643286 0.73686559995
2947.714071 0.755533615748
2952.734455 0.762835343679
2957.753888 0.743332703908
2962.774557 0.736494938533
2967.743286 0.735542535782
2970.757156 9999
2975.715001 0.74062371254
2980.802937 0.760116020838
2985.855083 0.759716113408
2988.708537 9999
2993.729817 0.738366921743
2998.846941 0.749977429708
3001.908921 9999
3006.970076 0.768594344457
3011.989985 0.743022282918
3017.010011 0.757160425186
3022.079686 0.749864021937
3027.150227 0.75040491422
3032.170054 0.743038098017
3037.472727 0.734665711721
3042.45935 0.742415030797
3047.430644 0.75142232577
3052.38373 0.730517228444
3057.419852 0.736769358317
3060.997943 9999
3063.762 9999.0
3066.767705 9999
3071.849694 0.755928754807
3076.849374 0.729620377223
3079.657756 9999
3084.704585 0.750756978989
3089.65828 0.73389395078
3094.744748 0.744888941447
3100.16478 0.773792346319
3105.167872 0.729701598485
3110.087406 0.725475947062
3115.074772 0.752863963445
3120.044253 0.739620606105
3124.947401 0.716547568639
3128.063432 9999
3133.086199 0.743516683578
3138.206234 0.74386660258
3141.728352 9999
3146.845947 0.756712039312
3149.617102 9999
3154.668616 0.745033979416
3159.637751 0.74535036087
3162.728761 9999
3165.467776 9999
3170.510801 0.738545656204
3175.44984 0.728399038315
3178.208803 9999
3183.102997 0.718338330587
3188.123198 0.734343687693
3193.092382 0.731147607168
3198.446349 0.745118697484
3203.465911 0.747974713643
3208.436669 0.743683973948
3213.406773 0.732791344325
3216.217703 9999
3221.244657 0.756916284561
3224.733963 9999.0
3230.033114 0.741103013357
3235.053989 0.748153368632
3239.993063 0.734259287516
3242.797936 9999
3247.829154 0.733074903488
3252.71599 0.719530423482
3256.205146 9999.0
3259.361529 9999
3264.390442 0.735806941986
3269.426828 0.761034329732
3272.964927 9999
3278.031995 0.754995743434
3283.086081 0.747674703598
3288.109141 0.741195042928
3291.921733 9999
3294.746233 9999
3299.697136 0.732735315959
3304.716509 0.73201529185
3307.499723 9999
3312.605126 0.743014017741
3317.674715 0.752898057302
3322.678737 0.739996989568
3327.8989 0.745088656743
3332.922709 0.743914365768
3338.006053 0.767725308736
3342.925456 0.734133323034
3347.894542 0.747070074081
3352.882634 0.73247830073
3356.722404 9999
3360.207808 9999
3365.189664 0.7318816185
3370.226331 0.74299399058
3375.41323 0.773322661718
3378.230029 9999
3383.269231 0.738795598348
3388.538883 0.740320920944
3393.608942 0.74707309405
3398.562418 0.748005390167
3402.118717 9999
3407.053178 0.736772378286
3412.054682 0.744194348653
3417.05805 0.734994331996
3422.477351 0.742939392726
3427.515697 0.748153448105
3430.273358 9999
3433.087096 9999
3436.575527 9999
3439.430574 9999
3442.210572 9999
3447.198233 0.733852704366
3452.54791 0.743230740229
3457.518146 0.741366704305
3462.473415 0.736124038696
3467.407033 0.734294335047
3470.187567 9999
3472.950149 9999
3478.06474 0.771442333857
3483.368474 0.735863129298
3486.19152 9999
3491.206988 0.741115411123
3493.991417 9999
3498.998642 0.74471672376
3503.93139 0.731350898743
3508.935656 0.749058961868
3514.289152 0.742253700892
3519.277212 0.746469736099
3522.050184 9999
3527.097187 0.755719264348
3532.15047 0.747560977936
3537.106667 0.733256022135
3542.107274 0.74845568339
3547.411186 0.732988437017
3550.210151 9999
3555.199634 0.745708624522
3560.168943 0.739605426788
3565.20616 0.746865034103
3570.226908 0.744427680969
3575.146029 0.72293194135
3580.516144 0.75653664271
3585.570309 0.758231401443
3590.489526 0.735472043355
3595.408911 0.725807666779
3600.329013 0.72808265686
