15.000943 2.41650732358
29.741777 2.374224027
37.428881 9999.0
52.474354 2.41232689222
60.186955 9999
67.937754 9999.0
82.964665 2.38418873151
90.59835 9999
105.500216 2.41091767947
120.525612 2.40433891614
135.710802 2.47499529521
150.717362 2.40406171481
165.616283 2.41665363312
180.356478 2.37728468577
195.420306 2.40525571505
210.304358 2.40997028351
225.123003 2.39515368144
240.102083 2.38456201553
255.102968 2.42996740341
270.236855 2.49550588926
285.314945 2.39482069016
300.144421 2.38573225339
315.02058 2.41081905365
330.201691 2.42227570216
337.866784 9999
352.754148 2.40105175972
367.711142 2.39384762446
382.737883 2.39437357585
397.666247 2.37685513496
405.332884 9999
420.06899 2.39627043406
427.881465 9999
442.766185 2.42041166623
457.727989 2.42972477277
472.709388 2.41933925947
487.582872 2.41762344042
495.18778 9999.0
510.151833 2.38726131121
524.963326 2.3973689874
539.812682 2.40051937103
547.555754 9999
562.48948 2.40303444862
577.32004 2.40462533633
592.377151 2.40321071943
607.28012 2.41578499476
622.117449 2.40447862943
629.96125 9999
644.885234 2.40959072113
659.784577 2.40109173457
674.840576 2.40358432134
689.717204 2.39137125015
704.562171 2.39629864693
719.534336 2.41756606102
734.434166 2.3994260629
749.247773 2.39460531871
764.342821 2.41730896632
779.319129 2.41894364357
794.378798 2.42541893323
802.013746 9999
816.879786 2.41203745206
824.742641 9999
839.899628 2.40162102381
854.791659 2.40828665098
869.935974 2.40446138382
884.864315 2.41766397158
892.591908 9999
907.451176 2.39420302709
922.392499 2.42808063825
937.388272 2.39645536741
952.281323 2.41533962886
959.956486 9999.0
974.931184 2.38802973429
989.842789 2.40845298767
997.534374 9999.0
1005.317027 9999
1020.274582 2.41321428617
1035.14671 2.38549955686
1050.120877 2.3841176033
1057.809347 9999
1072.707941 2.39464537303
1087.682489 2.39586933454
1095.311868 9999
1110.135804 2.38824566205
1125.126547 2.38550837835
1140.044826 2.42991797129
1154.915829 2.3876320521
1170.02758 2.41337331136
1184.804864 2.37461725871
1192.475507 9999.0
1207.541648 2.39951038361
1215.240878 9999
1230.155442 2.41375740369
1245.186578 2.39451471965
1252.864415 9999
1267.771883 2.40801676114
1282.914377 2.41940863927
1297.813609 2.40565125148
1312.83417 2.39707104365
1320.479709 9999
1335.388421 2.39137291908
1350.3793 2.38050540288
1365.249262 2.40301465988
1372.903104 9999.0
1380.80503 9999
1395.613355 2.3917529583
1403.29809 9999.0
1418.191668 2.36712590853
1433.107835 2.41246668498
1447.968941 2.42668827375
1463.11285 2.41551931699
1477.924713 2.39807804426
1492.784859 2.39385000865
1507.812898 2.39456629753
1522.759236 2.41595164935
1530.44348 9999.0
1545.391597 2.38403264681
1560.202918 2.3961947759
1575.066314 2.41197299957
1590.09148 2.38211695353
1604.88663 2.37627760569
1619.769962 2.39536301295
1634.876189 2.40915560722
1649.714813 2.37622006734
1664.53047 2.38873958588
1679.708678 2.41448807716
1694.537133 2.39383109411
1709.480984 2.38587355614
1724.408025 2.40173498789
1739.278004 2.39999938011
1754.448044 2.43321927389
1769.324572 2.40216000875
1784.373138 2.3892010053
1799.33103 2.40718301137
1814.454324 2.41149997711
1829.341484 2.37890267372
1844.415465 2.40031401316
1859.376903 2.42831063271
1874.089196 2.36479496956
1881.957088 9999
1889.71461 9999
1904.646563 2.38685663541
1919.689435 2.3733373483
1934.599005 2.38636898994
1949.511683 2.41743437449
1964.622102 2.37820935249
1972.325309 9999
1987.239428 2.41160567602
2002.367204 2.40158041318
2010.090748 9999
2024.966888 2.40359163284
2040.262515 2.43866570791
2055.195434 2.40371958415
2063.156387 9999
2078.046989 2.4258330663
2085.717126 9999.0
2100.924072 2.4364713033
2108.656236 9999
2116.360764 9999.0
2131.563844 2.39591995875
2146.407992 2.40078266462
2161.535715 2.38724033038
2176.346911 2.39129797618
2191.12756 2.37349637349
2206.152224 2.35513138771
2213.820445 9999
2228.635919 2.38231039047
2243.855866 2.40208133062
2258.72895 2.40664235751
2273.953243 2.41059597333
2281.627773 9999
2296.557676 2.40583109856
2311.715383 2.39576085409
2319.443256 9999
2327.170147 9999.0
2342.370973 2.39933896065
2350.104907 9999
2365.042725 2.42004990578
2380.200052 2.40246327718
2387.843833 9999
2402.783214 2.40905332565
2417.972974 2.41710837682
2432.871812 2.39592734973
2440.842504 9999
2455.946979 2.45533466339
2470.920841 2.42483607928
2486.11565 2.39266173045
2500.957432 2.38565270106
2508.982584 9999
2523.890891 2.39556940397
2538.718094 2.37976733843
2553.867291 2.40367833773
2568.823791 2.42664154371
2584.070038 2.40079259872
2598.83073 2.33398620288
2606.696124 9999
2614.471777 9999
2629.440131 2.4078763326
2644.650282 2.38207530975
2659.495109 2.3984263738
2667.481135 9999
2682.334467 2.40189067523
2697.242316 2.39059988658
2712.466122 2.39812064171
2727.342483 2.39812064171
2735.392215 9999
2743.070618 9999
2757.991849 2.41315396627
2773.21367 2.41345055898
2780.839664 9999
2795.81467 2.41222437223
2811.022465 2.41414833069
2825.916137 2.4105237325
2833.915444 9999
2848.868388 2.4070327282
2863.779364 2.39727091789
2878.87302 2.40446901321
2893.734694 2.39041336377
2901.439001 9999.0
2909.467936 9999
2924.307107 2.38976764679
2939.268176 2.42002765338
2954.530351 2.39284563065
2969.390585 2.39417799314
2984.618644 2.39640426636
2992.27892 9999
3007.052368 2.38104661306
3022.246557 2.39681299527
3037.173978 2.40984630585
3052.352466 2.4007546107
3060.042902 9999
3074.85348 2.39119013151
3090.1322 2.40557638804
3105.058789 2.43258301417
3113.141924 9999
3127.976534 2.39103166262
3142.854823 2.40734998385
3158.134697 2.39803727468
3173.081901 2.4128156503
3188.273679 2.40101631482
3203.215661 2.39655598005
3218.466844 2.41876268387
3233.388111 2.41229995092
3241.461159 9999
3256.155007 2.32753165563
3263.8866 9999.0
3278.838642 2.34606663386
3293.645969 2.35226066907
3308.596519 2.42017738024
3316.653213 9999
3331.577224 2.3881333669
3346.473602 2.37351727486
3361.593699 2.3875506719
3369.316334 9999
3377.089469 9999.0
3392.259785 2.38250136375
3407.22804 2.43094571431
3422.428917 2.41707142194
3437.394069 2.3999346892
3452.602551 2.42667897542
3467.543265 2.41153828303
3482.623773 2.39242402713
3497.552086 2.41183328629
3512.611499 2.39858142535
3527.524052 2.39468431473
3542.503134 2.37585695585
3557.663428 2.39414008458
3572.542013 2.38852699598
3587.66342 2.39460301399
3595.377304 9999
3610.286821 2.39148426056
3625.353927 2.38416735331
3640.275746 2.39804999034
3655.326057 2.40685860316
3670.29927 2.39765628179
3685.458961 2.39047725995
3700.354873 2.38418610891
3715.415109 2.38988733292
3723.200719 9999
3738.073348 2.39438088735
3746.017982 9999
3760.972298 2.40592130025
3775.864139 2.39892800649
3791.12257 2.42124827703
3805.949109 2.38564038277
3821.092051 2.40225799878
3836.11527 2.42366258303
3851.337979 2.38004636765
3866.278258 2.41795039177
3874.294024 9999
3889.112048 2.38908465703
3903.829184 2.32761836052
3918.837263 2.35962335269
3933.799508 2.40261896451
3948.740103 2.4122320811
3964.021087 2.40962298711
3978.931939 2.3743716081
3986.881397 9999
3994.614399 9999
4009.558592 2.39485224088
4017.593067 9999
4032.449586 2.3856874307
4047.330807 2.40059399605
4062.511128 2.3869600296
4077.369595 2.38265196482
4092.56421 2.4120999972
4107.525725 2.38858962059
4122.741968 2.39836565653
4137.615417 2.38435999552
4152.812705 2.3930832545
4167.674865 2.38651227951
4182.93197 2.37586601575
4197.793296 2.37991897265
4212.954093 2.391005675
4227.852315 2.39883764585
4243.034361 2.39143006007
4257.940359 2.40626502037
4273.099542 2.39579327901
4288.143717 2.43768135707
4303.408672 2.38736367226
4318.316859 2.39812064171
4333.571481 2.39913837115
4341.245746 9999
4356.128568 2.37643869718
4371.393621 2.39126221339
4386.250663 2.40773296356
4401.478843 2.41461261113
4416.407949 2.39770332972
4431.707149 2.40372061729
4446.579123 2.39332429568
4461.760312 2.37790075938
4476.452955 2.33900062243
4491.379141 2.40061028798
4506.640316 2.40427494049
4521.519302 2.39165139198
4536.83159 2.40401919683
4544.625017 9999
4559.434154 2.38376601537
4567.416803 9999
4582.380263 2.41795961062
4597.175532 2.37421337763
4612.50032 2.4220050176
4627.365074 2.40582966805
4642.509542 2.38475823402
4657.423999 2.38439838092
4672.667546 2.40172783534
4687.646062 2.40038371086
4702.87741 2.40925391515
4717.798375 2.38715569178
4733.05152 2.41587090492
4747.937804 2.38885172208
4763.09931 2.41862368584
4778.129167 2.4220533371
4793.263686 2.38618731499
4808.266611 2.43263403575
4816.300404 9999
4831.284144 2.40960462888
4846.178435 2.39756608009
4854.059389 9999
4868.7787 2.35364063581
4883.672778 2.38915379842
4898.988758 2.41720867157
4913.933445 2.4153526624
4929.140514 2.4131749471
4944.202869 2.43136159579
4959.340031 2.36809666951
4974.058298 2.34085996946
4988.854223 2.36079303424
5003.933173 2.35826802254
5011.678357 9999
5019.330652 9999.0
5034.352305 2.34159890811
5049.175813 2.34514498711
5064.058973 2.40853063265
5079.246955 2.38815172513
5094.13085 2.37206053734
5109.392192 2.40872335434
5124.303622 2.40267833074
5139.540238 2.40915258725
5154.326118 2.34257920583
5162.300571 9999
5176.950974 2.31819740931
5191.858745 2.38971837362
5207.172713 2.41821932793
5222.126712 2.40918397903
5237.454877 2.4006383419
5252.335067 2.39995360374
5267.57679 2.40495840708
5282.488536 2.37968929609
5297.699385 2.41664759318
5312.650462 2.41414999962
5327.889123 2.39848367373
5342.844075 2.41430632273
5357.944086 2.37590972582
5372.902866 2.41884064674
5388.117078 2.37709903717
5403.02827 2.42115902901
5411.173411 9999
5426.045332 2.405194362
5440.958231 2.41495728493
5456.284439 2.42105476062
5471.201582 2.40468200048
5486.391119 2.34638094902
5501.319809 2.4153102239
5516.500606 2.35056424141
5531.433774 2.41815559069
5539.582551 9999
5554.332656 2.34696865082
5569.03589 2.33580327034
5584.15984 2.3614238898
5598.941264 2.37539203962
5613.857891 2.39661097527
5629.014447 2.34681399663
5643.959018 2.40712602933
5659.270199 2.37946836154
5674.114932 2.38208293915
5689.459401 2.42012135188
5704.437029 2.40136933327
5719.715013 2.40352225304
5734.624858 2.39581672351
5749.873127 2.39257232348
5764.582812 2.33595403035
5779.327954 2.35873063405
5794.506996 2.3614979585
5809.332089 2.3686636289
5824.260739 2.34080131849
5839.107974 2.353459994
5854.072293 2.42184575399
5869.348048 2.41203800837
5884.222469 2.38756632805
5899.519394 2.39716100693
5914.427608 2.42171406746
5929.689346 2.40191864967
5944.534117 2.37431438764
5959.562776 2.34371964137
5974.340111 2.34808095296
5989.083989 2.35267392794
5997.144765 9999
6012.054939 2.39425468445
6026.931908 2.38997133573
6042.258259 2.39747007688
6057.244245 2.41459194819
6072.412231 2.39025362333
6087.12363 2.34447224935
6102.090847 2.40829865138
6117.379701 2.41581837336
6132.308894 2.41975426674
6147.552859 2.3993499279
6162.451667 2.37484367688
6177.658732 2.38420502345
6192.607492 2.41006223361
6207.902291 2.41176279386
6215.598606 9999
6230.503336 2.40126299858
6245.726173 2.38264298439
6253.426668 9999
6268.387195 2.42621095975
6283.54476 2.3766263326
6298.450909 2.39957070351
6313.69645 2.41456929843
6328.610314 2.38070901235
6343.765997 2.39226675034
6358.78016 2.40683833758
6374.081755 2.38928802808
6389.033282 2.39826862017
6404.127118 2.37160833677
6419.011505 2.39240201314
6433.869725 2.3762605985
6449.145341 2.4133067131
6464.12286 2.4110716184
6479.367395 2.40221571922
6494.247337 2.37860568364
6509.441216 2.39128859838
6524.284773 2.39491486549
6539.529065 2.37385733922
6554.475544 2.40600132942
6569.718771 2.40696406364
6584.432052 2.33877960841
6599.20661 2.35814062754
6614.353727 2.34358334541
6629.132101 2.37541627884
6644.055626 2.40660301844
6659.152132 2.34451135
6674.116404 2.41140635808
6689.144418 2.32071208954
6696.844946 9999
6711.809069 2.41631396612
6726.97019 2.38241529465
6741.84772 2.38834031423
6757.175976 2.41717028618
6771.990233 2.37160992622
6787.199716 2.38832060496
6802.276353 2.43963623047
6810.366551 9999
6825.330352 2.42455705007
6833.098994 9999.0
6848.297056 2.38918797175
6863.172486 2.38939062754
6871.264936 9999
6886.191739 2.42103473345
6893.956965 9999.0
6902.015523 9999
6916.908976 2.39314889908
6931.84065 2.39643168449
6946.950555 2.33564130465
6961.944853 2.41983254751
6977.089665 2.35988799731
6991.986607 2.39374899864
7007.346362 2.45320192973
7022.2265 2.41683395704
7037.597119 2.41470098495
7052.517089 2.38970168432
7067.842049 2.41816902161
7082.752205 2.38310837746
7098.114707 2.43002533913
7105.869035 9999
7120.734113 2.39542643229
7135.941756 2.40571904182
7150.652963 2.37078460058
7165.531792 2.38879068693
7180.775287 2.38774728775
7195.674294 2.39427860578
7210.884586 2.38429005941
