6.665828 0.92232298851
14.334265 9999
20.127756 9999
26.228433 0.864559650421
32.38279 0.896506071091
38.569234 0.897625048955
44.21264 9999
50.645338 0.87192662557
59.016989 1.51321570079
65.388464 0.907579024633
71.675721 0.880531628927
77.015269 9999
82.321915 9999
88.753319 0.916771332423
95.124611 0.969014962514
103.029204 1.38440004985
109.216859 0.888689359029
115.537539 0.92669804891
126.392063 9999
137.605793 9999.0
143.905832 0.909116029739
150.194173 0.902061621348
155.885053 9999
161.926681 9999
167.140449 9999
173.525283 0.955631494522
186.170458 9999
192.487905 0.893163363139
197.746868 9999
203.900019 0.870257377625
210.100319 0.89540998141
216.220743 0.915826876958
221.327283 9999
227.59516 0.887134869893
233.309908 9999
239.803625 0.908569733302
246.324127 0.911521991094
252.511362 0.913059631983
257.668378 9999
263.819884 0.88681936264
269.989898 0.924509763718
275.547845 9999
280.782852 9999
287.100849 0.892554203669
302.662129 4.03981439273
309.08233 0.909298022588
315.28644 0.91824499766
326.449619 9999
332.564359 0.898376385371
337.807178 9999.0
345.522877 1.36120025317
351.794524 0.922780354818
361.033346 1.85254629453
367.487944 0.9174776872
373.742086 0.919064680735
384.968731 9999
415.019631 8.89207601547
423.608374 1.58441257477
429.764744 0.869041999181
438.920499 1.86702926954
445.055205 0.925693670909
450.613744 9999
455.733572 9999
463.651496 1.37162574132
471.356978 1.42450769742
496.306807 7.20668498675
502.877364 0.87696758906
510.632817 1.39131061236
516.753712 0.90546631813
521.960699 9999
528.143648 0.876582622528
534.481423 0.943010409673
545.20872 9999
551.326404 0.912444988887
557.346389 0.862502733866
564.951817 1.35597205162
571.539136 0.9467689991
577.793163 0.913974444071
583.831128 0.877742608388
590.368294 0.908348719279
596.488574 0.914640347163
602.727138 0.898915688197
608.780151 0.873716036479
614.885258 0.871589581172
621.188844 0.896025339762
628.645274 1.35834066073
635.014438 0.929619073868
641.487775 0.91851568222
647.940437 0.922490994136
653.994301 0.87495970726
660.147922 0.900966405869
668.686919 1.47377824783
673.811648 9999
679.861266 0.8930199941
686.132421 0.93238401413
692.468985 0.884306748708
699.075205 0.928962945938
705.027166 0.865120728811
711.08281 0.879738648733
718.937337 1.37313270569
725.224655 0.912020683289
740.434654 3.90854525566
747.171962 0.88908068339
772.672697 7.36262996991
780.394471 1.35710930824
791.189952 9999
798.739173 1.35427896182
805.160362 0.865472634633
810.518551 9999
817.001122 0.930796384811
826.661112 2.10138400396
832.878332 0.859656969706
840.983888 1.5321747462
848.990281 1.38797307014
856.611005 1.39760899544
862.899259 0.947985013326
870.78807 1.38970001539
876.858493 0.89074865977
883.196092 0.927625974019
889.633524 0.898569345474
896.020757 0.955571651459
902.025211 0.891664981842
911.030978 1.85303195318
917.268302 0.874439318975
923.605662 0.917006731033
930.565899 9999
937.350029 9999
943.551658 0.921814044317
949.806004 0.879267613093
956.109978 0.949209372203
962.548218 0.910695314407
970.153425 1.38591178258
976.407583 0.896784067154
982.695384 0.897289355596
988.78239 0.875110228856
995.236834 0.911669651667
1002.791406 1.37013332049
1010.412681 1.4012336731
1017.067776 0.859523614248
1023.071367 0.894224564234
1029.276015 0.914199034373
1054.764762 7.33370963732
1061.129322 0.894193728765
1091.300422 8.89006670316
1097.637591 0.877118349075
1122.104184 6.93026828766
1128.391222 0.878669579824
1134.52906 0.880003372828
1140.683007 0.88297700882
1147.003694 0.902917385101
1171.153283 6.9246292909
1179.328424 1.42075840632
1185.679545 0.897380669912
1193.383826 1.4279824098
1218.168428 7.00536998113
1224.504509 0.906550010045
1230.758612 0.892733335495
1236.829092 0.889683008194
1242.967525 0.912455320358
1249.521624 0.913328329722
1255.876112 0.93106953303
1261.930171 0.920745929082
1268.036593 0.918884595235
1274.387706 0.915857553482
1280.425471 0.892159303029
1286.662769 0.90127325058
1292.767239 0.905235687892
1299.020913 0.898146947225
1305.424959 0.941127379735
1311.429317 0.872762441635
1317.566628 0.890283664068
1330.141748 3.07115165393
1354.408146 6.91558972994
1361.063859 0.890639305115
1367.333147 0.937247037888
1378.345107 9999
1384.443961 0.907361268997
1390.448102 0.886681715647
1397.423341 9999
1403.706255 0.93018802007
1429.190704 7.24291753769
1435.69504 0.903478384018
1443.250354 1.35990770658
1449.270697 0.88370903333
1455.724295 0.888421376546
1461.794549 0.913857698441
1469.700172 1.43348566691
1476.088851 0.902297417323
1483.526218 1.35049104691
1495.667373 2.909085989
1502.138636 0.938851992289
1508.326621 0.901862382889
1516.301066 1.40055902799
1523.885977 1.35297298431
1530.257637 0.943515062332
1545.503647 3.91352494558
1551.488337 0.8709136645
1564.652319 9999.0
1571.251244 0.891633272171
1578.825607 1.38058630625
1584.929693 0.914013067881
1610.651564 7.22683731715
1616.947446 0.859925349553
1623.051415 0.887527147929
1629.038981 0.886344035467
1653.739586 6.95514361064
1660.059965 0.883902947108
1690.446764 8.90316677094
1716.147358 7.31783803304
1729.429728 9999.0
1735.712763 0.904799699783
1741.847792 0.903791666031
1748.302285 0.884656667709
1757.927854 2.0567129453
1764.012019 0.902909596761
1770.833437 0.916397968928
1776.056564 9999
1782.108098 0.905704021454
1787.330119 9999
1793.550972 0.92587296168
1799.986835 0.881710688273
1830.322395 8.92655666669
1836.659796 0.883667310079
1842.747208 0.907985766729
1868.231006 7.27885222435
1874.752314 0.895139932632
1887.377513 3.08763337135
1895.248446 1.46183005969
1901.419204 0.89250032107
1907.890209 0.877597649892
1914.146907 0.926967382431
1920.565831 0.90765841802
1944.532166 6.84832262993
1949.908603 9999
1956.222795 0.934450944265
1962.360312 0.895193020503
1973.02354 9999
1979.457083 0.890673160553
1985.858897 0.902178366979
1996.567843 9999
2002.937036 0.907106002172
2009.007183 0.911516586939
2017.029536 1.54164330165
2023.300179 0.89253505071
2048.753032 7.32286500931
2055.52182 0.904566605886
2079.721133 6.94786437352
2086.442221 0.925589323044
2110.792077 6.92505606016
2117.412715 0.906500736872
2123.499929 0.884353399277
2148.015575 6.98286445936
2159.296458 9999
2167.346045 1.47690733274
2173.432615 0.909612735113
2198.002029 6.91363358498
2211.031615 9999
2217.195207 0.902481396993
2242.345177 7.06158630053
2250.751133 1.48396039009
2257.238059 0.876658678055
2270.430014 3.24688299497
2276.584199 0.894755601883
2282.789261 0.881060361862
2290.393645 1.37533171972
2296.797731 0.952799399694
2321.437673 7.06106829643
2328.10117 0.885363976161
2334.255972 0.911602576574
2342.177864 1.38424070676
2354.102107 2.79693396886
2378.435494 6.87460899353
2384.956039 0.892558972041
2392.961681 1.42741600672
2400.949854 1.3731165727
2425.065839 6.90344961484
2432.771505 1.37259801229
2438.861725 0.917219003042
2445.046205 0.88097802798
2455.661853 9999.0
2480.419134 6.92056504885
2488.22481 1.43654433886
2514.058246 7.26572759946
2520.331018 0.903559923172
2526.566483 0.897084871928
2539.348751 9999
2545.512698 0.906197309494
2551.93335 0.926108757655
2560.105742 1.5248939991
2566.626144 0.962276935577
2572.68107 0.874128421148
2578.868256 0.932477712631
2588.760526 2.13826672236
2596.949707 1.42755270004
2604.786813 1.38230156898
2610.873215 0.89332707723
2623.747925 3.16052333514
2632.08684 1.38255429268
2638.474205 0.893111228943
2653.901147 3.9428079923
2660.404706 0.914357582728
2666.643082 0.902608076731
2672.730386 0.915736913681
2683.357962 9999
2689.691203 0.886723359426
2715.491355 7.31301339467
2721.628669 0.90509668986
2727.070291 9999
2733.420717 0.903639554977
2739.87749 0.896291971207
2764.10868 6.9261709849
2770.661926 0.953970034917
2779.952257 1.8556933403
2787.906379 1.3578368028
2794.095888 0.905925353368
2800.03635 9999
2806.602309 0.92986869812
2812.840229 0.958639701207
2837.154904 6.95324174563
2843.643602 0.907862901688
2849.847672 0.903261025747
2873.880168 6.87348365784
2898.296694 6.89556860924
2923.029699 7.06298534075
2929.450192 0.90913939476
2935.520795 0.887844721476
2960.103902 6.92075475057
2966.67451 0.897496064504
2974.880144 1.52518900235
2981.167394 0.913972298304
2987.405634 0.894726355871
2996.880897 2.04440132777
3010.036284 3.084608078
3017.675734 1.36109566689
3023.120862 9999
3048.646757 7.30863364538
3055.333299 0.904048681259
3080.600504 7.26676702499
3088.555747 1.37626663844
3094.776658 0.900177081426
3102.683733 1.46393744151
3108.936394 0.899256308873
3116.458575 1.37217442195
3124.34623 1.4094739755
3136.521036 2.79978060722
3160.869659 6.94125970205
3168.976096 1.34895602862
3175.279891 0.943048795064
3181.783374 0.945451259613
3189.341556 1.34745828311
3196.826993 1.37042236328
3204.948665 1.50740273794
3211.219737 0.888731002808
3236.56986 7.27685228984
3243.474474 0.934196790059
3249.778987 0.938876072566
3255.883228 0.891568978628
3261.836533 0.859661658605
3269.491962 1.36898064613
3276.263128 0.906576633453
3282.450462 0.938150723775
3288.788021 0.897217750549
3318.910085 8.91650740306
3329.033935 2.07826034228
3341.655975 3.07020243009
3347.894981 0.929353078206
3355.732677 1.42111603419
3363.704305 1.38606063525
3371.459497 1.4330406189
3377.963533 0.911712090174
3384.051622 0.862738688787
3390.188547 0.881921370824
3414.754518 6.94304235776
3421.008988 0.93638197581
3434.166882 3.13901074727
3441.956147 1.38375528653
3448.276284 0.947637319565
3454.380289 0.901491006215
3462.403192 1.39728371302
3468.874479 0.904764652252
3474.945134 0.89080341657
3480.13627 9999
3486.235634 0.901487986247
3494.207573 1.40494799614
3500.528586 0.906003077825
3506.749424 0.943031708399
3514.787576 1.5749250253
3521.108295 0.895535628001
3527.462189 0.893943389257
3535.019377 1.38735802968
3541.038942 0.880246639252
3572.222545 9.09123063087
3584.767015 2.81967663765
3590.953772 0.902888298035
3596.957307 9999
3603.149016 0.908469994863
