16.344397 0.69835999012
32.573417 0.699220490456
48.966329 0.697668910027
65.293891 0.701500558853
81.722812 0.701870048046
98.083544 0.702437508106
114.576178 0.704808652401
131.037016 0.708469986916
147.481197 0.701802933216
163.892601 0.705973112583
180.56972 0.712266266346
197.114048 0.712019312382
213.707522 0.708716487885
230.252477 0.71190237999
246.730516 0.703705048561
263.124093 0.703710401058
279.704649 0.706193816662
295.89646 0.693885350227
312.273524 0.69685138464
328.784731 0.709244573116
345.395445 0.708785641193
361.873224 0.707294666767
378.401363 0.706205427647
394.878758 0.708611822128
411.472865 0.710397696495
427.936619 0.707398569584
444.460805 0.705065727234
460.972404 0.70998030901
477.633356 0.7085968256
494.046696 0.704999351501
510.588289 0.706655859947
526.949131 0.702914988995
543.626034 0.710680019855
560.089245 0.707380199432
576.534443 0.701780366898
592.776287 0.698331189156
609.353991 0.706960487366
625.781034 0.705581641197
642.379039 0.704244029522
658.752653 0.703850269318
675.2975 0.707747936249
691.725049 0.705834448338
708.185537 0.698101043701
724.713683 0.711440610886
741.257478 0.704855513573
757.8853 0.714991867542
774.283027 0.698699653149
790.625555 0.702027106285
807.167797 0.70607316494
823.598393 0.70515345335
840.106297 0.704044806957
856.316905 0.695876705647
872.911489 0.707794141769
889.188309 0.698082327843
905.816338 0.710328161716
922.277437 0.709059250355
938.857995 0.706485426426
955.252131 0.699300086498
971.729994 0.70203076601
988.191109 0.70769213438
1004.632428 0.701962924004
1021.043999 0.702947497368
1037.523108 0.702686285973
1053.914202 0.705185902119
1070.308663 0.698804211617
1086.836289 0.709260439873
1103.233542 0.698288249969
1119.711045 0.707534098625
1136.220728 0.704023110867
1152.516808 0.699401712418
1169.193444 0.711099207401
1185.655114 0.708191490173
1202.182771 0.705194604397
1218.573889 0.705149447918
1235.118344 0.7073797822
1251.362398 0.698096942902
1267.672997 0.694576895237
1284.117462 0.705132234097
1300.594871 0.703938603401
1316.87235 0.698859214783
1333.384618 0.703232491016
1349.677469 0.698801541328
1366.10434 0.700770223141
1382.332062 0.697191047668
1398.962377 0.70826985836
1415.420512 0.70671684742
1431.932517 0.704528927803
1448.225743 0.698786890507
1464.671548 0.700437867641
1481.01422 0.702497076988
1497.558537 0.705916762352
1513.869864 0.701073157787
1530.316708 0.701236498356
1546.740666 0.705576896667
1563.321495 0.707486104965
1579.696091 0.703226220608
1596.023498 0.696592521667
1612.370606 0.702262914181
1628.929367 0.707091212273
1645.425531 0.70955401659
1661.917485 0.701661491394
1678.314368 0.704725754261
1694.85723 0.704811787605
1711.184575 0.701004481316
1727.713382 0.704437661171
1743.956285 0.697403180599
1760.583923 0.71010209322
1777.060072 0.710106086731
1793.690449 0.709522080421
1809.965337 0.698601698875
1826.64189 0.709237134457
1842.853234 0.696406698227
1859.484048 0.706938695908
1875.978457 0.710443115234
1892.536391 0.703873896599
1908.897101 0.704504454136
1925.511102 0.707378423214
1941.938686 0.705762898922
1958.380523 0.700150763988
1974.957986 0.712962210178
1991.554636 0.708481812477
2007.929412 0.70289721489
2024.576701 0.71055303812
2040.834749 0.698364639282
2057.295715 0.700403022766
2073.62481 0.701488363743
2090.317076 0.710998928547
2106.897846 0.714225113392
2123.472361 0.704079079628
2139.800043 0.701493763924
2156.295605 0.700856530666
2172.705043 0.705384612083
2189.386028 0.710913681984
2205.760843 0.7036927104
2222.288337 0.702940511703
2238.749183 0.708545017242
2255.363144 0.707639026642
2271.737511 0.703725385666
2288.165392 0.697347593307
2304.562576 0.704755377769
2321.087148 0.702420794964
2337.634032 0.712240767479
2354.225129 0.705146062374
2370.685989 0.707348906994
2387.297341 0.708503127098
2403.674602 0.703990888596
2420.286154 0.706503725052
2436.713273 0.707284379005
2453.157713 0.699286258221
2469.468705 0.700243723392
2485.912423 0.698938071728
2502.390037 0.706747055054
2519.087279 0.710669803619
2535.462572 0.703473973274
2551.924563 0.698205399513
2568.370564 0.707387495041
2585.014437 0.708035099506
2601.472955 0.708178329468
2618.082903 0.707168459892
2634.544267 0.708269500732
2651.189059 0.707564115524
2667.502388 0.700103998184
2683.979431 0.699817430973
2700.391024 0.704044246674
2717.017214 0.705214631557
2733.376388 0.701892614365
2749.822208 0.696322321892
2766.16451 0.701741015911
2782.592448 0.694739758968
2799.223756 0.71432236433
2815.797537 0.704056584835
2832.258772 0.707469296455
2848.986073 0.71050773859
2865.346709 0.700664865971
2881.907968 0.703402495384
2898.385183 0.707298076153
2915.114891 0.711637246609
2931.558173 0.707853877544
2948.087813 0.702680253983
2964.315662 0.696953499317
2981.040678 0.710746884346
2997.334259 0.700090181828
3013.828397 0.700660347939
3030.326173 0.709267294407
3046.786208 0.696089673042
3063.077846 0.699907469749
3079.689931 0.707659113407
3095.866397 0.694496238232
3112.312999 0.695650708675
3128.773188 0.708147966862
3145.382471 0.705193054676
3161.776752 0.705442297459
3178.388447 0.704810750484
3194.765613 0.703476512432
3211.262557 0.699975252151
3227.52066 0.697177696228
3244.214586 0.70946958065
3260.442221 0.696721041203
3277.036622 0.703346300125
3293.513859 0.709364151955
3310.042321 0.703886771202
3326.318834 0.697767210007
3342.896838 0.704257273674
3359.273885 0.703456926346
3375.737731 0.697921860218
3391.996395 0.698506557941
3408.606669 0.705980014801
3424.884494 0.697922933102
3441.563839 0.708518028259
3457.989748 0.705678784847
3474.786894 0.715047585964
3491.128239 0.7022138834
3507.938762 0.715319943428
3524.216368 0.69869042635
3540.794217 0.703448712826
3557.321517 0.709635198116
3573.869117 0.700999581814
3590.046509 0.693211817741
3606.638986 0.702564251423
