28.143712 1.28355127573
56.147108 1.28414441347
59.684675 9999
63.119234 9999
66.53855 9999
69.990677 9999
95.156737 1.1431814909
98.712212 9999
126.896829 1.29415767193
155.069241 1.28828412294
180.037861 1.1322063446
208.324523 1.2922359705
236.395559 1.28747755289
264.717098 1.29502674341
292.804085 1.28933314085
317.693707 1.1228738904
342.708565 1.13416742086
367.814315 1.13407584429
395.949092 1.29054220915
430.760438 1.61848170757
468.669039 1.77322715521
506.564171 1.77147915363
510.142357 9999
513.572553 9999
516.992859 9999
545.110021 1.28998121023
570.215789 1.13266358376
598.400921 1.29237755537
626.657617 1.29156827927
651.590205 1.13056269884
679.84414 1.29138908386
704.962888 1.13725415468
708.571378 9999
733.484275 1.13018881083
758.469357 1.13323136568
783.525093 1.13237023354
811.725652 1.29431772232
846.652642 1.62507289648
871.80451 1.1350389719
875.277432 9999
900.142505 1.12732912302
928.397136 1.2908819437
956.436654 1.28479127884
960.074881 9999
985.026231 1.13134490252
1010.078194 1.1359312892
1013.630892 9999
1017.066524 9999
1042.899563 1.17524169683
1068.155217 1.13398578167
1096.242712 1.28820819855
1099.846432 9999
1103.263175 9999
1128.331634 1.13869245052
1153.299141 1.12710686922
1181.537222 1.29593220949
1209.840355 1.28978888988
1234.659421 1.1243639946
1238.21634 9999
1266.41614 1.29267759323
1294.687552 1.28882900476
1319.706342 1.13444968462
1344.692028 1.12784034014
1382.573167 1.77845213413
1410.924548 1.2933868289
1435.86367 1.13061760664
1464.247827 1.2953943491
1489.116345 1.12746925354
1527.778561 1.81058399677
1552.864135 1.13057074547
1577.800101 1.12991816998
1581.372882 9999
1606.30757 1.13149223328
1609.792731 9999.0
1638.177865 1.29505028725
1663.20008 1.13512483835
1691.901452 1.31254725456
1729.629361 1.76873708963
1768.544326 1.82072081566
1806.937763 1.79466599226
1845.003297 1.77625718117
1873.303852 1.29065930843
1901.778884 1.30775114298
1927.063933 1.14030300379
1962.720785 1.66685415506
1987.656665 1.12516236305
2015.96047 1.2977036953
2041.099639 1.13253539801
2044.521363 9999
2072.736398 1.29452184439
2101.041277 1.28998993635
2125.893289 1.12629708052
2150.961482 1.13204705715
2179.184022 1.29486287832
2204.235505 1.12893426418
2229.203352 1.13274714947
2257.491126 1.28967247009
2285.631043 1.29128510952
2310.701189 1.13076082468
2335.769591 1.13510046005
2360.918324 1.1332762599
2385.90447 1.13344577551
2411.040289 1.13257865906
2439.327944 1.29779629707
2467.984686 1.30937230587
2492.933741 1.12996484041
2527.911668 1.62367208004
2552.982533 1.12841454744
2577.935465 1.13301461935
2606.222806 1.28901224136
2634.773727 1.3106687665
2663.099391 1.29194914103
2691.183653 1.28773254156
2716.351629 1.13181641102
2741.387579 1.13576865196
2766.555511 1.13591095209
2794.677033 1.28923228979
2820.497129 1.16564975977
2848.754496 1.29714243412
2873.802861 1.13014042377
2901.99359 1.29397118092
2905.631584 9999
2930.498887 1.12800880671
2955.517582 1.13337264061
2987.091573 1.45464625359
2990.695526 9999
3015.709244 1.13472561836
3040.794271 1.13885800838
3069.049226 1.2875572443
3093.986423 1.13158143759
3122.356231 1.29547891617
3147.425861 1.1368509531
3172.629216 1.13463683128
3201.132158 1.30900849104
3230.152602 1.32613134384
3255.789194 1.16569280624
3284.127611 1.29237914085
3287.568231 9999.0
3315.884664 1.29156675339
3343.987785 1.28939697742
3369.291568 1.14004725218
3394.208595 1.12945770025
3419.297304 1.12940438986
3444.115486 1.12556564808
3469.21762 1.13212957382
3494.184415 1.13195649385
3519.370879 1.13398855925
3544.404434 1.13653794527
3572.792136 1.29504808187
3601.248285 1.30548167229
