45.338579 2.20187135935
48.887252 9999
93.906604 2.19568654299
139.129842 2.19600021839
184.350384 2.19537569284
229.541819 2.19461374283
274.827262 2.19668246508
320.056773 2.19525171518
365.344872 2.19692745209
410.682145 2.20186892748
414.215238 9999
417.573468 9999
462.688809 2.19853671789
507.977087 2.19854824543
511.630656 9999
556.705666 2.1975918293
601.871307 2.19362307787
647.178351 2.19680292606
692.444075 2.1992655158
737.760985 2.19954922199
782.942157 2.19371286631
828.15729 2.1929502964
873.364144 2.19543635845
918.683254 2.19802166224
963.8713 2.19292960167
1009.161388 2.19572510719
1012.786067 9999
1057.828641 2.19576622248
1103.051665 2.19444041252
1148.335548 2.198049438
1193.569943 2.1939641118
1238.860473 2.19943979979
1284.066186 2.19567426443
1329.333398 2.19765435457
1332.888391 9999
1377.992012 2.1982524991
1423.204379 2.19609390497
1468.415027 2.19811660051
1513.710689 2.19703868628
1559.035021 2.19804604053
1604.326347 2.19697666168
1649.56005 2.19476348162
1694.754093 2.19429471493
1740.00778 2.19515707493
1785.215392 2.19489363432
1830.432556 2.19364221096
1875.5981 2.19463089705
1920.845877 2.1964695096
1966.138247 2.19869642258
2011.333652 2.19278413057
2056.56965 2.19373688698
2101.924193 2.20254269838
2147.153501 2.19656010866
2192.472782 2.19884335995
2237.747256 2.19528737068
2283.032471 2.19632823467
2328.257088 2.19522490501
2373.493942 2.1963149786
2418.756758 2.19515677691
2464.012557 2.19530415535
2509.204449 2.19469501972
2554.471213 2.19496557713
2558.093166 9999
2603.102728 2.19484447241
2648.402736 2.20026062727
2693.75427 2.20075399876
2739.04305 2.19720209837
2784.352995 2.19733051062
2787.943503 9999
2832.932526 2.19458553791
2836.459294 9999
2881.469663 2.19359915257
2926.711869 2.19723603725
2972.00347 2.1970172286
3017.35229 2.19841504097
3062.673377 2.19875416756
3107.994263 2.19864615202
3153.292442 2.19771120548
3198.544305 2.19437888861
3243.933562 2.20115061998
3289.176428 2.19387696981
3334.442985 2.19724874496
3379.590782 2.19285970926
3424.921066 2.19857583046
3470.237831 2.19740765095
3473.838859 9999
3477.196959 9999
3522.308107 2.20024423599
3567.579222 2.19797195196
3612.831017 2.19757628441
