8.588104 6.60337495804
17.001795 6.33541893959
25.098749 9999
34.11652 6.9262740612
42.760376 6.45991015434
51.475553 6.63493204117
59.999979 6.42213010788
68.759242 6.62509679794
76.815124 5.83973288536
85.91197 9999
93.84 5.83420586586
102.507742 6.56031489372
110.990973 6.26963090897
119.680328 6.59856295586
128.135266 6.36031699181
137.005829 6.75755500793
145.155851 5.94135904312
153.959652 6.70191502571
161.847608 5.80075287819
170.682873 6.71823000908
179.133689 6.22435188293
187.980012 6.74153900146
196.541687 6.44088888168
204.621265 9999.0
213.124244 6.30596613884
221.936984 6.71846389771
230.701617 6.67384696007
239.19746 6.39277005196
247.503669 6.16167211533
255.645774 6.02661514282
263.68199 5.90180897713
272.42014 6.6525759697
280.934477 6.25771999359
289.660632 6.63680887222
298.150812 6.38513803482
306.591818 6.33942198753
315.434793 6.61231684685
324.173955 6.63055896759
332.603632 6.28580904007
341.345756 6.64057016373
349.630249 9999
358.48803 6.76932287216
367.238334 6.62786388397
376.274752 9999.0
385.181809 6.6770401001
394.065796 6.76532888412
403.549577 7.37930202484
412.069811 6.4085111618
420.766087 6.46054005623
429.205785 6.36571907997
437.732707 6.421448946
446.767484 9999.0
455.869134 6.89801001549
464.741845 6.79032802582
473.512885 6.68109416962
482.29174 6.67839407921
490.880673 6.37768101692
499.69569 6.71924304962
508.320379 6.52902698517
516.879843 6.48234605789
525.39029 9999
533.532722 6.05774688721
541.635361 5.9825220108
549.652149 5.92865991592
558.172679 6.27692818642
566.562254 6.28685283661
575.298711 6.62275695801
584.330642 6.94359207153
592.911016 6.36145806313
601.459677 6.46950697899
609.854505 6.26747894287
618.546691 6.5884039402
627.570221 6.80937695503
635.994522 6.32326388359
644.425969 6.34034395218
653.157938 6.60570812225
662.18445 9999
670.956337 6.67341804504
679.746901 6.69871902466
687.883194 6.05118179321
696.216089 6.23777413368
704.579031 6.28894305229
713.031345 6.32597494125
721.407786 6.26124691963
729.49807 5.86642503738
737.639457 6.03556704521
746.192326 6.4375140667
754.62973 6.3435280323
762.698624 5.84107303619
771.479581 6.66594791412
779.808862 6.24196004868
788.618428 6.71558904648
797.525501 6.66647195816
806.629495 6.98450899124
815.428981 6.70468688011
824.304423 6.7553358078
833.162935 6.68677806854
841.513663 6.26651906967
850.164248 6.56038808823
858.597103 6.34363985062
867.564981 6.72420406342
876.294871 6.63434100151
884.980931 6.59570002556
893.546992 6.41570615768
902.514722 6.74246001244
910.914047 6.23578596115
919.255059 6.24940896034
928.023949 6.66306805611
936.547424 6.27815508842
945.172766 6.53489089012
953.963222 6.70520210266
962.539177 9999.0
970.958303 6.19748902321
979.376354 6.32330799103
988.086621 6.62064003944
996.47763 6.26849603653
1005.210075 9999
1013.970492 6.65070486069
1022.351394 6.24773716927
1031.129912 6.70111989975
1039.951567 6.62953209877
1048.456049 6.42201495171
1057.663673 7.10273003578
1066.480233 6.72749114037
1075.811865 7.08002519608
1084.190844 6.27225494385
1092.657348 6.36984086037
1101.153491 6.41381406784
1110.891777 9999
1119.883718 9999
1128.740363 6.71207404137
1137.141502 6.32123589516
1145.774323 6.40178894997
1154.796729 9999
1163.887279 7.00561904907
1172.582784 6.61135101318
1181.583028 6.73780918121
1190.130802 6.4359099865
1198.678803 6.42269897461
1207.116641 6.30718398094
1215.804986 9999
1224.180585 6.2849509716
1232.96339 6.75213599205
1241.018038 5.96351313591
1249.651704 6.41504311562
1258.642004 9999
1266.962441 6.23772907257
1275.75824 6.69392108917
1284.636899 6.65170502663
1293.388496 6.64486312866
1301.842709 6.36498594284
1310.842594 6.83598208427
1318.877724 5.81834292412
1326.930943 5.95442581177
1335.637829 6.62333106995
1343.521632 5.83793997765
1352.855548 7.10134291649
1360.964951 6.02087020874
1369.567724 6.50042796135
1378.785363 7.09501695633
1387.414461 6.41174721718
1396.282868 6.79063796997
1404.306802 5.90953183174
1412.83781 6.42035198212
1420.969874 5.90309214592
1430.293322 9999
1438.783325 6.38993096352
1447.555711 6.65168595314
1456.796273 7.00925898552
1465.149951 6.26238799095
1474.427366 9999
1482.931555 6.40114188194
1491.494648 6.31981611252
1500.231593 6.63124895096
1509.077555 6.73109507561
1517.583495 6.38407897949
1525.883506 6.03095698357
1534.340957 6.34699416161
1542.307038 5.84088492393
1550.888166 6.48731899261
1559.362255 6.24004721642
1567.79673 6.30760002136
1576.634569 6.72562885284
1585.310133 6.57599401474
1593.568346 6.00787210464
1602.350613 6.69061779976
1611.441039 6.98995399475
1619.475187 5.92038202286
1628.418154 6.70165801048
1636.354346 5.83824801445
1644.69987 6.24850201607
1653.207582 6.38255190849
1662.157672 6.68568396568
1670.520283 6.26424002647
1678.833551 6.21785306931
1688.004558 7.03777003288
1697.23821 6.99978303909
1705.314898 5.95782804489
1713.984754 6.55779790878
1722.74488 6.66505694389
1731.629578 6.66785812378
1740.891365 7.17034101486
1749.203267 6.21936011314
1757.875919 6.58883190155
1766.447871 6.33212399483
1774.906309 6.32699990273
1782.815366 5.79709196091
1790.851646 5.94495081902
1799.80402 6.68618702888
1808.535444 6.62723708153
1816.887148 6.23833489418
1825.258364 6.28247094154
1833.731759 6.25378394127
1842.313491 6.46098279953
1851.361613 6.94306993484
1859.733646 6.2921359539
1868.234118 6.28368186951
1876.582101 6.25482606888
1884.937884 6.25524401665
1892.861721 5.82632899284
1900.979557 5.89706397057
1909.717132 6.63256907463
1918.153799 6.33149409294
1926.614937 6.34909200668
1935.801051 6.96090483665
1944.306561 6.40483188629
1952.657616 6.23878216743
1961.490433 6.70673584938
1969.678769 5.94288396835
1978.487966 6.71487498283
1986.822547 6.21142983437
1995.721598 6.79639911652
2004.188617 6.22444796562
2012.550457 6.25505495071
2021.344503 6.64856600761
2029.82177 6.35386514664
2038.70174 6.6653239727
2047.09163 6.28615093231
2055.006342 5.80332183838
2063.902637 9999.0
2072.840974 6.65710687637
2081.406218 6.46606612206
2089.781215 6.28710198402
2098.510767 6.640198946
2107.083912 6.32385206223
2115.5343 6.34461092949
2123.980953 6.3824660778
2132.429999 9999.0
2141.549606 6.8923060894
2149.686464 6.03228902817
2157.6855 5.89869403839
2165.990428 6.20338392258
2174.925445 6.66176390648
2183.333744 6.32055401802
2192.072797 6.63492703438
2200.813384 6.63308095932
2209.833914 6.77582788467
2218.365767 6.42945694923
2227.198454 6.72991514206
2235.642241 6.35422897339
2243.901218 6.02297496796
2252.245013 6.26799702644
2260.921017 6.56619715691
2269.392723 6.37098312378
2277.990518 6.37640881538
2286.535015 6.43909716606
2295.375466 6.73961091042
2304.064714 6.60452103615
2313.029835 6.72574281693
2321.787565 6.65802693367
2330.149502 6.25878810883
2338.579935 6.33273696899
2347.06789 6.23915100098
2355.514909 6.33307504654
2364.027415 6.35259604454
2372.470959 6.32667613029
2381.319946 6.61803507805
2390.114891 6.65114498138
2398.967913 6.72710490227
2407.469702 6.37685108185
2416.676245 9999
2425.569098 6.80709195137
2433.735502 9999
2442.650518 6.79948806763
2451.045438 6.22847604752
2459.50797 6.3802511692
2468.042951 6.42075490952
2476.111693 5.93870902061
2485.086352 6.72372198105
2493.698009 6.50815415382
2502.616861 9999
2511.406318 6.69128298759
2519.592819 5.96347880363
2528.138404 6.42771100998
2536.934878 6.66362404823
2545.714782 6.68766093254
2554.661329 6.72126507759
2563.84592 7.08574295044
2572.408014 9999
2580.952707 6.46574807167
2589.050397 5.84492111206
2597.4956 6.33086395264
2606.297517 6.69564914703
2614.792589 6.36475110054
2623.678592 6.64020705223
2633.062289 9999
2641.643833 6.49081420898
2650.004693 6.26532006264
2658.132727 5.90193200111
2666.924061 6.68480706215
2675.424164 6.35598492622
2684.162343 6.60343909264
2692.785807 6.37972593307
2701.953786 7.04712414742
2711.044697 9999
2719.326221 9999.0
2728.187817 6.58116483688
2736.545487 6.2365219593
2744.978831 6.3273229599
2754.738054 9999.0
2763.379554 6.38467001915
2772.147035 6.65204501152
2780.655239 6.39109301567
2789.406615 6.6524939537
2798.035299 6.36204099655
2807.140361 9999
2815.244164 6.02851009369
2823.968318 6.62152910233
2832.830395 6.62395095825
2841.563725 6.6293618679
2850.379567 6.72519111633
2858.719982 6.23942780495
2867.584146 6.63740897179
2876.619958 9999
2884.957785 6.25681114197
2893.500115 6.45293092728
2902.159092 6.45285606384
2910.518699 6.26984095573
2918.536786 5.91615509987
2927.225001 6.55903792381
2935.354975 5.89109897614
2944.400702 9999
2953.526816 9999
2961.974476 6.33588695526
2970.899107 6.72988677025
2979.396943 6.38179993629
2987.768852 6.25272917747
2996.602619 6.73901295662
3005.290572 6.40944099426
3014.232917 9999
3022.625952 6.29095196724
3031.01571 6.25365304947
3039.59962 6.34607696533
3048.758531 7.03937101364
3057.25755 6.39462184906
3065.225491 5.84773588181
3073.959854 6.4975399971
3082.717914 6.64104318619
3091.256754 6.41049790382
3099.653162 6.2941300869
3107.726065 5.83118200302
3116.237755 6.37654399872
3124.999827 6.65609002113
3133.465298 6.33701920509
3142.039341 6.29708981514
3150.789371 6.64517998695
3159.565767 6.65236401558
3167.941042 6.27210497856
3176.742735 9999
3185.600645 6.75027704239
3193.95827 6.32780909538
3202.269197 6.23018980026
3211.544454 7.01185083389
3219.686755 9999
3228.049231 6.21960687637
3236.423548 6.28862905502
3245.762389 9999
3254.385691 6.52280092239
3263.031929 6.51071000099
3271.458051 6.3335108757
3280.105162 9999
3288.254145 6.04076600075
3297.178686 9999
3305.951423 6.67351794243
3314.345046 6.19221711159
3323.588448 9999
3332.578411 6.89940690994
3341.378346 6.67487812042
3349.822757 6.23652005196
3358.504192 6.5773639679
3367.561894 6.94004106522
3376.043862 6.3754529953
3384.180447 5.89863920212
3392.656487 6.35330700874
3401.021845 6.27396607399
3409.566148 6.41927599907
3417.816708 9999
3425.831152 5.92056488991
3434.310254 6.35016489029
3442.724774 6.3116080761
3451.591908 6.62923598289
3460.061561 6.37201809883
3468.086179 5.91355204582
3476.650754 6.41201496124
3485.112817 6.21570110321
3493.598744 6.3954000473
3502.570569 9999
3511.526753 9999.0
3520.45994 6.67850422859
3529.459142 9999
3537.811214 6.24231600761
3546.556355 6.63069105148
3555.470133 6.66324210167
3563.981042 6.3640639782
3572.950574 6.84215784073
3580.879586 5.82060909271
3589.098717 5.96407914162
3597.041512 5.8445930481
3605.505614 6.32628798485
