1.967829 0.0782389640808
3.809846 0.0770089626312
5.649244 0.0791158676147
7.501564 0.0812478065491
9.33842 0.0808169841766
11.196813 0.0791640281677
13.041026 0.0755369663239
14.853642 0.0702180862427
16.66738 0.0781648159027
18.467659 0.069864988327
20.293216 0.071995973587
22.127552 0.0786871910095
23.974435 0.0794970989227
25.811986 0.0789082050323
27.649861 0.0799729824066
29.469219 0.0730931758881
31.31967 0.0716421604156
33.281068 0.0767748355865
35.150416 0.0814459323883
36.991684 0.0745289325714
38.865668 0.0897870063782
40.704997 0.079619884491
42.550778 0.0798811912537
44.376567 0.0682489871979
46.249555 0.0760900974274
48.12167 0.0826079845428
49.96907 0.0780799388885
51.782265 0.0728561878204
53.640386 0.0786261558533
55.475142 0.0725178718567
57.34028 0.0754098892212
59.193246 0.0803849697113
61.045521 0.0786511898041
62.896957 0.0838539600372
64.893978 0.0806000232697
66.741371 0.0783829689026
68.583483 0.0827608108521
70.428432 0.0749430656433
72.267838 0.0849151611328
74.123558 0.077987909317
75.96152 0.0734400749207
77.811433 0.0826029777527
79.672969 0.0859670639038
81.517475 0.0790131092072
83.386022 0.0766949653625
85.209097 0.075355052948
87.111503 0.0777139663696
88.935279 0.0823359489441
90.761942 0.0854070186615
92.637761 0.0787918567657
94.483612 0.0725810527802
96.503179 0.0783758163452
98.363179 0.0759518146515
100.233795 0.0765509605408
102.052239 0.074798822403
103.896683 0.0749440193176
105.744072 0.0811400413513
107.602903 0.076993227005
109.461796 0.0780749320984
111.292751 0.0833461284637
113.14535 0.0736539363861
114.946445 0.0771570205688
116.784941 0.082367181778
118.624981 0.0827729701996
120.47197 0.071546792984
122.325774 0.0782351493835
124.170413 0.0759189128876
126.009942 0.0799679756165
128.002242 0.0774900913239
129.85137 0.0784368515015
131.637712 0.0782370567322
133.494565 0.0830118656158
135.32837 0.0735650062561
137.167165 0.0763940811157
138.985304 0.0779669284821
140.800173 0.0724270343781
142.649039 0.0848269462585
144.476906 0.0654611587524
146.31635 0.0691840648651
148.118128 0.0733108520508
149.989834 0.081738948822
151.833595 0.0782659053802
153.676347 0.0736708641052
155.5199 0.0748009681702
157.386934 0.0841338634491
159.457045 0.071809053421
161.294034 0.0745410919189
163.11724 0.077586889267
164.980027 0.0803101062775
166.839615 0.0831229686737
168.684767 0.0800700187683
170.521544 0.0810480117798
172.359895 0.0848369598389
174.180649 0.082515001297
176.009884 0.0841159820557
177.846475 0.0734629631042
179.676709 0.0798950195312
181.512722 0.0791018009186
183.338284 0.0789451599121
185.169734 0.0772049427032
186.985437 0.0807681083679
188.770194 0.0767290592194
190.780814 0.0807299613953
192.623359 0.0784208774567
194.493645 0.0794880390167
196.317302 0.0769221782684
198.134138 0.0714437961578
199.969004 0.0772919654846
201.816604 0.0805430412292
203.650834 0.0779981613159
205.498635 0.0752630233765
207.323701 0.0828280448914
209.176831 0.0838859081268
211.040724 0.076404094696
212.855378 0.0780968666077
214.708859 0.0767970085144
216.52924 0.0813820362091
218.357744 0.0828030109406
220.234834 0.0776398181915
222.207959 0.0737249851227
224.045253 0.0739920139313
225.901319 0.0803198814392
227.757855 0.0778820514679
229.590476 0.0729279518127
231.434306 0.0798189640045
233.269106 0.0794920921326
235.114889 0.0762560367584
236.961853 0.0746500492096
238.804953 0.0739958286285
240.633853 0.0760490894318
242.460821 0.0784928798676
244.293574 0.0797469615936
246.166958 0.0775039196014
248.006158 0.0782611370087
249.897028 0.07972407341
251.733095 0.078852891922
253.737109 0.0766890048981
255.559795 0.0742177963257
257.420518 0.076180934906
259.269236 0.0763039588928
261.117971 0.0825960636139
262.974179 0.0833129882812
264.841863 0.0934088230133
266.678202 0.0800940990448
268.570862 0.079442024231
270.433608 0.0822370052338
272.269893 0.0808429718018
274.108234 0.0842840671539
275.961168 0.0783200263977
277.798931 0.0815801620483
279.624964 0.0815629959106
281.474722 0.0853171348572
283.321999 0.0728418827057
285.400832 0.0851919651031
287.25661 0.0705211162567
289.073998 0.0837199687958
290.939258 0.0780599117279
292.803306 0.0735621452332
294.676144 0.0849878787994
296.511987 0.0811331272125
298.409179 0.0840580463409
300.285866 0.0772521495819
302.137057 0.0767579078674
303.998411 0.0795328617096
305.876752 0.0765419006348
307.728787 0.0801870822906
309.578583 0.0820660591125
311.421891 0.0755040645599
313.272043 0.0787770748138
315.161204 0.0811669826508
317.25691 0.0791900157928
319.108396 0.0839040279388
320.943186 0.0809421539307
322.804804 0.0762150287628
324.64712 0.080794095993
326.521137 0.0820169448853
328.414868 0.0745370388031
330.24398 0.0728409290314
332.098071 0.07990193367
333.938181 0.0744240283966
335.794546 0.0788609981537
337.619553 0.0730311870575
339.47954 0.0815558433533
341.310421 0.0846600532532
343.174248 0.0763628482819
345.028286 0.0837352275848
346.88664 0.075630903244
348.914178 0.0782821178436
350.736382 0.077892780304
352.579429 0.0759680271149
354.421507 0.0770270824432
356.291976 0.0782968997955
358.142696 0.0795469284058
359.987654 0.0753428936005
361.822147 0.0754880905151
363.636618 0.078134059906
365.48448 0.0743129253387
367.330257 0.0800280570984
369.159635 0.0831360816956
370.994874 0.081857919693
372.816823 0.080589056015
374.6543 0.0816271305084
376.487549 0.0778810977936
378.313831 0.0796811580658
380.321305 0.0847859382629
382.181426 0.0852718353271
384.028741 0.0840771198273
385.849793 0.0792279243469
387.717237 0.0800681114197
389.565427 0.0774240493774
391.439459 0.0791478157043
393.239771 0.0736720561981
395.078617 0.0719041824341
396.915946 0.0833928585052
398.756991 0.0776660442352
400.728572 0.0807230472565
402.606829 0.0738968849182
404.454096 0.0729761123657
406.300352 0.0830800533295
408.174542 0.0845608711243
410.032096 0.0822410583496
412.04592 0.081925868988
413.929477 0.0801351070404
415.829966 0.076103925705
417.669908 0.0775489807129
419.523305 0.0828959941864
421.355703 0.0798690319061
423.191024 0.0765659809113
425.02689 0.0797550678253
426.880946 0.083829164505
428.738498 0.0786898136139
430.593414 0.075758934021
432.43719 0.0839540958405
434.279174 0.0764720439911
436.114547 0.079638004303
437.977183 0.0711071491241
439.861086 0.0754129886627
441.709055 0.0806739330292
443.731348 0.0756402015686
445.574254 0.0820128917694
447.412993 0.0854170322418
449.233811 0.0807950496674
451.141052 0.083123922348
452.966908 0.0711479187012
454.80279 0.0865230560303
456.614433 0.082633972168
458.446165 0.0757699012756
460.26854 0.0760259628296
462.124283 0.0837481021881
463.95167 0.0765378475189
465.803989 0.0810220241547
467.689047 0.0754132270813
469.5237 0.0784730911255
471.374085 0.0832040309906
473.218059 0.076956987381
475.310503 0.0748100280762
477.181988 0.0811650753021
479.013279 0.0764420032501
480.860515 0.0777769088745
482.697241 0.0718548297882
484.555372 0.0772519111633
486.434386 0.0816369056702
488.267862 0.0734329223633
490.139449 0.0764398574829
491.985378 0.0771880149841
493.810881 0.0759329795837
495.633589 0.06778216362
497.473787 0.078675031662
499.322198 0.0823760032654
501.189278 0.0782940387726
503.024398 0.0774109363556
504.840822 0.0760991573334
506.894873 0.0689778327942
508.715754 0.0690429210663
510.555238 0.0720329284668
512.366012 0.0739769935608
514.196303 0.0881299972534
516.172593 0.0752260684967
518.016035 0.0756969451904
519.852077 0.0811829566956
521.697134 0.0773329734802
523.532287 0.0755879878998
525.357274 0.0753269195557
527.205624 0.0774412155151
529.053802 0.0773479938507
530.960289 0.0764260292053
532.802497 0.0819160938263
534.669472 0.072564125061
536.508905 0.0754361152649
538.543311 0.07768201828
540.396378 0.0712461471558
542.216246 0.0754811763763
544.069502 0.0902860164642
545.902375 0.0667309761047
547.749544 0.076544046402
549.577415 0.0819959640503
551.422917 0.0784449577332
553.25833 0.0768430233002
555.110247 0.0756750106812
556.975471 0.0766367912292
558.829658 0.0800809860229
560.665439 0.0785119533539
562.49959 0.0775208473206
564.328205 0.0819628238678
566.165738 0.0821712017059
568.017791 0.0745139122009
570.029213 0.0747451782227
571.845726 0.0781080722809
573.692011 0.0757598876953
575.5725 0.0819358825684
577.392161 0.0758090019226
579.254866 0.0828070640564
581.170362 0.0792219638824
583.010919 0.0799429416656
584.868609 0.081533908844
586.713062 0.0758891105652
588.538206 0.0758030414581
590.400173 0.0788371562958
592.285381 0.0824160575867
594.168635 0.0781590938568
596.061317 0.087975025177
597.905237 0.0853688716888
599.759375 0.0774941444397
601.81004 0.0740509033203
603.649457 0.079304933548
605.480172 0.0804901123047
607.307299 0.0748989582062
609.167485 0.0751149654388
611.021445 0.0745809078217
612.855194 0.0824408531189
614.695935 0.0778741836548
616.554741 0.0763969421387
618.382487 0.0752499103546
620.209372 0.0719170570374
622.018641 0.0750460624695
623.846324 0.0732650756836
625.699979 0.0755879878998
627.584513 0.0766758918762
629.421792 0.0772089958191
631.263118 0.0721619129181
633.45222 0.0745770931244
635.282571 0.0850219726562
637.123428 0.0752499103546
638.971807 0.074273109436
640.862215 0.0792059898376
642.732396 0.0792570114136
644.580691 0.0715501308441
646.501709 0.0842590332031
648.376739 0.083545923233
650.225207 0.0842490196228
652.081396 0.0919899940491
653.930721 0.0778529644012
655.766299 0.0761330127716
657.590035 0.0811710357666
659.422609 0.0774841308594
661.258774 0.0769429206848
663.104002 0.0836751461029
665.13725 0.0694169998169
667.018994 0.0806059837341
668.877331 0.075010061264
670.725405 0.076385974884
672.585769 0.0768830776215
674.452467 0.0860130786896
676.302858 0.0865228176117
678.140063 0.0754599571228
679.913821 0.0751130580902
681.726962 0.0761070251465
683.555282 0.0783660411835
685.392967 0.0721309185028
687.246366 0.0755300521851
689.086573 0.0811731815338
690.920931 0.0777280330658
692.795767 0.0768790245056
694.641904 0.0775249004364
696.728068 0.076061964035
698.541162 0.0756821632385
700.385745 0.0857088565826
702.244562 0.0824139118195
704.073088 0.0760388374329
705.901498 0.0835988521576
707.733493 0.0750620365143
709.579417 0.07541680336
711.408013 0.080591917038
713.254663 0.0805659294128
715.095375 0.0847518444061
716.916391 0.0771911144257
718.730034 0.0821080207825
720.574782 0.0751411914825
722.434186 0.070641040802
724.233987 0.0758099555969
726.073347 0.0794961452484
728.135896 0.074285030365
729.960584 0.0804541110992
732.118719 0.0691969394684
733.949667 0.0781970024109
735.768678 0.0836701393127
737.619545 0.0811169147491
739.478265 0.0803999900818
741.318861 0.0734920501709
743.172998 0.0743091106415
745.006834 0.079448223114
746.91522 0.0721840858459
748.793893 0.0985679626465
750.632058 0.0751910209656
752.484405 0.0779051780701
754.38825 0.0756828784943
756.260172 0.0758278369904
758.321097 0.0828738212585
760.16344 0.0792701244354
762.309951 0.0690529346466
764.15414 0.0843977928162
766.009382 0.080050945282
767.855174 0.0761539936066
769.666887 0.0727231502533
771.505771 0.0777740478516
773.364653 0.0707378387451
775.22497 0.0819709300995
777.074504 0.083062171936
778.947588 0.0802788734436
780.763869 0.0758459568024
782.626822 0.0660400390625
784.488589 0.0783228874207
786.337654 0.0784139633179
788.187564 0.0787150859833
790.233334 0.0765700340271
792.141181 0.086198091507
794.02413 0.0753219127655
795.875251 0.0701520442963
797.705683 0.0734379291534
799.556937 0.0764880180359
801.398647 0.0751140117645
803.292167 0.0816938877106
805.164606 0.0827651023865
807.070906 0.0767588615417
808.940329 0.0763330459595
810.793845 0.0800189971924
812.640947 0.0702660083771
814.486442 0.0771749019623
816.34447 0.0752508640289
818.170547 0.078253030777
820.017893 0.0748970508575
822.10902 0.0728678703308
823.96502 0.0647368431091
825.81137 0.0780971050262
827.687472 0.0757908821106
829.550708 0.0822539329529
831.396567 0.0840590000153
833.270162 0.0829038619995
835.154517 0.0832870006561
837.050496 0.0836229324341
838.936356 0.0728068351746
840.823618 0.0772290229797
842.678309 0.0813930034637
844.535393 0.0788428783417
846.415113 0.0748860836029
848.246009 0.0719430446625
850.079851 0.0720210075378
851.904802 0.0731320381165
854.090768 0.0819170475006
855.969493 0.0773141384125
857.808371 0.0709722042084
859.681296 0.0810787677765
861.549021 0.0774879455566
863.422878 0.0794558525085
865.291121 0.0751531124115
867.129214 0.0776610374451
868.982795 0.0841948986053
870.839631 0.0763170719147
872.686976 0.0791230201721
874.548489 0.0805149078369
876.42166 0.0803639888763
878.258031 0.0715100765228
880.122754 0.0759818553925
881.963893 0.0712401866913
883.838794 0.083172082901
885.893207 0.0841548442841
887.731462 0.0723218917847
889.544106 0.0738010406494
891.37505 0.0756869316101
893.234379 0.0818808078766
895.058408 0.0826978683472
896.881728 0.0722630023956
898.717134 0.0714509487152
900.576098 0.0769340991974
902.420401 0.0730669498444
904.233658 0.0742688179016
906.080969 0.078752040863
907.976937 0.0905039310455
909.805695 0.0793480873108
911.645887 0.074728012085
913.493387 0.086718082428
915.335324 0.0785109996796
917.413663 0.0827391147614
919.302469 0.0863029956818
921.143013 0.0744049549103
922.978003 0.0687730312347
924.847975 0.0730819702148
926.700362 0.0695779323578
928.530844 0.0741879940033
930.393402 0.077868938446
932.235977 0.0787320137024
934.106482 0.0826640129089
935.976577 0.0701651573181
937.942047 0.0699548721313
939.777113 0.0752599239349
941.624811 0.0764489173889
943.474734 0.0717029571533
945.307771 0.075991153717
947.170657 0.0770931243896
949.237384 0.0811219215393
951.073541 0.0753970146179
953.075495 0.0716500282288
954.923381 0.0777819156647
956.781396 0.0773169994354
958.646218 0.0820498466492
960.484797 0.0759260654449
962.352151 0.0840930938721
964.1988 0.0759930610657
966.058664 0.0803360939026
967.921624 0.0824768543243
969.768234 0.068027973175
971.619951 0.0833470821381
973.467469 0.0761849880219
975.349446 0.0770370960236
977.207452 0.0707111358643
979.07942 0.07395195961
981.177566 0.0759918689728
983.005638 0.0716822147369
984.870674 0.0759229660034
986.708532 0.0788898468018
988.562842 0.081925868988
990.421701 0.0829541683197
992.277817 0.0774230957031
994.110775 0.0755360126495
995.965737 0.0907108783722
997.802322 0.0789721012115
999.643667 0.0756950378418
1001.498052 0.0827779769897
1003.376873 0.0768909454346
1005.235635 0.0765089988708
1007.084298 0.0764548778534
1008.927383 0.0823328495026
1010.80449 0.0844850540161
1012.856449 0.0714719295502
1014.708914 0.0796320438385
1016.55246 0.0763170719147
1018.464795 0.0792980194092
1020.301839 0.0808598995209
1022.138496 0.0704839229584
1023.999132 0.0813031196594
1025.870698 0.0806980133057
1027.736237 0.0794451236725
1029.589261 0.0736639499664
1031.436438 0.0742800235748
1033.261043 0.0771288871765
1035.109327 0.0816831588745
1036.957603 0.0824601650238
1038.831802 0.0818622112274
1040.682252 0.0739409923553
1042.54766 0.0784471035004
1044.598413 0.0723359584808
1046.457046 0.0763530731201
1048.298935 0.0827538967133
1050.132494 0.0763928890228
1051.977531 0.0740170478821
1053.862241 0.0748760700226
1055.686062 0.0779070854187
1057.547561 0.0780489444733
1059.416062 0.0723400115967
1061.282063 0.0821058750153
1063.204933 0.0829288959503
1065.058199 0.0773279666901
1066.919377 0.0810408592224
1068.770402 0.0754079818726
1070.606182 0.0731909275055
1072.452125 0.070778131485
1074.31523 0.0812799930573
1076.422807 0.081209897995
1078.260131 0.0773651599884
1080.092029 0.0750169754028
1081.936699 0.0774610042572
1083.803385 0.078027009964
1085.664497 0.0719871520996
1087.526665 0.0800969600677
1089.380275 0.0771141052246
1091.268748 0.0738859176636
1093.120742 0.0773189067841
1094.98214 0.0769319534302
1096.854833 0.0752930641174
1098.716577 0.0833718776703
1100.557041 0.0821361541748
1102.423369 0.0750138759613
1104.279885 0.0819849967957
1106.138151 0.0730400085449
1108.252463 0.0806741714478
1110.098583 0.0688321590424
1111.967524 0.077691078186
1113.825664 0.0768530368805
1115.706706 0.0754849910736
1117.580299 0.0757191181183
1119.442205 0.079794883728
1121.305041 0.0823788642883
1123.149506 0.0761179924011
1125.002868 0.0800421237946
1126.894452 0.0798299312592
1128.950546 0.0828530788422
1130.817345 0.076858997345
1132.675783 0.0749690532684
1134.530795 0.0710530281067
1136.381559 0.0751252174377
1138.4864 0.0726099014282
1140.298295 0.0787968635559
1142.133374 0.0772080421448
1144.003583 0.0754840373993
1145.878182 0.0840067863464
1147.749076 0.0719218254089
1149.590212 0.0763010978699
1151.455783 0.0758988857269
1153.346035 0.0826799869537
1155.16664 0.0779700279236
1157.031025 0.0832190513611
1159.065994 0.0814099311829
1160.935285 0.0795488357544
1162.781675 0.0736281871796
1164.623089 0.0775380134583
1166.458763 0.0831818580627
1168.31344 0.0726568698883
1170.405002 0.0752160549164
1172.251836 0.0763261318207
1174.123048 0.0749020576477
1175.956462 0.0844690799713
1177.811935 0.0716049671173
1179.656832 0.0749020576477
1181.505367 0.0760879516602
1183.359304 0.0820889472961
1185.236722 0.0756747722626
1187.114652 0.0825288295746
1188.957812 0.0744428634644
1190.821364 0.0814940929413
1192.690561 0.0706610679626
1194.539596 0.0790967941284
1196.379635 0.082948923111
1198.215941 0.0714719295502
1200.069961 0.077926158905
1202.098438 0.0786402225494
1203.975187 0.0807619094849
1205.849666 0.0782389640808
1207.685624 0.0733840465546
1209.550057 0.0771720409393
1211.399401 0.0803980827332
1213.256373 0.0754790306091
1215.090074 0.0733070373535
1216.944276 0.0788309574127
1218.780869 0.0719790458679
1220.664848 0.078987121582
1222.48899 0.078339099884
1224.346027 0.0733821392059
1226.203663 0.074718952179
1228.045715 0.0756847858429
1229.870977 0.0831439495087
1231.740304 0.0815589427948
1233.861987 0.0779061317444
1235.738248 0.0809099674225
1237.604051 0.0773868560791
1239.432883 0.07683801651
1241.313778 0.0774068832397
1243.184329 0.0749549865723
1245.026646 0.0717208385468
1246.882484 0.0778470039368
1248.751212 0.0744171142578
1250.597612 0.0850210189819
1252.440102 0.0704507827759
1254.316244 0.0810151100159
1256.192471 0.0779838562012
1258.060047 0.0773479938507
1259.90186 0.0772688388824
1261.761386 0.0803937911987
1263.62395 0.0806419849396
1265.75022 0.0810399055481
1267.623749 0.0829710960388
1269.453177 0.0789170265198
1271.314714 0.069463968277
1273.154049 0.0773451328278
1274.99728 0.0763819217682
1276.832861 0.0759479999542
1278.66167 0.072093963623
1280.490776 0.0756158828735
1282.388913 0.0775871276855
1284.239377 0.0787670612335
1286.098056 0.0781309604645
1287.978315 0.0743820667267
1289.844356 0.0800740718842
1291.684187 0.0769438743591
1293.537074 0.0762128829956
1295.374736 0.0770969390869
1297.486465 0.0764510631561
1299.322356 0.0747129917145
1301.139171 0.0825500488281
1302.990189 0.0849878787994
1304.826388 0.0748581886292
1306.680413 0.0803949832916
1308.551686 0.078733921051
1310.363236 0.0795650482178
1312.224949 0.0746338367462
1314.093961 0.0761790275574
1315.978866 0.0782191753387
1317.8538 0.0807299613953
1319.71064 0.0747261047363
1321.582537 0.0782811641693
1323.446764 0.0836458206177
1325.291087 0.0760560035706
1327.142024 0.0846598148346
1329.174902 0.0745408535004
1330.992503 0.0722079277039
1332.837726 0.0776269435883
1334.677863 0.0823078155518
1336.534219 0.0781230926514
1338.405756 0.0770070552826
1340.229328 0.0776128768921
1342.082903 0.0806510448456
1343.913004 0.068675994873
1345.763157 0.0756320953369
1347.603352 0.0829331874847
1349.469361 0.0739190578461
1351.336003 0.0822470188141
1353.162176 0.0753800868988
1355.002724 0.0703721046448
1356.814323 0.0805289745331
1358.701089 0.080620765686
1360.834913 0.0774350166321
1362.67298 0.0717630386353
1364.532277 0.0831410884857
1366.392306 0.0786170959473
1368.241115 0.0713789463043
1370.137479 0.0779650211334
1372.015791 0.0730350017548
1373.889747 0.0675978660583
1375.71688 0.080619096756
1377.545036 0.0729248523712
1379.41417 0.0812590122223
1381.277113 0.0841500759125
1383.111078 0.0823609828949
1385.014806 0.0897860527039
1386.866165 0.0798690319061
1388.737017 0.080463886261
1390.606848 0.0700180530548
1392.71069 0.0762760639191
1394.732917 0.0760459899902
1396.571786 0.0794830322266
1398.395085 0.077800989151
1400.265723 0.0763211250305
1402.139 0.0762770175934
1403.996914 0.086245059967
1405.886384 0.0800189971924
1407.745005 0.0787410736084
1409.642115 0.0731527805328
1411.50276 0.0794098377228
1413.361104 0.0759840011597
1415.208483 0.0817489624023
1417.068374 0.0694119930267
1418.875425 0.07608294487
1420.685272 0.077712059021
1422.539302 0.0739190578461
1424.666396 0.0765309333801
1426.49787 0.0754539966583
1428.346847 0.0767548084259
1430.304392 0.0785050392151
1432.127465 0.0695090293884
1433.93579 0.0755870342255
1435.767594 0.0825319290161
1437.631047 0.0774998664856
1439.508502 0.0700740814209
1441.367005 0.0727670192719
1443.216419 0.0812659263611
1445.058406 0.0875840187073
1446.893016 0.0716061592102
1448.746354 0.0751390457153
1450.609748 0.0798180103302
1452.446894 0.0723049640656
1454.29404 0.0798780918121
1456.404858 0.0814869403839
1458.263117 0.0782189369202
1460.149607 0.0701370239258
1461.976372 0.0824649333954
1463.837372 0.0754158496857
1465.704432 0.0816538333893
1467.562609 0.0797140598297
1469.389842 0.0697591304779
1471.245843 0.0767560005188
1473.091752 0.0857300758362
1474.907876 0.0687689781189
1476.780628 0.0683081150055
1478.62883 0.0686421394348
1480.453924 0.0818889141083
1482.304377 0.0812561511993
1484.157662 0.0725069046021
1486.012457 0.0847299098969
1488.123389 0.0830941200256
1489.978148 0.0786731243134
1491.822752 0.0741219520569
1493.674836 0.0783870220184
1495.49019 0.0834019184113
1497.351216 0.0740520954132
1499.192907 0.0749409198761
1501.031477 0.0783388614655
1502.890656 0.0790998935699
1504.71677 0.0775969028473
1506.561549 0.0799918174744
1508.426125 0.0813338756561
1510.330369 0.0683648586273
1512.203285 0.0774359703064
1514.060637 0.0685260295868
1515.9096 0.0695049762726
1517.714562 0.0702619552612
1519.763004 0.0700531005859
1521.608528 0.0772151947021
1523.473203 0.0798571109772
1525.341644 0.07231092453
1527.167444 0.0786311626434
1529.0471 0.0776250362396
1530.887161 0.0760469436646
1532.749265 0.0772058963776
1534.600527 0.0836229324341
1536.468565 0.0795669555664
1538.33795 0.0771908760071
1540.199508 0.0817370414734
1542.045809 0.0788660049438
1543.90316 0.0756258964539
1545.769031 0.0796802043915
1547.650178 0.0678279399872
1549.513744 0.0810430049896
1551.594114 0.073212146759
1553.455658 0.0791301727295
1555.278691 0.074893951416
1557.122155 0.0812718868256
1558.975786 0.0767259597778
1560.855998 0.0823619365692
1562.734628 0.0771980285645
1564.600411 0.0830659866333
1566.479342 0.0757849216461
1568.316458 0.0681979656219
1570.224414 0.0807919502258
1572.0919 0.0837299823761
1573.958007 0.0792419910431
1575.791766 0.078980922699
1577.640903 0.0805559158325
1579.520184 0.0734648704529
1581.421098 0.080491065979
1583.542589 0.0762240886688
1585.403072 0.0899269580841
1587.236228 0.0699660778046
1589.06428 0.0784540176392
1590.926016 0.0808200836182
1592.793572 0.0764720439911
1594.635765 0.0791928768158
1596.486299 0.0751559734344
1598.358234 0.0751688480377
1600.203403 0.082722902298
1602.058545 0.0808618068695
1603.933859 0.0810408592224
1605.775978 0.0778799057007
1607.618592 0.0827250480652
1609.465477 0.0812478065491
1611.313515 0.0788521766663
1613.160083 0.0720109939575
1615.225793 0.0830109119415
1617.066502 0.0751049518585
1618.906871 0.0783770084381
1620.792897 0.080815076828
1622.628886 0.0772309303284
1624.463327 0.0680251121521
1626.29806 0.0756020545959
1628.135454 0.078971862793
1629.970532 0.0809428691864
1631.805948 0.0774171352386
1633.658274 0.0820410251617
1635.657392 0.0741169452667
1637.482916 0.0658638477325
1639.313596 0.0737910270691
1641.165661 0.0758438110352
1643.016214 0.0800120830536
1644.871063 0.0743670463562
1646.967963 0.0813767910004
1648.825097 0.0817351341248
1650.884915 0.0753982067108
1652.74819 0.0763921737671
1654.549377 0.0793759822845
1656.396885 0.0800879001617
1658.232057 0.0710921287537
1660.090539 0.0809400081635
1661.915083 0.0728440284729
1663.738837 0.080687046051
1665.621171 0.0730628967285
1667.459057 0.0791168212891
1669.320873 0.0812129974365
1671.16729 0.0810101032257
1673.015798 0.0770370960236
1674.873566 0.0698850154877
1676.701449 0.0805380344391
1678.824519 0.0801610946655
1680.731592 0.0705230236053
1682.595992 0.0842971801758
1684.461545 0.0741398334503
1686.30305 0.0764541625977
1688.159621 0.0792469978333
1690.009462 0.0730020999908
1691.867406 0.0791711807251
1693.71481 0.0806300640106
1695.548212 0.0752151012421
1697.351534 0.0765569210052
1699.172139 0.0750570297241
1701.001231 0.0730891227722
1702.857231 0.0772008895874
1704.723612 0.0824840068817
1706.541526 0.0683341026306
1708.353715 0.0759968757629
1710.44302 0.0758299827576
1712.289174 0.0776450634003
1714.136928 0.0701448917389
1716.020018 0.0928211212158
1717.861211 0.0784258842468
1719.718982 0.0809118747711
1721.598768 0.0764200687408
1723.441356 0.0773301124573
1725.296877 0.0759420394897
1727.14668 0.0758202075958
1729.005346 0.0749509334564
1731.091773 0.075404882431
1732.950297 0.0738837718964
1734.757693 0.0810420513153
1736.618822 0.0842578411102
1738.51081 0.0759418010712
1740.372828 0.0760321617126
1742.457138 0.0776500701904
1744.331091 0.0785429477692
1746.252862 0.0782749652863
1748.133945 0.0804531574249
1749.95727 0.0675971508026
1751.816939 0.0760629177094
1753.684735 0.0836551189423
1755.541676 0.0825181007385
1757.390059 0.0811679363251
1759.256497 0.0735509395599
1761.118842 0.0791251659393
1762.978619 0.0828011035919
1764.809363 0.0760729312897
1766.654785 0.0815758705139
1768.55685 0.0768010616302
1770.428502 0.0775890350342
1772.281215 0.0783488750458
1774.428191 0.0779039859772
1776.289571 0.0793161392212
1778.13722 0.0817909240723
1780.016408 0.0780239105225
1781.873871 0.0629241466522
1783.73162 0.0840799808502
1785.570948 0.0747799873352
1787.421116 0.0771079063416
1789.256516 0.0731961727142
1791.141124 0.0772440433502
1792.989224 0.0799720287323
1794.835091 0.0747060775757
1796.687252 0.0759780406952
1798.561632 0.0801711082458
1800.418216 0.0781559944153
1802.239856 0.0745871067047
1804.101162 0.0768821239471
1806.23917 0.0787320137024
1808.08223 0.0762910842896
1809.94695 0.0801358222961
1811.817753 0.0772910118103
1813.663382 0.0744199752808
1815.535636 0.077999830246
1817.371276 0.073826789856
1819.197383 0.0755898952484
1821.126464 0.0736558437347
1822.977251 0.0770351886749
1824.843479 0.081475019455
1826.701215 0.0701429843903
1828.566293 0.0735590457916
1830.415577 0.0767891407013
1832.252528 0.0728480815887
1834.10415 0.0843601226807
1835.95938 0.0763580799103
1838.18649 0.0816869735718
1840.007257 0.0773599147797
1841.821271 0.0723390579224
1843.670396 0.0775499343872
1845.529212 0.0682318210602
1847.399789 0.0803070068359
1849.261509 0.0787270069122
1851.084912 0.0811328887939
1852.955173 0.0749950408936
1854.794169 0.0719079971313
1856.650156 0.0787670612335
1858.499137 0.0685939788818
1860.355505 0.0749180316925
1862.210694 0.081442117691
1864.066953 0.0805530548096
1865.867558 0.0816071033478
1867.717408 0.0817711353302
1869.754045 0.0730121135712
1871.626892 0.0763509273529
1873.511913 0.0765960216522
1875.369326 0.0776238441467
1877.254108 0.0747480392456
1879.113535 0.0792419910431
1880.972879 0.0775990486145
1882.808842 0.0758302211761
1884.674407 0.0718851089478
1886.544114 0.0781509876251
1888.391898 0.0763189792633
1890.24263 0.0819301605225
1892.101364 0.0724940299988
1893.98058 0.0729160308838
1895.831734 0.0783519744873
1897.666512 0.0756251811981
1899.51621 0.0781869888306
1901.602758 0.0799739360809
1903.460126 0.0755138397217
1905.287241 0.0760490894318
1907.144992 0.0780389308929
1908.996997 0.0799729824066
1910.87501 0.0782091617584
1912.703123 0.0743370056152
1914.562007 0.0763130187988
1916.433491 0.0775849819183
1918.271231 0.06968998909
1920.118343 0.0797278881073
1921.962346 0.072438955307
1923.801672 0.0774748325348
1925.634028 0.0748379230499
1927.50963 0.0756871700287
1929.356391 0.0756959915161
1931.173345 0.0789771080017
1933.24935 0.0778701305389
1935.132907 0.0710229873657
1937.016517 0.0761458873749
1938.872751 0.0758619308472
1940.783371 0.0805251598358
1942.655455 0.0768139362335
1944.519073 0.0721328258514
1946.38804 0.0715160369873
1948.255368 0.077073097229
1950.086925 0.0817518234253
1951.980655 0.0928180217743
1953.860252 0.0754930973053
1955.706229 0.0749328136444
1957.580944 0.0759420394897
1959.453837 0.0774409770966
1961.330813 0.0748240947723
1963.171638 0.0751440525055
1965.264635 0.0696020126343
1967.135428 0.0782301425934
1968.967291 0.0738599300385
1970.822597 0.082377910614
1972.712723 0.0716240406036
1974.549841 0.0708351135254
1976.396737 0.0721290111542
1978.236937 0.0786979198456
1980.079664 0.0760579109192
1981.929934 0.0765759944916
1983.806534 0.0832278728485
1985.699174 0.0801560878754
1987.582245 0.0770719051361
1989.430999 0.0689659118652
1991.257156 0.0766620635986
1993.126649 0.0774691104889
1994.976159 0.0788400173187
1997.09605 0.0753190517426
1998.933864 0.0711538791656
2000.811963 0.0842399597168
2002.674246 0.0763719081879
2004.538229 0.0769031047821
2006.410007 0.0771169662476
2008.258865 0.0737338066101
2010.128854 0.0731251239777
2011.991585 0.0782718658447
2013.83564 0.0749368667603
2015.687644 0.0700528621674
2017.579359 0.0770740509033
2019.420976 0.0737979412079
2021.266259 0.0785148143768
2023.101443 0.0765769481659
2024.9259 0.0777690410614
2026.775074 0.0765628814697
2029.133988 0.0764820575714
2030.969689 0.074630022049
2032.831024 0.0768320560455
2034.682525 0.0789439678192
2036.527531 0.0755920410156
2038.396845 0.075807094574
2040.261151 0.0739679336548
2042.118812 0.0740110874176
2043.960178 0.0799300670624
2045.804516 0.0761590003967
2047.662583 0.0744888782501
2049.53648 0.0758290290833
2051.407038 0.074588060379
2053.244357 0.0752170085907
2055.102873 0.076877117157
2056.961585 0.0745780467987
2058.815125 0.0722370147705
2060.924236 0.0744249820709
2062.766774 0.0862231254578
2064.624411 0.0786819458008
2066.475613 0.0840799808502
2068.318472 0.0719130039215
2070.154206 0.0755519866943
2072.00536 0.071300983429
2073.877492 0.0808839797974
2075.709831 0.0768389701843
2077.586883 0.0710990428925
2079.455094 0.0757129192352
2081.320889 0.0733041763306
2083.186202 0.0770580768585
2085.022392 0.0753350257874
2086.881429 0.0774409770966
2088.732249 0.0803511142731
2090.607033 0.0805909633636
2092.712018 0.0746629238129
2094.615039 0.0824420452118
2096.477442 0.0739040374756
2098.319752 0.0804941654205
2100.157555 0.0814070701599
2101.978924 0.0708727836609
2103.842414 0.0834238529205
2105.70227 0.0798678398132
2107.769215 0.0763590335846
2109.637277 0.0785350799561
2111.463395 0.0816788673401
2113.309574 0.0807569026947
2115.144653 0.0799369812012
2116.958156 0.0740859508514
2118.817827 0.0729269981384
2120.662519 0.0756249427795
2122.501 0.0728149414062
2124.691927 0.0749270915985
2126.534373 0.0739090442657
2128.375208 0.0655300617218
2130.230716 0.081465959549
2132.092815 0.0767040252686
2133.959908 0.079922914505
2135.772437 0.0756120681763
2137.606648 0.0789988040924
2139.508042 0.0846269130707
2141.394444 0.0870461463928
2143.233221 0.0765149593353
2145.087118 0.0721409320831
2146.917685 0.080048084259
2148.753068 0.0763919353485
2150.589924 0.0751450061798
2152.411845 0.0745840072632
2154.261314 0.0722670555115
2156.327091 0.0774300098419
2158.139972 0.067526102066
2159.991235 0.0826909542084
2161.87124 0.0776839256287
2163.717078 0.0763370990753
2165.56179 0.0856029987335
2167.398731 0.0763309001923
2169.230732 0.083263874054
2171.053588 0.0787580013275
2172.914898 0.0803070068359
2174.756852 0.0751588344574
2176.619428 0.0806019306183
2178.449521 0.0802099704742
2180.303086 0.0696759223938
2182.151575 0.0789489746094
2183.959465 0.0728750228882
2185.825875 0.0776097774506
2187.932701 0.0703709125519
2189.834337 0.0772371292114
2191.725247 0.0780389308929
2193.597844 0.0760340690613
2195.44665 0.0735671520233
2197.273547 0.0745151042938
2199.107772 0.0694088935852
2200.977036 0.0700070858002
2203.173237 0.078339099884
2205.020836 0.0755219459534
2206.858664 0.0779991149902
2208.717612 0.0758011341095
2210.542227 0.0768640041351
2212.400248 0.0724658966064
2214.238104 0.0786218643188
2216.070518 0.0753898620605
2218.174568 0.0772199630737
2220.01806 0.0734889507294
2221.83607 0.0715417861938
2223.642225 0.0733289718628
2225.520877 0.0805330276489
2227.38262 0.0761389732361
2229.256002 0.082515001297
2231.125247 0.0806469917297
2233.281645 0.0738079547882
2235.139095 0.0751819610596
2236.969657 0.081866979599
2238.836348 0.0767569541931
2240.698805 0.0813970565796
2242.549555 0.0808238983154
2244.405705 0.0807189941406
2246.255295 0.079756975174
2248.122108 0.075798034668
2250.216505 0.0810608863831
2252.09856 0.0900719165802
2254.002115 0.0737512111664
2255.860013 0.0831971168518
2257.68093 0.0739130973816
2259.519507 0.0829401016235
2261.365153 0.0790078639984
2263.233379 0.077269077301
2265.083939 0.0783910751343
2266.919693 0.0790240764618
2268.763269 0.0725109577179
2270.614222 0.0806169509888
2272.463536 0.0739500522614
2274.291253 0.0817441940308
2276.164856 0.08518409729
2278.016387 0.0741701126099
2279.854301 0.0777139663696
2281.89459 0.0707688331604
2283.725364 0.0823349952698
2285.571447 0.0825591087341
2287.441244 0.073842048645
2289.310478 0.0689239501953
2291.199113 0.0829849243164
2293.068708 0.0795550346375
2294.916017 0.0803389549255
2296.738804 0.0698840618134
2298.641883 0.0747759342194
2300.489898 0.082640171051
2302.352424 0.075886964798
2304.218971 0.0789301395416
2306.088905 0.0741469860077
2307.929605 0.0734891891479
2309.787077 0.0729560852051
2311.639956 0.0862429141998
2313.8063 0.0781128406525
2315.655498 0.073930978775
2317.517654 0.0865700244904
2319.370479 0.0768280029297
2321.220053 0.0788321495056
2323.080341 0.0725619792938
2324.9037 0.0695209503174
2326.741978 0.0752160549164
2328.682545 0.0772588253021
2330.531406 0.0796649456024
2332.365801 0.0777459144592
2334.235513 0.0778229236603
2336.074366 0.0764720439911
2337.911133 0.0788650512695
2339.757457 0.0785899162292
2341.608753 0.0714409351349
2343.481501 0.0698459148407
2345.619655 0.0726799964905
2347.473416 0.070620059967
2349.348639 0.0817170143127
2351.182009 0.0745739936829
2353.033795 0.0793731212616
2354.887256 0.0781319141388
2356.729135 0.0793509483337
2358.636634 0.0709218978882
2360.48924 0.0834360122681
2362.392688 0.0819020271301
2364.240846 0.0704658031464
2366.051819 0.0792260169983
2367.898292 0.0759279727936
2369.748103 0.0716178417206
2371.55889 0.0786530971527
2373.421881 0.0832750797272
2375.276712 0.0774149894714
2377.332536 0.0793340206146
2379.156912 0.0721259117126
2381.007133 0.0807499885559
2382.861231 0.0755951404572
2384.699668 0.0679008960724
2386.551139 0.0720839500427
2388.411904 0.0768620967865
2390.300681 0.0778641700745
2392.126852 0.0773558616638
2394.006406 0.0750689506531
2395.87181 0.0780799388885
2397.728947 0.075649023056
2399.63097 0.0810520648956
2401.49586 0.0751099586487
2403.382589 0.0794630050659
2405.233355 0.0699329376221
2407.103581 0.0767970085144
2409.224596 0.0760459899902
2411.065501 0.0772759914398
2412.945648 0.0769441127777
2414.806098 0.0791449546814
2416.619299 0.0816621780396
2418.505511 0.0808928012848
2420.375186 0.0735940933228
2422.247664 0.07839012146
2424.104206 0.0714519023895
2425.989228 0.0804998874664
2427.871171 0.0783059597015
2429.744541 0.0700969696045
2431.579357 0.075376033783
2433.432882 0.0722739696503
2435.316439 0.0773658752441
2437.185335 0.0730450153351
2439.048553 0.0803601741791
2441.165749 0.0838868618011
2443.026128 0.0766749382019
2444.89489 0.0830159187317
2446.752813 0.0802681446075
2448.6239 0.0790729522705
2450.448427 0.0712308883667
2452.322891 0.082850933075
2454.202669 0.0797128677368
2456.074566 0.074108839035
2457.924198 0.0690841674805
2459.797646 0.0817279815674
2461.667395 0.0773389339447
2463.5106 0.0737290382385
2465.377125 0.0789470672607
2467.24998 0.0809569358826
2469.152994 0.0760099887848
2470.987769 0.0734369754791
2473.059827 0.0841448307037
2474.910932 0.0763568878174
2476.799391 0.0808169841766
2478.666573 0.0739080905914
2480.492551 0.0759339332581
2482.326935 0.0737698078156
2484.179177 0.0781450271606
2486.029132 0.0778980255127
2487.885523 0.0722770690918
2489.711389 0.0706040859222
2491.535818 0.0844700336456
2493.395142 0.0802299976349
2495.25749 0.0800518989563
2497.11354 0.0772500038147
2498.968152 0.0837550163269
2500.816123 0.0751638412476
2502.653276 0.0745289325714
2504.690766 0.0827770233154
2506.557045 0.076171875
2508.418223 0.070111989975
2510.241332 0.0755620002747
2512.145876 0.0846309661865
2513.994584 0.0745558738708
2515.833665 0.0744521617889
2517.695176 0.0774259567261
2519.547534 0.0812239646912
2521.388596 0.0888080596924
2523.217922 0.0743308067322
2525.077329 0.0806701183319
2526.917253 0.0789580345154
2528.758897 0.0756959915161
2530.598204 0.0829329490662
2532.438872 0.0757648944855
2534.305986 0.0736451148987
2536.615468 0.0744941234589
2538.470837 0.081020116806
2540.314632 0.0775320529938
2542.144354 0.0770819187164
2543.972118 0.0768120288849
2545.809768 0.0780057907104
2547.654595 0.0766181945801
2549.522388 0.0841460227966
2551.371185 0.0796849727631
2553.214476 0.0744018554688
2555.063941 0.0790920257568
2556.949393 0.0725100040436
2558.808761 0.0760140419006
2560.64391 0.0784029960632
2562.493205 0.0813601016998
2564.390077 0.0809819698334
2566.273661 0.0801448822021
2568.361935 0.0732200145721
2570.23476 0.078341960907
2572.088706 0.079962015152
2573.976746 0.0793650150299
2575.833774 0.0651490688324
2577.672429 0.079577922821
2579.565012 0.0718500614166
2581.439233 0.0770421028137
2583.299596 0.0809600353241
2585.14313 0.0747599601746
2587.026254 0.0733730792999
2588.914576 0.0793318748474
2590.777039 0.0815849304199
2592.636523 0.078428030014
2594.496739 0.0709629058838
2596.330949 0.0705089569092
2598.206578 0.0824460983276
2600.366367 0.0815598964691
2602.197486 0.0767409801483
2604.084823 0.0802989006042
2605.946072 0.0815629959106
2607.851679 0.0759980678558
2609.709642 0.0764780044556
2611.573391 0.0827980041504
2613.443821 0.0703830718994
2615.352854 0.0776300430298
2617.223341 0.0794770717621
2619.134432 0.0835618972778
2621.036706 0.074462890625
2622.876149 0.0784339904785
2624.726156 0.0808439254761
2626.569349 0.075423002243
2628.405166 0.0770721435547
2630.543374 0.0774660110474
2632.379784 0.0790328979492
2634.250803 0.0770809650421
2636.087845 0.0700461864471
2637.948425 0.0921878814697
2640.119204 0.0808579921722
2641.977564 0.0786609649658
2643.813915 0.0763309001923
2645.656981 0.084361076355
2647.501333 0.0777499675751
2649.357053 0.0745549201965
2651.169071 0.0780069828033
2652.997596 0.0814070701599
2654.87973 0.0788519382477
2656.711226 0.0746150016785
2658.562839 0.0798499584198
2660.386303 0.0782289505005
2662.49042 0.0837781429291
2664.338125 0.0731301307678
2666.215342 0.0764210224152
2668.03487 0.0822529792786
2669.872659 0.0840179920197
2671.698707 0.0760960578918
2673.529411 0.0853390693665
2675.396875 0.0749640464783
2677.234867 0.0731921195984
2679.131886 0.0817708969116
2681.002346 0.0764620304108
2682.877937 0.0731880664825
2684.768341 0.0763709545135
2686.617559 0.0745670795441
2688.481176 0.0786168575287
2690.325637 0.0787279605865
2692.185895 0.0718958377838
2694.274096 0.0858960151672
2696.122579 0.0796220302582
2697.972165 0.0778729915619
2699.809425 0.0819358825684
2701.668859 0.0803401470184
2703.510152 0.073037147522
2705.413361 0.0825381278992
2707.264201 0.0831220149994
2709.107888 0.079164981842
2710.953645 0.0760540962219
2712.788803 0.0777208805084
2714.693968 0.0854098796844
2716.558748 0.0758230686188
2718.353339 0.0855989456177
2720.220293 0.0810461044312
2722.043889 0.0775451660156
2723.856806 0.0781879425049
2726.011983 0.0742340087891
2727.850732 0.0803737640381
2729.699504 0.0698051452637
2731.550147 0.0818681716919
2733.409378 0.0911588668823
2735.251797 0.0801529884338
2737.081974 0.0807390213013
2738.916045 0.0777680873871
2740.907379 0.0769460201263
2742.755827 0.0767450332642
2744.614274 0.0750598907471
2746.454597 0.0739729404449
2748.323153 0.0816740989685
2750.206722 0.07963514328
2752.060449 0.0718719959259
2753.91749 0.080659866333
2755.774265 0.0774569511414
2757.840164 0.0777390003204
2759.70635 0.0750148296356
2761.564077 0.0871410369873
2763.391083 0.0768778324127
2765.244198 0.0810689926147
2767.113819 0.0747950077057
2768.974914 0.0762050151825
2770.825209 0.0787448883057
2772.662283 0.0834159851074
2774.520168 0.0708529949188
2776.394399 0.089998960495
2778.248349 0.0751268863678
2780.095429 0.0774459838867
2781.9201 0.0750441551208
2783.737103 0.0786111354828
2785.563601 0.0754539966583
2787.415885 0.0760200023651
2789.551207 0.0783970355988
2791.426284 0.0755569934845
2793.28659 0.0753757953644
2795.144929 0.0758380889893
2796.996103 0.0769331455231
2798.819353 0.0771689414978
2800.669731 0.0828609466553
2802.504423 0.0769958496094
2804.365574 0.0814538002014
2806.199213 0.0763690471649
2807.996239 0.0749571323395
2809.849748 0.0824508666992
2811.681514 0.077623128891
2813.534872 0.0793800354004
2815.573052 0.0804741382599
2817.441543 0.0787439346313
2819.268905 0.08118891716
2821.360435 0.0822541713715
2823.202908 0.0700027942657
2825.073612 0.075758934021
2826.920242 0.0760288238525
2828.806714 0.0796799659729
2830.775768 0.0738260746002
2832.647777 0.0775480270386
2834.517498 0.0767960548401
2836.391631 0.0779659748077
2838.254418 0.0836598873138
2840.106138 0.0773270130157
2841.982414 0.0787949562073
2843.854041 0.077122926712
2845.702277 0.0738911628723
2847.564408 0.0783941745758
2849.434875 0.0789370536804
2851.294944 0.0727920532227
2853.408466 0.0757260322571
2855.256238 0.080509185791
2857.113228 0.07643699646
2858.993005 0.0840129852295
2860.85618 0.0757670402527
2862.683665 0.0774059295654
2864.502621 0.0753049850464
2866.35558 0.0759830474854
2868.200889 0.0812819004059
2870.029161 0.076514005661
2871.903569 0.0820801258087
2873.768772 0.0771977901459
2875.64457 0.0737519264221
2877.477729 0.0769488811493
2879.313593 0.0760171413422
2881.137902 0.0744071006775
2883.003222 0.0820639133453
2885.110757 0.0772829055786
2886.947699 0.0688228607178
2888.782611 0.0794479846954
2890.666873 0.0746810436249
2892.488308 0.0768201351166
2894.335322 0.0752501487732
2896.200695 0.0810489654541
2898.02626 0.0817580223083
2899.879033 0.0744359493256
2901.691089 0.0748698711395
2903.53412 0.0818259716034
2905.369771 0.0735068321228
2907.238299 0.0767679214478
2909.106481 0.073755979538
2910.949123 0.0819540023804
2912.787423 0.084156036377
2914.66629 0.0773921012878
2916.745557 0.0810520648956
2918.589214 0.0777339935303
2920.450554 0.076709985733
2922.301007 0.0731749534607
2924.14668 0.0697920322418
2926.008595 0.0743389129639
2927.850124 0.0757558345795
2929.707798 0.0795319080353
2931.583643 0.0749800205231
2933.437313 0.0778589248657
2935.268107 0.0767018795013
2937.104 0.0782380104065
2938.935045 0.0826048851013
2940.778371 0.071722984314
2942.624563 0.0770139694214
2944.483375 0.0736291408539
2946.374114 0.0755779743195
2948.455201 0.0768399238586
2950.338546 0.0786240100861
2952.211347 0.0752990245819
2954.057713 0.0755279064178
2955.899005 0.0781021118164
2957.736686 0.0796139240265
2959.568315 0.0777740478516
2961.467622 0.080883026123
2963.324816 0.0775101184845
2965.160561 0.0763049125671
2967.032206 0.0759479999542
2968.880777 0.0792560577393
2970.740373 0.0761160850525
2972.604467 0.0698068141937
2974.472871 0.0762021541595
2976.352106 0.0750968456268
2978.232958 0.0809590816498
2980.321375 0.0785820484161
2982.195177 0.0824768543243
2984.060555 0.0768489837646
2985.895267 0.0738341808319
2987.757202 0.075138092041
2989.61759 0.0696709156036
2991.467066 0.0744330883026
2993.302922 0.0792140960693
2995.152128 0.0752320289612
2997.023772 0.0783078670502
2998.878049 0.0738911628723
3000.747222 0.0839159488678
3002.604859 0.0790660381317
3004.46244 0.0772199630737
3006.332583 0.0707609653473
3008.184107 0.0801730155945
3010.016956 0.0751700401306
3012.115264 0.0745041370392
3013.989833 0.0779819488525
3015.829611 0.0700390338898
3017.686704 0.0786368846893
3019.557689 0.0779469013214
3021.401579 0.0854361057281
3023.272625 0.0831389427185
3025.113348 0.0781989097595
3026.988331 0.0818619728088
3028.844126 0.0758230686188
3030.694322 0.0793659687042
3032.54603 0.0761909484863
3034.381908 0.0715980529785
3036.253072 0.0782170295715
3038.12393 0.0779819488525
3040.012107 0.0824918746948
3041.86794 0.0702269077301
3044.008623 0.0845019817352
3045.857617 0.0738141536713
3047.688649 0.0789058208466
3049.542566 0.0750029087067
3051.419103 0.0777609348297
3053.267291 0.0802478790283
3055.104455 0.0804622173309
3056.937674 0.0732140541077
3058.784306 0.07470703125
3060.622866 0.0755290985107
3062.468315 0.0764870643616
3064.333826 0.0785081386566
3066.191201 0.076122045517
3068.035045 0.0768530368805
3069.851415 0.0782909393311
3071.71957 0.0764780044556
3073.565882 0.0742011070251
3075.664856 0.0744519233704
3077.529547 0.0755879878998
3079.368605 0.0683481693268
3081.203216 0.0747702121735
3083.03966 0.0763750076294
3084.931018 0.0743048191071
3086.832324 0.0774078369141
3088.669699 0.0799119472504
3090.550685 0.0791840553284
3092.361739 0.0773429870605
3094.208567 0.0754671096802
3096.086604 0.0804998874664
3097.949963 0.0753059387207
3099.792092 0.0849080085754
3101.784824 0.0754859447479
3103.634003 0.0789098739624
3105.503496 0.076336145401
3107.547159 0.0749199390411
3109.424259 0.0765070915222
3111.276778 0.0746080875397
3113.110644 0.0764050483704
3114.938827 0.0728738307953
3116.842017 0.0736329555511
3118.727178 0.0758819580078
3120.57751 0.0804069042206
3122.43343 0.0699999332428
3124.295536 0.0766839981079
3126.168445 0.0785481929779
3128.038296 0.0755670070648
3129.894274 0.0766711235046
3131.744252 0.0774610042572
3133.616448 0.0800139904022
3135.456064 0.0767300128937
3137.288976 0.0739660263062
3139.388828 0.0779719352722
3141.264917 0.0716881752014
3143.089909 0.0796689987183
3144.949409 0.0741789340973
3146.781606 0.0804369449615
3148.659914 0.0832080841064
3150.539764 0.0767040252686
3152.419776 0.0769200325012
3154.298108 0.0738639831543
3156.15073 0.0755281448364
3158.005425 0.0810468196869
3159.82891 0.0739321708679
3161.749675 0.0687041282654
3163.608364 0.0786759853363
3165.458194 0.0740058422089
3167.302667 0.0713028907776
3169.117346 0.0780808925629
3171.251743 0.0795559883118
3173.049224 0.0768938064575
3174.919321 0.0774481296539
3176.734784 0.0685868263245
3178.565944 0.0749540328979
3180.422104 0.0808069705963
3182.278817 0.0775761604309
3184.104427 0.0800929069519
3185.971545 0.0764300823212
3187.825538 0.0816860198975
3189.667257 0.0754108428955
3191.492556 0.0750210285187
3193.345905 0.076327085495
3195.186345 0.0733959674835
3197.035994 0.0748970508575
3198.859354 0.075217962265
3200.702003 0.0804498195648
3202.776199 0.0816459655762
3204.634335 0.0767710208893
3206.515958 0.0661051273346
3208.431556 0.0827729701996
3210.275636 0.0753300189972
3212.10728 0.0760278701782
3213.939105 0.0815200805664
3215.780045 0.0697031021118
3217.626605 0.0861291885376
3219.491573 0.0796220302582
3221.339687 0.0776669979095
3223.194864 0.0759019851685
3225.068174 0.0756530761719
3226.975435 0.0750730037689
3228.828346 0.0802991390228
3230.699058 0.0791308879852
3232.549055 0.0754380226135
3234.655735 0.0749530792236
3236.508553 0.0711469650269
3238.358818 0.0771999359131
3240.224978 0.0752289295197
3242.134823 0.0800478458405
3243.947291 0.0692520141602
3245.805182 0.0749599933624
3247.681918 0.0811891555786
3249.649642 0.0793719291687
3251.56453 0.0711917877197
3253.416633 0.0786869525909
3255.261069 0.0750751495361
3257.157849 0.077418088913
3259.019059 0.0714809894562
3260.881131 0.0744819641113
3262.76572 0.081004858017
3264.946902 0.0761678218842
3266.810602 0.0739619731903
3268.703072 0.0792579650879
3270.540966 0.0781300067902
3272.446954 0.0823769569397
3274.302436 0.0762259960175
3276.130152 0.0671920776367
3277.975397 0.074774980545
3279.825088 0.0753540992737
3281.655354 0.0823459625244
3283.477092 0.0820128917694
3285.318926 0.0735218524933
3287.220833 0.0783598423004
3289.079276 0.0775790214539
3290.894409 0.0786302089691
3292.752721 0.0781280994415
3294.605917 0.0752439498901
3296.726203 0.0910198688507
3298.57113 0.074038028717
3300.445954 0.0696492195129
3302.329217 0.082533121109
3304.235729 0.0797820091248
3306.115904 0.0766379833221
3307.978597 0.0781371593475
3309.859974 0.0768480300903
3311.713046 0.0814518928528
3313.593011 0.0761480331421
3315.439261 0.074187040329
3317.337293 0.0755860805511
3319.171238 0.0747032165527
3321.037029 0.0782670974731
3322.925761 0.0745141506195
3324.766156 0.0794458389282
3326.910425 0.0742909908295
3328.762375 0.0775589942932
3330.621104 0.0685949325562
3332.475357 0.0811581611633
3334.322297 0.0819671154022
3336.177007 0.0789251327515
3338.040103 0.0783689022064
3339.923682 0.0817518234253
3341.782857 0.0803899765015
3343.64765 0.0826001167297
3345.504077 0.0782370567322
3347.421932 0.0758879184723
3349.256763 0.0789549350739
3351.113919 0.0745189189911
3352.965129 0.0800230503082
3354.850699 0.0746021270752
3356.700094 0.0786609649658
3358.825062 0.0805728435516
3360.705612 0.0769531726837
3362.748301 0.0798881053925
3364.640273 0.0777349472046
3366.547158 0.0752148628235
3368.397329 0.0762150287628
3370.206499 0.0727469921112
3372.082021 0.0805749893188
3373.989692 0.0703029632568
3375.827259 0.0765550136566
3377.651241 0.073383808136
3379.487087 0.0798099040985
3381.368744 0.0751020908356
3383.220082 0.0679559707642
3385.059654 0.0753388404846
3386.901969 0.0773768424988
3388.776902 0.0817458629608
3390.862692 0.0777609348297
3392.756889 0.0765998363495
3394.5811 0.0771009922028
3396.455801 0.0811879634857
3398.312966 0.0757639408112
3400.173621 0.0774261951447
3402.007525 0.0753660202026
3403.905046 0.0875651836395
3405.731652 0.0698051452637
3407.553818 0.0700721740723
3409.405493 0.0726628303528
3411.267259 0.0744009017944
3413.149641 0.0709431171417
3415.026565 0.0769760608673
3416.903896 0.0689427852631
3418.758829 0.0867500305176
3420.623057 0.075443983078
3422.714973 0.0831608772278
3424.569284 0.077271938324
3426.422329 0.0809979438782
3428.25678 0.0803189277649
3430.113555 0.0776040554047
3431.964831 0.080629825592
3433.785011 0.0770819187164
3435.631127 0.0767579078674
3437.47085 0.0791509151459
3439.304971 0.0774049758911
3441.161731 0.0742788314819
3443.007056 0.0818419456482
3444.854026 0.0767431259155
3446.704808 0.0802278518677
3448.555811 0.0767259597778
3450.382957 0.076807975769
3452.226605 0.0737118721008
3454.354089 0.072242975235
3456.210343 0.0738430023193
3458.05928 0.0759129524231
3459.935094 0.0706119537354
3461.809397 0.0708918571472
3463.658847 0.0839629173279
3465.518172 0.0716700553894
3467.366092 0.0805511474609
3469.22017 0.0693969726562
3471.080517 0.0756640434265
3472.940707 0.0760180950165
3474.788221 0.0767049789429
3476.650143 0.078339099884
3478.506053 0.0852680206299
3480.347627 0.0752348899841
3482.214422 0.0735800266266
3484.039427 0.077358007431
3486.130152 0.0745339393616
3487.981817 0.071142911911
3489.863168 0.0781261920929
3491.72666 0.0828440189362
3493.578875 0.075758934021
3495.425324 0.0733349323273
3497.293163 0.0787620544434
3499.162715 0.0770380496979
3501.033505 0.0766179561615
3502.929418 0.076516866684
3504.791622 0.0792028903961
3506.639179 0.0913338661194
3508.507432 0.0765359401703
3510.357744 0.0763201713562
3512.190988 0.0749959945679
3514.041115 0.0763428211212
3515.886114 0.0734250545502
3517.998395 0.0759541988373
3519.86414 0.0791599750519
3521.738216 0.0824711322784
3523.605308 0.0745389461517
3525.494791 0.0827651023865
3527.339311 0.0711030960083
3529.186562 0.0738189220428
3531.032778 0.0773098468781
3532.890408 0.073077917099
3534.730379 0.078232049942
3536.589456 0.0767960548401
3538.513336 0.073490858078
3540.38484 0.0793390274048
3542.259877 0.0825848579407
3544.0999 0.0776391029358
3545.95583 0.0724959373474
3547.820037 0.0759718418121
3549.935943 0.0789909362793
3551.797243 0.0772750377655
3553.71638 0.0805330276489
3555.587064 0.0784809589386
3557.451701 0.0726730823517
3559.318428 0.0766909122467
3561.17861 0.0793521404266
3563.0474 0.0795738697052
3564.900147 0.0809140205383
3566.7473 0.0794491767883
3568.614397 0.0777559280396
3570.470039 0.0809619426727
3572.35505 0.0833261013031
3574.194858 0.0743579864502
3576.038353 0.0739738941193
3577.880222 0.075807094574
3579.757241 0.0951647758484
3581.913213 0.0757670402527
3583.805463 0.0843479633331
3585.682856 0.0807499885559
3587.541917 0.0776770114899
3589.413803 0.0755701065063
3591.298769 0.0800220966339
3593.157175 0.0775718688965
3595.008476 0.0755121707916
3596.840889 0.0777928829193
3598.688359 0.078754901886
3600.571637 0.0799648761749
