5.288299 0.881579399109
10.491404 0.88117424647
15.628042 0.877783060074
20.76796 0.889225403468
25.918345 0.867868343989
31.138493 0.900729338328
36.39197 0.877417087555
41.612005 0.87557665507
46.900375 0.897398392359
52.102768 0.895083983739
57.32316 0.905655701955
62.609306 0.904440720876
68.031774 0.900559981664
73.182382 0.870473702749
78.419694 0.907982269923
83.576845 0.883526325226
88.795375 0.892480055491
94.014447 0.904735724131
99.400451 0.882088661194
104.570662 0.888797601064
109.773543 0.881551027298
114.99368 0.896230300268
120.184455 0.879640102386
125.433785 0.876964966456
130.738537 0.88309431076
135.958252 0.903352657954
141.211085 0.908387978872
146.481619 0.89075088501
151.668496 0.876761674881
156.871963 0.894698063533
162.141723 0.876080989838
167.379077 0.893566608429
172.615358 0.88448770841
177.802457 0.891052087148
182.941254 0.875332037608
188.126311 0.884699026744
193.415054 0.893583059311
198.599653 0.895271062851
203.785878 0.882232904434
208.99232 0.90984026591
214.159479 0.894648313522
219.36327 0.890690326691
224.716898 0.888257980347
229.93915 0.887371301651
235.240016 0.899557352066
240.413292 0.901907046636
245.647172 0.893358707428
250.886209 0.896058082581
256.206448 0.893393357595
261.357907 0.855806986491
266.443942 0.870334068934
271.647564 0.902932325999
276.851443 0.892609357834
282.137645 0.898069222768
287.441633 0.882327636083
292.595412 0.891982316971
297.766766 0.889345328013
302.954469 0.891222238541
308.171385 0.900014956792
313.426795 0.881705999374
318.746808 0.892826318741
323.80006 0.848037958145
329.018677 0.874209006627
334.273764 0.891137282054
339.425686 0.877805312475
344.629447 0.897492249807
349.936279 0.889571269353
355.055029 0.865603685379
360.191936 0.876316388448
365.395558 0.894417365392
370.62949 0.893326123556
375.816343 0.879420995712
381.15585 0.880292336146
386.323456 0.90865333875
391.46113 0.876826047897
396.616131 0.881570577621
401.766725 0.890491485596
406.971035 0.89848836263
412.290431 0.885548591614
417.459758 0.892674605052
422.665257 0.899719079336
427.719112 0.856714725494
432.904242 0.86834804217
438.074816 0.892334620158
443.446529 0.888706922531
448.633731 0.869548002879
453.787148 0.875477393468
458.922713 0.88183538119
464.091527 0.876345713933
469.261469 0.889428297679
474.615116 0.906924247742
479.751776 0.879372437795
484.971504 0.897753953934
490.042087 0.863441626231
495.261893 0.877879699071
500.418743 0.894825935364
505.718617 0.888741334279
510.940668 0.886544704437
516.075447 0.892695029577
521.245863 0.886435588201
526.399813 0.886080662409
531.555517 0.885640382767
536.892261 0.907030741374
542.045844 0.884817997615
547.247427 0.896245002747
552.335405 0.861815690994
557.555333 0.884242693583
562.676381 0.890535672506
568.011397 0.904846032461
573.233647 0.897737026215
578.433749 0.897197961807
583.586972 0.888053655624
588.723939 0.879417022069
593.927403 0.898650725683
599.26431 0.885820945104
604.434192 0.883522113164
609.58783 0.878438075384
614.726368 0.87214867274
619.877681 0.871122996012
624.949554 0.866352319717
630.269026 0.894868373871
635.454613 0.892150322596
640.557685 0.866758743922
645.71166 0.880748430888
650.934661 0.901273409526
656.138159 0.880849599838
661.488724 0.893634239833
666.678503 0.87620194753
671.830884 0.889086008072
676.851593 0.852814992269
682.018675 0.872295300166
687.175039 0.884105682373
692.592326 0.904858748118
697.745658 0.88139462471
702.882643 0.895837386449
708.035814 0.894530852636
713.274112 0.90625333786
718.459956 0.886462767919
723.815366 0.892751057943
728.98354 0.886350313822
734.122816 0.87618303299
739.307342 0.884908278783
744.378172 0.86128060023
749.599269 0.885149002075
754.884 0.869223356247
760.03755 0.885665973028
765.190876 0.859984000524
770.380002 0.895422061284
775.565736 0.885325272878
780.701645 0.872549613317
786.022805 0.882271051407
791.191008 0.879526456197
796.394836 0.888647476832
801.547808 0.880449612935
806.701221 0.878036022186
811.824199 0.871750911077
817.226234 0.907634337743
822.362587 0.884725411733
827.598304 0.90164621671
832.818858 0.88368733724
838.021887 0.892697016398
843.242916 0.895900726318
848.632043 0.885720014572
853.901612 0.910268942515
859.072751 0.881122191747
864.222601 0.881958643595
869.395498 0.883821805318
874.565423 0.886737664541
879.952577 0.887529055278
885.103523 0.888451337814
890.389764 0.89772494634
895.510833 0.886450449626
900.663154 0.882340987523
905.834266 0.893323262533
911.13847 0.884704987208
916.340316 0.873559395472
921.497036 0.888399998347
926.767225 0.910203615824
931.984106 0.901508967082
937.206649 0.880999247233
942.491162 0.866678953171
947.64584 0.892973264058
952.797608 0.889959653219
958.051718 0.900553623835
963.121663 0.87099091212
968.274744 0.882293542226
973.595165 0.875321944555
978.865831 0.90250658989
984.071124 0.889327685038
989.141624 0.867771625519
994.328063 0.891089042028
999.448565 0.871821244558
1004.884883 0.904943943024
1010.086024 0.89234105746
1015.190782 0.872815688451
1020.278471 0.855336348216
1025.41545 0.864805618922
1030.667262 0.892098665237
1036.054928 0.890897274017
1041.18932 0.880284706752
1046.35939 0.888286908468
1051.599073 0.889402945836
1056.783786 0.887950102488
1061.920039 0.884913365046
1067.273292 0.879686276118
1072.410183 0.881387631098
1077.582254 0.895493745804
1082.786786 0.901306629181
1087.92352 0.876002311707
1093.491078 0.904765367508
1098.79709 0.878160317739
1103.917015 0.859045267105
1108.968481 0.857724666595
1114.13759 0.890658299128
1119.32714 0.902102311452
1124.411316 0.862707297007
1129.781498 0.882061640422
1134.987485 0.891378800074
1140.172531 0.898089647293
1145.359138 0.899222691854
1150.494985 0.8799756368
1155.668034 0.899400631587
1161.052765 0.889630317688
1166.239114 0.885045289993
1171.475609 0.884389321009
1176.729306 0.89279572169
1181.934316 0.875613689423
1187.022449 0.876524289449
1192.389535 0.887764056524
1197.596045 0.895128806432
1202.863468 0.900061289469
1208.03605 0.877825657527
1213.169839 0.876628319422
1218.342924 0.895169893901
1223.845339 0.877357721329
1229.030607 0.871162573497
1234.220053 0.887204885483
1239.388007 0.872652769089
1244.57405 0.876138369242
1249.794175 0.894254366557
1255.250887 0.87958629926
1260.501727 0.897159020106
1265.69027 0.888122717539
1270.876259 0.895502646764
1276.130758 0.901648283005
1281.300851 0.895529985428
1286.652445 0.879415671031
1291.840181 0.893362283707
1297.059272 0.894933541616
1302.246162 0.891836007436
1307.367692 0.877127329508
1312.470421 0.876192092896
1317.822549 0.885185082753
1323.011546 0.878053426743
1328.296208 0.898590008418
1333.516513 0.896612644196
1338.654003 0.891649961472
1343.856492 0.880220969518
1349.243602 0.875136295954
1354.380473 0.891137997309
1359.534007 0.884520371755
1364.722895 0.888962586721
1369.874417 0.862098375956
1375.146834 0.903117338816
1380.514541 0.881924072901
1385.700905 0.873856385549
1390.823761 0.865621089935
1396.074387 0.903761227926
1401.294552 0.880975087484
1406.431129 0.882649978002
1411.786366 0.862126032511
1416.93839 0.886714776357
1422.058506 0.888142029444
1427.128125 0.868009964625
1432.301369 0.893794377645
1437.488263 0.896719296773
1442.874994 0.879650274913
1448.111268 0.90167593956
1453.312643 0.88973959287
1458.499187 0.890473922094
1463.771567 0.898203690847
1468.972449 0.887619574865
1474.342756 0.874390999476
1479.582801 0.908845265706
1484.733052 0.867819309235
1489.969283 0.909730037053
1495.123392 0.879006703695
1500.259482 0.880250930786
1505.632549 0.901000022888
1510.783258 0.889850695928
1515.936521 0.895826657613
1521.090447 0.875272750854
1526.362281 0.892392953237
1531.480864 0.880370934804
1536.967191 0.891181310018
1542.124409 0.886754910151
1547.17785 0.853168328603
1552.427938 0.897683382034
1557.567407 0.87982527415
1562.768076 0.902361631393
1568.254797 0.900955915451
1573.458252 0.896901607513
1578.647605 0.895936965942
1583.848567 0.90248966217
1589.051948 0.88436237971
1594.241921 0.878425995509
1599.658761 0.890796343486
1604.764946 0.871977329254
1610.03537 0.905696312586
1615.218869 0.884749889374
1620.492368 0.892370939255
1625.678053 0.895763953527
1631.148937 0.892934640249
1636.266621 0.882953008016
1641.389197 0.874681313833
1646.642227 0.892742236455
1651.876477 0.892353614171
1657.049985 0.899077733358
1662.466908 0.905621051788
1667.539775 0.86421640714
1672.760133 0.901562690735
1677.927566 0.87943704923
1683.248039 0.917905728022
1688.387275 0.886260350545
1693.837577 0.885625680288
1699.027779 0.902992010117
1704.261521 0.893906195958
1709.400637 0.874679644903
1714.517943 0.864728689194
1719.672997 0.882126410802
1725.111293 0.907623052597
1730.261726 0.855741580327
1735.565714 0.906256437302
1740.789392 0.902378002803
1745.941399 0.871571063995
1751.095401 0.896911700567
1756.515196 0.875946044922
1761.666003 0.871301015218
1766.769715 0.885159254074
1771.908571 0.878757635752
1777.126677 0.882121006648
1782.280499 0.882298628489
1787.818516 0.894462982814
1792.919718 0.871895154317
1798.110083 0.868852297465
1803.309898 0.897977590561
1808.530522 0.890318314234
1813.701111 0.885810295741
1819.123321 0.895898660024
1824.257462 0.866385062536
1829.494578 0.897010962168
1834.614712 0.884997924169
1839.8203 0.891889333725
1844.97116 0.873736778895
1850.357854 0.879847685496
1855.544317 0.890868266424
1860.782148 0.877352635066
1866.018714 0.902400652568
1871.191103 0.890048027039
1876.428214 0.899234374364
1881.778705 0.868770281474
1887.031594 0.9075319767
1892.13847 0.867250998815
1897.358141 0.906306028366
1902.609256 0.899101257324
1907.729541 0.876491626104
1913.069457 0.88822889328
1918.30309 0.883790334066
1923.476674 0.884249130885
1928.677871 0.873608032862
1933.862984 0.897315740585
1939.05011 0.871167341868
1944.45382 0.875797907511
1949.67417 0.885000387828
1954.843882 0.892224947611
1960.047088 0.890346924464
1965.233522 0.903167327245
1970.404033 0.874291022619
1975.827368 0.8724249204
1980.977518 0.878199338913
1986.100305 0.87300936381
1991.40375 0.898145278295
1996.571779 0.872234344482
2001.774901 0.878333965937
2007.231467 0.8974173069
2012.398888 0.868292093277
2017.601532 0.889884312948
2022.805129 0.899528662364
2027.958652 0.883616606394
2033.163382 0.893842697144
2038.652086 0.901280005773
2043.819375 0.897282918294
2049.041926 0.889298041662
2054.242968 0.893499056498
2059.415586 0.878426472346
2064.616291 0.89187335968
2070.021595 0.879040718079
2075.189549 0.892916361491
2080.444848 0.900553385417
2085.579923 0.874020417531
2090.73495 0.867886384328
2095.870817 0.88009095192
2101.40705 0.90080165863
2106.510402 0.865366697311
2111.749811 0.898456732432
2116.902582 0.878298282623
2122.074334 0.882563432058
2127.293524 0.901450792948
2132.694521 0.881834030151
2137.848102 0.890009085337
2143.101451 0.897612333298
2148.341036 0.888116041819
2153.575466 0.872110764186
2158.778674 0.888553301493
2164.281958 0.912126382192
2169.46965 0.89014673233
2174.775639 0.900552352269
2179.858893 0.864471912384
2185.382051 0.903682311376
2190.5493 0.894803365072
2196.003128 0.8748143514
2201.207356 0.901956240336
2206.396447 0.884794314702
2211.630404 0.907829364141
2216.883654 0.897793372472
2222.120279 0.888439019521
2227.657184 0.900208632151
2232.84703 0.893364429474
2238.05017 0.882111946742
2243.334549 0.906534433365
2248.59076 0.908770004908
2253.774792 0.890941699346
2259.231291 0.86381371816
2264.466373 0.912065903346
2269.671587 0.885422229767
2274.806205 0.878947973251
2280.04191 0.899090687434
2285.178626 0.866377353668
2290.651846 0.900286038717
2295.805019 0.878693977992
2300.90602 0.873598972956
2306.17654 0.899161974589
2311.463123 0.912467638652
2316.719417 0.905026038488
2322.135537 0.875615994136
2327.276032 0.875531276067
2332.409703 0.880929708481
2337.613684 0.886995395025
2342.816565 0.88120730718
2348.12289 0.909083684285
2353.527127 0.882274389267
2358.67748 0.873978932699
2363.947219 0.902989069621
2369.086962 0.882031679153
2374.270877 0.880421320597
2379.474454 0.888654788335
2384.861488 0.876024405162
2390.034242 0.878866354624
2395.351571 0.913163979848
2400.555275 0.896723985672
2405.69329 0.872683445613
2410.911489 0.885651906331
2416.349531 0.886193990707
2421.521528 0.868272701899
2426.772116 0.906111637751
2431.876417 0.869625647863
2437.111871 0.890283266703
2442.299067 0.887081623077
2447.736279 0.878072023392
2452.956245 0.885192076365
2458.195929 0.910656293233
2463.366236 0.898915926615
2468.600638 0.883438746134
2473.75385 0.895351012548
2479.140252 0.876025994619
2484.327109 0.885327736537
2489.447547 0.872534592946
2494.620088 0.874721924464
2499.887566 0.898027658463
2505.057883 0.886710007985
2510.56261 0.896197954814
2515.832645 0.88659063975
2521.034621 0.891890287399
2526.138066 0.873678684235
2531.374742 0.894575277964
2536.511375 0.89168437322
2542.001556 0.894328753153
2547.185817 0.906943718592
2552.391476 0.890264670054
2557.559349 0.909464041392
2562.731397 0.894553343455
2567.967158 0.896534999212
2573.419542 0.883598645528
2578.639875 0.887791077296
2583.825992 0.892816543579
2589.012876 0.901992400487
2594.185922 0.882147073746
2599.303157 0.87594572703
2604.73995 0.893207708995
2609.945006 0.880953947703
2615.198862 0.895955006282
2620.333511 0.885032653809
2625.437105 0.881490071615
2630.77723 0.899994770686
2636.211277 0.870643377304
2641.39768 0.876746018728
2646.63467 0.892025629679
2651.854896 0.898750066757
2656.957618 0.883859713872
2662.07754 0.874914010366
2667.448304 0.848751942317
2672.602466 0.889676968257
2677.888265 0.900691906611
2683.12817 0.91577911377
2688.278786 0.886407693227
2693.450892 0.895647287369
2698.888812 0.884219328562
2704.02228 0.875514030457
2709.142157 0.858801762263
2714.36281 0.872761885325
2719.649349 0.902771393458
2724.771013 0.879963318507
2730.325847 0.903970956802
2735.543733 0.889581600825
2740.715758 0.876907666524
2745.869498 0.887277603149
2751.086877 0.893934965134
2756.240354 0.881546656291
2761.780221 0.893755356471
2766.997094 0.909704287847
2772.317645 0.920903046926
2777.487365 0.897473653158
2782.794203 0.905232270559
2787.863129 0.868162552516
2793.317318 0.902706940969
2798.502133 0.897447347641
2803.771915 0.880030632019
2808.958828 0.896052281062
2814.178561 0.896797339122
2819.433408 0.897826274236
2824.902261 0.884582360586
2830.075769 0.889523744583
2835.225802 0.88058034579
2840.431567 0.888329744339
2845.735183 0.903209924698
2850.919225 0.876333713531
2856.274622 0.877894560496
2861.443444 0.882638374964
2866.616138 0.88355310758
2871.786247 0.891903718313
2877.086674 0.897532701492
2882.226017 0.897910435994
2887.710252 0.883988698324
2892.863731 0.888598362605
2897.934184 0.868453741074
2903.087672 0.874464352926
2908.2587 0.883833408356
2913.377968 0.875562985738
2918.847606 0.888049761454
2924.034224 0.893403371175
2929.237709 0.89157128334
2934.326121 0.87451338768
2939.544336 0.887452046076
2944.6814 0.862906297048
2950.168749 0.866500059764
2955.322235 0.874876022339
2960.542667 0.90075469017
2965.67896 0.872826019923
2970.882211 0.892301956813
2975.935348 0.855583111445
2981.391998 0.879916032155
2986.611842 0.87721435229
2991.832044 0.885894934336
2997.066277 0.902299960454
3002.286356 0.883416334788
3007.490514 0.891479889552
3013.026928 0.894685665766
3018.179836 0.883121411006
3023.383537 0.88055229187
3028.569964 0.891730308533
3033.707184 0.876376708349
3038.927147 0.895227988561
3044.430445 0.890626033147
3049.637034 0.888821681341
3054.857464 0.893822987874
3060.042753 0.895535071691
3065.311486 0.896484613419
3070.484121 0.890799442927
3076.038412 0.900472958883
3081.238158 0.883256673813
3086.377817 0.883965333303
3091.546742 0.889610449473
3096.849321 0.893707990646
3102.085495 0.891060034434
3107.505482 0.88241370519
3112.642849 0.887255032857
3117.798998 0.882150332133
3123.033227 0.896498680115
3128.27273 0.884880065918
3133.423199 0.877406358719
3138.809572 0.881453037262
3144.046737 0.903623660405
3149.199899 0.877188364665
3154.303081 0.87165594101
3159.458009 0.889229695002
3164.679891 0.888874928157
3170.213836 0.889947652817
3175.433577 0.909182310104
3180.587313 0.874048233032
3185.727147 0.885864257812
3190.810515 0.862576007843
3196.097792 0.898365656535
3201.567782 0.895993947983
3206.707795 0.882737636566
3211.910896 0.888062636058
3217.111372 0.884455998739
3222.318922 0.889163096746
3227.537913 0.89428003629
3233.005366 0.876319249471
3238.192101 0.886657953262
3243.378751 0.868255694707
3248.650893 0.89226937294
3253.819431 0.872997363408
3258.955812 0.869507074356
3264.395407 0.890790224075
3269.596349 0.875075976054
3274.783215 0.902850627899
3279.939313 0.872414986293
3285.209654 0.898799737295
3290.393726 0.881883621216
3295.863395 0.888966798782
3301.069668 0.895349979401
3306.2571 0.896961609523
3311.407219 0.861850261688
3316.627543 0.866089582443
3321.831444 0.881808678309
3327.386991 0.890652418137
3332.640609 0.900386015574
3337.858336 0.882083972295
3343.046087 0.891486644745
3348.114878 0.860054095586
3353.33482 0.904527664185
3358.741121 0.863732417425
3363.909077 0.883387327194
3369.129754 0.891125281652
3374.282843 0.89297914505
3379.419472 0.868162075679
3384.692084 0.898130893707
3390.209245 0.89860367775
3395.362869 0.884263753891
3400.649656 0.91534670194
3405.886278 0.901016712189
3410.989494 0.867266337077
3416.24354 0.901550690333
3421.730041 0.885316689809
3426.919591 0.860997994741
3432.021502 0.874256292979
3437.157144 0.869623184204
3442.393887 0.889485120773
3447.498845 0.87019165357
3453.034351 0.890908559163
3458.204049 0.884493986766
3463.426291 0.902870019277
3468.664203 0.8979464372
3473.851036 0.893747329712
3479.101585 0.897205352783
3484.540986 0.886952002843
3489.777942 0.904413620631
3494.97826 0.87375831604
3500.116028 0.882007439931
3505.285692 0.874186754227
3510.405407 0.875683307648
3515.912673 0.885720014572
3521.062526 0.874230146408
3526.285103 0.885658025742
3531.469317 0.88794763883
3536.689601 0.877091407776
3541.795847 0.871840715408
3547.299115 0.891143242518
3552.549765 0.877330621084
3557.738323 0.884380976359
3562.958037 0.875918388367
3568.161558 0.895688533783
3573.36721 0.900920629501
3578.934143 0.89787364006
3584.054339 0.878394047419
3589.290922 0.897808631261
3594.444908 0.881115992864
3599.6669 0.878661870956
3604.868167 0.886157035828
3610.321952 0.878162701925
3615.508108 0.885177294413
3620.763314 0.900663773219
3625.998423 0.908552964528
3631.235267 0.881931304932
3636.425069 0.875748316447
3641.942359 0.885502020518
3647.198847 0.905963659286
3652.368388 0.878090461095
3657.602566 0.90541768074
3662.859288 0.902320623398
3667.976279 0.864630699158
3673.399679 0.872577985128
3678.618709 0.895915031433
3683.786704 0.893157323201
3688.909476 0.872058391571
3694.127579 0.883935928345
3699.246934 0.886102279027
3704.783885 0.905961672465
3709.987214 0.893534024556
3715.159382 0.89154791832
3720.462645 0.890599966049
3725.647553 0.892084916433
3730.804213 0.867940584819
3736.321529 0.87913831075
3741.527858 0.87752199173
3746.661545 0.882706960042
3751.815342 0.886746565501
3756.986542 0.895039399465
3762.18987 0.889085610708
3767.742398 0.905402024587
3772.932063 0.891182343165
3778.152069 0.900016546249
3783.319604 0.880074342092
3788.556213 0.883920987447
3793.743014 0.891901334127
3799.279763 0.868433793386
3804.519451 0.895792722702
3809.706307 0.882665713628
3814.924756 0.880925019582
3820.178762 0.891782999039
3825.296564 0.878760099411
3830.786835 0.873426040014
3836.004194 0.877456267675
3841.290691 0.874548355738
3846.397132 0.88127096494
3851.647973 0.87971774737
3856.770826 0.875884373983
3862.254554 0.87359436353
3867.458046 0.89515097936
3872.611764 0.8762383461
3877.74935 0.8897412618
3882.97075 0.887765725454
3888.155719 0.887098630269
3893.693647 0.898298740387
3898.91388 0.896856705348
3904.066322 0.878756999969
3909.335993 0.893069346746
3914.525516 0.896822929382
3919.709334 0.896681626638
3925.263717 0.884522596995
3930.449621 0.892309029897
3935.737744 0.896179278692
3940.889653 0.891528050105
3946.080014 0.897202014923
3951.230241 0.885526339213
3956.753238 0.88349088033
3961.937295 0.869071722031
3967.227414 0.895112832387
3972.41339 0.885473012924
3977.614746 0.896275361379
3982.817904 0.901183048884
3988.254444 0.885983705521
3993.410625 0.881742397944
3998.561637 0.883499940236
4003.850693 0.89803091685
4009.037912 0.88857738177
4014.222077 0.885265668233
4019.759367 0.908763090769
4024.912156 0.877482732137
4030.099359 0.872785727183
4035.304011 0.899500687917
4040.622471 0.885637124379
4045.842515 0.900979280472
4051.346784 0.891091028849
4056.502687 0.878800312678
4061.721512 0.869631290436
4066.906567 0.887789328893
4072.160199 0.902104377747
4077.383162 0.89525492986
4082.952175 0.889489650726
4088.10429 0.880326509476
4093.290976 0.882952372233
4098.464026 0.87914164861
4103.697953 0.895228385925
4108.887552 0.888382355372
4114.388272 0.882574240367
4119.558035 0.884270747503
4124.778753 0.885083754857
4129.98152 0.890874306361
4135.187363 0.892681996028
4140.426078 0.906429290771
4145.959301 0.886587381363
4151.096046 0.884936650594
4156.317797 0.876102685928
4161.536107 0.891259352366
4166.776267 0.89435172081
4171.87906 0.857235272725
4177.416017 0.890421072642
4182.619603 0.888486623764
4187.820119 0.896529595057
4192.973412 0.88291200002
4198.110742 0.865075031916
4203.400136 0.90881339709
4208.933818 0.880425055822
4214.122293 0.874018748601
4219.457825 0.90304128329
4224.610845 0.873194058736
4229.79805 0.889736016591
4235.003856 0.890559991201
4240.438837 0.874205271403
4245.70914 0.900864362717
4250.9315 0.900566975276
4256.200995 0.884522914886
4261.339486 0.879840056101
4266.555591 0.903778950373
4272.011318 0.869102319082
4277.279436 0.903120120366
4282.502293 0.895649353663
4287.736069 0.905815442403
4292.939732 0.876825253169
4298.112299 0.881349086761
4303.616357 0.876624345779
4308.749993 0.865151643753
4313.938286 0.876493374507
4319.158364 0.891355276108
4324.395164 0.888446013133
4329.564052 0.871247291565
4335.10169 0.897027333577
4340.273274 0.884994427363
4345.527485 0.884646574656
4350.7812 0.902308702469
4356.017169 0.886025269826
4361.287552 0.903219620387
4366.758492 0.864591995875
4371.975394 0.879191398621
4377.162334 0.87296239535
4382.415037 0.886754353841
4387.585627 0.885941584905
4392.857013 0.88309264183
4398.394618 0.900251626968
4403.632227 0.906045993169
4408.883008 0.890953063965
4414.022584 0.863203922908
4419.275988 0.882071256638
4424.36012 0.859460830688
4429.899769 0.880457957586
4435.133989 0.896811405818
4440.439764 0.893711010615
4445.807705 0.910020987193
4451.077246 0.893346627553
4456.366629 0.899922688802
4461.818273 0.870277722677
4467.03779 0.89825240771
4472.191135 0.870900710424
4477.461399 0.893064022064
4482.731554 0.887745221456
4487.903093 0.874742984772
4493.491324 0.914242664973
4498.642499 0.867002010345
4503.878904 0.886482318242
4509.066311 0.868436257044
4514.285676 0.893008391062
4519.50624 0.880957921346
4524.961013 0.876129388809
4530.195891 0.888402938843
4535.466522 0.902642885844
4540.620084 0.863828341166
4545.858266 0.888481060664
4550.993348 0.87055071195
4556.582459 0.883350690206
4561.702116 0.870590686798
4566.937589 0.892412424088
4572.060139 0.865778287252
4577.260327 0.890100399653
4582.51582 0.895905733109
4588.068211 0.888170321782
4593.271263 0.893263975779
4598.458375 0.889156341553
4603.697555 0.909507671992
4608.915075 0.894562880198
4614.03509 0.881077766418
4619.555571 0.883473316828
4624.758806 0.878228108088
4630.0454 0.893727699916
4635.282795 0.896924972534
4640.485932 0.879910628001
4645.675784 0.888636906942
4651.159776 0.872939666112
4656.330032 0.883283694585
4661.518642 0.884333372116
4666.622798 0.870589971542
4671.789792 0.883652687073
4676.859932 0.86136563619
4682.330666 0.898252725601
4687.570066 0.879933277766
4692.740019 0.877244710922
4697.907607 0.882127920787
4703.044102 0.880637009939
4708.283133 0.881520350774
4713.770745 0.870659430822
4719.021185 0.884582599004
4724.174908 0.882077058156
4729.361595 0.882923285166
4734.618052 0.89889494578
4739.835134 0.891395966212
4745.441766 0.911921342214
4750.642936 0.899636983871
4755.862641 0.895121335983
4761.065864 0.907123009364
4766.237615 0.875591913859
4771.474788 0.890761931737
4776.959251 0.859526952108
4782.229708 0.889781951904
4787.419059 0.896109978358
4792.538928 0.871809403102
4797.839882 0.913103421529
4803.11035 0.894903580348
4808.599903 0.884784380595
4813.783442 0.895080089569
4818.990247 0.871061960856
4824.107658 0.875884930293
4829.294314 0.878531376521
4834.497908 0.896172920863
4840.087723 0.881699403127
4845.207799 0.880396286647
4850.408596 0.888292312622
4855.547485 0.870332400004
4860.798249 0.876599709193
4866.021508 0.908587932587
4871.524635 0.876787980398
4876.793791 0.90460896492
4881.978941 0.88010597229
4887.199285 0.90423933665
4892.438968 0.89102768898
4897.625544 0.876747687658
4903.109522 0.87813893954
4908.316109 0.880659659704
4913.534654 0.903869231542
4918.736864 0.87135163943
4923.923409 0.898078918457
4929.094125 0.892346302668
4934.600206 0.877482414246
4939.767194 0.88577135404
4944.907138 0.872529983521
4950.107474 0.901135285695
4955.346729 0.893381992976
4960.484114 0.883548736572
4966.051277 0.888970295588
4971.257799 0.899864037832
4976.526365 0.886485656102
4981.661666 0.869846979777
4986.847578 0.880144357681
4992.085696 0.870666662852
4997.538844 0.874435265859
5002.641806 0.870678981145
5007.812117 0.889743010203
5013.099253 0.892216602961
5018.319 0.882203737895
5023.622513 0.910586357117
5029.195578 0.894711653392
5034.415722 0.890514930089
5039.516228 0.876094977061
5044.770344 0.896822611491
5049.990578 0.900516351064
5055.146474 0.875698328018
5060.699536 0.86954498291
5065.833837 0.863826910655
5071.054106 0.863937298457
5076.210368 0.854609648387
5081.461518 0.912339687347
5086.63092 0.886236270269
5092.167833 0.875725587209
5097.321595 0.876546303431
5102.441957 0.855360984802
5107.612159 0.887980937958
5112.781476 0.884207646052
5118.069792 0.895063320796
5123.5255 0.878136078517
5128.758695 0.899079322815
5133.965402 0.87965464592
5139.186005 0.88108809789
5144.26893 0.860743045807
5149.422361 0.858537356059
5155.012589 0.88858628273
5160.181229 0.877921422323
5165.34984 0.881324370702
5170.519526 0.878152608871
5175.723739 0.887956937154
5180.909763 0.878631432851
5186.416181 0.888849258423
5191.704076 0.901530742645
5196.906626 0.899300734202
5202.126466 0.880519628525
5207.362182 0.899923801422
5212.564509 0.884124994278
5218.067969 0.890099604925
5223.307225 0.908691008886
5228.491876 0.888465007146
5233.68057 0.885514338811
5238.831262 0.871002674103
5244.072137 0.914789358775
5249.738626 0.883994976679
5254.841893 0.877950668335
5260.028832 0.890512386958
5265.168453 0.882305701574
5270.420645 0.896976312002
5275.675864 0.888401031494
5281.143169 0.867653052012
5286.379551 0.877994934718
5291.532937 0.878646771113
5296.705613 0.888871749242
5301.889874 0.880548636119
5307.146323 0.901871760686
5312.700118 0.882777055105
5317.885287 0.899905761083
5322.989919 0.862408717473
5328.273998 0.910144964854
5333.444162 0.876974741618
5338.697666 0.892381032308
5344.204345 0.892793337504
5349.387934 0.881961663564
5354.644282 0.898200670878
5359.878442 0.900154749552
5365.05139 0.877730925878
5370.204511 0.871935685476
5375.905886 0.908086140951
5381.175532 0.905522982279
5386.245575 0.854421933492
5391.485666 0.906558672587
5396.655227 0.888878981272
5401.739572 0.867695013682
5407.311315 0.871913671494
5412.481617 0.88521027565
5417.666806 0.873781522115
5422.939279 0.89829826355
5428.1065 0.886569976807
5433.343839 0.892425537109
5438.916438 0.893070697784
5444.203946 0.892387310664
5449.404228 0.880228122075
5454.557558 0.880979379018
5459.827757 0.890877962112
5464.967261 0.879955371221
5470.451166 0.88961092631
5475.691463 0.886695305506
5480.928119 0.887336333593
5486.129865 0.896881024043
5491.301956 0.882934649785
5496.571284 0.906146685282
5502.075685 0.897118171056
5507.292708 0.900389591853
5512.565145 0.888147115707
5517.799505 0.88561797142
5522.955316 0.881099303563
5528.123461 0.878771940867
5533.779341 0.899565299352
5538.929852 0.87412460645
5544.167321 0.897173961004
5549.43685 0.894835074743
5554.590557 0.886687040329
5559.76305 0.884443680445
5565.383325 0.889784018199
5570.534746 0.872818390528
5575.704452 0.877188762029
5580.95742 0.897863308589
5586.278314 0.891774733861
5591.481209 0.895530621211
5597.035121 0.897644678752
5602.174285 0.886702696482
5607.424963 0.883554935455
5612.578487 0.8825126489
5617.766011 0.889690001806
5622.886866 0.860447963079
5628.439344 0.892583926519
5633.659377 0.897009929021
5638.946238 0.901636362076
5644.049371 0.868865251541
5649.219572 0.872346321742
5654.476191 0.895885229111
5660.027124 0.873715957006
5665.246557 0.902857383092
5670.53394 0.899188995361
5675.770553 0.892437696457
5681.05733 0.900742689768
5686.24635 0.865145285924
5691.750352 0.883340040843
5697.000907 0.895202000936
5702.27388 0.885902404785
5707.474871 0.891984701157
5712.61203 0.879532972972
5717.882867 0.883412996928
5723.452168 0.881110032399
5728.607744 0.879995663961
5733.875823 0.887127955755
5739.079301 0.902477105459
5744.366852 0.897869348526
5749.569047 0.900972525279
5755.123256 0.877613464991
5760.362326 0.891750733058
5765.563066 0.885859330495
5770.749627 0.883722623189
5775.886928 0.875778992971
5781.074058 0.882360378901
5786.663235 0.873263597488
5791.863991 0.882057348887
5797.050534 0.892318725586
5802.287522 0.897355397542
5807.54243 0.881642738978
5812.794725 0.893976291021
5818.281331 0.863457123439
5823.468946 0.885556221008
5828.671892 0.89076534907
5833.9101 0.903344949087
5839.112101 0.884699344635
5844.28162 0.891355037689
5849.836378 0.862057367961
5855.092822 0.895761966705
5860.360874 0.906160275141
5865.496262 0.873407761256
5870.715918 0.892403761546
5875.920429 0.868505239487
5881.475841 0.870687087377
5886.62654 0.866282939911
5891.913422 0.8892613252
5897.166727 0.890828371048
5902.44015 0.889923969905
5907.607567 0.892745574315
5913.161863 0.905418713888
5918.366766 0.894211689631
5923.553342 0.898375670115
5928.787583 0.899299939473
5934.024048 0.889849583308
5939.294532 0.892669995626
5944.848343 0.897004683812
5950.018775 0.875591198603
5955.208466 0.881679058075
5960.392103 0.879007339478
5965.662039 0.885955015818
5970.79868 0.877013047536
5976.371796 0.87766957283
5981.592844 0.902961333593
5986.742387 0.876611709595
5992.029753 0.894240379333
5997.268954 0.873985767365
6002.469588 0.888133684794
6007.958341 0.883450984955
6013.143479 0.889263073603
6018.400113 0.913076003393
6023.535474 0.884464979172
6028.737594 0.899876991908
6033.890585 0.891795396805
6039.527605 0.923415660858
6044.764063 0.895426352819
6049.97036 0.883549928665
6055.206029 0.884239355723
6060.341316 0.877588669459
6065.54816 0.891763607661
6071.16523 0.914242267609
6076.385737 0.892053683599
6081.60607 0.887565294902
6086.84239 0.898802916209
6092.062337 0.888618310293
6097.282284 0.893219629924
6102.852737 0.88831893603
6108.039295 0.863798062007
6113.295706 0.887493213018
6118.546469 0.91121896108
6123.734385 0.872553269068
6128.903999 0.887180725733
6134.440403 0.898550351461
6139.579009 0.87967133522
6144.847249 0.904218673706
6150.084263 0.899848302205
6155.171243 0.854477008184
6160.374399 0.886314074198
6165.977996 0.887417316437
6171.184738 0.89995320638
6176.352635 0.891655604045
6181.521876 0.883369048436
6186.791883 0.896330992381
6192.078798 0.910588343938
6197.615298 0.880975643794
6202.785995 0.883715629578
6207.99202 0.883871714274
6213.142923 0.875426054001
6218.38216 0.895860989889
6223.535034 0.871949593226
6229.103003 0.878301302592
6234.322963 0.893217960993
6239.577542 0.884823242823
6244.783091 0.888312021891
6250.019369 0.882876634598
6255.236758 0.899439016978
6260.907747 0.883509238561
6266.127885 0.913691997528
6271.38333 0.89192589124
6276.651739 0.882345676422
6281.887896 0.88263130188
6287.057983 0.860109726588
6292.711685 0.909695068995
6297.867981 0.887897411982
6303.151868 0.897163947423
6308.358435 0.885373751322
6313.478465 0.87548104922
6318.731035 0.891923030217
6324.399453 0.912331660589
6329.553273 0.866052707036
6334.790122 0.892750342687
6339.961849 0.884380578995
6345.283248 0.907749096553
6350.53481 0.892331361771
6356.153776 0.881590763728
6361.306871 0.888941685359
6366.510834 0.891540050507
6371.748109 0.892709652583
6376.917427 0.867769002914
6382.154341 0.895936727524
6387.774472 0.899019002914
6392.961416 0.876725991567
6398.231746 0.895523389181
6403.485328 0.892230431239
6408.654886 0.879576603572
6413.943415 0.90376162529
6419.431538 0.867854913076
6424.601556 0.882489681244
6429.885935 0.897655010223
6435.122447 0.876839955648
6440.342579 0.88494737943
6445.545925 0.873773972193
6451.0668 0.891772031784
6456.353593 0.907476743062
6461.523333 0.890455643336
6466.763036 0.886534929276
6472.047356 0.908441384633
6477.217028 0.882055997849
6482.837718 0.893814325333
6487.990568 0.88227168719
6493.227873 0.876369317373
6498.517061 0.908248583476
6503.753959 0.893220980962
6508.973708 0.902945677439
6514.611354 0.89573764801
6519.862112 0.884450991948
6525.149972 0.894822359085
6530.402428 0.904513597488
6535.675565 0.884212255478
6540.742241 0.850566387177
6546.463163 0.901209592819
6551.718116 0.889926115672
6556.939006 0.892747004827
6562.139673 0.885251363118
6567.309869 0.878481705983
6572.563183 0.883653402328
6578.150632 0.899806658427
6583.307591 0.880393584569
6588.607815 0.913779973984
6593.760832 0.879798253377
6598.997343 0.885973612467
6604.302806 0.90496134758
6609.891297 0.868129650752
6615.158284 0.899621725082
6620.331405 0.886910994848
6625.615325 0.903785705566
6630.802745 0.887074311574
6635.990532 0.87664937973
6641.525571 0.873363256454
6646.729176 0.880868752797
6652.034298 0.889230012894
6657.319509 0.877337058385
6662.489899 0.885792334874
6667.726815 0.89700404803
6673.280025 0.896522363027
6678.450068 0.884827931722
6683.72033 0.904708385468
6688.890503 0.888533035914
6694.143845 0.900997400284
6699.430879 0.905941009521
6705.067873 0.899091720581
6710.321037 0.90247964859
6715.474712 0.883429924647
6720.712933 0.890211343765
6725.867314 0.863900661469
6731.021284 0.895349343618
6736.573163 0.868698676427
6741.81193 0.89307530721
6747.045863 0.891626040141
6752.215462 0.888330777486
6757.471717 0.899244626363
6762.591449 0.887537320455
6768.110012 0.888099431992
6773.299028 0.892645359039
6778.482812 0.884821017583
6783.587046 0.876954714457
6788.775556 0.88671930631
6794.026533 0.883837302526
6799.600134 0.874418020248
6804.750184 0.884629011154
6809.939555 0.893963972727
6815.190357 0.903446912766
6820.446945 0.904014110565
6825.663864 0.901415586472
6831.202118 0.873425642649
6836.556166 0.905006408691
6841.692946 0.871985356013
6847.011341 0.913374344508
6852.167737 0.887808005015
6857.321488 0.868254741033
6862.924577 0.900058984756
6868.142495 0.885854959488
6873.398916 0.897204001745
6878.599107 0.893171628316
6883.785938 0.889267365138
6888.975663 0.879818995794
6894.609678 0.883444945017
6899.799607 0.883378982544
6904.983436 0.897095680237
6910.170119 0.890759627024
6915.273185 0.867767731349
6920.427035 0.869454781214
6925.94744 0.862717469533
6931.117599 0.85409005483
6936.287129 0.879041353861
6941.560514 0.896505673726
6946.710566 0.879950602849
6951.883476 0.880329291026
6957.451488 0.899077971776
6962.687988 0.907769362132
6967.874659 0.882939656576
6973.129801 0.902846972148
6978.331797 0.887593666712
6983.551717 0.887775659561
6989.122344 0.894544760386
6994.325578 0.895739078522
6999.462359 0.858698685964
7004.615889 0.879605293274
7009.851527 0.897553682327
7015.039004 0.879016717275
7020.54289 0.877558310827
7025.747792 0.890559037526
7030.966903 0.877696355184
7036.120119 0.876129309336
7041.340426 0.889979283015
7046.609955 0.907943328222
7052.383089 0.904571612676
7057.567019 0.891757090886
7062.804309 0.888275146484
7068.0275 0.895258665085
7073.212497 0.86004002889
7078.350802 0.875380992889
7083.968368 0.888531366984
7089.156409 0.874583323797
7094.34156 0.881503423055
7099.595439 0.903522014618
7104.818391 0.88186955452
7110.070244 0.888606627782
7115.806026 0.893675963084
7120.909194 0.867157300313
7126.146094 0.903203725815
7131.318688 0.886314709981
7136.619584 0.888358354568
7141.806715 0.88143491745
7147.44637 0.895130316416
7152.614973 0.89092596372
7157.86774 0.888237317403
7163.05386 0.888982375463
7168.310374 0.895547310511
7173.510893 0.887586355209
7179.164384 0.895798047384
7184.301599 0.88348197937
7189.554704 0.890291770299
7194.711192 0.885289986928
7199.877881 0.885945002238
7205.268297 0.898376782735
