14.771721 4.03375236193
28.615018 3.7211039861
42.390985 3.74078408877
56.316191 3.74143409729
70.191466 3.7615091006
84.970399 4.07139102618
98.944027 3.75120131175
112.721468 3.74306035042
126.612163 3.75652766228
140.621563 3.77005902926
154.414301 3.73846809069
168.240043 3.76358230909
182.183262 3.75359098117
196.909642 4.06075700124
210.667471 3.74261871974
224.793965 3.83074164391
239.453534 4.04250423114
253.265278 3.74446066221
267.221868 3.73483331998
281.064704 3.73937972387
294.807916 3.73930430412
309.317652 3.93888076146
323.175138 3.7397360007
337.002 3.75380730629
350.893777 3.73927807808
364.719957 3.74002401034
371.356658 1.33726668358
385.300281 3.74664100011
399.158871 3.74092404048
413.802077 4.00905696551
427.777765 3.74754166603
441.620477 3.7504307429
455.463223 3.74358765284
469.506279 3.75841029485
476.126875 1.35009233157
482.748397 1.33490022024
489.469086 1.34725475311
496.207205 1.35328658422
510.000316 3.73629029592
516.58707 1.34160335859
523.224106 1.34978969892
537.134043 3.7440943718
551.076199 3.76975957553
564.86905 3.73859119415
578.795353 3.751537323
592.587522 3.74179673195
607.195996 4.00959396362
625.241741 5.09579745928
631.79593 1.32404772441
638.417378 1.34858862559
645.104727 1.32393495242
651.825832 1.35220138232
658.379839 1.33610788981
672.20634 3.76762835185
686.064558 3.73151461283
692.704228 1.35148660342
699.307163 1.33972231547
705.845899 1.33498136202
712.58223 1.35033639272
719.204635 1.3439942201
725.808343 1.35117697716
732.412341 1.35068233808
738.933504 1.33486437798
756.995863 5.09966667493
763.585312 1.35736568769
770.204998 1.34620904922
776.795335 1.29839881261
783.29621 1.31154799461
789.900982 1.34142859777
803.643111 3.74668176969
810.397527 1.34935569763
824.123383 3.72469973564
830.710751 1.34580294291
837.365497 1.34679031372
844.119746 1.34627127647
850.656964 1.33116436005
857.245432 1.32887387276
863.849835 1.34350673358
877.694952 3.74758966764
884.379165 1.33165796598
898.188424 3.73907868067
904.826969 1.34141929944
911.431422 1.34630862872
918.184738 1.34511033694
924.723084 1.33802501361
931.327626 1.34214401245
937.898382 1.32079299291
951.641474 3.73303675652
958.412251 1.34421801567
972.971918 3.98423759143
979.559474 1.33825834592
993.302112 3.74559696515
1000.039289 1.33994062742
1006.527525 1.30372508367
1013.197784 1.34827637672
1019.768888 1.33965778351
1026.340033 1.32847134272
1033.07838 1.33526301384
1046.720797 3.70817303658
1061.382617 4.0205330054
1068.084443 1.34823894501
1083.044236 4.13485924403
1089.631443 1.35493731499
1096.204216 1.34953196843
1102.840683 1.33151133855
1116.666775 3.76149861018
1123.254121 1.33361466726
1129.808534 1.33927297592
1143.651463 3.73131235441
1150.289153 1.33095574379
1164.014824 3.72794795036
1170.702198 1.33781735102
1177.27353 1.33984899521
1183.844654 1.31507563591
1197.587016 3.72519930204
1211.579603 3.76670598984
1218.149866 1.33203101158
1232.6604 3.98355134328
1250.655208 5.09487064679
1264.564941 3.77192378044
1278.524322 3.75964331627
1292.88372 3.93354264895
1299.470838 1.33670131365
1306.208529 1.33699830373
1312.846844 1.33459091187
1326.638187 3.74222366015
1333.310505 1.35310872396
1351.288273 5.11087862651
1357.793436 1.330230395
1364.330795 1.32599957784
1371.118759 1.33754197756
1384.943759 3.75949796041
1402.372111 4.958025376
1409.109304 1.36029060682
1422.868666 3.75277972221
1429.47308 1.34510962168
1436.012604 1.32940363884
1450.003338 3.74445064863
1467.916717 5.11709038417
1474.704775 1.35027901332
1489.295809 3.99725365639
1495.934345 1.36848632495
1509.693636 3.72582999865
1523.652093 3.73117995262
1530.273555 1.3385207653
1544.102398 3.74332197507
1550.970711 1.34846202532
1557.507385 1.343511343
1564.096913 1.35236493746
1577.887629 3.74505074819
1584.760415 1.3668607076
1598.570109 3.73555636406
1605.106592 1.32320229212
1618.882239 3.75341614087
1632.890925 3.7548093001
1639.445635 1.33907079697
1646.049973 1.35237058004
1659.808876 3.725908041
1673.985708 3.80491161346
1688.944608 4.12682596842
1702.754053 3.74516471227
1716.746404 3.75456706683
1730.573073 3.74641140302
1744.398048 3.75267402331
1758.440576 3.76574397087
1765.095527 1.36058823268
1771.733028 1.35448098183
1778.303391 1.33911466599
1793.029906 3.98705657323
1806.922295 3.77284399668
1821.316211 3.93506375949
1835.240889 3.74000104268
1849.000372 3.73808391889
1855.639705 1.34724704425
1862.458961 1.33156172434
1876.251269 3.74011834462
1882.889178 1.33940593402
1889.410074 1.31865930557
1903.71988 3.82299566269
1918.512985 4.06980133057
1925.234343 1.363240242
1939.176998 3.74464933077
1953.836978 4.02034012477
1968.513096 4.02198664347
1975.267608 1.35455226898
1989.026822 3.75254225731
2002.76921 3.72116223971
2009.556624 1.3309413592
2023.385848 3.75700338682
2030.002737 1.34334595998
2043.812363 3.74557495117
2050.617051 1.33684062958
2064.493184 3.767405351
2071.130027 1.33253741264
2085.506222 3.94102064768
2092.378292 1.35009932518
2098.982411 1.34686724345
2112.723988 3.744607687
2119.295172 1.31466794014
2137.37486 5.11653804779
2151.184588 3.75868272781
2157.938075 1.34268069267
2171.713476 3.75041834513
2185.523528 3.75988173485
2200.316255 4.01661229134
2206.987255 1.36462473869
2213.675491 1.35417373975
2220.279779 1.33117866516
2445.278706 74.0822709401
2452.031791 1.33076357841
2466.541744 3.99035867055
2481.235122 4.04080184301
2488.090325 1.34479832649
2494.593937 1.32986195882
2501.148122 1.32626787821
2515.758174 4.00777800878
2522.511905 1.32167037328
2536.321818 3.76231765747
2550.147837 3.74103061358
2565.00644 4.0111006101
2579.699978 4.02884801229
2593.510047 3.73743327459
2607.552785 3.7606789271
2614.209413 1.33788720767
2628.031728 3.74975903829
2642.074836 3.74763894081
2655.916757 3.74820844332
2662.588604 1.35431567828
2669.443025 1.35785428683
2683.221872 3.74696294467
2698.077972 4.10593001048
2704.833036 1.33787854513
2718.608436 3.74704901377
2733.150829 3.99365433057
2747.194244 3.74985027313
2753.78195 1.34456300735
2767.607325 3.73578731219
2774.411971 1.35043438276
2788.105065 3.72013227145
2794.658739 1.3353916804
2808.551426 3.76071770986
2815.405503 1.35342335701
2821.977674 1.34045799573
2828.514998 1.33108528455
2842.343115 3.75361140569
2856.350377 3.7275484403
2870.17577 3.75389297803
2883.934705 3.73589690526
2890.822692 1.34530433019
2897.393805 1.34544563293
2904.114238 1.35107827187
2917.889917 3.75236868858
2924.661858 1.33154630661
2938.486903 3.74843676885
2953.413789 4.12272699674
2967.42371 3.74693226814
2974.077489 1.36112737656
2980.632484 1.33758624395
2994.457179 3.76246571541
3001.311258 1.3488594691
3015.171527 3.73959128062
3021.858354 1.36836942037
3035.683916 3.73899563154
3050.260886 3.92481700579
3056.88173 1.34625903765
3063.40365 1.29970701536
3078.063059 4.021727403
3084.984109 1.35187633832
3091.487702 1.32139706612
3098.109594 1.33813937505
3116.072357 5.12642534574
3130.080097 3.74716202418
3143.888685 3.75459098816
3158.566485 4.02030730247
3165.319715 1.31914663315
3171.957937 1.34875337283
3186.57041 4.00469136238
3200.476402 3.75032289823
3207.281012 1.34653027852
3221.073624 3.7482937177
3235.817128 4.04911589622
3249.92679 3.74617870649
3263.751596 3.75258167585
3277.561049 3.75354568164
3284.398464 1.33706061045
3290.987023 1.32943741481
3304.845746 3.76479744911
3311.482791 1.35013524691
3318.341454 1.35190471013
3325.06027 1.35109821955
3338.951101 3.75299429893
3345.573181 1.32609828313
3352.310811 1.33327460289
3366.019731 3.73024233182
3372.623724 1.3405679067
3379.295311 1.35410666466
3386.116649 1.36765988668
3399.891568 3.73024821281
3406.546594 1.34291998545
3421.357827 4.06622195244
3435.516741 3.7632830143
3449.240664 3.73775275548
3464.101287 4.10763597488
3478.127067 3.75123000145
3491.953215 3.75257205963
3498.573422 1.35397171974
3505.244811 1.32423130671
3519.137721 3.75783276558
3533.01358 3.75296839078
3539.800758 1.33663741748
3546.454792 1.34671028455
3560.364211 3.76084462802
3566.889235 1.31935469309
3573.624227 1.3350713253
3580.211766 1.33878922462
3594.019896 3.72376290957
3818.918907 74.0935593446
