12.172188 1.59719904264
19.946303 9999
38.606978 3.18989268939
52.120305 1.6076909701
69.099358 2.48306727409
87.878253 2.40713938077
100.502988 1.57638001442
113.263084 1.62948067983
126.343007 1.58520030975
139.41608 1.59405604998
152.875795 1.59296798706
166.001944 1.60705407461
179.228855 1.58411971728
191.108805 9999
198.481046 9999
207.739436 9999
217.193151 9999.0
226.084739 9999
235.224166 9999
245.280531 9999
252.755741 9999.0
261.89428 9999
271.03484 9999
279.674063 9999
288.397127 9999.0
297.319903 9999
306.743703 9999
315.820748 9999
324.844175 9999.0
336.33275 9999
343.321545 9999
352.294442 9999
361.43507 9999.0
370.62569 9999
380.518443 9999
391.07667 9999
400.414521 9999.0
410.805227 9999
422.565721 9999
433.07581 9999.0
442.648046 9999
451.652149 9999
460.695943 9999
469.434345 9999.0
481.826474 9999
490.33599 9999
502.073741 9999.0
514.621803 9999
524.393761 9999
532.932883 9999.0
542.503626 9999
551.376814 9999
560.050486 9999
569.089848 9999.0
580.200772 9999
589.241584 9999
599.395973 9999.0
609.253272 9999
617.142557 9999
627.617975 9999
637.492064 9999.0
645.049782 9999
655.841703 9999
664.861937 9999
674.702051 9999.0
683.575646 9999
696.485428 9999
705.61022 9999.0
718.153663 9999
727.542769 9999
736.549816 9999.0
746.806611 9999
754.615042 9999
764.053702 9999
773.428102 9999.0
783.583917 9999
792.626072 9999
802.632638 9999
810.670124 9999.0
821.899202 9999
830.452757 9999
839.395419 9999
847.848012 9999.0
861.261571 9999
868.630142 9999
877.804586 9999
886.810675 9999.0
895.901916 9999
904.508986 9999
914.098193 9999
925.490228 9999.0
937.001662 9999
944.437924 9999
953.460804 9999
961.149481 9999.0
971.55872 9999
983.335491 9999
992.089899 9999.0
1000.533003 9999
1010.256825 9999
1019.864151 9999
1028.916911 9999.0
1037.444826 9999
1046.46387 9999
1055.207415 9999
1065.631295 9999.0
1077.921547 9999
1088.630929 9999
1095.616642 9999
1104.696123 9999.0
1114.197773 9999
1122.990466 9999
1134.396226 9999
1145.069465 9999.0
1155.295725 9999
1165.72272 9999
1174.662198 9999
1184.419949 9999.0
1194.058236 9999
1206.486125 9999
1216.323816 9999.0
1225.548038 9999
1234.473503 9999
1243.661721 9999
1252.668126 9999.0
1263.292526 9999
1271.799031 9999
1281.456714 9999
1291.279799 9999.0
1302.890815 9999
1311.645099 9999
1322.002739 9999.0
1330.679401 9999
1339.737332 9999
1348.639285 9999
1356.513019 9999.0
1365.721662 9999
1376.242755 9999
1386.220439 9999
1399.413793 9999.0
1408.600898 9999
1417.924576 9999
1426.500262 9999
1437.859592 9999.0
1448.880463 9999
1458.257972 9999
1467.414857 9999
1476.220094 9999.0
1485.492201 9999
1498.035827 9999
1507.71049 9999.0
1520.535463 9999
1529.075258 9999
1538.64759 9999.0
1549.139812 9999
1559.531911 9999
1571.790474 9999.0
1579.429656 9999
1592.674813 9999
1601.728905 9999
1608.500618 9999.0
1616.973591 9999
1625.347998 9999
1634.706912 9999
1643.677608 9999.0
1656.285607 9999
1665.05867 9999
1676.351516 9999.0
1687.564686 9999
1696.900515 9999
1707.15788 9999.0
1716.097187 9999
1725.605194 9999
1736.295976 9999
1744.721456 9999.0
1753.810294 9999
1762.781736 9999
1774.460087 9999
1783.51457 9999.0
1792.404989 9999
1800.930346 9999
1810.58455 9999
1820.043487 9999.0
1831.08322 9999
1841.060052 9999
1850.133658 9999.0
1858.586784 9999
1866.861064 9999
1876.684448 9999
1884.141286 9999.0
1894.346906 9999
1905.15639 9999
1917.330749 9999.0
1927.304666 9999
1934.046595 9999
1944.139916 9999
1951.472861 9999.0
1959.446097 9999
1968.186516 9999
1981.14806 9999
1992.521277 9999.0
2001.179573 9999
2011.587903 9999
2018.974442 9999
2027.329832 9999.0
2036.770338 9999
2049.664693 9999
2058.252848 9999.0
2067.926889 9999
2082.239923 9999
2093.246658 9999.0
2102.789618 9999
2112.811107 9999
2122.534128 9999
2137.412915 9999.0
2147.154435 9999
2156.060021 9999
2165.64955 9999
2175.790819 9999.0
2185.216965 9999
2195.94284 9999
2206.016453 9999.0
2214.956483 9999
2224.378084 9999
2237.821465 9999.0
2248.662138 9999
2260.024668 9999
2273.90027 9999.0
2286.028965 9999
2295.379693 9999
2303.653547 9999
2313.296917 9999.0
2323.001644 9999
2332.608659 9999
2344.637551 9999.0
2357.211627 9999
2366.853825 9999
2377.140654 9999.0
2385.631992 9999
2397.392766 9999
2405.745845 9999
2413.801728 9999.0
2423.279763 9999
2432.015285 9999
2440.937689 9999
2451.380251 9999.0
2460.540318 9999
2468.093267 9999
2476.53197 9999
2485.461164 9999.0
2494.646547 9999
2507.338928 9999
2517.497316 9999.0
2525.052735 9999
2533.174537 9999
2545.250359 9999
2558.432677 9999.0
2571.236546 9999
2579.159817 9999
2588.750392 9999.0
2601.225621 9999
2613.81797 9999
2622.29603 9999.0
2630.856905 9999
2642.456456 9999
2651.416193 9999
2661.49002 9999.0
2670.194574 9999
2681.402608 9999
2691.727459 9999.0
2702.205088 9999
2712.576931 9999
2721.464944 9999
2730.472429 9999.0
2740.195978 9999
2752.189922 9999
2765.15051 9999.0
2774.824831 9999
2784.562744 9999
2796.85524 9999.0
2806.279008 9999
2814.970227 9999
2827.660802 9999.0
2835.733895 9999
2845.008931 9999
2854.515044 9999
2864.221964 9999.0
2876.435801 9999
2885.24049 9999
2898.298528 9999.0
2907.287647 9999
2917.281221 9999
2926.002684 9999
2934.909849 9999.0
2944.100148 9999
2952.522416 9999
2961.598524 9999
2971.201593 9999.0
2981.192713 9999
2989.785763 9999
2997.754907 9999
3010.349682 9999.0
3019.821916 9999
3030.229565 9999
3039.470191 9999
3051.461413 9999.0
3059.13381 9999
3067.958104 9999
3076.633106 9999
3088.056444 9999.0
3098.580736 9999
3107.022927 9999
3114.81238 9999
3123.666258 9999.0
3131.489164 9999
3140.213271 9999
3152.540992 9999
3160.85961 9999.0
3170.368862 9999
3180.90866 9999
3190.014924 9999
3197.687295 9999.0
3207.246445 9999
3216.252129 9999
3228.494429 9999.0
3239.471592 9999
3251.144478 9999
3259.985088 9999.0
3268.826097 9999
3276.250365 9999
3285.537038 9999
3293.943312 9999.0
3305.434688 9999
3315.662779 9999
3324.135687 9999.0
3336.176694 9999
3346.932087 9999
3357.310281 9999.0
3366.081346 9999
3378.923669 9999
3389.581597 9999.0
3398.156361 9999
3407.929003 9999
3416.752071 9999
3428.510616 9999.0
3438.750329 9999
3449.225942 9999
3458.683469 9999.0
3468.674494 9999
3478.514769 9999
3487.15725 9999
3499.013143 9999.0
3509.420696 9999
3518.527135 9999
3529.55413 9999.0
3539.861558 9999
3549.186249 9999
3562.747103 9999.0
3572.234047 9999
3585.511042 9999
3593.9523 9999.0
3605.508972 9999
