4.285334 9999
8.522167 9999
12.708101 9999
16.99404 9999
21.296301 9999
25.499229 9999
29.786647 9999
34.138686 9999.0
38.476298 9999
42.800421 9999
47.033059 9999
51.349175 9999
86.622885 1.64124211073
122.043224 1.64140490294
126.43429 9999
130.703608 9999
165.822605 1.63154557943
201.111744 1.63456202745
236.235916 1.62924060822
271.14231 1.61788883209
306.382181 1.63054029942
310.741861 9999
345.991427 1.63879886866
381.181362 1.63102287054
416.538143 1.63699177504
451.795306 1.63444525003
486.918787 1.62712256908
522.124631 1.63455483913
557.681803 1.65037573576
593.054573 1.64101635218
597.362705 9999
632.631678 1.63865360022
667.854434 1.63373003006
672.212205 9999
707.350159 1.63455668688
742.670031 1.63536785841
778.045078 1.64084130526
782.402263 9999
817.603265 1.63573582172
821.943459 9999
857.364308 1.64538283348
892.906433 1.64913436174
897.245308 9999
932.56473 1.64276746511
936.935962 9999
941.205346 9999
976.92574 1.66366802454
1012.015341 1.62380844355
1016.391311 9999
1051.674723 1.64025285244
1087.031702 1.63697075844
1091.372941 9999
1095.641404 9999
1131.294626 1.65924984217
1135.651645 9999
1170.873002 1.63934556246
1206.077813 1.63075830936
1210.451842 9999
1214.685317 9999
1250.056072 1.6432379961
1254.412321 9999
1289.833993 1.64816931486
1294.191101 9999
1298.375666 9999
1333.845443 1.6484801054
1338.250879 9999
1373.688411 1.6478723526
1378.014367 9999
1413.181444 1.63422199488
1448.604752 1.6420301199
1484.145092 1.64959504604
1488.519692 9999
1523.921336 1.64877574444
1528.243119 9999
1532.480592 9999
1567.750473 1.63998677731
1603.139646 1.64125431776
1638.280087 1.62706184387
1642.706179 9999
1678.073847 1.64170844555
1713.363485 1.63682109118
1749.003068 1.65180530548
1753.414362 9999
1788.713064 1.6403205514
1824.053305 1.63789697886
1828.426846 9999
1863.411886 1.62509758472
1867.804268 9999
1872.088211 9999
1907.191209 1.63385505676
1942.516286 1.63446199894
1946.889285 9999
1951.140072 9999
1986.52904 1.64652625322
1990.933502 9999
1995.220433 9999
2030.473531 1.6415921092
2034.931476 9999
2039.115377 9999
2043.301021 9999
2078.988922 1.66021178961
2083.311758 9999
2087.532721 9999
2122.46749 1.624626863
2126.774615 9999
2161.977251 1.63603432178
2197.433445 1.64196045399
2232.57427 1.62791086435
2267.997446 1.64079231024
2303.370066 1.63919849396
2338.37641 1.62198739052
2342.718355 9999
2346.953205 9999
2351.172234 9999
2386.126381 1.62431722879
2421.098909 1.61790738106
2456.370837 1.63142163754
2460.796059 9999
2496.264858 1.65101737976
2531.358087 1.62380371094
2535.763574 9999
2571.15034 1.64593547583
2606.403437 1.63575060368
2610.831116 9999
2615.06288 9999
2650.266575 1.63503328562
2654.706492 9999
2658.959068 9999
2694.07841 1.63129860163
2698.487168 9999
2702.704014 9999
2738.058079 1.64500206709
2742.448088 9999
2746.636359 9999
2781.920993 1.64075841904
2786.377569 9999
2790.546166 9999
2794.766907 9999
2830.219997 1.64868484735
2834.628126 9999
2870.145694 1.6536806941
2874.602964 9999
2878.837191 9999
2883.05725 9999
2887.344141 9999
2891.596372 9999
2926.815588 1.63596888781
2962.056291 1.6279594779
2997.629923 1.64313596487
3033.136538 1.64847593307
3037.594577 9999
3072.645838 1.63054279089
3077.073041 9999
3112.572133 1.65017460585
3147.762709 1.62783278227
3152.169977 9999
3187.542157 1.64365031719
3191.995194 9999
3227.26521 1.64242091179
3231.655599 9999
3266.841052 1.63781700134
3271.230846 9999
3306.701486 1.64961439371
3342.12471 1.64033454657
3377.547197 1.62923904657
3381.938701 9999
3417.191466 1.63737612963
3421.579571 9999
3425.765403 9999
3430.085267 9999
3465.539352 1.64957205057
3469.982676 9999
3505.715996 1.66188234091
3541.305693 1.64952751398
3576.92986 1.64616794586
3581.391153 9999
3616.972945 1.65642484426
