0.121757030487
0.12963104248
0.125323057175
0.126147031784
0.131740093231
0.126461029053
0.128576040268
0.129102945328
0.130936861038
0.126702070236
0.128315925598
0.132034778595
0.12939119339
0.131532907486
0.130373001099
0.123906135559
0.12868309021
0.130920171738
0.12645983696
0.125560045242
0.119189023972
0.116191864014
0.115872859955
0.115465164185
0.116640806198
0.116844892502
0.115802049637
0.116320848465
0.117244958878
0.116815805435
0.11585187912
0.116177082062
0.115727186203
0.115741968155
0.11568403244
0.116719007492
0.116161108017
0.11588716507
0.117071866989
0.11617898941
