0.123521089554
0.126121044159
0.130389928818
0.120903968811
0.131649971008
0.123445987701
0.123613119125
0.125424861908
0.122655153275
0.12829208374
0.129859209061
0.121338129044
0.130948066711
0.126571178436
0.125902891159
0.130975961685
0.126264095306
0.128522872925
0.128862142563
0.13102388382
0.11919593811
0.115499973297
0.114435911179
0.114159107208
0.114708900452
0.114593029022
0.124722957611
0.123355150223
0.115636825562
0.115942955017
0.116852998734
0.126592874527
0.128328084946
0.121052980423
0.115422964096
0.116984128952
0.115700960159
0.115946054459
0.116891860962
0.116145849228
