0.120532989502
0.128392219543
0.125341176987
0.129296779633
0.13009595871
0.130100011826
0.131625890732
0.126784086227
0.125797986984
0.130936145782
0.126307010651
0.12633895874
0.130491018295
0.129019975662
0.128741025925
0.126925945282
0.129465103149
0.12598490715
0.126868963242
0.126163959503
0.118967056274
0.114344835281
0.123564004898
0.127851963043
0.123412847519
0.129677057266
0.128751993179
0.124372959137
0.132948160172
0.128607988358
0.129786968231
0.1208589077
0.124598026276
0.125566005707
0.122547864914
0.127509117126
0.12198805809
0.124383926392
0.120558977127
0.116391897202
