4.890687 0.770717461904
9.677908 0.776078621546
14.564818 0.789595683416
19.266512 0.744499286016
23.970692 0.760106643041
28.773558 0.784880320231
33.558485 0.784498373667
38.412393 0.771612246831
43.149011 0.754397948583
47.918764 0.772472143173
52.639972 0.754322290421
57.45896 0.790761947632
62.210902 0.768005768458
66.981853 0.76483464241
71.834822 0.767293373744
76.704024 0.785893917084
81.459141 0.753380934397
86.261489 0.77726705869
91.097789 0.776949087779
95.984027 0.768757502238
100.786976 0.76603102684
105.777391 0.782031933467
110.626275 0.761425336202
115.530217 0.785082022349
120.399285 0.771317323049
125.253064 0.76734495163
130.172618 0.789344787598
135.09353 0.783703327179
140.050186 0.77587000529
144.983295 0.788195689519
149.93611 0.774045944214
154.889522 0.778594255447
159.859385 0.771961371104
164.762296 0.766631682714
169.715834 0.781131108602
174.685771 0.756682634354
179.607944 0.762107451757
184.57583 0.765217940013
189.563573 0.764439105988
194.601895 0.776101350784
199.502804 0.751413583755
204.523209 0.783307711283
209.692056 0.784647703171
214.578787 0.746655066808
219.666214 0.799476305644
224.635342 0.781080007553
229.65577 0.788362979889
234.642634 0.76473736763
239.779845 0.783854405085
244.798827 0.784419059753
249.736201 0.771794637044
254.705536 0.764247258504
259.762277 0.777016639709
264.795933 0.785944700241
269.899078 0.77650864919
274.852047 0.756977081299
279.940299 0.791139682134
285.074932 0.763654311498
290.06333 0.783545732498
295.015946 0.767048597336
300.152318 0.7737159729
305.171681 0.781687100728
310.208871 0.784213940303
315.229339 0.77881805102
320.198707 0.759854237239
325.252375 0.769953250885
330.421868 0.783521731695
335.425953 0.771295626958
340.446087 0.770879348119
345.498379 0.777742703756
350.552597 0.773856639862
355.623242 0.77630964915
360.742025 0.758622964223
365.762858 0.779549996058
370.748966 0.778904358546
375.818913 0.784929911296
380.872909 0.781801700592
385.908408 0.775565385818
390.995447 0.761224985123
396.03254 0.784942944845
401.051944 0.750710964203
406.022768 0.768097956975
411.175424 0.812910318375
416.162907 0.759026686351
421.265685 0.764246543248
426.30472 0.763342698415
431.392421 0.767394781113
436.391563 0.754887660344
441.445935 0.771124283473
446.549044 0.790458043416
451.686059 0.766458034515
456.906271 0.794983625412
461.909837 0.767903327942
466.913462 0.746479988098
471.968757 0.788376728694
476.903506 0.738135735194
482.039353 0.771356026332
487.059386 0.771120707194
492.112213 0.778868993123
497.19876 0.772082408269
502.252347 0.760417540868
507.324969 0.785561641057
512.613182 0.794718027115
517.74579 0.789613008499
522.766665 0.770492235819
527.836616 0.766805648804
532.873806 0.776058355967
537.959574 0.773123025894
543.245989 0.787475029627
548.28534 0.776717662811
553.320372 0.771946032842
558.356069 0.771379709244
563.42786 0.781421343486
568.530002 0.802218278249
573.850418 0.79202636083
578.820296 0.772068421046
583.908065 0.781002918879
588.959748 0.782759984334
593.979441 0.781492312749
599.149801 0.799513657888
604.370675 0.764547109604
609.42294 0.784470001856
614.577408 0.804998000463
619.563373 0.758604685465
624.703493 0.786154588064
629.786658 0.77178033193
635.023139 0.768648306529
640.043604 0.75917673111
645.046799 0.770937919617
650.167384 0.781714359919
655.256598 0.781021992366
660.240451 0.764595270157
665.526895 0.795222043991
670.516573 0.757011651993
675.45087 0.754338979721
680.521084 0.766014655431
685.640944 0.786372661591
690.660811 0.778121630351
696.046817 0.782829046249
701.037325 0.776089350382
706.073681 0.760403315226
711.141315 0.777214606603
716.178011 0.766636371613
721.147074 0.749410390854
726.450744 0.791039625804
731.571271 0.789210319519
736.691352 0.783911069234
741.711374 0.777377684911
746.813731 0.783711036046
751.817912 0.763032039007
757.088118 0.777240435282
762.091247 0.753952026367
767.127583 0.768863280614
772.216753 0.771094719569
777.251134 0.775161266327
782.320955 0.782090266546
787.524553 0.771661361059
792.580427 0.767514705658
797.630859 0.755556344986
802.733991 0.789211750031
807.871286 0.782759269079
812.974488 0.79144803683
818.180427 0.787530660629
823.165586 0.761678695679
828.368919 0.784301916758
833.406272 0.7869459788
838.40771 0.760677655538
843.411611 0.755004723867
848.598807 0.775010903676
853.73459 0.794429779053
858.790263 0.777666012446
863.908076 0.794563452403
868.962181 0.7612443765
873.949288 0.779868364334
879.20172 0.764276663462
884.272238 0.78272263209
889.407916 0.790110985438
894.494959 0.776330709457
899.614852 0.788995345434
904.602007 0.774874766668
909.755657 0.763665914536
914.791807 0.7743704319
919.962344 0.814322392146
924.932582 0.760566393534
930.086041 0.782682021459
935.172752 0.778068939845
940.509704 0.792965650558
945.462487 0.741124629974
950.465763 0.768810908
955.518713 0.781104008357
960.539457 0.754060665766
965.591816 0.783821344376
970.978677 0.797550439835
976.052017 0.783034880956
981.086366 0.759691317876
986.172652 0.779102643331
991.275895 0.784816980362
996.345987 0.76434691747
1001.550377 0.773144006729
1006.60397 0.765149990718
1011.639761 0.771411339442
1016.726669 0.781128247579
1021.829167 0.784091631571
1026.952661 0.806122461955
1032.219295 0.794971307119
1037.256272 0.76020638148
1042.376328 0.771195650101
1047.362677 0.746824026108
1052.332941 0.756315310796
1057.303348 0.754757563273
1062.622971 0.777812321981
1067.760041 0.791231314341
1072.863053 0.796355962753
1077.900045 0.769572257996
1082.987186 0.78324564298
1088.05742 0.766534805298
1093.32607 0.781221628189
1098.447612 0.78878068924
1103.533926 0.770545562108
1108.653548 0.794964313507
1113.657138 0.758378744125
1118.760434 0.780929327011
1124.013501 0.77405500412
1129.083339 0.766322374344
1134.154593 0.775074720383
1139.291973 0.787857373556
1144.427349 0.79280034701
1149.43076 0.756462176641
1154.667184 0.76144862175
1159.988081 0.844144662221
1165.024547 0.779485702515
1170.111225 0.780507326126
1175.14757 0.769461631775
1180.201007 0.779189348221
1185.555374 0.800903956095
1190.574052 0.753482659658
1195.627603 0.781645218531
1200.730909 0.773898283641
1205.800794 0.787602980932
1210.871482 0.773909886678
1216.341164 0.77890698115
1221.463354 0.784549077352
1226.581005 0.78809038798
1231.688204 0.78276904424
1236.688775 0.749569336573
1241.824863 0.798242648443
1247.028367 0.765144348145
1252.214976 0.785029649734
1257.268728 0.766272703807
1262.455358 0.796700636546
1267.642768 0.806924661001
1272.729192 0.782695055008
1278.001907 0.785226027171
1283.085563 0.771756331126
1288.172813 0.77176173528
1293.242326 0.767874320348
1298.345224 0.780987024307
1303.399293 0.762332042058
1308.686276 0.772033850352
1313.756289 0.774985074997
1318.859873 0.806976715724
1323.912643 0.779853900274
1328.965711 0.780730644862
1333.986024 0.764509598414
1339.238925 0.765591303507
1344.260323 0.772030115128
1349.429807 0.808422962825
1354.499489 0.789287726084
1359.587023 0.775543371836
1364.572634 0.752258380254
1369.90991 0.772857348124
1374.996831 0.779180606206
1380.051051 0.774599075317
1385.152898 0.78523127238
1390.123044 0.744288365046
1395.210181 0.780297040939
1400.530345 0.773065249125
1405.616539 0.777098099391
1410.703693 0.774202664693
1415.790967 0.786993106206
1420.859564 0.769097407659
1425.897296 0.765539646149
1431.184206 0.775555372238
1436.320107 0.793984015783
1441.4733 0.791823943456
1446.493573 0.755379041036
1451.631895 0.780955076218
1456.767425 0.797033627828
1462.053784 0.759518305461
1467.173952 0.78547890981
1472.177389 0.760642051697
1477.21427 0.758922020594
1482.2348 0.758097330729
1487.407399 0.79846294721
1492.76208 0.781309048335
1497.996005 0.802070299784
1503.031465 0.769763072332
1508.050352 0.748309453328
1513.12059 0.770562648773
1518.225207 0.784125725428
1523.479033 0.768707990646
1528.580845 0.775684356689
1533.534685 0.741839965185
1538.571188 0.764003038406
1543.691273 0.775953690211
1548.778971 0.777042706807
1554.04791 0.777877966563
1559.134624 0.769499699275
1564.188146 0.761103709539
1569.274351 0.767095327377
1574.279274 0.752688884735
1579.414974 0.784243663152
1584.652882 0.775384346644
1589.688684 0.74974767367
1594.774477 0.776274283727
1599.761912 0.758340358734
1604.849773 0.788709640503
1609.901372 0.777414401372
1615.139114 0.778307358424
1620.209198 0.776230653127
1625.412681 0.803055763245
1630.54898 0.777974843979
1635.63602 0.781109333038
1640.78995 0.781095663706
1646.175788 0.777067740758
1651.194886 0.769057591756
1656.283158 0.773380279541
1661.40416 0.784640312195
1666.509212 0.774638573329
1671.593418 0.776082197825
1676.846392 0.774115721385
1681.949159 0.797626018524
1686.887518 0.752355019252
1692.073873 0.783574581146
1697.143291 0.778920332591
1702.112518 0.74402030309
1707.453759 0.794142723083
1712.603027 0.790237267812
1717.656044 0.758544683456
1722.744523 0.782079299291
1727.84684 0.78470436732
1732.966555 0.778330643972
1738.289035 0.780152320862
1743.44038 0.788822730382
1748.660249 0.818220615387
1753.749152 0.775730292002
1758.850692 0.775275786718
1763.903904 0.770957310994
1769.173712 0.754323959351
1774.376946 0.794997692108
1779.430869 0.767727375031
1784.617009 0.802978277206
1789.654136 0.7730067571
1794.707698 0.776758114497
1799.877754 0.764356295268
1805.081059 0.792774279912
1810.150713 0.7672560215
1815.32088 0.791583061218
1820.292053 0.761885960897
1825.394882 0.770707368851
1830.731429 0.772112051646
1835.818753 0.77614569664
1840.887817 0.772235314051
1845.942238 0.784725030263
1851.094174 0.767657677333
1856.214583 0.784889062246
1861.451805 0.76705733935
1866.505094 0.77054754893
1871.507798 0.765763600667
1876.562215 0.780031919479
1881.715256 0.788783709208
1886.735238 0.776681343714
1891.972195 0.788792212804
1896.945341 0.757603963216
1902.044862 0.778832674026
1907.147921 0.780250708262
1912.10237 0.752197027206
1917.172304 0.783846219381
1922.525687 0.782049655914
1927.612076 0.772205352783
1932.716971 0.772969007492
1937.85228 0.780606349309
1942.937898 0.790721257528
1948.009167 0.781519730886
1953.345527 0.776850700378
1958.432972 0.769696633021
1963.51884 0.775720040003
1968.60908 0.768282254537
1973.625886 0.763410965602
1978.729539 0.764218568802
1984.066367 0.793799718221
1989.152822 0.769576708476
1994.189192 0.758583227793
1999.393201 0.787429332733
2004.479585 0.774391412735
2009.500083 0.772528966268
2014.787142 0.766618649165
2019.956435 0.786036411921
2025.027477 0.77642138799
2030.062764 0.76260860761
2035.099612 0.7748234272
2040.136252 0.767749230067
2045.440183 0.774866024653
2050.493087 0.7719262441
2055.613886 0.797899325689
2060.768821 0.802088975906
2065.804844 0.778992414474
2070.740258 0.744898001353
2076.110453 0.791258414586
2081.130344 0.761301279068
2086.20068 0.778237024943
2091.27006 0.769467671712
2096.373887 0.781238396962
2101.543272 0.765667994817
2106.881045 0.772555112839
2112.034402 0.785749673843
2117.073069 0.761437654495
2122.123285 0.772655646006
2127.297605 0.790308952332
2132.431511 0.780123392741
2137.684625 0.762955665588
2142.687399 0.754041989644
2147.774004 0.769617716471
2152.84452 0.761556704839
2158.030741 0.805233001709
2163.067434 0.757731993993
2168.370893 0.788817087809
2173.391973 0.769498984019
2178.377197 0.7593506972
2183.381118 0.764813264211
2188.485429 0.79020635287
2193.538185 0.756158034007
2198.825397 0.766843398412
2203.863233 0.77564907074
2208.948539 0.770624558131
2214.084553 0.782493750254
2219.156487 0.770161628723
2224.291902 0.765311717987
2229.663924 0.804361025492
2234.814565 0.780953009923
2239.851334 0.76323167483
2245.105026 0.75072367986
2250.29562 0.795119603475
2255.394814 0.77703332901
2260.715598 0.774137655894
2265.852182 0.789904594421
2270.839321 0.742541710536
2275.993201 0.794569730759
2281.046268 0.761634747187
2286.14836 0.772772630056
2291.468909 0.761395057042
2296.422052 0.748298962911
2301.558822 0.790755907694
2306.596536 0.77681962649
2311.69885 0.784324884415
2316.78974 0.774588346481
2322.039255 0.764091253281
2327.109506 0.773576021194
2332.162729 0.778052012126
2337.199121 0.777222951253
2342.252735 0.77885166804
2347.40599 0.795188188553
2352.59279 0.759889602661
2357.713717 0.779512008031
2362.699662 0.757274389267
2367.736764 0.760380983353
2372.890143 0.790217320124
2377.926835 0.765028953552
2383.179727 0.764939705531
2388.233554 0.774132013321
2393.319902 0.794435342153
2398.356681 0.776099046071
2403.46099 0.785015583038
2408.480091 0.755295991898
2413.733795 0.76210530599
2418.790391 0.786753416061
2423.890466 0.786146640778
2428.926216 0.766359011332
2434.013922 0.773435751597
2439.033482 0.780093987783
2444.271458 0.773326317469
2449.356739 0.771866401037
2454.44372 0.779528697332
2459.517328 0.780753691991
2464.61748 0.771370013555
2469.687618 0.771737655004
2474.990092 0.780720472336
2479.960143 0.748280922572
2485.063911 0.763818105062
2490.201123 0.780073404312
2495.253927 0.788027683894
2500.40772 0.789606332779
2505.727086 0.783588329951
2510.781695 0.761384963989
2515.883958 0.79002404213
2520.920584 0.758014996847
2525.94103 0.76407790184
2531.078233 0.783805211385
2536.531692 0.803918282191
2541.618365 0.773712952932
2546.704611 0.780461072922
2551.844954 0.785487651825
2556.944261 0.781469583511
2561.982099 0.772969722748
2567.368155 0.784472703934
2572.571488 0.810916662216
2577.592078 0.775048732758
2582.711802 0.804453929265
2587.749179 0.774703025818
2592.884792 0.79540292422
2598.272468 0.787342309952
2603.325179 0.774100621541
2608.390068 0.756160259247
2613.598551 0.780603011449
2618.735671 0.791162331899
2623.823752 0.786190032959
2629.242179 0.789911270142
2634.247306 0.771627346675
2639.365695 0.776431957881
2644.369839 0.745628595352
2649.42465 0.78644100825
2654.512758 0.776538213094
2659.812399 0.758387565613
2664.899629 0.77739795049
2669.969316 0.786869366964
2675.022317 0.780092716217
2680.126706 0.76659210523
2685.249493 0.783068736394
2690.536221 0.758680661519
2695.586098 0.778448661168
2700.724887 0.783170938492
2705.843389 0.788638353348
2711.130286 0.795873324076
2716.117373 0.759556055069
2721.420032 0.794139385223
2726.439723 0.76491300265
2731.459834 0.766111294429
2736.546595 0.768781026204
2741.56713 0.762122710546
2746.606619 0.763612031937
2751.957038 0.770708719889
2757.04425 0.761152346929
2762.213704 0.773569345474
2767.367459 0.800973097483
2772.521239 0.788158734639
2777.757837 0.824800650279
2783.060952 0.792047023773
2788.164509 0.777196248372
2793.250826 0.781563917796
2798.354705 0.774941762288
2803.39277 0.771350622177
2808.52804 0.787486394246
2813.897879 0.777084350586
2818.885418 0.756030241648
2823.987816 0.76314107577
2829.141202 0.796365261078
2834.195357 0.771705389023
2839.281972 0.785629113515
2844.654893 0.777939955393
2849.657698 0.755095322927
2854.808498 0.785068353017
2859.878561 0.760587294896
2864.931947 0.752644300461
2870.118436 0.778375705083
2875.32246 0.760492324829
2880.441712 0.78420996666
2885.561874 0.778995116552
2890.549007 0.747288862864
2895.668322 0.790816307068
2900.839344 0.791449626287
2906.093365 0.780343612035
2911.246124 0.777235110601
2916.282862 0.76632364591
2921.318704 0.761560440063
2926.32289 0.758965412776
2931.509145 0.789376099904
2936.812825 0.786775668462
2941.94971 0.790971279144
2947.019403 0.76428937912
2952.106958 0.789170344671
2957.227698 0.777145385742
2962.313256 0.785995403926
2967.599486 0.77427093188
2972.756884 0.784024000168
2977.873805 0.764458576838
2982.925606 0.778256018957
2987.996241 0.770442406336
2993.116618 0.782226403554
2998.420844 0.776794989904
3003.53993 0.794368664424
3008.676947 0.793573935827
3013.747423 0.779743671417
3018.800161 0.77604897817
3023.903352 0.776014645894
3029.257358 0.768596013387
3034.394015 0.776161670685
3039.500815 0.780186891556
3044.61788 0.764599323273
3049.687277 0.777056614558
3054.823661 0.78861784935
3060.227425 0.791789054871
3065.281764 0.767918904622
3070.334497 0.788386662801
3075.35368 0.762723286947
3080.425021 0.779493649801
3085.595744 0.782652934392
3090.86596 0.774845997492
3095.951037 0.786221345266
3101.022024 0.768767674764
3105.990863 0.752114375432
3111.077928 0.795383294423
3116.148802 0.777003924052
3121.50194 0.776266654332
3126.688963 0.800938049952
3131.777682 0.772133350372
3136.828757 0.779662926992
3141.797844 0.749938964844
3146.818486 0.746544361115
3152.271692 0.804182291031
3157.392679 0.778634945552
3162.445515 0.777701616287
3167.499185 0.765705664953
3172.520429 0.758399963379
3177.655301 0.784755706787
3183.061258 0.795861323675
3188.195227 0.780582348506
3193.266501 0.757292032242
3198.452261 0.80079404513
3203.605816 0.797746658325
3208.675782 0.766819636027
3214.062848 0.783404747645
3219.182672 0.788014650345
3224.286145 0.776802301407
3229.506692 0.778810898463
3234.609754 0.787574291229
3239.716766 0.754369735718
3244.982788 0.766658306122
3249.956936 0.761868953705
3255.056904 0.773837645849
3260.260261 0.788959344228
3265.330036 0.766098578771
3270.4833 0.774978717168
3275.786987 0.763873259226
3280.891915 0.772903680801
3285.993445 0.788259665171
3291.014207 0.755377372106
3296.066741 0.771729628245
3301.254338 0.774476448695
3306.607454 0.780207713445
3311.678316 0.778094053268
3316.746897 0.781471411387
3321.901702 0.787552038829
3326.920422 0.768999973933
3332.092502 0.785716692607
3337.394355 0.787949403127
3342.464975 0.771195570628
3347.517998 0.778603951136
3352.587262 0.782618284225
3357.724372 0.793475230535
3362.861622 0.806889454524
3368.215359 0.780111948649
3373.301767 0.767911036809
3378.388243 0.778164386749
3383.408342 0.756635348002
3388.527606 0.789807240168
3393.63106 0.780064582825
3398.884427 0.752833286921
3404.038781 0.783964792887
3409.09148 0.759885549545
3414.228471 0.77174560229
3419.366698 0.783396244049
3424.46813 0.765682697296
3429.889819 0.787867705027
3435.125261 0.806691884995
3440.278915 0.794762293498
3445.34935 0.794838269552
3450.435727 0.782426913579
3455.523839 0.781135638555
3460.858701 0.776062011719
3465.96197 0.776543776194
3470.982093 0.761643330256
3476.036532 0.776507377625
3481.122751 0.769010305405
3486.226053 0.773238023122
3491.613431 0.795809268951
3496.766309 0.786106348038
3501.819275 0.788005987803
3506.889817 0.764320929845
3511.96005 0.768879652023
3517.046203 0.768702983856
3522.437606 0.774366935094
3527.437024 0.754943609238
3532.440223 0.7513636748
3537.476909 0.776631991069
3542.597128 0.773354371389
3547.684074 0.767004648844
3553.03705 0.771584033966
3558.057216 0.749189376831
3563.143129 0.78638958931
3568.213691 0.760674317678
3573.335197 0.781971693039
3578.386978 0.779386997223
3583.757144 0.754485368729
3588.844476 0.775248130163
3593.897664 0.764498392741
3599.03389 0.791520357132
3604.103789 0.780725955963
3609.174871 0.780070702235
3614.561375 0.771338383357
3619.598138 0.749275128047
3624.668394 0.769359350204
3629.787673 0.794221083323
3634.97412 0.795831044515
3639.977579 0.766081730525
3645.298356 0.768305619558
3650.384529 0.769690275192
3655.504432 0.780127684275
3660.590675 0.772898276647
3665.74481 0.789825757345
3670.747972 0.755752245585
3676.136135 0.781363328298
3681.20462 0.770781755447
3686.275516 0.761284987132
3691.411639 0.786228736242
3696.498357 0.780405044556
3701.585221 0.784994602203
3706.989095 0.78241109848
3712.125194 0.785006999969
3717.249161 0.796688318253
3722.449729 0.795677661896
3727.603051 0.804314692815
3732.655447 0.775303045909
3738.076326 0.778209686279
3743.213441 0.79284230868
3748.266431 0.763144334157
3753.286128 0.739546537399
3758.492994 0.790454308192
3763.575754 0.786513725917
3769.048128 0.787829001745
3774.10039 0.779426972071
3779.169468 0.766601959864
3784.290887 0.777575333913
3789.393278 0.79643368721
3794.396546 0.775634368261
3799.768593 0.778854926427
3804.769617 0.758773326874
3809.877124 0.796574354172
3814.909764 0.771074692408
3820.064324 0.780100981394
3825.166114 0.774450063705
3830.503947 0.753941933314
3835.59032 0.785498936971
3840.694201 0.771646976471
3845.864555 0.798257986705
3850.950405 0.770738919576
3855.969951 0.770647366842
3861.34067 0.777578353882
3866.344628 0.760791301727
3871.430948 0.774368365606
3876.434761 0.74974600474
3881.553829 0.789139350255
3886.607447 0.765964428584
3892.061572 0.778672297796
3897.015696 0.755496660868
3902.201716 0.802918036779
3907.220756 0.76385140419
3912.290622 0.779832998912
3917.261722 0.761094649633
3922.648438 0.772318601608
3927.71832 0.769316037496
3932.854651 0.782810370127
3937.808226 0.737917264303
3942.844949 0.781230926514
3947.864943 0.764308691025
3953.184906 0.765632947286
3958.305195 0.796218077342
3963.39179 0.770090977351
3968.479025 0.774775981903
3973.48251 0.7617243131
3978.551532 0.774749755859
3983.990119 0.777096589406
3989.142387 0.774398644765
3994.146267 0.76926000913
3999.184726 0.763948361079
4004.252657 0.769343296687
4009.38854 0.791562954585
4014.743562 0.768396377563
4019.712686 0.762469609578
4024.800288 0.779153029124
4029.786061 0.76966659228
4034.905736 0.786655743917
4039.992449 0.774419943492
4045.279149 0.764783382416
4050.299492 0.775516986847
4055.269043 0.739614009857
4060.372125 0.776591062546
4065.509586 0.778779029846
4070.529109 0.7645064195
4076.01635 0.792184988658
4081.036714 0.767347017924
4086.140124 0.778086264928
4091.14336 0.763229290644
4096.212448 0.783117373784
4101.282985 0.767009655635
4106.58805 0.781198740005
4111.508332 0.744568983714
4116.492723 0.766861756643
4121.580045 0.797839641571
4126.599742 0.763352711995
4131.602096 0.75633541743
4136.973002 0.78196199735
4142.093621 0.786664009094
4147.163605 0.792682647705
4152.16671 0.780820687612
4157.186816 0.771214008331
4162.22295 0.764221668243
4167.560797 0.768844604492
4172.629868 0.767013311386
4177.783618 0.797728935877
4182.872776 0.778518994649
4187.840429 0.734878222148
4192.860079 0.770225048065
4198.114222 0.772439002991
4203.151475 0.7621986866
4208.170024 0.770188093185
4213.30809 0.793145974477
4218.327462 0.772704680761
4223.346716 0.761554479599
4228.599953 0.766951958338
4233.653586 0.780924240748
4238.710118 0.777086337407
4243.777193 0.781572024028
4248.797076 0.75533692042
4253.800351 0.753920316696
4259.120076 0.782709360123
4264.207082 0.772841612498
4269.244173 0.778741677602
4274.297548 0.777676582336
4279.267413 0.741715749105
4284.32036 0.771901369095
4289.758373 0.799272378286
4294.910963 0.796704451243
4299.948479 0.758674065272
4305.017563 0.775695006053
4309.98716 0.765119075775
4314.990658 0.763303120931
4320.244266 0.762053410212
4325.348094 0.79443470637
4330.367735 0.76592707634
4335.387652 0.763522624969
4340.441454 0.779750744502
4345.595674 0.799136956533
4350.781797 0.754485925039
4355.800741 0.771260579427
4360.887787 0.768162965775
4365.974372 0.778003374736
4370.945069 0.749441862106
4376.001828 0.773835976919
4381.28545 0.778743743896
4386.420959 0.786949714025
4391.357585 0.755827585856
4396.461688 0.787306308746
4401.531003 0.766625960668
4406.585222 0.776439825694
4411.88832 0.786962985992
4416.891631 0.763212362925
4422.011608 0.791857242584
4427.149216 0.783426046371
4432.218719 0.78004304568
4437.27247 0.777366717656
4442.458819 0.759001970291
4447.511705 0.773785352707
4452.614753 0.78681230545
4457.669272 0.776766061783
4462.707796 0.775386969248
4467.809467 0.774121046066
4473.112976 0.784488677979
4478.231952 0.786174376806
4483.302538 0.77814801534
4488.39254 0.771200656891
4493.391613 0.762185653051
4498.512667 0.798730691274
4503.816171 0.78884601593
4508.835639 0.773760080338
4513.923444 0.777175982793
4519.192171 0.766159613927
4524.195409 0.771314620972
4529.282893 0.782453378042
4534.518897 0.779373963674
4539.589463 0.780132770538
4544.709787 0.775737047195
4549.76311 0.761230627696
4554.832369 0.789590358734
4559.885917 0.792544921239
4565.156457 0.78889131546
4570.176408 0.749499718348
4575.230037 0.771059592565
4580.333066 0.775859912237
4585.236074 0.73779074351
4590.373938 0.797421693802
4595.742876 0.794090350469
4600.746137 0.771825313568
4605.783531 0.78021367391
4610.803144 0.757341066996
4615.773263 0.763625701269
4620.810275 0.761518319448
4626.197429 0.784206390381
4631.300499 0.786903619766
4636.403846 0.779432296753
4641.507194 0.78397099177
4646.593024 0.783921718597
4651.629948 0.76638507843
4657.018251 0.773603359858
4662.003798 0.76040259997
4667.057405 0.761386632919
4672.111914 0.771627585093
4677.113539 0.77032438914
4682.134467 0.773248116175
4687.587544 0.780967394511
4692.62388 0.762291749318
4697.760734 0.789855400721
4702.763901 0.765413363775
4707.867339 0.776885271072
4712.920381 0.770527124405
4718.290179 0.776223341624
4723.414218 0.786514361699
4728.414504 0.757177670797
4733.58446 0.781398057938
4738.671114 0.771648963292
4743.774623 0.78297440211
4749.145158 0.758552312851
4754.180769 0.776933431625
4759.401401 0.792471726735
4764.421969 0.767378409704
4769.508533 0.77747408549
4774.678479 0.80339495341
4780.198701 0.789869944255
4785.185098 0.771945079168
4790.305069 0.774431705475
4795.324742 0.782401323318
4800.42809 0.770728111267
4805.531265 0.782227595647
4810.901776 0.747478246689
4815.95534 0.786204973857
4820.992385 0.772197087606
4826.045652 0.770280599594
4831.082614 0.779199997584
4836.052653 0.75653107961
4841.455873 0.791087388992
4846.659849 0.792174259822
4851.695354 0.766866922379
4856.731912 0.774180730184
4861.852272 0.781061093012
4867.005772 0.788661638896
4872.442587 0.769515355428
4877.529175 0.771280368169
4882.632772 0.783993959427
4887.736848 0.792164961497
4892.809517 0.778012355169
4897.927022 0.791169643402
4903.330511 0.773702780406
4908.416046 0.775951306025
4913.620532 0.80122200648
4918.757606 0.800976037979
4923.927786 0.805676698685
4929.080106 0.782091299693
4934.617328 0.768239021301
4939.68749 0.775716304779
4944.790987 0.78360637029
4949.844035 0.77098663648
4954.93283 0.776806672414
4960.03629 0.778833707174
4965.571065 0.803302367528
4970.557493 0.7555372715
4975.628064 0.765904744466
4980.664556 0.772291739782
4985.70081 0.773800770442
4990.87069 0.785356362661
4996.391469 0.798421303431
5001.397777 0.778463602066
5006.533983 0.78563841184
5011.636538 0.775856335958
5016.805132 0.805964628855
5021.741121 0.76288429896
5027.145256 0.787223339081
5032.214909 0.771845976512
5037.317899 0.778446674347
5042.35585 0.7557665507
5047.442132 0.780293385188
5052.445816 0.766079346339
5057.899166 0.785677671432
5062.90293 0.753688971202
5067.971975 0.755791584651
5073.075655 0.777842919032
5078.113947 0.768169959386
5083.232699 0.771256367366
5088.736652 0.800071557363
5093.822497 0.778752644857
5098.926276 0.787039359411
5104.063184 0.788842995962
5109.215977 0.785620689392
5114.186329 0.755351702372
5119.593103 0.769917964935
5124.711001 0.772910674413
5129.81305 0.780356645584
5134.917212 0.782664934794
5140.169451 0.805576960246
5145.27371 0.784577687581
5150.676932 0.772935311
5155.764362 0.785076300303
5160.783402 0.748362700144
5165.98678 0.809112071991
5171.140263 0.796113014221
5176.293723 0.78622396787
5181.797708 0.78746732076
5186.784009 0.76211865743
5191.887419 0.788372755051
5196.991015 0.79360405604
5202.044326 0.77156496048
5207.081181 0.776407639186
5212.501477 0.784273703893
5217.571164 0.76979804039
5222.557695 0.756415367126
5227.610625 0.778263409932
5232.648551 0.783727645874
5237.767356 0.789646546046
5243.137729 0.756250619888
5248.258077 0.794264713923
5253.294793 0.756714026133
5258.284729 0.754951635997
5263.417814 0.791716972987
5268.471576 0.766981999079
5273.891032 0.780155022939
5278.961873 0.788273096085
5283.930846 0.754652023315
5289.021809 0.794029315313
5294.088233 0.789344946543
5299.258866 0.796342293421
5304.628637 0.765982627869
5309.698029 0.762801011403
5314.768287 0.763735373815
5319.888352 0.773065725962
5325.025586 0.79168566068
5330.145974 0.782087961833
5335.515842 0.76202027003
5340.55319 0.779614686966
5345.658759 0.790001710256
5350.692126 0.752503315608
5355.695676 0.750029961268
5360.685467 0.765343983968
5366.0697 0.757907390594
5371.173083 0.775981903076
5376.275909 0.796433051427
5381.351256 0.758189360301
5386.499061 0.775504271189
5391.536656 0.766504049301
5397.073786 0.779758612315
5402.127835 0.77478146553
5407.130163 0.766112327576
5412.349896 0.809395710627
5417.486094 0.780829747518
5422.57329 0.778929313024
5427.994168 0.768392642339
5433.030965 0.773993253708
5438.201022 0.779025952021
5443.236921 0.775567690531
5448.374048 0.777457396189
5453.494114 0.784044583639
5458.880756 0.768960873286
5463.850145 0.755481004715
5468.872397 0.766170978546
5473.92389 0.76885231336
5479.011978 0.781154632568
5484.164007 0.778349320094
5489.685029 0.799868663152
5494.754849 0.767385005951
5500.008579 0.800765355428
5505.095698 0.778526941935
5510.214947 0.774509986242
5515.335899 0.789074341456
5520.739025 0.765497048696
5525.809106 0.769550800323
5530.929455 0.797196944555
5535.965856 0.781070868174
5540.98549 0.77867603302
5546.105312 0.784883658091
5551.56 0.774082978566
5556.612424 0.76297044754
5561.66527 0.76012245814
5566.752679 0.777455568314
5571.856198 0.783293644587
5576.942353 0.781859477361
5582.463939 0.793433666229
5587.365806 0.736992359161
5592.436075 0.776751677195
5597.622715 0.798358043035
5602.692105 0.775842984517
5607.82907 0.776738007863
5613.265406 0.774081627528
5618.352496 0.78235467275
5623.472448 0.764049291611
5628.509503 0.751767953237
5633.579549 0.781974395116
5638.616672 0.762897411982
5643.936987 0.748246908188
5648.990194 0.766125281652
5654.177826 0.798575719198
5659.213584 0.768977006276
5664.316273 0.793897708257
5669.420649 0.791093031565
5674.973961 0.781450351079
5679.960659 0.754602034887
5685.063541 0.784471352895
5690.234419 0.799974282583
5695.320242 0.769979317983
5700.373475 0.78753789266
5705.780977 0.766892035802
5710.881167 0.773585398992
5715.934366 0.774091641108
5720.954028 0.778205315272
5726.058009 0.789947271347
5731.077042 0.757809003194
5736.530415 0.785427649816
5741.53444 0.767902612686
5746.638384 0.788509051005
5751.761091 0.793080647786
5756.827492 0.792452335358
5761.831197 0.752378304799
5767.334523 0.780370950699
5772.371962 0.790098031362
5777.357486 0.763161579768
5782.445127 0.77459025383
5787.49973 0.76810336113
5792.584883 0.791974941889
5798.105144 0.785917917887
5803.146309 0.761438528697
5808.228909 0.769386609395
5813.298672 0.777050415675
5818.402195 0.780352989833
5823.472096 0.775165716807
5828.826044 0.767321030299
5833.895129 0.784829457601
5839.031997 0.804880062739
5844.22107 0.79439663887
5849.239372 0.773580789566
5854.308621 0.777486642202
5859.747364 0.788095076879
5864.798813 0.782200098038
5869.886567 0.779207070669
5875.005999 0.763656298319
5880.058967 0.760919014613
5885.129896 0.775698979696
5890.567634 0.784457365672
5895.66982 0.771667003632
5900.922637 0.784893989563
5905.975971 0.773793697357
5911.013886 0.768714984258
5916.132817 0.784913063049
5921.670807 0.794149955114
5926.65747 0.764328320821
5931.777442 0.782076358795
5936.730157 0.76034673055
5941.833043 0.774951616923
5946.870212 0.774173657099
5952.306443 0.764334281286
5957.294065 0.757906277974
5962.463621 0.78092567126
5967.601012 0.779351711273
5972.670392 0.777253945669
5977.807197 0.795014937719
5983.195284 0.769131739934
5988.213953 0.758675972621
5993.317759 0.778747638067
5998.421328 0.782343705495
6003.541256 0.787282705307
6008.661132 0.788336674372
6014.181591 0.785786310832
6019.184343 0.761912902196
6024.271879 0.775869607925
6029.357461 0.787033875783
6034.427412 0.771976312002
6039.448658 0.776575009028
6044.951206 0.795004288356
6049.922293 0.744041363398
6055.058684 0.784580310186
6060.145131 0.789488633474
6065.248291 0.767541964849
6070.285092 0.773260672887
6075.639147 0.76651374499
6080.824849 0.805118401845
6085.911985 0.791891336441
6090.916096 0.767409086227
6096.0024 0.786603212357
6101.089751 0.790972232819
6106.508881 0.755396048228
6111.628925 0.795193751653
6116.632097 0.768236001333
6121.719006 0.772043307622
6126.856444 0.780231316884
6131.926461 0.780709346135
6137.379354 0.769555012385
6142.415966 0.769375085831
6147.452697 0.769979874293
6152.607491 0.783370256424
6157.775883 0.797081391017
6162.778967 0.768292665482
6168.233811 0.781561613083
6173.236446 0.782971302668
6178.357111 0.78120692571
6183.325784 0.747496287028
6188.430021 0.780447006226
6193.550334 0.778633038203
6198.987947 0.775346914927
6204.123557 0.79235013326
6209.260078 0.784180959066
6214.263425 0.764599720637
6219.216321 0.749355316162
6224.220057 0.774802684784
6229.741012 0.802183230718
6234.760455 0.77702498436
6239.880638 0.778620004654
6244.867137 0.768944740295
6249.98708 0.773000478745
6255.041268 0.771574656169
6260.427357 0.767661650976
6265.514823 0.773518800735
6270.500708 0.761619091034
6275.48702 0.743499040604
6280.557831 0.769099871318
6285.544724 0.761725028356
6290.933906 0.77822637558
6296.034875 0.775332053502
6301.055466 0.77147658666
6306.124236 0.777323643366
6311.227674 0.769819974899
6316.34795 0.788318713506
6321.667835 0.763079325358
6326.754399 0.762847026189
6331.841332 0.784521023432
6336.86175 0.767185370127
6341.981042 0.759760936101
6347.168801 0.802622954051
6352.504557 0.776850938797
6357.608756 0.787964661916
6362.544938 0.749846776326
6367.649022 0.786699215571
6372.719695 0.782846689224
6377.722235 0.769632657369
6382.908767 0.74507800738
6388.012678 0.78507844607
6393.084282 0.777119636536
6398.102318 0.773713906606
6403.171869 0.771771907806
6408.208364 0.766980330149
6413.57821 0.772858778636
6418.615045 0.775006771088
6423.621552 0.768457333247
6428.655552 0.773899952571
6433.72569 0.782046953837
6438.695361 0.751183350881
6444.08278 0.798111995061
6449.103658 0.764833211899
6454.138644 0.778740326564
6459.192688 0.772683620453
6464.212863 0.766740322113
6469.232311 0.765929778417
6474.502754 0.775436321894
6479.624232 0.790410677592
6484.609011 0.750862995783
6489.578525 0.759576956431
6494.699142 0.798506736755
6499.869055 0.787556648254
6505.256587 0.782420396805
6510.34232 0.768679221471
6515.396085 0.79336810112
6520.482781 0.780997037888
6525.504105 0.780193090439
6530.539382 0.776391267776
6535.792749 0.755877415339
6540.846952 0.776147286097
6545.848975 0.758029778798
6550.920009 0.786358674367
6556.039599 0.796456972758
6561.027564 0.772448937098
6566.262544 0.739989280701
6571.350194 0.763945420583
6576.352794 0.775202989578
6581.456115 0.782207012177
6586.577329 0.78434530894
6591.697383 0.800253947576
6597.033426 0.791554053624
6602.120689 0.788160244624
6607.140749 0.776030619939
6612.229596 0.779018640518
6617.396519 0.789239406586
6622.417555 0.75964307785
6627.820307 0.767177581787
6632.892189 0.773118654887
6638.011986 0.788850943247
6643.11391 0.786755720774
6648.23529 0.790426333745
6653.270532 0.756986379623
6658.67524 0.779885292053
6663.731281 0.771855672201
6668.833376 0.775977611542
6673.984735 0.795221090317
6679.038037 0.782121737798
6684.007302 0.752386967341
6689.462812 0.776161352793
6694.497931 0.769823074341
6699.636384 0.789164384206
6704.688435 0.766574700673
6709.675576 0.759519656499
6714.878797 0.796398003896
6720.181218 0.753930409749
6725.269031 0.771034002304
6730.254827 0.758836984634
6735.409536 0.787743727366
6740.465227 0.783268213272
6745.565066 0.772083044052
6750.918122 0.752906243006
6756.054573 0.785083293915
6761.042729 0.761140664419
6766.099883 0.757229566574
6771.181932 0.770882368088
6776.352157 0.794224023819
6781.672971 0.758672634761
6786.858954 0.797897259394
6791.929086 0.771456241608
6797.03211 0.783313353856
6802.003399 0.742652416229
6807.072184 0.770230054855
6812.358824 0.764470179876
6817.679621 0.81858642896
6822.733748 0.774187644323
6827.819275 0.774004379908
6832.922951 0.778782685598
6838.110262 0.795126199722
6843.596441 0.779706637065
6848.6683 0.779418945312
6853.702756 0.763911326726
6858.724865 0.764452377955
6863.828241 0.779425700506
6868.896837 0.776044368744
6874.250423 0.785817305247
6879.42037 0.79852994283
6884.523678 0.78106824557
6889.627086 0.778896093369
6894.831424 0.795198599497
6899.88415 0.779121955236
6905.287111 0.806577603022
6910.341179 0.783971707026
6915.49367 0.789512077967
6920.564968 0.775086561839
6925.635335 0.78076227506
6930.720998 0.77339665095
6936.058057 0.739423274994
6941.128262 0.783288240433
6946.248312 0.794196287791
6951.250776 0.764813979467
6956.338004 0.781305631002
6961.424606 0.771908919017
6966.728076 0.770090421041
6971.798903 0.774992307027
6976.885133 0.76727771759
6981.954495 0.788732767105
6986.95871 0.756515979767
6991.978083 0.750735600789
6997.33156 0.787932634354
7002.436051 0.773601690928
7007.454974 0.767663399378
7012.624436 0.789800643921
7017.645089 0.76757367452
7022.782228 0.788245519002
7028.320029 0.794408003489
7033.372441 0.768789291382
7038.375326 0.769626379013
7043.561873 0.794873078664
7048.598033 0.775734345118
7053.701718 0.764564037323
7059.222915 0.778444766998
7064.375829 0.790294647217
7069.395464 0.770344336828
7074.449025 0.755033016205
7079.452647 0.754409710566
7084.555787 0.775577624639
7090.075984 0.774197816849
7095.162719 0.78115606308
7100.299896 0.781749645869
7105.252622 0.7507417202
7110.290911 0.77755300204
7115.229903 0.74889365832
7120.765423 0.782567024231
7125.917527 0.802064259847
7131.103266 0.799587965012
7136.090539 0.761365095774
7141.143208 0.766877730687
7146.179836 0.763354698817
7151.8006 0.793884277344
7156.903417 0.768795251846
7162.040668 0.807604312897
7167.160403 0.776662667592
7172.247292 0.793674707413
7177.333744 0.769390741984
7182.970859 0.810534318288
7188.124217 0.81279929479
7193.113939 0.772180636724
7198.197826 0.786415656408
7203.267744 0.767109314601
