16.890815 0.718873679638
33.637152 0.721935260296
50.482195 0.722204875946
67.356288 0.727216017246
84.301874 0.726744437218
102.330516 0.785583591461
119.074766 0.716409575939
136.005291 0.731603419781
139.175959 9999
155.951579 0.723360145092
172.692966 0.722233581543
189.523819 0.721467971802
207.750173 0.796127080917
224.661123 0.725761663914
241.591602 0.73151832819
258.567362 0.728218841553
275.41389 0.727524733543
278.652542 9999
295.394735 0.72285476923
312.16937 0.723485028744
329.163427 0.725910902023
346.026047 0.728446173668
362.855396 0.722595131397
379.530157 0.719716107845
396.574641 0.730893576145
413.453362 0.728052699566
430.334326 0.723064446449
447.194745 0.727181279659
464.052816 0.723334789276
480.797259 0.722345864773
497.893768 0.724656975269
501.016633 9999
517.738468 0.721955907345
536.034353 0.794478952885
552.811873 0.72323486805
569.790031 0.727918636799
586.587033 0.726113939285
589.790225 9999
606.647364 0.728630399704
623.458544 0.726090419292
641.720921 0.791863000393
658.381784 0.718357276917
675.226017 0.7210724473
692.106611 0.72940454483
710.21677 0.783713161945
727.027299 0.725629746914
743.837973 0.719465899467
760.60117 0.723772311211
763.873276 9999
780.679447 0.725840699673
797.456683 0.72402920723
800.695394 9999
817.506287 0.725439953804
834.265405 0.722188794613
851.311843 0.730385220051
868.122965 0.725550937653
885.065446 0.726164579391
901.895683 0.725736069679
918.720501 0.720585632324
935.56546 0.728012990952
952.579173 0.730879724026
969.471007 0.729604172707
972.73137 9999
989.553226 0.726092338562
1007.629573 0.789179098606
1025.824891 0.787785959244
1042.636167 0.726616621017
1059.530614 0.722983956337
1076.258475 0.719424712658
1094.505148 0.788942146301
1111.251071 0.722587966919
1129.994032 0.814800488949
1146.691088 0.72039090395
1163.666243 0.727403521538
1180.394351 0.720540118217
1197.275139 0.722352695465
1214.102292 0.726214385033
1231.060779 0.724659538269
1247.955444 0.729526460171
1264.919143 0.726414334774
1268.10643 9999
1284.882821 0.724604022503
1301.727081 0.72089343071
1318.718538 0.734247124195
1335.582418 0.720772528648
1352.325855 0.72207493782
1369.304678 0.726763033867
1386.197118 0.729160547256
1403.22501 0.728129339218
1406.398979 9999
1423.154611 0.722179269791
1439.999629 0.720122933388
1456.814046 0.723130714893
1473.771545 0.72406193018
1490.635723 0.729172348976
1493.922793 9999
1510.712213 0.724907374382
1527.456961 0.722353422642
1544.384858 0.723311185837
1561.046432 0.717921340466
1579.874787 0.819385898113
1596.722562 0.726583015919
1613.747241 0.728557014465
1630.458158 0.721884036064
1647.322965 0.722572350502
1664.197044 0.727095508575
1681.142315 0.724209845066
1697.972033 0.726978743076
1714.998039 0.727830243111
1731.795316 0.725005483627
1735.098387 9999
1751.838767 0.723643481731
1768.783878 0.731671094894
1785.711484 0.722904884815
1802.475509 0.7246317029
1805.766258 9999
1822.488169 0.721626472473
1839.263545 0.723155367374
1857.527195 0.788752913475
1875.690161 0.793165302277
1892.565441 0.722217404842
1909.360874 0.724999606609
1926.304885 0.724461460114
1943.015478 0.720715975761
1959.893081 0.721955478191
1976.771627 0.728308129311
1993.717195 0.723379850388
2010.409918 0.719822633266
2028.739091 0.791906940937
2045.669597 0.729508340359
2062.761208 0.730334091187
2080.906438 0.793152117729
2084.247808 9999
2101.087925 0.727089512348
2117.918375 0.725908660889
2134.82588 0.722187757492
2151.637155 0.724811589718
2168.71573 0.729668712616
2185.54254 0.72697211504
2203.854829 0.790180206299
2220.615399 0.721708297729
2238.977798 0.793489956856
2255.941912 0.731762313843
2272.933774 0.723476338387
2291.065011 0.791785812378
2309.424688 0.794039130211
2326.302045 0.729038572311
2343.297351 0.724506545067
2360.041976 0.722523057461
2376.95307 0.723384082317
2393.699844 0.722590279579
2410.677508 0.724539649487
2413.848179 9999
2430.573088 0.721676504612
2447.569816 0.727331268787
2465.631294 0.787371504307
2482.640627 0.725979375839
2500.702782 0.786955583096
2517.6127 0.721038019657
2534.37334 0.722137022018
2551.354153 0.725318682194
2569.563584 0.794830536842
2586.609725 0.727132511139
2603.402855 0.724137604237
2620.383103 0.72522957325
2637.161384 0.72331110239
2640.547943 9999
2657.391195 0.727039539814
2674.149163 0.721791338921
2691.177052 0.725304615498
2708.004975 0.72694299221
2724.866731 0.718019080162
2741.713505 0.726717531681
2758.622122 0.72150683403
2775.519609 0.729484653473
2792.364456 0.71969486475
2809.105643 0.720787405968
2826.033497 0.723309361935
2842.813489 0.724530339241
2859.957648 0.732230103016
2878.11813 0.793255662918
2881.493208 9999
2898.365906 0.728976786137
2914.978861 0.716381144524
2931.889365 0.721684670448
2948.581306 0.720376813412
2965.659705 0.731384027004
2982.423059 0.723522996902
2999.298131 0.720750319958
3016.044007 0.722857773304
3033.053599 0.726757204533
3049.733749 0.720031559467
3066.495029 0.71522885561
3083.223417 0.72073469162
3100.231761 0.727095758915
3117.025964 0.72451094389
3133.906695 0.721406400204
3150.597832 0.720402336121
3167.509091 0.723274958134
3184.322249 0.726053023338
3201.315206 0.725730645657
3218.045812 0.722445201874
3235.121038 0.730323565006
3251.835143 0.721517896652
3268.812278 0.724580252171
3285.590563 0.725100600719
3302.481925 0.721271276474
3305.604459 9999
3322.414493 0.727266705036
3339.309167 0.721623837948
3356.134168 0.726259434223
3359.389889 9999
3376.014268 0.716643512249
3394.125751 0.791338193417
3411.123972 0.725954425335
3429.065577 0.78193693161
3446.011797 0.723797345161
3462.772072 0.723604750633
3480.986822 0.787002813816
3497.714352 0.722363388538
3514.740612 0.726334857941
3531.383933 0.717712712288
3548.363185 0.724469935894
3565.156575 0.724971437454
3582.016943 0.718706858158
3598.830788 0.726510798931
3615.858503 0.727178680897
