9.0221 9999
18.501429 9999
27.701484 7.08085203171
36.83301 7.10560417175
45.626869 6.67684793472
54.649493 6.941010952
63.506968 6.73429989815
73.177288 9999.0
82.10667 6.68683099747
90.964631 6.77923989296
99.791781 6.73674893379
109.024111 7.11181092262
117.712875 6.50304102898
126.996046 7.15636110306
136.036247 6.94651794434
144.950923 6.80582404137
154.370187 7.18271207809
163.53576 7.07439517975
171.986686 6.34410905838
181.209194 7.10800004005
190.178514 6.72968101501
199.382602 7.06789302826
208.358454 6.85419297218
217.559365 7.09159803391
226.830732 7.04479598999
235.539872 6.60699105263
244.443039 6.80064511299
253.60424 7.05714583397
262.711104 6.87759208679
271.252137 6.36851906776
280.307141 6.95124197006
289.058158 6.65191912651
298.801849 7.50914597511
307.298881 6.42198395729
316.448994 9999
324.959964 6.42179989815
334.24012 7.09594893456
342.67592 6.33625197411
351.320974 9999
360.527068 9999.0
369.682186 6.95139312744
378.307143 6.6115398407
386.844214 6.4484360218
395.539683 6.61443996429
404.525364 6.74794483185
414.048674 7.42389392853
423.30114 7.15637993813
431.546073 6.16325807571
440.470174 6.69111704826
449.67856 7.10007095337
458.173886 6.35558485985
466.947006 6.70247411728
475.993755 9999
485.59588 7.49827313423
494.391796 6.67652010918
502.77112 6.25089001656
512.120108 9999
521.30506 7.06606411934
530.657153 7.25928282738
539.447207 6.680519104
548.076138 9999
556.968142 6.77215600014
565.51521 9999
574.79383 7.16146588326
584.838825 7.80614614487
593.665564 6.7027490139
602.832005 7.08670401573
611.656612 6.70203280449
620.622432 6.74392700195
629.849629 7.13020300865
638.532906 6.58912110329
646.828562 6.20541000366
655.84127 9999
665.767714 7.8221449852
674.546869 6.65793514252
683.710888 9999.0
692.769052 6.78025698662
701.716805 6.85253405571
710.54262 6.72213387489
719.440206 6.79989695549
728.876259 9999
737.645546 6.68602490425
747.380211 7.62467598915
756.581586 7.10505080223
765.546345 6.70869398117
774.340317 6.69007396698
783.604942 9999
792.697582 7.02951812744
801.601696 6.75425195694
810.859991 7.14609098434
819.807857 6.84742307663
828.946107 7.06865119934
837.644519 6.45000815392
847.262687 7.49536204338
855.99567 6.66656684875
865.166346 9999.0
874.565445 7.13058304787
883.473676 6.80184984207
892.810595 7.22897291183
901.711808 6.79146099091
910.196338 6.25640702248
918.991741 6.69548201561
928.570777 7.4602868557
937.310858 9999.0
946.299866 6.76496195793
955.533154 7.08007001877
964.721212 9999
974.739736 7.91136097908
983.339791 6.349640131
992.240079 6.7777838707
1001.155749 6.78784704208
1010.322706 7.06436491013
1019.339366 6.77937698364
1028.954046 7.49328708649
1038.129634 7.06377983093
1047.516783 9999.0
1056.550155 6.77970695496
1065.403807 6.7655069828
1074.147438 6.62316703796
1082.972201 6.72381806374
1091.861509 6.66834282875
1101.398343 7.42449092865
1110.660616 7.11810898781
1119.038818 6.27284812927
1127.999375 6.73505401611
1137.360189 7.25452113152
1146.849928 7.39699888229
1155.673512 6.73180389404
1164.584844 6.68112015724
1173.510034 6.81891894341
1182.816004 7.1886639595
1191.823188 9999.0
1201.097588 7.08193016052
1210.726756 7.54173493385
1219.959535 9999
1228.877371 6.84105491638
1237.898829 6.7827398777
1247.215687 7.1737818718
1256.027095 6.70816397667
1265.236152 7.1035618782
1274.541946 7.08086395264
1283.391583 6.7661280632
1292.598302 7.10198903084
1302.528273 7.83213806152
1311.269194 6.58800292015
1320.006141 6.66033196449
1328.507413 6.40208888054
1337.236341 6.63323712349
1346.562079 7.10876512527
1355.437124 6.79784393311
1364.027479 6.49990200996
1372.873258 6.74979710579
1382.297405 7.19757914543
1391.542169 7.13040113449
1399.891385 6.23775887489
1409.221287 7.1828660965
1418.249104 6.80290198326
1427.029065 6.67594218254
1435.740265 6.59282112122
1444.307178 6.45800495148
1453.162418 6.61481690407
1462.53492 9999
1471.012176 6.35373091698
1479.962133 6.82781600952
1489.237291 7.07173109055
1498.252255 6.92901110649
1507.572141 7.22379493713
1517.130421 7.45427918434
1526.063467 6.71095991135
1535.219158 7.06766104698
1544.046595 6.70347499847
1553.015132 6.85218310356
1561.974022 6.71717500687
1571.197223 7.10223698616
1580.3077 7.01302504539
1589.295393 6.88400793076
1598.417025 6.86974310875
1607.024965 6.47011184692
1615.77998 9999
1624.992245 7.12733197212
1634.59326 7.32227015495
1643.366951 6.67028999329
1651.895145 6.41910505295
1661.138962 7.13780784607
1670.515686 7.10379815102
1679.552659 6.93826699257
1687.970475 6.28175616264
1696.828102 6.74618601799
1706.612257 7.50704979897
1715.797865 7.06937909126
1724.966344 7.0285141468
1733.406766 6.3216779232
1742.779861 7.16300702095
1751.707147 6.79608798027
1760.92204 7.08794188499
1770.172954 9999.0
1779.042669 9999
1788.149903 7.01125693321
1797.390907 9999
1805.863456 6.40836596489
1814.706609 6.59790086746
1824.021453 7.18010902405
1833.282197 7.15575909615
1842.643102 7.25237417221
1852.375496 7.49971294403
1861.56975 7.11255598068
1870.382347 6.70550394058
1879.574881 7.08772110939
1888.419258 9999
1897.177748 6.65331101418
1906.358391 7.0729238987
1915.157292 6.67135977745
1924.003396 6.59750699997
1933.53499 7.4319999218
1941.97086 6.32009005547
1951.17117 9999.0
1960.510867 7.10652494431
1968.901352 6.28604078293
1977.601714 6.60119700432
1987.166513 7.47546291351
1996.49562 7.14732885361
2005.363681 6.78833198547
2014.528289 7.05445790291
2024.462984 7.82895803452
2033.773524 7.09953308105
2042.879654 7.02003693581
2051.684381 6.69367599487
2060.245135 6.46760392189
2069.64501 7.11958384514
2078.776224 7.03179001808
2087.610452 6.71366405487
2096.246105 6.54367589951
2105.542574 7.11987400055
2114.398615 6.73739790916
2123.141288 6.60824799538
2132.576956 7.3032681942
2141.283799 6.56566691399
2150.205108 9999
2159.510711 7.19003295898
2169.062321 7.45953798294
2178.017479 6.70878005028
2187.507702 7.34654402733
2196.631007 9999
2205.914061 7.1660349369
2214.765994 6.68426704407
2223.927497 7.08939909935
2233.254862 7.21724796295
2242.524294 7.17145204544
2251.467248 6.68899679184
2260.234115 6.65652799606
2269.483303 7.13655805588
2278.28448 6.69706201553
2287.220884 6.68636393547
2296.435525 7.0938668251
2305.619713 7.08679580688
2314.29871 6.58431887627
2322.94363 6.3874168396
2332.10805 7.05327105522
2341.266643 7.07954597473
2349.75602 6.36871290207
2358.553442 6.54432010651
2367.173295 6.49307608604
2376.812016 7.54683494568
2386.056778 7.17633295059
2395.171008 9999
2404.41909 7.14445281029
2414.074279 9999
2422.998238 6.83410596848
2431.588237 9999
2440.708373 7.0617620945
2449.950472 7.15039300919
2459.165216 7.09016394615
2467.677944 6.27751207352
2476.309398 6.54298901558
2485.165409 6.74146699905
2494.075933 6.81948208809
2503.813765 7.49455404282
2513.360777 7.42465591431
2522.657047 7.15715384483
2531.85408 7.07310199738
2540.823437 6.77821779251
2549.960954 7.03835892677
2559.206812 7.1314330101
2568.496353 7.17973780632
2578.02778 7.18009996414
2586.869905 6.72039294243
2596.124132 9999
2605.354927 7.12547397614
2615.053628 7.44811582565
2623.890919 6.68088102341
2633.147839 7.09766793251
2642.025409 6.78185415268
2651.13993 6.73126292229
2659.989124 6.74280118942
2668.669995 6.57527685165
2677.407878 6.63463592529
2686.886053 7.1278719902
2695.769661 6.78072619438
2705.200909 7.32297205925
2714.026 6.7073469162
2723.364508 7.0873260498
2732.105703 6.65079498291
2740.791232 6.57486200333
2749.168089 6.25187110901
2758.57693 7.16711616516
2767.847537 7.12851500511
2777.115264 7.13568687439
2786.368328 7.13262605667
2795.251288 9999
2804.476001 9999
2813.423507 6.81004190445
2822.638651 7.09352183342
2831.542385 6.57687902451
2840.241185 6.58622097969
2849.893195 7.54846286774
2858.846969 6.86933112144
2868.352746 7.32608914375
2877.63166 7.17826485634
2886.440031 6.69559001923
2895.191274 6.62605881691
2904.929888 7.45484495163
2914.191882 7.13477492332
2923.007602 6.70800614357
2932.649862 7.52062988281
2942.134322 7.23695397377
2951.772129 7.5385119915
2960.994325 7.10172080994
2969.679248 6.59493899345
2978.218424 6.33644485474
2986.565445 6.21918487549
2995.415753 6.76643800735
3004.235819 9999.0
3013.646441 7.14391899109
3022.978922 7.25043106079
3031.780584 6.75280499458
3040.953494 7.08295297623
3050.759106 7.52890396118
3059.466734 6.60947418213
3067.944982 6.35494208336
3077.589898 7.5300860405
3086.956046 7.09391212463
3095.304336 6.2303071022
3104.001948 6.59224915504
3112.762132 6.64267802238
3121.777663 6.74799203873
3130.930757 7.05005192757
3139.560862 6.54070401192
3148.790487 7.08472800255
3157.660224 6.63128304482
3166.934306 7.16569685936
3176.072509 7.03451514244
3184.881262 6.73342704773
3193.881865 6.75445699692
3203.486274 7.49260997772
3213.277243 7.70393204689
3222.052458 6.68532395363
3231.388264 7.09513306618
3240.142179 6.66691493988
3249.409624 7.17373800278
3257.887397 6.36277413368
3266.823738 6.71129107475
3275.527999 6.60688400269
3284.737912 7.12260484695
3294.255788 7.359842062
3303.575622 7.08669996262
3312.455647 6.76817798615
3321.164102 6.59695982933
3329.883182 6.62016296387
3339.619601 7.48063111305
3348.551134 6.88315415382
3357.455531 6.82788610458
3366.986864 7.41667699814
3376.026094 6.69876599312
3385.220836 9999
3394.362686 7.04457306862
3403.599172 7.09795308113
3413.310946 7.47230100632
3422.089705 6.68841505051
3430.596691 6.35762691498
3439.894011 7.19805598259
3449.375853 7.22849202156
3458.728457 7.2168109417
3467.919822 7.06848287582
3476.799058 6.78113293648
3485.332269 6.27252697945
3493.754354 6.27115797997
3503.237395 7.37498307228
3512.790921 7.45708990097
3522.088989 7.07854390144
3531.33417 7.14138507843
3540.567352 7.11167097092
3549.338852 6.67060184479
3558.283159 6.67775392532
3567.522532 7.13845205307
3576.34683 6.73352122307
3585.559965 7.10473394394
3594.923342 7.11748600006
3604.060602 7.06591296196
