40.416453 1.9587328434
43.786947 9999
46.96471 9999
87.315424 1.95869904757
127.766088 1.95849422216
168.410078 1.96004538536
208.95523 1.95992544889
249.458967 1.95914179087
290.102345 1.96443930864
330.582084 1.95610494614
371.153084 1.96022313833
411.666757 1.95731683969
452.173657 1.95849246979
492.767224 1.95955909491
533.474764 1.9633200407
573.99286 1.95799165964
614.5131 1.95762884617
655.134366 1.96232367754
695.800881 1.9602109313
736.281255 1.95775194168
776.743354 1.95715420246
817.339682 1.96252607107
857.956831 1.96041237116
898.476301 1.95838449001
938.988694 1.96056976318
979.417139 1.9570425868
982.782987 9999
1023.132419 1.95859335661
1063.620022 1.95765349865
1104.10556 1.95964927673
1144.578914 1.95812835693
1185.123501 1.95843147039
1225.600448 1.95860497952
1266.174554 1.96295610666
1306.844307 1.96476411819
1310.27613 9999
1313.426798 9999
1353.835754 1.96572929621
1394.24669 1.95623229742
1397.570034 9999
1437.895778 1.95932724476
1478.401689 1.96296364069
1518.871856 1.95752971172
1559.513971 1.96477586031
1562.828415 9999
1603.169339 1.9609703064
1643.578433 1.95540789366
1684.186926 1.96328874826
1724.660148 1.95839778185
1765.279953 1.96371663809
1805.745021 1.9586009264
1846.206543 1.9573418498
1886.762726 1.96422271729
1927.269502 1.95917282104
1967.797156 1.96063219309
2008.290423 1.95694351196
2048.71687 1.95847203732
2089.216097 1.95816642046
2129.763569 1.96066358089
2170.278575 1.95910500288
2210.793567 1.96038893461
2251.253286 1.95780773163
2291.76376 1.95955095291
2332.312696 1.95922937393
2335.655414 9999
2375.850721 1.95470317602
2416.383429 1.95849753618
2456.90363 1.95983538628
2497.425915 1.95710330009
2537.877105 1.95820019245
2578.432561 1.96084823608
2618.932139 1.95973930359
2659.468459 1.9601190567
2699.997717 1.95981173515
2703.350259 9999
2743.651289 1.95846310854
2784.154568 1.96038138866
2824.675271 1.95831073523
2865.216183 1.9614995718
2905.726479 1.95993908644
2909.094906 9999
2949.464272 1.96182199717
2989.912541 1.95895904303
2993.250068 9999
2996.408542 9999
3036.67026 1.95808987617
3077.369004 1.9630102396
3117.950759 1.96033016443
3158.467787 1.95981575251
3161.810919 9999
3202.165022 1.96052142382
3242.618151 1.958395648
3283.109097 1.96174353361
3323.722671 1.95956257582
3364.245684 1.95924524069
3404.824059 1.96018899679
3445.421584 1.9628308773
3485.995241 1.96115698814
3526.500168 1.95969303846
3567.030028 1.96127529144
3607.598649 1.96029071808
