433.814894 143.739614328
867.438579 143.701962709
1301.746991 143.930691242
1735.719226 143.815907637
2169.593412 143.773295323
2603.384209 143.747867902
2646.965539 13.6881372929
2675.487658 8.66308832169
2704.2425 8.77432203293
2736.949472 10.0536620617
3170.808081 143.769986312
3199.311628 8.65700761477
3228.566303 8.93597602844
3257.071361 8.6511785984
3285.745769 8.7403960228
3318.367415 10.0273744265
3752.340959 143.81051143
3784.998149 10.0411583583
3813.570475 8.67436734835
3842.024397 8.66457231839
3871.412735 8.93435899417
4305.152719 143.764532328
4333.708475 8.66292206446
4368.06642 10.6356220245
4396.687918 8.69488970439
4830.47808 143.793949286
4859.032864 8.66858665148
4887.420673 8.65227532387
5321.127524 143.72338899
5755.068453 143.799981991
5783.606984 8.65120800336
5812.211552 8.71067921321
6245.951207 143.735292435
6679.758277 143.751228412
6709.14648 8.93798486392
7142.887427 143.772310575
7171.491585 8.66964999835
7200.829507 8.96357941628
