36.26673 9999.0
74.190996 9999.0
111.315095 9999.0
148.70331 9999.0
186.062763 9999.0
231.213523 9999.0
268.820521 9999.0
306.561177 9999.0
343.929743 9999.0
381.927686 9999.0
419.737359 9999.0
457.126924 9999.0
494.350785 9999.0
532.078068 9999.0
569.949159 9999.0
607.356751 9999.0
645.2774 9999.0
681.328693 9999.0
719.251029 9999.0
756.607527 9999.0
794.547375 9999.0
831.275946 9999.0
869.480981 9999.0
906.393441 9999.0
943.67983 9999.0
981.774763 9999.0
1019.130941 9999.0
1056.809674 9999.0
1094.663413 9999.0
1130.70713 9999.0
1168.178559 9999.0
1206.687936 9999.0
1243.331538 9999.0
1279.637974 9999.0
1317.244808 9999.0
1356.071628 9999.0
1393.597889 9999.0
1431.318988 9999.0
1469.198228 9999.0
1507.108746 9999.0
1544.710153 9999.0
1582.356755 9999.0
1619.361908 9999.0
1656.105517 9999.0
1693.312022 9999.0
1730.873665 9999.0
1768.326142 9999.0
1804.39993 9999.0
1841.660748 9999.0
1878.26643 9999.0
1916.142796 9999.0
1952.233203 9999.0
1988.839405 9999.0
2026.403415 9999.0
2062.574055 9999.0
2100.063901 9999.0
2137.936556 9999.0
2174.446871 9999.0
2211.039682 9999.0
2247.84517 9999.0
2284.453691 9999.0
2322.143182 9999.0
2359.988756 9999.0
2396.92964 9999.0
2433.568876 9999.0
2471.395132 9999.0
2509.367271 9999.0
2546.896797 9999.0
2583.135994 9999.0
2620.707959 9999.0
2658.46694 9999.0
2696.09105 9999.0
2733.631384 9999.0
2771.625788 9999.0
2808.263166 9999.0
2845.838886 9999.0
2883.400774 9999.0
2920.555175 9999.0
2957.81861 9999.0
2995.173078 9999.0
3032.51414 9999.0
3069.120172 9999.0
3106.934247 9999.0
3144.436043 9999.0
3180.643408 9999.0
3218.354674 9999.0
3255.63081 9999.0
3293.069804 9999.0
3330.628247 9999.0
3369.109499 9999.0
3406.68152 9999.0
3443.886629 9999.0
3482.063697 9999.0
3519.03398 9999.0
3556.592426 9999.0
3594.235964 9999.0
3631.678692 9999.0
