3.756126 9999
8.953401 0.954658349355
12.327294 9999
17.527311 0.966474612554
20.883264 9999
26.033554 0.955332438151
31.287289 0.964538971583
36.607702 0.953345060349
39.983817 9999
45.115443 0.94716835022
50.268372 0.958380063375
55.422637 0.950081745783
60.576736 0.957388718923
65.796739 0.975027958552
69.452846 9999
74.619806 0.950350999832
79.79192 0.95050740242
85.027681 0.974589029948
90.215034 0.954660018285
95.401544 0.958163022995
100.63926 0.977230946223
105.959884 0.950293620427
111.166559 0.955853382746
116.367848 0.955071608226
121.587781 0.961278041204
126.796057 0.96711230278
132.04569 0.965843995412
137.383557 0.962172349294
142.587141 0.954965909322
147.774461 0.957978328069
152.960982 0.961731672287
158.181748 0.955715417862
163.419157 0.968039035797
168.773353 0.956855297089
172.217703 9999
177.416183 0.954156398773
182.633956 0.964975039164
187.837181 0.962312301
193.05776 0.965575695038
198.278883 0.971370617549
203.769672 0.982517321905
209.019394 0.97753294309
214.190903 0.956182638804
219.361399 0.952518304189
224.548273 0.964318275452
229.902361 0.970472971598
235.339733 0.983461300532
240.562745 0.964951753616
245.74843 0.954964955648
250.935164 0.953500747681
256.188291 0.976668357849
261.42678 0.967116912206
265.01635 9999
270.198958 0.960180044174
275.403098 0.959400733312
280.590329 0.955894947052
285.830662 0.973277409871
291.064074 0.968057394028
296.251617 0.960105021795
301.622169 0.959121624629
306.843129 0.962770938873
312.063827 0.968676964442
317.28723 0.967474778493
322.541162 0.979346593221
325.979639 9999
331.177975 0.957950592041
334.750978 9999
340.035288 0.979169289271
345.237875 0.963803609212
350.509007 0.971515655518
353.953074 9999
359.16608 0.970326026281
364.352836 0.956904649734
369.774492 0.962088267008
374.997073 0.963205019633
380.164641 0.955159107844
385.401215 0.962394316991
390.638542 0.982576052348
395.843504 0.959035317103
401.196468 0.966611703237
406.470833 0.979546308517
409.859202 9999
415.056852 0.957894643148
420.280562 0.96239566803
425.465188 0.960548957189
430.719593 0.961479584376
436.122565 0.959679603577
441.309763 0.953864097595
446.530789 0.967474222183
451.767786 0.963768323263
456.97186 0.957533677419
462.22545 0.967434326808
467.647195 0.968202352524
472.883699 0.970779975255
476.30775 9999
481.491074 0.954629739126
486.745762 0.973258654277
491.997517 0.980504671733
497.185145 0.951308012009
502.53984 0.96288339297
507.759308 0.961763381958
512.950104 0.957461675008
518.10096 0.946962356567
523.271936 0.953358332316
528.511417 0.965532700221
533.915641 0.963685353597
539.132545 0.961505333583
544.303755 0.958034992218
549.525736 0.960801283518
554.681995 0.957402308782
559.964773 0.981648604075
565.319672 0.955772399902
570.589771 0.981123050054
575.830287 0.965965032578
581.050187 0.965848763784
586.251421 0.967002630234
589.674908 9999
594.89416 0.96865439415
598.484592 9999
603.731057 0.968137264252
608.919695 0.958343982697
612.312845 9999
617.558068 0.970669984818
622.761845 0.963536659877
627.967275 0.960045258204
633.32022 0.952472289403
638.507632 0.950907707214
643.678288 0.952004591624
648.88252 0.964990297953
654.086462 0.965310096741
659.310083 0.962839365005
664.693284 0.954406658808
669.96457 0.954518000285
675.154127 0.959597031275
680.355186 0.956666390101
683.769456 9999
688.928161 0.952504078547
694.115787 0.952884991964
699.519668 0.959258000056
704.757925 0.970164378484
710.027099 0.975791056951
715.198054 0.952435016632
720.4184 0.965065081914
725.622226 0.960072120031
731.026472 0.956836779912
736.233366 0.955354690552
741.40242 0.956199328105
746.621649 0.964910348256
751.844979 0.965837319692
757.029174 0.95258029302
762.432999 0.961407979329
767.686806 0.965677658717
772.874412 0.95890935262
776.285625 9999
781.547684 0.977380673091
786.751552 0.956764300664
791.955295 0.952398061752
797.359212 0.960661013921
802.563057 0.957974354426
805.967596 9999
811.172735 0.956462701162
816.393549 0.968975623449
821.595409 0.965423981349
826.814458 0.966569026311
832.235154 0.95853527387
837.489309 0.966949701309
842.69304 0.963392337163
847.863828 0.959292968114
851.270925 9999
856.487656 0.969438950221
861.741072 0.95925227801
867.111579 0.951242685318
872.365081 0.960947990417
877.536048 0.953607241313
882.706401 0.955713669459
887.943502 0.973882516225
891.349429 9999
896.517307 0.949683745702
901.988211 0.965959231059
907.191726 0.955012241999
910.60018 9999
915.78087 0.955254236857
920.967491 0.95790497462
926.158248 0.953938007355
931.342206 0.956866264343
936.696619 0.949854691823
941.900019 0.961019357045
947.087991 0.96093527476
952.292058 0.968192338943
957.495607 0.961196025213
962.699578 0.957534948985
968.120017 0.96887977918
973.407966 0.978528658549
978.647778 0.974901676178
983.847854 0.950833956401
989.019031 0.95511452357
994.206485 0.955876668294
999.676774 0.968492348989
1004.913532 0.959459543228
1010.085025 0.955663998922
1015.27154 0.953531742096
1020.442457 0.958934227626
1025.663343 0.968382755915
1031.133625 0.959331989288
1036.338464 0.950801928838
1041.561062 0.967464049657
1046.746874 0.961075305939
1051.966621 0.966650724411
1057.187045 0.961559693019
1062.673692 0.957258939743
1067.894616 0.959382692973
1073.084698 0.95254000028
1078.36925 0.979483366013
1083.60913 0.968451976776
1088.860124 0.971952358882
1094.347785 0.972829023997
1099.618616 0.97026570638
1104.825235 0.963356018066
1110.043569 0.957743326823
1115.229506 0.958395640055
1120.436433 0.95391758283
1125.907103 0.957312107086
1131.128421 0.959004561106
1136.349196 0.97451432546
1141.583165 0.963685274124
1146.752937 0.95409099261
1151.940787 0.954279343287
1157.345733 0.959244966507
1162.601635 0.96898206075
1167.80247 0.954615275065
1173.039315 0.962706009547
1178.243398 0.96234925588
1183.464121 0.96609767278
1188.984779 0.97329099973
1194.205442 0.95598133405
1197.647323 9999
1202.879857 0.971377293269
1208.0669 0.955799738566
1213.270165 0.95871925354
1218.45695 0.955660978953
1223.861355 0.963067293167
1229.098599 0.963386853536
1234.285439 0.959489981333
1239.489132 0.966951052348
1242.915258 9999
1248.130539 0.961329698563
1253.384138 0.972599665324
1258.787368 0.966504017512
1264.025094 0.965872685115
1269.195109 0.953074375788
1274.466282 0.964314460754
1279.735925 0.959588448207
1284.923683 0.954117933909
1290.411112 0.95614361763
1295.68389 0.967893679937
1300.903463 0.957708040873
1306.089066 0.955354690552
1311.292771 0.961222569148
1316.514619 0.961863279343
1321.967554 0.962595065435
1327.221744 0.971819003423
1332.458564 0.969252268473
1337.712445 0.960872014364
1342.917569 0.964727719625
1348.137331 0.955046971639
1353.590897 0.964284658432
1357.052159 9999
1362.263978 0.965839703878
1367.435355 0.958171685537
1372.658318 0.963783661524
1377.910536 0.971282958984
1383.096054 0.9612809817
1388.55384 0.966284275055
1393.755605 0.955857276917
1398.978852 0.969508250554
1404.195654 0.960626761119
1409.382831 0.955664952596
1414.603515 0.970760265986
1420.07703 0.977726300557
1425.379119 0.96516195933
1430.615455 0.96636279424
1435.820557 0.96332971255
1441.023405 0.96849266688
1446.260025 0.971851348877
1451.631196 0.954168637594
1456.834568 0.962864716848
1462.005396 0.952694098155
1467.212747 0.959440390269
1472.416788 0.964525699615
1477.601053 0.960168759028
1482.957457 0.961357593536
1488.211869 0.973096291224
1493.411836 0.95515203476
1498.582565 0.949458360672
1502.023777 9999
1507.23928 0.965149323146
1512.460745 0.964856227239
1517.930895 0.963324308395
1523.168132 0.960636377335
1528.471612 0.97728562355
1533.658892 0.949717362722
1538.896282 0.965509970983
1544.283849 0.961658636729
1549.721128 0.95548526446
1553.159666 9999
1558.360898 0.961220343908
1563.615249 0.97890329361
1568.839083 0.957287391027
1574.090714 0.97171831131
1577.531269 9999.0
1582.97949 0.954327980677
1586.385788 9999
1591.619286 0.967528263728
1596.772824 0.947436491648
1602.030374 0.964560111364
1607.247368 0.968252579371
1612.484196 0.961151599884
1617.975188 0.967031319936
1623.192216 0.955529054006
1628.413589 0.971395969391
1633.654345 0.965703884761
1638.855309 0.962208350499
1644.108379 0.969631671906
1649.661949 0.966723362605
1654.850155 0.958280324936
1660.053916 0.957485993703
1665.290103 0.968013683955
1670.494895 0.967992941538
1675.731603 0.96593840917
1681.203306 0.955379406611
1686.406157 0.954572439194
1691.594129 0.958045641581
1695.037657 9999
1700.28309 0.968682050705
1705.50777 0.97138039271
1710.727669 0.963871399562
1716.145246 0.95507868131
1721.416279 0.960483630498
1724.822507 9999
1730.006 0.95877567927
1735.25955 0.974982659022
1740.447933 0.952398935954
1745.66801 0.965819358826
1751.171606 0.97455072403
1756.393007 0.95815038681
1761.59576 0.963370641073
1766.799475 0.958505630493
1771.969899 0.952034632365
1777.141362 0.956141074498
1782.51182 0.953323602676
1787.781903 0.972804625829
1792.985691 0.96075073878
1798.173358 0.95312166214
1803.359895 0.959909598033
1808.564516 0.964604695638
1814.051655 0.975903908412
1819.30707 0.960592985153
1824.510668 0.959488789241
1829.746645 0.959699630737
1833.154947 9999
1838.339414 0.952201207479
1843.543218 0.957140366236
1848.961217 0.95294602712
1854.131484 0.955709060033
1859.371837 0.964378674825
1864.60662 0.963482936223
1869.796527 0.963841994603
1873.199756 9999
1878.400187 0.955618778865
1883.887748 0.97424030304
1889.091057 0.950732310613
1894.311662 0.972759882609
1899.501807 0.962860743205
1904.67233 0.95413462321
1909.856497 0.955914417903
1913.513176 9999
1918.779689 0.972739855448
1923.950794 0.95158235232
1929.121865 0.950020392736
1934.408262 0.977288643519
1937.814757 9999
1943.030961 0.961323340734
1948.56804 0.971629619598
1953.739858 0.952306270599
1958.977112 0.956881682078
1964.148764 0.951100349426
1969.385018 0.966950654984
1974.587914 0.9698630174
1980.058968 0.959997653961
1985.228788 0.95169599851
1990.416786 0.955152193705
1995.608181 0.960643053055
2000.827977 0.959434986115
2006.01218 0.962311983109
2011.566353 0.971832036972
2016.769312 0.965394020081
2021.941335 0.953596750895
2027.160645 0.961342016856
2032.381555 0.959855000178
2037.56921 0.964425325394
2043.122513 0.97963198026
2046.530213 9999
2051.695983 0.952900012334
2056.970585 0.969590584437
2062.186996 0.970356067022
2067.391546 0.951516071955
2072.578971 0.9594429334
2078.066115 0.955194711685
2083.25297 0.954800685247
2088.556785 0.982134580612
2093.7101 0.950444300969
2098.918745 0.958988348643
2104.168059 0.971940676371
2109.756511 0.976449648539
2114.979364 0.957312345505
2120.197053 0.964930852254
2125.384499 0.952893654505
2130.639172 0.973547299703
2135.844144 0.96332859993
2141.328906 0.962141275406
2146.600329 0.983600378036
2151.820816 0.961707115173
2157.007864 0.959353367488
2162.232031 0.965401570002
2167.45137 0.961517016093
2172.986417 0.959277947744
2178.207308 0.958729346593
2183.410694 0.951899369558
2186.822447 9999
2192.018467 0.95633093516
2197.207332 0.956823587418
2202.408317 0.954467932383
2206.15105 9999
2211.380902 0.966782013575
2216.568522 0.954441626867
2221.789619 0.962361971537
2226.959887 0.959320624669
2230.383266 9999
2235.583207 0.954019069672
2241.070844 0.966686646144
2246.257633 0.953084627787
2251.415826 0.950155735016
2256.615602 0.962645292282
2261.821277 0.954578081767
2267.026657 0.953812996546
2272.460505 0.964975357056
2277.764555 0.976821978887
2282.951536 0.961640199025
2288.158529 0.956777572632
2293.379364 0.963891585668
2298.583236 0.957962274551
2304.134299 0.983421246211
2309.438644 0.990768035253
2314.659047 0.962082703908
2319.879159 0.969371557236
2325.082766 0.963117281596
2330.303336 0.9689189593
2335.791504 0.95735001564
2341.012028 0.958040714264
2344.387531 9999
2349.567688 0.954730351766
2354.771783 0.961644013723
2359.942561 0.953814347585
2365.130261 0.956447680791
2370.583931 0.957183758418
2375.804137 0.96474035581
2381.008731 0.955132722855
2386.195404 0.953861951828
2391.399725 0.970161676407
2394.77498 9999
2399.97312 0.96203327179
2405.479532 0.968579610189
2410.71384 0.96533592542
2415.900741 0.963116725286
2419.341605 9999
2422.709495 9999
2427.943892 0.967312097549
2433.165297 0.962890386581
2438.551333 0.954439957937
2443.755392 0.955652395884
2448.959834 0.953663746516
2454.230039 0.966979344686
2459.399868 0.953712383906
2464.64117 0.970655997594
2470.074484 0.955492099126
2475.296018 0.960238377253
2480.498933 0.96111925443
2485.703657 0.955947637558
2490.892264 0.956953922908
2496.080667 0.961065769196
2499.768471 9999
2505.001295 0.963163932165
2510.221738 0.961638768514
2515.376553 0.954224268595
2520.547398 0.943999052048
2525.717148 0.955417553584
2530.903551 0.954720099767
2536.307934 0.970899422963
2541.478015 0.958299001058
2546.648359 0.962484995524
2550.05566 9999
2555.288686 0.982706228892
2560.475921 0.962733904521
2565.662909 0.96262772878
2571.0009 0.949756304423
2576.254895 0.975999037425
2581.408164 0.951038996379
2586.611579 0.959684610367
2591.833169 0.971289952596
2597.019507 0.958627939224
2602.45745 0.967958609263
2607.644282 0.956512769063
2612.847724 0.964326699575
2618.052556 0.958807865779
2623.275409 0.962500333786
2628.512801 0.966916322708
2632.117195 9999
2635.500701 9999
2640.705976 0.958046674728
2645.872714 0.952026287715
2651.076308 0.96146273613
2656.249597 0.962378978729
2661.454777 0.964152971903
2666.871716 0.962223688761
2672.159069 0.98407570521
2677.379274 0.961055437724
2682.54991 0.955269098282
2687.707664 0.954083363215
2692.891604 0.954495271047
2698.31245 0.967925389608
2703.51581 0.960115353266
2708.719877 0.967163562775
2713.923651 0.955570379893
2719.160807 0.970554669698
2724.365243 0.957785924276
2729.736053 0.957244555155
2734.922462 0.951960643133
2740.143116 0.974312067032
2745.333711 0.959383010864
2750.567898 0.974925597509
2755.773031 0.952589591344
2761.243018 0.970013538996
2766.42892 0.953298648198
2771.616294 0.964960972468
2776.820302 0.964207649231
2781.978425 0.952509323756
2787.14437 0.954805374146
2792.532914 0.955845594406
2797.787879 0.975267648697
2802.973683 0.959993680318
2808.176816 0.962162017822
2811.5678 9999
2816.784005 0.974357684453
2821.971583 0.956501086553
2827.475207 0.969369967779
2832.695081 0.965318044027
2837.865637 0.956111749013
2843.073749 0.960959037145
2848.24038 0.956857681274
2853.444412 0.962941646576
2858.91555 0.970676581065
2864.152677 0.961133718491
2869.406399 0.97505736351
2874.627297 0.96746635437
2879.815012 0.956869999568
2885.051615 0.963709036509
2890.489165 0.963867584864
2895.708845 0.956883033117
2899.13391 9999
2904.315751 0.950670639674
2909.539538 0.976062059402
2914.756697 0.964439312617
2919.993499 0.964595079422
2925.431151 0.971054315567
2930.638593 0.955621004105
2935.873148 0.974030017853
2941.059474 0.952336390813
2946.264152 0.966493924459
2951.45178 0.958697080612
2956.821598 0.95418993632
2962.05899 0.959148645401
2967.299435 0.974819660187
2972.483219 0.95424691836
2977.770932 0.981164693832
2982.99219 0.967261950175
2988.548455 0.95703125
2993.750071 0.958071390788
2998.939736 0.966775337855
3004.190221 0.974078973134
3009.394969 0.957556724548
3014.581146 0.958350340525
3020.085078 0.966130256653
3025.306772 0.951119661331
3030.493078 0.960286060969
3035.733696 0.963001648585
3040.988134 0.976743380229
3046.221873 0.971527735392
3051.70952 0.962923288345
3056.983181 0.952796379725
3062.183886 0.952818950017
3067.371179 0.950535376867
3072.624962 0.980460325877
3077.845733 0.963194608688
3083.353197 0.961297273636
3088.654722 0.986391385396
3093.860356 0.96454334259
3099.060952 0.958722670873
3104.281092 0.9598792394
3109.502797 0.970414638519
3115.023282 0.979933977127
3120.210397 0.953550020854
3125.447485 0.975457032522
3130.667912 0.969565312068
3135.842376 0.954787969589
3141.025965 0.958929697673
3146.413049 0.952919960022
3151.654054 0.971757968267
3156.874368 0.9730656147
3160.278145 9999
3165.476713 0.957454919815
3170.665268 0.960764328639
3175.851794 0.952351808548
3181.388973 0.97045135498
3186.676827 0.973237673442
3191.880064 0.970268567403
3195.303969 9999
3200.486928 0.960192680359
3205.658277 0.955165227254
3210.828304 0.950648943583
3216.266643 0.963902314504
3221.55212 0.984665632248
3226.706866 0.949131250381
3231.876872 0.954698006312
3235.28518 9999
3240.516897 0.97108801206
3245.754083 0.960696061452
3251.242407 0.953281084696
3256.51251 0.961147785187
3261.685198 0.959278345108
3266.922688 0.965804735819
3272.073247 0.953202327092
3277.310819 0.973438580831
3282.848138 0.977741638819
3288.051712 0.950453281403
3293.240169 0.955186446508
3298.443535 0.958999713262
3303.651756 0.959274133046
3308.884107 0.962433338165
3314.404985 0.975346247355
3319.642843 0.964722712835
3324.829828 0.959352095922
3330.000382 0.951318581899
3335.206176 0.954685608546
3340.375496 0.952836036682
3345.829379 0.961612383525
3351.016393 0.951045274734
3356.219629 0.960210720698
3361.507639 0.970786809921
3366.711588 0.969345808029
3371.901668 0.963439623515
3377.385498 0.963025649389
3382.574814 0.955307006836
3387.84731 0.978010336558
3393.030344 0.960094372431
3398.302559 0.983287731806
3403.57155 0.963967402776
3407.349817 9999
3412.511595 0.949881315231
3417.736085 0.967860937119
3422.987176 0.97377427419
3428.190668 0.959304968516
3433.344074 0.950037161509
3438.598607 0.974609375
3444.118511 0.972784280777
3449.306819 0.963566621145
3454.495688 0.958458662033
3459.713945 0.972724596659
3464.919045 0.959234635035
3470.105448 0.951769351959
3473.845691 9999
3479.061241 0.962687333425
3484.315435 0.968752702077
3489.502511 0.954753319422
3494.723102 0.951789697011
3499.944148 0.972143888474
3505.167336 0.96396835645
3510.651639 0.957106987635
3515.856004 0.958573977153
3521.010662 0.960574309031
3526.213647 0.960661649704
3531.417054 0.965019702911
3534.891466 9999
3540.143605 0.971196730932
3545.679143 0.979097366333
3550.949051 0.97456963857
3556.152646 0.955013672511
3561.356079 0.953177690506
3566.510477 0.952218691508
3571.68071 0.953059991201
3577.201281 0.971861362457
3582.408073 0.954396645228
3585.81215 9999
3591.03176 0.967119614283
3596.23281 0.9575603803
3601.453442 0.970524946849
