7.715783 1.60246260961
15.452492 1.74634130796
23.040905 1.68484958013
30.446355 1.60356934865
38.117661 1.68783775965
46.008417 1.81857101123
54.127392 1.89719502131
61.850111 1.77925777435
69.605483 1.71278460821
77.211547 1.72954368591
84.565906 1.65792806943
91.856856 1.54404743512
99.459043 1.71474003792
106.646259 1.59417939186
114.151248 1.62152632078
121.889441 1.69781088829
129.594639 1.68207176526
136.882231 1.64517037074
144.457737 1.62905232112
151.44163 1.51202956835
159.280805 1.76017562548
167.085936 1.75099666913
174.675527 1.70267732938
181.812747 1.53175179164
189.484559 1.73167363803
197.225569 1.72790733973
205.211436 1.84758329391
213.150196 1.82550899188
220.1374 1.53091692924
227.859047 1.71931409836
234.8644 1.52983999252
242.385578 1.66823069255
249.473734 1.54495867093
257.062781 1.6240439415
264.517953 1.5506362915
272.024251 1.68599065145
279.844797 1.74225823085
286.832836 1.50451397896
294.453741 1.74705934525
301.609611 1.52914794286
309.197786 1.69423945745
316.18879 1.52492197355
323.439132 1.60969336828
330.444203 1.52811296781
338.183098 1.59070364634
345.140406 1.5108063221
352.292356 1.55443525314
360.079794 1.77067144712
367.100978 1.51441168785
375.189763 1.79859232903
382.895334 1.76829767227
390.667088 1.79615958532
398.455934 1.78253205617
405.843465 1.62625932693
413.184466 1.53127829234
420.737751 1.7011449337
428.55897 1.79052710533
435.712952 1.5185491244
443.018145 1.6052523454
450.907509 1.6529246966
458.482664 1.63245073954
465.466258 1.51989769936
473.306016 1.61227472623
480.997066 1.63435196877
488.435554 1.51644277573
495.71998 1.62985404332
503.725866 1.78244964282
510.646637 1.51205261548
518.202826 1.69053260485
525.976136 1.75919699669
533.912513 1.79449001948
541.650619 1.78208907445
549.62255 1.84552963575
557.428122 1.8135120074
564.798713 1.59864695867
572.170628 1.54680935542
579.876461 1.7557413578
586.797048 1.51299436887
594.203409 1.63327328364
601.506195 1.56046009064
609.061896 1.63880372047
616.316542 1.54205369949
623.870969 1.72720996539
631.276571 1.62455368042
638.648408 1.50367728869
646.470071 1.79925266902
653.942528 1.68710835775
661.262511 1.5645430088
668.917474 1.71405227979
676.473064 1.65926233927
683.344028 1.47013839086
690.949875 1.67304499944
698.086959 1.57357056936
705.574935 1.60674730937
712.830743 1.51024039586
720.218335 1.64842995008
727.573871 1.64651695887
734.877631 1.56358464559
742.699654 1.78889632225
750.355374 1.70763794581
758.429834 1.89501921336
765.466483 1.53750340144
773.170121 1.75008471807
780.99264 1.76136342684
787.963244 1.51555864016
795.234921 1.61104639371
802.22314 1.51799058914
809.696056 1.59544165929
816.918499 1.50251324972
824.604552 1.73348800341
831.862196 1.5376756986
839.731258 1.814138333
847.335703 1.64092834791
854.640746 1.54084992409
862.265266 1.73683659236
869.22057 1.50193635623
876.688919 1.6256163915
883.928123 1.54641723633
891.082649 1.54386162758
898.353786 1.623787721
905.961494 1.70416037242
913.27967 1.62513971329
920.968059 1.67766165733
928.922849 1.85595472654
935.860661 1.51974304517
943.366419 1.70111163457
950.637065 1.54456631343
957.912946 1.5158469677
965.514851 1.61799168587
972.519458 1.53486808141
980.141058 1.62441762288
987.428577 1.5233707428
994.750773 1.61820872625
1001.889295 1.58565537135
1009.243609 1.63922977448
1017.199232 1.82477156321
1024.856519 1.66505432129
1032.724854 1.8311753273
1040.46445 1.78520393372
1048.418296 1.83931628863
1056.224476 1.71044341723
1063.979936 1.78386394183
1070.983569 1.49379396439
1078.555546 1.71416370074
1085.797529 1.51172399521
1093.04809 1.52242795626
1100.489054 1.63724160194
1107.490938 1.52714387576
1114.962879 1.56075040499
1122.768314 1.60300501188
1130.416766 1.60773738225
1137.627775 1.52594995499
1145.450146 1.69694002469
1153.271953 1.72362470627
1160.3934 1.57019837697
1167.797823 1.67636124293
1175.870575 1.88856228193
1183.391332 1.63218625387
1191.372462 1.85854268074
1199.25267 1.8281493187
1206.423703 1.58229629199
1213.964962 1.49706125259
1221.56671 1.72465602557
1229.323205 1.7666443189
1236.276664 1.52589599291
1243.531281 1.60590394338
1251.285905 1.65082335472
1258.225368 1.52315402031
1265.895938 1.63926808039
1273.168145 1.55988637606
1280.739666 1.72678232193
1288.260405 1.62535961469
1295.515897 1.54615100225
1303.204424 1.74381963412
1310.358703 1.51904726028
1317.749585 1.65595992406
1325.386207 1.54616999626
1332.810056 1.58318098386
1340.128585 1.60451102257
1347.483545 1.61315703392
1354.538232 1.54203462601
1362.260225 1.69520505269
1369.214074 1.51512606939
1376.769692 1.70891157786
1384.459089 1.74724006653
1391.762019 1.63971209526
1399.350944 1.47495071093
1406.907738 1.69886064529
1413.912099 1.53361797333
1421.31532 1.55763069789
1428.803426 1.60173638662
1436.136282 1.56464290619
1443.813812 1.64211622874
1451.068935 1.5521903038
1458.706638 1.73549628258
1465.812189 1.54136371613
1473.53383 1.68334460258
1481.154524 1.73448578517
1488.743907 1.71841231982
1496.276121 1.66200598081
1504.037243 1.69094030062
1511.725542 1.74562430382
1519.213749 1.69283731778
1526.418255 1.60098171234
1534.040873 1.62159800529
1541.028471 1.52785126368
1548.650494 1.64697432518
1555.888873 1.55059170723
1563.327149 1.64643963178
1570.695773 1.53579966227
1578.285871 1.71555670102
1585.440956 1.55636326472
1593.045462 1.71140567462
1600.900215 1.80424666405
1608.021634 1.49673104286
1615.311971 1.60259230932
1622.432063 1.53845437368
1629.654761 1.52727858226
1637.325419 1.73643000921
1644.679646 1.57600267728
1652.020881 1.64494029681
1659.222844 1.57261228561
1666.678104 1.66386802991
1673.816438 1.52647272746
1681.404064 1.60739827156
1688.661283 1.56963928541
1696.365326 1.63256263733
1703.802529 1.61385099093
1711.207972 1.50979057948
1718.796416 1.70735573769
1725.83423 1.51759632428
1733.54089 1.77397298813
1741.239604 1.75631960233
1749.201988 1.776648283
1756.387341 1.60227958361
1763.861789 1.69680333138
1770.929673 1.54487458865
1778.518109 1.63350804647
1786.206769 1.64639862378
1793.245898 1.5335439841
1801.00048 1.65570727984
1808.238418 1.56168397268
1815.826917 1.72371967634
1823.115434 1.5297627449
1830.71918 1.71741072337
1838.860019 1.90784597397
1846.083736 1.60521133741
1853.701747 1.51767468452
1861.292141 1.72631804148
1868.494603 1.61129601796
1875.717326 1.51450864474
1883.255875 1.65210469564
1890.793374 1.60114900271
1898.180484 1.62966163953
1905.23659 1.54080637296
1912.707664 1.68736402194
1920.180433 1.68916066488
1928.084271 1.75600934029
1935.876326 1.80016271273
1943.494607 1.74313672384
1950.866022 1.606016318
1958.67141 1.72944966952
1965.842266 1.585688591
1973.047546 1.52736473083
1980.368438 1.57242695491
1987.807142 1.64992666245
1995.612268 1.56503645579
2003.284076 1.64903203646
2010.93848 1.63696066538
2018.260803 1.51663335164
2025.564788 1.52980033557
2033.370413 1.78226995468
2040.508588 1.5774743557
2048.497418 1.85215632121
2056.218615 1.66979765892
2063.957818 1.77615435918
2071.465616 1.69806989034
2079.000221 1.64213530223
2086.89009 1.75585905711
2093.827241 1.52183826764
2101.148972 1.61092774073
2108.203604 1.5511692365
2115.559545 1.54294204712
2123.01695 1.56415343285
2130.868592 1.80570363998
2137.857311 1.51444641749
2145.461904 1.68004075686
2152.632357 1.51713371277
2160.45407 1.70388841629
2168.228392 1.77271040281
2175.167382 1.51042262713
2182.452091 1.61995498339
2190.174508 1.65505162875
2197.312117 1.50643308957
2204.933607 1.64145191511
2212.105381 1.54079461098
2219.777628 1.74758132299
2227.066301 1.61811232567
2234.486309 1.505900383
2241.658928 1.58145197233
2249.066556 1.6225956281
2256.685117 1.72376958529
2264.524273 1.80265768369
2271.794002 1.51995070775
2279.252632 1.6606947581
2286.838703 1.61697936058
2294.493125 1.68944334984
2301.414931 1.51420998573
2308.753087 1.52625068029
2316.040627 1.6083436807
2323.495366 1.65239095688
2330.684289 1.5748295784
2338.122263 1.65338865916
2345.593579 1.50935188929
2353.182106 1.71312769254
2360.921344 1.74951028824
2367.892298 1.52521999677
2375.163662 1.61431741714
2382.93492 1.62466891607
2390.043281 1.51295399666
2397.661289 1.6241013209
2404.582157 1.50484339396
2412.254424 1.74257667859
2420.042738 1.67767302195
2427.26394 1.54861942927
2434.719401 1.68966698647
2441.906913 1.50573062897
2449.545902 1.73066401482
2457.400534 1.69067573547
2464.438538 1.54919830958
2471.909317 1.60445936521
2479.700704 1.70223999023
2487.004512 1.53348700205
2494.625436 1.64329139392
2501.91354 1.52845939
2509.468306 1.71669499079
2517.307098 1.78421926498
2525.079428 1.68356529872
2532.836099 1.78075695038
2540.523881 1.75755826632
2547.610351 1.53378605843
2555.231965 1.51315935453
2562.520571 1.61510793368
2569.775733 1.54495342573
2577.180127 1.61470635732
2584.903337 1.64620741208
2592.309684 1.57699934642
2599.345638 1.52550872167
2606.766398 1.63404099147
2614.308392 1.70300857226
2621.559435 1.53631226222
2629.982068 1.92387501399
2637.72068 1.77604571978
2644.908473 1.55006098747
2652.446263 1.70916088422
2659.651267 1.52736862501
2666.95624 1.51292125384
2674.37799 1.62663038572
2682.08357 1.67464033763
2689.187223 1.54482595126
2697.243192 1.62160674731
2704.915005 1.66604161263
2712.002697 1.51638873418
2719.240394 1.60916336377
2727.229549 1.69621094068
2734.967914 1.73701230685
2742.139858 1.53719337781
2749.844966 1.75516462326
2757.566559 1.63731606801
2765.038206 1.69393579165
2772.52717 1.68376668294
2779.580147 1.52351935705
2786.853235 1.53371024132
2794.37391 1.52696474393
2801.962122 1.60621468226
2808.934014 1.48245358467
2816.108306 1.56780362129
2823.092973 1.53214200338
2830.581074 1.58276438713
2838.436501 1.7932946682
2846.208457 1.77006991704
2853.829501 1.73777723312
2861.518204 1.55298805237
2869.073391 1.69830799103
2876.261162 1.60267472267
2883.869005 1.65569726626
2891.475452 1.64047034582
2899.209858 1.61777067184
2906.280996 1.55577572187
2913.93648 1.6608839035
2921.008511 1.52662301064
2928.912756 1.80122462908
2936.451203 1.58488766352
2944.172888 1.78238495191
2951.228084 1.55942765872
2958.733598 1.70021732648
2965.738413 1.50863003731
2973.39277 1.52289032936
2980.480476 1.52027304967
2988.1531 1.66247399648
2995.874136 1.65336465836
3003.145274 1.5150659879
3010.549382 1.64905166626
3017.571729 1.53213500977
3025.227513 1.74230806033
3033.065247 1.80627973874
3040.739315 1.63954941432
3047.758726 1.53837966919
3055.33022 1.70754973094
3062.417752 1.54637734095
3069.823237 1.55651497841
3077.79653 1.65102426211
3085.350635 1.59871308009
3092.422064 1.54931163788
3100.029401 1.62538965543
3107.815027 1.56552704175
3114.96945 1.57847730319
3122.590492 1.71924336751
3129.795152 1.53160627683
3137.45029 1.73989860217
3144.822539 1.52694837252
3152.09427 1.61542042096
3159.168612 1.50763996442
3166.503451 1.59088333448
3173.659232 1.55864199003
3181.016291 1.52083627383
3188.38839 1.6326816082
3196.056185 1.74445096652
3203.161642 1.51116569837
3210.31511 1.58207337062
3218.021316 1.51813872655
3225.693077 1.75622502963
3233.234139 1.70075074832
3240.635246 1.64435021083
3248.193336 1.58365710576
3255.345703 1.5607407093
3262.634036 1.58293064435
3269.689363 1.53664040565
3276.776833 1.54832069079
3284.46509 1.62561400731
3292.18587 1.7568201224
3299.908507 1.78063774109
3306.963326 1.50476336479
3315.017711 1.75083398819
3322.624162 1.71966568629
3329.661664 1.53264363607
3337.182615 1.69935631752
3344.471137 1.51744469007
3352.109624 1.63015031815
3359.131301 1.52738459905
3366.435671 1.58041699727
3373.440677 1.51856327057
3381.195249 1.63870000839
3388.833169 1.72964032491
3396.538484 1.76398634911
3403.843674 1.56438604991
3411.583327 1.652115345
3418.554282 1.52959163984
3425.841601 1.61298131943
3432.846594 1.51628168424
3440.300736 1.55482077599
3448.109555 1.54023472468
3455.461673 1.64089957873
3463.099514 1.73781895638
3470.337842 1.59768199921
3478.028242 1.64753373464
3485.765335 1.76978532473
3493.636403 1.82079728444
3500.976989 1.64721004168
3508.70579 1.55014959971
3516.285275 1.69161272049
3523.823791 1.70196064313
3531.210672 1.64175287882
3538.800167 1.64860868454
3546.639197 1.60471868515
3553.709613 1.56919209162
3561.314064 1.62165268262
3568.771937 1.56464290619
3576.108365 1.53664636612
3583.395957 1.62155175209
3590.700369 1.54813965162
3597.93964 1.60488994916
3605.276554 1.6440560023
3612.699357 1.51541924477
3620.003695 1.60934933027
3627.008501 1.51776862144
3634.196683 1.52452993393
3641.652616 1.66018358866
3649.438915 1.6746292909
3657.228197 1.78553541501
3664.599884 1.53418326378
3672.372246 1.77822478612
3680.126429 1.68145275116
3687.448243 1.64571738243
3695.119552 1.68839891752
3702.858845 1.78002770742
3710.162565 1.51915899913
3717.600836 1.60641932487
3724.572943 1.5173869133
3731.844564 1.55564236641
3739.298751 1.6616760095
3747.137538 1.74962592125
3754.845329 1.7518881162
3761.980979 1.5160232385
3769.651847 1.73011167844
3777.174192 1.6265206337
3784.395315 1.53759535154
3792.035858 1.74364233017
3798.888934 1.48075795174
3806.426554 1.64598941803
3814.448571 1.71058766047
3821.504014 1.55774903297
3828.808639 1.55070829391
3836.030058 1.59704637527
3843.685256 1.73469630877
3851.122415 1.54331970215
3858.961417 1.79466676712
3866.116257 1.54646023115
3873.445928 1.61117919286
3880.544931 1.5103477637
3888.565081 1.60797286034
3895.51883 1.52016003927
3903.174864 1.64573176702
3910.84576 1.61293339729
3918.684811 1.55078800519
3925.97399 1.52941258748
3933.21275 1.6157216231
3941.049057 1.78153236707
3948.50373 1.5602610906
3955.658321 1.58481677373
3963.11415 1.6790359815
3970.818764 1.75059405963
3977.739697 1.51488343875
3985.581404 1.55256970723
3993.066459 1.61542145411
4000.188905 1.53980398178
4007.877415 1.66127165159
4015.130942 1.52775907516
4022.086938 1.51852869987
4029.673804 1.69822827975
4037.56426 1.81026697159
4045.35516 1.79331302643
4053.309374 1.67598970731
4060.580658 1.52833835284
4068.150615 1.70191105207
4075.123807 1.52979365985
4082.162309 1.50222539902
4089.781728 1.57796319326
4096.868884 1.53959568342
4104.206494 1.6107023557
4111.984059 1.77992693583
4119.117347 1.53476667404
4126.805453 1.63898746173
4134.678334 1.81238039335
4141.781891 1.56253035863
4149.373159 1.72509098053
4157.309411 1.70554033915
4164.197102 1.49726398786
4171.601932 1.63759326935
4178.723117 1.57336600622
4186.111371 1.53614473343
4193.800274 1.62483032544
4201.20488 1.65511695544
4208.459547 1.61687994003
4215.580743 1.57660929362
4223.118378 1.70205330849
4230.590678 1.55933197339
4237.862882 1.52163275083
4245.134126 1.56651361783
4252.671742 1.59837293625
4259.74364 1.53142968814
4267.081643 1.53681159019
4274.602937 1.70224706332
4282.058183 1.68512829145
4289.146509 1.52091932297
4296.767548 1.70816167196
4304.773346 1.74232276281
4311.728494 1.52102073034
4319.332147 1.6569852829
4326.404921 1.54559763273
4333.992366 1.62555662791
4341.814639 1.55752396584
4348.936303 1.5602350235
4356.641067 1.74727662404
4364.012851 1.64514438311
4371.367094 1.52011394501
4378.804981 1.64526859919
4386.060057 1.52074503899
4393.815196 1.77677798271
4400.837149 1.53214637438
4408.625424 1.52865449588
4416.083124 1.64562169711
4423.137547 1.53924600283
4430.773492 1.6345594724
4438.645322 1.6332505544
4445.733478 1.54392838478
4453.488456 1.74537364642
4460.993282 1.69405539831
4468.314229 1.50873804092
4475.636115 1.63165998459
4483.291715 1.74577864011
4490.2783 1.52675930659
4497.60077 1.61184795698
4505.139626 1.52967699369
4512.626515 1.60114574432
4520.415534 1.66025837262
4527.453099 1.51512742043
4534.612966 1.55694595973
4542.197422 1.57838273048
4549.485477 1.5900952816
4557.357367 1.81718802452
4565.348678 1.86941560109
4572.917428 1.57501006126
4580.354746 1.68255488078
4587.861005 1.70212634405
4594.899858 1.51870036125
4601.970034 1.52404499054
4609.709336 1.62310942014
4616.83017 1.54515401522
4624.400677 1.69973667463
4631.655942 1.55046272278
4639.143748 1.67802206675
4646.869395 1.55645259221
4654.571228 1.75631936391
4661.359195 1.44349273046
4668.650243 1.54820164045
4676.035396 1.61252530416
4683.340457 1.54851063093
4690.94514 1.63737519582
4698.150955 1.55052137375
4705.088132 1.5039293766
4712.860035 1.7795030276
4720.715555 1.6956132253
4728.319831 1.71517507235
4735.274378 1.51699034373
4742.812734 1.71362336477
4749.966973 1.56639560064
4757.573915 1.52937237422
4764.561086 1.51159040133
4772.132755 1.62876137098
4779.170873 1.50722026825
4786.358766 1.60552040736
4794.213366 1.71114937464
4801.068323 1.4804640611
4808.656925 1.69835273425
4816.580452 1.84390083949
4824.082636 1.58943827947
4831.388003 1.57531476021
4839.009545 1.71297534307
4846.364022 1.65336298943
4853.439323 1.49690238635
4861.211211 1.64451861382
4868.815901 1.70704301198
4875.850893 1.55690574646
4883.271942 1.5452679793
4890.544055 1.53373336792
4898.267241 1.65508405368
4905.353731 1.55357599258
4912.958542 1.72127803167
4919.997008 1.50502880414
4927.00489 1.51936070124
4934.256544 1.40854891141
4941.54382 1.61819330851
4948.615676 1.54309662183
4956.355106 1.66868003209
4963.559227 1.57712721825
4971.213688 1.61261526744
4978.653339 1.64313236872
4986.023531 1.66488901774
4993.695079 1.7564496994
5001.266921 1.5218146642
5008.589355 1.640143315
5015.613318 1.52942172686
5022.63174 1.50472005208
5030.166121 1.58335796992
5037.941928 1.58359972636
5045.580273 1.70460708936
5052.918034 1.4968465964
5059.972492 1.53772330284
5067.81448 1.79726235072
5075.584995 1.6528960069
5083.205326 1.7304520607
5090.328179 1.57168968519
5098.047501 1.74038879077
5105.373025 1.51099467278
5112.624074 1.60534103711
5119.745104 1.56226738294
5126.983849 1.4930220445
5134.588625 1.7258960406
5141.759822 1.49685637156
5149.347576 1.71570444107
5156.503181 1.57590063413
5164.074586 1.70841964086
5171.529988 1.68823329608
5178.751301 1.45985269547
5185.889678 1.55340433121
5193.460848 1.61658740044
5200.498125 1.51541876793
5207.769599 1.61752088865
5215.658698 1.74242329597
5222.847225 1.57125910123
5230.718667 1.81082002322
5237.740378 1.529383262
5245.211489 1.67279529572
5252.600159 1.54500492414
5259.822457 1.54667727153
5267.543283 1.66907501221
5274.69791 1.57857036591
5282.405867 1.66365067164
5289.791546 1.52990762393
5297.529913 1.7615202268
5304.567617 1.51031033198
5312.223385 1.7283270359
5319.294799 1.55274335543
5327.116768 1.53137230873
5334.639969 1.69338536263
5341.858492 1.58442290624
5349.380604 1.62424302101
5357.152711 1.6192296346
5364.12383 1.51101938883
5371.844905 1.67124605179
5379.000271 1.52513233821
5386.154618 1.54776358604
5393.727126 1.53127662341
5401.531575 1.79887763659
5409.186545 1.7394657135
5416.224283 1.53282737732
5423.846885 1.52345840136
5431.101155 1.58731071154
5438.239765 1.51862867673
5445.460858 1.52958162626
5453.085579 1.6250184377
5461.005664 1.58605233828
5468.626167 1.62502169609
5475.684338 1.52554861705
5482.870025 1.56929095586
5490.290115 1.64090466499
5498.162634 1.66770068804
5505.967443 1.79323665301
5512.855516 1.49798194567
5520.526944 1.73416940371
5528.333364 1.65321660042
5535.637516 1.55660200119
5542.742048 1.52077905337
5550.480798 1.67015997569
5558.068645 1.63118537267
5566.007872 1.59521961212
5573.2457 1.55469711622
5581.018098 1.75822925568
5588.022198 1.52387499809
5595.812392 1.78865464528
5603.532433 1.61266827583
5610.536449 1.52322498957
5617.975476 1.66240763664
5625.879551 1.80212497711
5633.535169 1.61088514328
5641.006966 1.64087875684
5647.997835 1.51823568344
5655.833158 1.66990240415
5662.854745 1.51863296827
5670.259611 1.52678418159
5677.448078 1.54896831512
5685.188333 1.74199946721
5692.891436 1.7654894193
5700.530295 1.59976704915
5707.60131 1.53581174215
5715.272439 1.73894762993
5722.343619 1.5382519563
5729.949468 1.68821128209
5737.87128 1.61522205671
5744.858323 1.52208328247
5752.582124 1.65080102285
5759.853162 1.5559416612
5767.394021 1.69497362773
5775.611982 1.76053833961
5783.200636 1.72604425748
5790.389321 1.53528404236
5798.213721 1.79008968671
5806.384131 1.75234246254
5814.205394 1.80527575811
5821.443175 1.55573264758
5829.047369 1.72312370936
5836.669804 1.61703038216
5843.94127 1.53055930138
5851.479201 1.64639767011
5858.518425 1.55004604657
5866.273027 1.66662772497
5873.99371 1.54951334
5881.633041 1.72363861402
5889.021764 1.64827299118
5896.226114 1.60669938723
5903.384139 1.58234294256
5911.31889 1.54402327538
5918.891655 1.71060641607
5926.128851 1.61006331444
5933.667035 1.62448906898
5941.590074 1.63080008825
5948.509897 1.51797628403
5956.231775 1.66674407323
5963.271195 1.50557001432
5970.541986 1.57839298248
5978.046912 1.57062212626
5985.93608 1.80702940623
5993.590802 1.76121266683
6000.645126 1.5294307073
6008.349747 1.50185632706
6015.93883 1.7094947497
6023.776818 1.80824931463
6030.765045 1.51656134923
6038.503159 1.51837730408
6046.058015 1.62399435043
6053.180547 1.55248538653
6060.885057 1.66315372785
6068.540601 1.54835867882
6076.094988 1.70181926092
6083.132204 1.54254388809
6090.838565 1.77063496908
6099.147049 1.96101435026
6107.432818 1.8213883241
6115.087641 1.76092473666
6122.275057 1.54659899076
6129.930438 1.73249403636
6137.552323 1.54514837265
6144.923534 1.56444636981
6152.565146 1.65673232079
6159.516265 1.51593939463
6166.854643 1.53530661265
6174.593516 1.62371834119
6182.249158 1.72273731232
6189.486803 1.55798101425
6196.590827 1.54929788907
6203.829323 1.61829638481
6211.500699 1.51981965701
6218.923072 1.56980903943
6226.126526 1.51686930656
6233.698926 1.58832160632
6241.524471 1.64940905571
6249.426045 1.62727467219
6256.647096 1.54117552439
6263.702646 1.54981239637
6271.423726 1.75110268593
6279.064823 1.7286717097
6286.852172 1.62556107839
6293.940168 1.55703894297
6301.494189 1.7126446565
6308.865484 1.63579964638
6316.037114 1.52265691757
6324.142714 1.62569506963
6331.880225 1.67340262731
6338.952623 1.55424928665
6346.606596 1.65822203954
6354.029264 1.54294331868
6361.967048 1.793785731
6369.5388 1.68973970413
6376.809817 1.53314034144
6384.51597 1.6166826884
6391.519302 1.51496370633
6399.058135 1.6961517334
6406.430042 1.65947341919
6413.537673 1.50727764765
6420.959151 1.53091565768
6428.211697 1.55204296112
6436.082677 1.82512815793
6443.487062 1.66854111354
6451.242745 1.76971435547
6458.717007 1.5323870182
6466.420148 1.755250295
6473.758058 1.58822576205
6481.313157 1.60729932785
6488.785169 1.51218326886
6496.039069 1.516827027
6503.060593 1.53179836273
6510.131748 1.52779102325
6517.086335 1.5232694149
6524.591893 1.52927597364
6531.729925 1.54634563128
6538.867833 1.55495158831
6545.938281 1.54697569211
6552.943562 1.51458573341
6560.26493 1.5453543663
6567.353286 1.54580903053
6574.45833 1.54245169957
6581.629729 1.55503431956
6588.721946 1.54968889554
6596.306004 1.55370863279
6603.209964 1.50263436635
6610.26573 1.53054332733
6617.302954 1.50787695249
6624.441015 1.54878600438
6631.89574 1.52062408129
6639.070534 1.55069375038
6646.122099 1.53892334302
6653.24296 1.53226407369
6660.284698 1.51786096891
6667.802951 1.53810397784
6674.823578 1.5217525959
6681.912369 1.52715659142
6689.01755 1.54561567307
6696.055656 1.52079765002
6703.642834 1.55028732618
6710.815513 1.54400698344
6717.902515 1.54510593414
6725.024184 1.54974842072
6732.180004 1.54621863365
6739.700584 1.52810796102
6746.788578 1.54839841525
6753.926374 1.53457800547
6760.967764 1.53330802917
6768.002498 1.52108963331
6775.490433 1.51477535566
6782.563292 1.52575778961
6789.600296 1.51869010925
6796.808043 1.56695461273
6803.826864 1.5262166659
6811.464508 1.56380367279
6818.420145 1.49013455709
6825.423536 1.51625363032
6832.529156 1.55185000102
6839.650083 1.54340569178
6847.055178 1.51324558258
6854.17375 1.5256263415
6861.248241 1.52784403165
6868.218567 1.51561633746
6875.256814 1.52956573168
6882.797621 1.5429204305
6889.884623 1.54584264755
6897.004782 1.55514431
6904.226179 1.58726374308
6911.347481 1.56606864929
6918.868863 1.54157765706
6925.99021 1.53666981061
6933.011447 1.52973659833
6940.099137 1.52345339457
6947.271182 1.54408462842
6954.944605 1.57054861387
6962.047566 1.54480870565
6969.168669 1.54596106211
6976.290009 1.54559032122
6983.395099 1.53747161229
6990.850088 1.53207461039
6997.988019 1.55612468719
7005.043232 1.53092932701
7012.247618 1.5639119943
7019.452137 1.55555931727
7026.991353 1.52087632815
7034.094924 1.53269863129
7041.232831 1.547727108
7048.371931 1.55520733198
7055.592334 1.56445376078
7062.714733 1.41462993622
7069.768025 1.52113493284
7076.959788 1.57140739759
7084.045377 1.54469188054
7091.016316 1.51306462288
7098.437123 1.48865771294
7105.459309 1.53558460871
7112.497393 1.53003629049
7119.501463 1.51581605275
7126.689808 1.54881834984
7134.079707 1.52202566465
7141.299156 1.54676262538
7148.389555 1.5458890597
7155.408967 1.52843133609
7162.480294 1.52688129743
7170.052588 1.55784837405
7177.260196 1.55018560092
7184.327456 1.52403378487
7191.434334 1.54384668668
7198.486941 1.51861341794
7205.691937 1.49914669991
