23.467322 1.05337023735
26.97414 9999
50.44153 1.05491093397
74.055562 1.05830507278
97.660576 1.06465189457
121.210602 1.05682607889
144.712396 1.05965843201
168.296545 1.05841987133
191.812724 1.06203714609
215.429668 1.06072407961
218.95451 9999
242.417412 1.05886399746
266.065257 1.0624299407
269.537997 9999
293.085737 1.06246922016
316.739124 1.06189712286
340.354253 1.06444824934
364.041994 1.06479153633
367.547013 9999
371.031085 9999.0
394.665652 1.06265542507
398.167961 9999
421.701552 1.0620464921
445.35014 1.06235438585
468.917592 1.06260181665
472.642267 9999
496.170542 1.06231882572
519.77168 1.06333861351
523.414088 9999
546.893941 1.06051921844
570.459902 1.06330084801
594.161849 1.06481596231
617.678479 1.06113249063
621.373026 9999
624.853137 9999
648.367908 1.06089042425
672.053837 1.05727945566
695.623507 1.06232303381
719.273571 1.06085090637
742.738713 1.05850663185
767.373371 1.11172508001
770.898538 9999
794.477564 1.06362570524
818.17841 1.06439834833
841.795645 1.06484241486
865.363238 1.05843784809
868.853805 9999
892.267037 1.05635215044
916.901984 1.11155189276
940.404196 1.05971279144
964.054463 1.06170700788
987.554526 1.05974338055
1011.239009 1.06347340345
1014.779719 9999
1038.263274 1.06008089781
1062.011114 1.06685848236
1065.517337 9999
1088.98481 1.05903530121
1112.765148 1.06765134335
1116.20617 9999
1139.7024 1.06029969454
1163.421788 1.06558502913
1186.870821 1.05733779669
1210.538319 1.06201151609
1234.093079 1.06169015169
1258.828659 1.11564879417
1282.392226 1.063938272
1306.009386 1.06030538082
1329.69669 1.06851221323
1354.395703 1.11220799685
1377.867037 1.05929620266
1381.487373 9999
1405.104172 1.06572490931
1428.601292 1.06013580561
1452.256259 1.06083741188
1475.705552 1.05538899899
1499.388412 1.0604724884
1502.898019 9999
1526.410197 1.06015077829
1551.046339 1.11026735306
1574.497451 1.05824910402
1578.118578 9999
1601.563956 1.0580576539
1624.997778 1.0566462636
1648.582897 1.05884017944
1672.08747 1.0593132019
1695.671364 1.05839933157
1719.171289 1.05932077169
1742.789737 1.05892465115
1766.321715 1.06166074276
1790.973035 1.11144911051
1814.441879 1.05852319002
1838.174405 1.06671856642
1861.658637 1.05880055428
1885.243709 1.05700930357
1908.726823 1.05944955349
1932.331083 1.05787949562
1955.832605 1.05821461678
1979.546535 1.06132674217
2003.098015 1.06264588833
2026.681709 1.05586311817
2050.149399 1.05775657892
2053.75976 9999
2057.241054 9999
2081.757472 1.11104878187
2105.557511 1.06603722572
2129.09459 1.06005237103
2152.676931 1.05683977604
2176.247104 1.06348828077
2199.995019 1.06407191753
2223.581956 1.06429972649
2227.186428 9999
2250.682672 1.05903843641
2274.152876 1.05835025311
2297.834733 1.0621412158
2301.294685 9999
2304.842957 9999.0
2328.575165 1.06363602877
2352.141645 1.06397362947
2375.844845 1.06041834354
2399.36446 1.06089882851
2422.994636 1.05948646069
2446.462645 1.0575325489
2470.213825 1.06224439144
2473.723387 9999
2497.201271 1.05866435766
2521.919149 1.11235948801
2545.356845 1.05698194504
2569.054046 1.06180455685
2592.622152 1.06204471588
2616.376758 1.0634568572
2639.975914 1.06267607212
2643.66549 9999
2667.277221 1.06351186037
2690.748901 1.05906002522
2714.433098 1.06132086515
2737.90112 1.05790524483
2761.584181 1.05876446962
2786.150037 1.11065467596
2809.837695 1.0602028966
2833.338113 1.05978779793
2857.055442 1.06291445494
2880.524402 1.05810106993
2904.274938 1.06410171986
2928.909382 1.11463748217
2932.613484 9999
2956.143163 1.06067457199
2979.710694 1.06168409586
3003.445909 1.06233825684
3026.929551 1.05883963108
3050.601413 1.06128214598
3054.104982 9999
3078.785513 1.11685563326
3102.640148 1.06708028316
3106.159183 9999
3129.706726 1.06173799038
3153.457744 1.06118197441
3177.012367 1.06144798994
3200.763319 1.06529364586
3224.296547 1.06024470329
3248.015439 1.06141006947
3272.534273 1.11078785658
3296.231867 1.05946643353
3319.814898 1.06275446415
3343.55253 1.06297264099
3367.017762 1.05869102478
3390.73783 1.05983916521
3414.371638 1.06672760248
3438.203713 1.06625829935
3461.58841 1.05218199492
3485.339986 1.06270705462
3508.857716 1.06006915569
3532.474415 1.05715081692
3556.02629 1.06241044998
3579.762272 1.0629128933
3603.245684 1.05882670879
