8.482815 6.46812796593
17.299343 9999
25.638547 6.19051408768
34.287951 6.56507611275
42.410872 5.92614388466
50.62439 6.10688900948
59.194893 6.44951701164
67.018702 5.72234201431
75.846446 6.60188603401
84.113736 6.17678284645
92.40358 6.19676494598
100.346622 5.84750294685
108.471532 5.75613689423
116.485292 9999
125.149074 9999
133.357264 6.12645292282
142.100605 9999
149.834571 5.65138292313
158.30153 6.37940788269
166.777332 9999.0
175.09399 6.09988307953
183.457622 9999
192.125528 9999
200.934731 9999.0
209.583588 9999
218.196601 6.52315306664
226.467033 6.16778302193
234.307275 5.76327896118
243.137812 9999
251.494726 9999
259.801346 6.19060516357
268.370291 6.47538280487
277.180746 6.57006192207
285.429366 6.14127397537
294.06307 6.53969097137
302.64267 6.49520587921
311.191581 6.30966210365
319.960567 9999
329.055646 9999
337.374486 6.23142790794
346.111938 6.53668284416
354.325332 6.12753891945
363.000948 6.57837319374
371.329456 6.23264098167
380.137699 6.57488298416
388.481171 6.23584604263
396.430982 5.86430096626
404.295808 5.78745222092
412.711355 6.2103741169
421.51082 9999
429.33221 5.73448991776
437.652214 6.22664690018
445.599356 5.70161700249
454.574309 9999
463.316681 6.61322212219
471.659764 6.25657820702
479.976195 6.11555194855
487.747819 5.66931414604
496.287073 6.4554002285
503.809227 5.43264985085
512.200484 6.17535090446
520.331897 6.02935123444
528.309459 5.87743282318
536.570665 6.16085004807
544.492465 5.72689294815
552.722875 6.13781690598
560.915934 6.10087919235
569.07467 6.08755302429
577.259583 5.82690405846
585.51059 6.16179609299
594.162512 6.55172085762
601.88909 5.65058493614
610.011587 5.75300216675
618.273991 6.1847319603
626.5493 6.18433117867
635.149099 6.51303195953
643.147785 5.76729393005
651.420558 6.17849588394
660.048893 6.53738713264
668.206526 6.08279180527
676.551787 6.09661793709
685.354589 6.71856594086
693.576119 6.1240708828
702.164112 6.50773787498
710.560504 6.1606760025
718.853905 6.18607902527
727.137503 6.18876504898
735.791369 6.5487780571
744.569099 6.52806711197
752.794049 6.11150598526
761.012899 6.12994813919
769.875272 9999.0
778.240611 6.12041187286
787.202671 9999
795.398043 6.08982801437
804.780932 9999.0
812.733027 5.70432305336
820.988833 6.16599917412
828.734044 5.63865494728
837.064753 6.23528409004
845.227985 9999
853.611909 6.27248501778
862.757499 7.05104088783
870.54002 5.71590399742
879.064491 6.25413417816
887.269847 6.12496399879
896.230811 9999
904.457998 6.1442990303
912.85146 6.16553497314
921.03903 6.13220000267
929.385777 6.26543307304
938.020458 9999.0
945.995532 5.76357698441
954.282574 6.20007681847
962.099323 5.72440600395
971.127947 6.94085001945
979.884044 6.55464911461
987.741867 5.7716550827
995.882995 6.04644179344
1004.622953 9999.0
1012.296732 5.42453885078
1020.916055 6.53277182579
1029.319255 9999
1037.902713 6.50169491768
1045.835099 5.70749807358
1054.529906 6.58523988724
1062.758989 6.11174106598
1071.038748 6.17290306091
1079.142668 5.8733818531
1087.012587 5.7786359787
1095.232676 6.10594511032
1103.55394 6.22582912445
1112.01245 6.23787498474
1120.294633 6.18251109123
1128.099334 5.69715690613
1136.647719 6.43276500702
1144.608967 5.71764302254
1153.291961 6.59304308891
1161.206853 5.81569004059
1169.541091 6.25285291672
1177.655775 5.86246705055
1185.914973 6.15365600586
1194.238091 6.21482300758
1202.52117 6.18550801277
1211.421319 9999
1219.990834 6.4898018837
1228.188893 6.09160614014
1236.041938 5.78005981445
1244.795725 6.4971010685
1253.179974 6.28484892845
1261.76808 6.48104810715
1270.092936 6.22276091576
1278.641612 6.28256416321
1286.535969 5.81599998474
1294.948163 6.28169417381
1303.659343 6.59883594513
1311.649785 5.75407004356
1319.436152 5.70274710655
1327.674689 6.130027771
1336.392657 6.58369803429
1344.313994 5.6948299408
1352.783631 9999
1361.621884 6.71668505669
1369.4401 5.72720003128
1378.048469 9999
1386.510021 6.35589694977
1394.906806 6.28580880165
1403.547036 6.53362298012
1411.954315 6.16449689865
1420.256929 6.21111512184
1428.463339 6.09844493866
1436.055337 5.4989991188
1444.527536 6.20133709908
1452.686842 6.02662801743
1460.786592 9999
1469.123741 6.22076392174
1477.858841 6.50424909592
1485.759533 5.80322885513
1494.005535 6.1403222084
1502.405472 6.30001211166
1510.768742 6.12369394302
1519.473189 6.60721206665
1527.32716 5.73601508141
1535.242491 5.80743288994
1543.576182 6.07518291473
1552.297575 6.60755705833
1560.527407 6.12756109238
1569.105448 6.462692976
1577.519476 6.18075990677
1586.288094 6.65595889091
1594.913124 6.52099490166
1603.170115 6.15101099014
1611.600278 6.19795608521
1620.389078 9999
1628.674323 6.16924095154
1636.972439 6.17736101151
1645.164025 9999
1653.010732 5.74744582176
1661.320683 6.19977903366
1669.964044 6.55221605301
1678.303309 6.09703803062
1686.076111 5.67428803444
1694.006694 5.80281186104
1702.705439 6.59274792671
1711.194753 6.24816799164
1719.430568 6.14220809937
1727.640551 6.08541107178
1736.300753 6.57237100601
1744.418173 5.82284903526
1752.67356 6.1359128952
1760.918318 6.13635206223
1769.167486 6.13222193718
1778.076007 9999
1786.284702 6.07871007919
1794.495127 6.09414815903
1803.257833 9999.0
1811.215215 5.69751620293
1819.837581 6.52282595634
1827.684818 5.74366903305
1836.199391 6.41657304764
1843.998558 5.64640903473
1851.774891 5.67621088028
1860.103266 6.21202611923
1868.971239 9999.0
1877.293521 6.07420301437
1885.63124 6.25688719749
1894.020517 9999
1902.447362 6.32861399651
1910.829863 6.15454602242
1919.237537 6.29852199554
1928.182857 6.85886192322
1936.552374 6.2624001503
1944.917039 6.13216900826
1953.483725 9999
1961.711213 6.10474085808
1970.677396 6.84595012665
1979.125008 6.20801901817
1987.326843 6.11553096771
1995.096275 5.66976499557
2003.821589 6.60213303566
2012.222051 6.16129302979
2020.830966 6.52384519577
2029.453739 6.53342199326
2037.64109 6.07682204247
2046.028561 6.16863894463
2054.217146 6.06913089752
2062.491273 6.15352702141
2071.152967 6.56448507309
2079.892837 6.45802092552
2087.753726 5.764108181
2096.248109 9999
2104.479135 6.13556599617
2113.082462 9999
2121.08931 5.90267086029
2129.122219 9999
2136.90058 5.66838407516
2145.818636 6.61610507965
2154.344468 9999
2162.689755 6.22952604294
2171.209607 9999.0
2179.92186 6.4281308651
2188.185237 6.11764717102
2196.876654 6.57029795647
2204.752496 5.77310991287
2213.213389 6.21135377884
2221.501812 6.1853260994
2229.305449 5.68429994583
2237.577065 6.18684411049
2246.362391 6.55991101265
2255.009287 6.50828504562
2263.676162 6.55698084831
2271.881218 6.0948381424
2279.891956 5.73870015144
2287.738817 5.74028515816
2296.070242 6.21703100204
2304.69117 6.51688599586
2313.48333 6.54342412949
2321.427969 9999
2329.610748 6.07368707657
2337.851047 6.14358901978
2345.775777 5.70524287224
2354.809496 6.92334008217
2363.692159 9999
2371.971858 6.1479408741
2380.770152 6.57993388176
2389.091757 6.21330499649
2397.558265 6.36809301376
2405.775434 6.0898900032
2414.8336 9999
2423.082321 6.13770914078
2431.829689 9999
2439.824183 9999.0
2448.134925 6.07056689262
2456.489521 6.25621294975
2464.327537 5.70998597145
2472.10546 5.66517710686
2480.259566 5.92392706871
2488.904641 6.52644300461
2496.707809 5.71078300476
2505.215712 9999.0
2513.35462 5.89010500908
2521.128371 5.68454885483
2528.922739 5.68547201157
2537.18522 6.15283298492
2545.241519 5.79689288139
2553.166346 9999
2561.366181 6.09167599678
2569.634707 6.17489910126
2577.767397 5.87033200264
2586.508075 9999
2594.930659 9999
2602.813802 5.77453184128
2611.227638 9999
2619.215472 5.86830496788
2627.5412 6.22187685966
2635.353405 5.68868017197
2643.85213 6.22906708717
2652.020281 6.06637001038
2660.207659 6.06495499611
2667.969859 5.67602801323
2676.062726 5.82471203804
2683.885756 5.69658398628
2692.622641 6.61768698692
2701.221939 6.4973449707
2710.26679 9999
2718.337828 5.95819711685
2726.595166 6.16321206093
2734.402064 5.68825006485
2742.409704 5.76257896423
2750.719298 6.22158408165
2759.35319 6.51792907715
2767.71772 6.26461100578
2776.213614 6.22587704659
2784.104723 5.80025792122
2791.971143 5.76293206215
2800.577769 6.45701599121
2808.929914 6.0964679718
2817.155702 6.11428999901
2825.771963 6.49713206291
2834.480182 6.57409214973
2843.19753 6.48216199875
2851.573867 6.28297615051
2859.802781 6.1029791832
2868.551105 9999.0
2876.932915 6.14586901665
2885.272051 6.26461982727
2893.983343 6.59922194481
2902.682165 6.56169891357
2911.115049 6.20500206947
2920.214702 6.98082113266
2928.006271 5.67251992226
2936.156598 6.06521201134
2944.557528 6.14186382294
2953.264835 6.59639382362
2961.709513 9999
2970.307688 6.4908080101
2978.935229 9999
2987.620753 6.57249879837
2995.371044 5.62204194069
3003.435768 9999.0
3011.357743 5.66777610779
3019.952078 6.48463988304
3027.811335 5.75567603111
3036.162652 6.24670696259
3045.014168 6.59018802643
3053.548792 6.44026112556
3061.789318 6.09829497337
3070.59467 9999.0
3079.0085 6.16993188858
3086.966401 5.86910700798
3095.471999 6.41013288498
3103.841803 6.25542902946
3112.217586 6.15652179718
3120.011639 5.71055698395
3127.84476 5.72537398338
3136.239098 9999.0
3144.659714 6.14930200577
3152.52701 5.74837398529
3160.387066 5.75492191315
3168.70414 6.21107196808
3177.492483 6.52509307861
3186.142833 6.53939914703
3194.455287 6.221326828
3202.66064 6.10987591743
3211.12878 6.18708992004
3219.390746 6.15244984627
3227.76493 6.27019095421
3236.067473 6.18912100792
3244.765146 6.4450211525
3252.585591 5.70372200012
3260.838038 6.13577389717
3269.172389 6.22077798843
3277.918527 6.49325084686
3285.748753 5.72011590004
3294.186325 6.30425786972
3302.008031 5.71584105492
3310.822199 6.54586195946
3318.484902 5.54686594009
3326.354317 5.75199580193
3334.662151 6.20581912994
3343.101933 6.19424390793
3351.792907 6.5914618969
3359.657013 5.74687099457
3368.125818 9999.0
3376.441585 6.06693100929
3384.663758 6.09412884712
3392.437812 5.68322896957
3400.634468 6.09700798988
3408.616384 5.73733305931
3417.21298 6.490473032
3425.11602 5.77778291702
3433.140562 5.87074279785
3441.605175 6.21349787712
3449.287523 5.60367012024
3457.896947 6.48514389992
3465.753899 5.77866196632
3473.691935 5.71262693405
3481.998346 6.2180109024
3490.80532 6.68654799461
3499.068937 6.18128395081
3507.804936 6.47089600563
3515.755288 5.83064103127
3524.042631 6.15514397621
3532.693905 6.550552845
3541.067917 6.13464093208
3548.822847 5.66076588631
3557.135217 6.2083439827
3565.825547 6.57932686806
3574.263677 6.19009590149
3582.600326 6.23841619492
3590.825392 6.11176681519
3599.541023 6.5876750946
3607.96509 6.1864669323
