18.028149 0.78041973114
35.890084 0.779587519169
54.07171 0.787314081192
57.279708 9999
78.667868 0.955239701271
96.863901 0.788034796715
114.811922 0.782491159439
132.940949 0.782053053379
136.094653 9999
154.087881 0.784889483452
172.197955 0.784747695923
190.143461 0.782000505924
208.387442 0.792574799061
226.234148 0.77754150629
244.163785 0.776588141918
261.956242 0.774286830425
279.904349 0.776782262325
297.713863 0.775099003315
300.95337 9999
304.086995 9999
325.398346 0.950019299984
343.429366 0.785899472237
346.616368 9999
364.758064 0.790761852264
382.903137 0.791028499603
400.864135 0.777395427227
418.796622 0.779422461987
436.990318 0.784935569763
454.918602 0.78108946085
476.481458 0.956389284134
494.459919 0.782055997849
512.488779 0.779200851917
530.467446 0.78330976963
548.545907 0.784607303143
566.407901 0.778894376755
584.620202 0.786670875549
602.60011 0.783357799053
620.610213 0.778428184986
641.944218 0.952805233002
660.139363 0.786907446384
678.215196 0.787017774582
696.28031 0.780617618561
714.172238 0.777544724941
717.462367 9999
735.456495 0.780668771267
753.397875 0.782094335556
771.413211 0.777825307846
789.39033 0.784205830097
807.353497 0.776325464249
825.145774 0.773849058151
843.124331 0.777199232578
861.019613 0.77713971138
879.016605 0.778033924103
896.959956 0.780114448071
915.055442 0.782250154018
932.900579 0.774662780762
950.995455 0.783317351341
972.476981 0.95756354332
975.784724 9999
993.740825 0.781552600861
1011.770423 0.784476077557
1029.767104 0.77785782814
1051.362237 0.963509905338
1069.55915 0.78683590889
1087.572266 0.785886526108
1105.634355 0.780384302139
1123.709901 0.786690342426
1141.855945 0.785621333122
1159.734257 0.777767848969
1177.896055 0.784037673473
1199.278322 0.95389726162
1217.472633 0.78661210537
1235.583851 0.789962410927
1253.68223 0.782077729702
1271.542752 0.776152741909
1274.831903 9999
1292.755795 0.779736959934
1310.834854 0.788542020321
1328.962922 0.783157908916
1346.893722 0.780004072189
1364.803274 0.774280738831
1382.635092 0.776296544075
1400.694554 0.780520665646
1403.883887 9999
1421.807164 0.77852717638
1439.969922 0.786066865921
1457.814533 0.775937056541
1475.726252 0.773626840115
1493.506435 0.774034631252
1511.467064 0.776810228825
1529.478745 0.785097527504
1550.942701 0.950920200348
1568.857472 0.779080283642
1586.867196 0.776539969444
1604.731402 0.776423728466
1622.873911 0.784286665916
1640.802618 0.779182779789
1658.914298 0.782284879684
1676.743224 0.774900853634
1694.707811 0.776546013355
1712.652442 0.780565786362
1730.711982 0.780909705162
1748.590879 0.777856266499
1766.735687 0.784545791149
1788.216376 0.957172954082
1806.448707 0.787667739391
1809.552546 9999
1827.562699 0.785736644268
1845.889369 0.792660951614
1863.78388 0.777149987221
1881.795275 0.778616666794
1899.710201 0.780263364315
1917.768849 0.779806602001
1935.530717 0.771240246296
1953.694837 0.785063040257
1971.790836 0.788471961021
1989.767186 0.776857793331
2007.612037 0.776068174839
2025.707254 0.781803953648
2043.719501 0.782744860649
2061.750741 0.779166269302
2079.612594 0.775942444801
2097.774116 0.785564041138
2115.666842 0.778529191017
2133.779289 0.782095301151
2151.62385 0.77458575964
2169.602098 0.776385653019
2191.100174 0.958715569973
2209.145697 0.778918099403
2227.074037 0.780315351486
2245.254039 0.785686337948
2263.297005 0.785740995407
2281.809797 0.792015397549
2299.925223 0.790043950081
2318.053208 0.783196723461
2336.196378 0.790835380554
2354.19162 0.776986718178
2372.003642 0.774833977222
2390.034725 0.77638977766
2408.043984 0.785009324551
2426.155831 0.782756435871
2444.067624 0.778291249275
2462.231129 0.784904396534
2480.127851 0.777942299843
2498.339135 0.787276649475
2516.351909 0.783638048172
2534.527453 0.78495388031
2552.506197 0.78064674139
2570.53442 0.777003180981
2588.363216 0.774877142906
2606.478162 0.779614043236
2627.839213 0.951109409332
2645.868348 0.777245414257
2667.251791 0.951042306423
2685.562228 0.788062167168
2703.438886 0.778677034378
2721.519558 0.780602586269
2739.449509 0.7806822896
2757.45867 0.77613568306
2775.338718 0.77784358263
2778.693392 9999
2796.684461 0.783254826069
2814.696447 0.784276628494
2832.691335 0.776113092899
2850.66962 0.782417857647
2868.815394 0.781821119785
2886.694293 0.776932573318
2908.411082 0.96072191
2911.580847 9999
2929.606739 0.785494315624
2951.286063 0.958829700947
2969.234972 0.780454945564
2987.24495 0.775842547417
2990.416601 9999
3008.4745 0.787161123753
3026.569959 0.78177574873
3044.482847 0.779573822021
3066.295735 0.964057910442
3084.258322 0.780971682072
3102.373098 0.781270003319
3120.450575 0.787735712528
3138.443829 0.773755514622
3156.321868 0.778328156471
3174.468006 0.781937992573
3195.984657 0.958559715748
3214.32782 0.792132008076
3217.505928 9999
3235.627475 0.787221062183
3253.720263 0.779959332943
3275.117966 0.95351883173
3293.365592 0.786619579792
3311.294602 0.780985474586
3329.520409 0.786029934883
3350.93388 0.955470275879
3369.13274 0.782558262348
3387.10853 0.781503605843
3405.240015 0.781128919125
3423.234079 0.782499885559
3441.294626 0.775697910786
3459.292645 0.783354640007
3477.520943 0.784584665298
3495.416644 0.777324771881
3513.326665 0.769379675388
3531.354027 0.78589925766
3549.448991 0.780439853668
3570.829502 0.952064299583
3588.758831 0.7721981287
3606.653769 0.779105997086
