2.248455 9999
4.151495 9999
6.06417 9999
7.94758 9999
9.820755 9999
11.665251 9999
13.53918 9999
15.412268 9999
17.298978 9999
19.192161 9999
21.099698 9999
22.981641 9999
24.856246 9999
26.77599 9999
28.681597 9999
30.564497 9999.0
32.573844 9999
34.480407 9999
36.385333 9999
38.320811 9999
40.216828 9999
42.090449 9999
43.98388 9999
45.879087 9999
47.784849 9999
49.697191 9999
51.599049 9999
53.473595 9999
55.358773 9999
57.277332 9999
59.184768 9999
61.097343 9999.0
63.149134 9999
65.034705 9999
66.938905 9999
68.832626 9999
70.718703 9999
72.636756 9999
74.545773 9999
76.429929 9999
78.337876 9999
80.263524 9999
82.153955 9999
84.049697 9999
85.950672 9999
87.870645 9999
89.764261 9999
91.657566 9999.0
93.734926 9999
95.634967 9999
97.517281 9999
99.400396 9999
101.292066 9999
103.2136 9999
105.100655 9999
106.997696 9999
108.864941 9999
110.766572 9999
112.669938 9999
114.544735 9999
116.379493 9999
118.260611 9999
120.125961 9999
122.025628 9999.0
124.08057 9999
125.977756 9999
127.861638 9999
129.74755 9999
131.607302 9999
133.488284 9999
135.375282 9999
137.226725 9999
139.117339 9999
141.014568 9999
142.924804 9999
144.806157 9999
146.677188 9999
148.561507 9999
150.457471 9999
152.366923 9999.0
154.441943 9999
156.35281 9999
158.271069 9999
160.169371 9999
162.049223 9999
163.936022 9999
165.818668 9999
167.690549 9999
169.536739 9999
171.42326 9999
173.343016 9999
175.217878 9999
177.089162 9999
178.968883 9999
180.855926 9999
182.736643 9999.0
184.815944 9999
186.700275 9999
188.580406 9999
190.453763 9999
192.340521 9999
194.251793 9999
196.12942 9999
198.029677 9999
199.92272 9999
201.831703 9999
203.714538 9999
205.589663 9999
207.482096 9999
209.33295 9999
211.24146 9999
213.14901 9999.0
215.188561 9999
217.096279 9999
219.005647 9999
220.90016 9999
222.798347 9999
224.704571 9999
226.578898 9999
228.45802 9999
230.346002 9999
232.250097 9999
234.145874 9999
236.019174 9999
237.916033 9999
239.811919 9999
241.705439 9999
243.614252 9999.0
245.690782 9999
247.577191 9999
249.470872 9999
251.378528 9999
253.272984 9999
255.172832 9999
257.054374 9999
258.973193 9999
260.868861 9999
262.743688 9999
264.675678 9999
266.594146 9999
268.478482 9999
270.373466 9999
272.258726 9999
274.147137 9999.0
276.244942 9999
278.162031 9999
280.062454 9999
281.977215 9999
283.898827 9999
285.79324 9999
287.690428 9999
289.597828 9999
291.496991 9999
293.389965 9999
295.29041 9999
297.169314 9999
299.056594 9999
300.925485 9999
302.822621 9999
304.698488 9999.0
306.789449 9999
308.676141 9999
310.560589 9999
312.471878 9999
314.391527 9999
316.299385 9999
318.192997 9999
320.079879 9999
321.973901 9999
323.873236 9999
325.764037 9999
327.651902 9999
329.522932 9999
331.387571 9999
333.25483 9999
335.141778 9999.0
337.24082 9999
339.121353 9999
341.01939 9999
342.913794 9999
344.7907 9999
346.672388 9999
348.557925 9999
350.465565 9999
352.356782 9999
354.254001 9999
356.20087 9999
358.133443 9999
360.027462 9999
361.922738 9999
363.786165 9999
365.659564 9999.0
367.742082 9999
369.624618 9999
371.536657 9999
373.443851 9999
375.34346 9999
377.262534 9999
379.16488 9999
381.065376 9999
382.95533 9999
384.866636 9999
386.77833 9999
388.684623 9999
390.576825 9999
392.472683 9999
394.383519 9999
396.294601 9999.0
398.366112 9999
400.249573 9999
402.181689 9999
404.057516 9999
405.948668 9999
407.860703 9999
409.740887 9999
411.592915 9999
413.498414 9999
415.419971 9999
417.340648 9999
419.239118 9999
421.134916 9999
423.028317 9999
424.937492 9999
426.824683 9999.0
428.917161 9999
430.790386 9999
432.708303 9999
434.61952 9999
436.527776 9999
438.449171 9999
440.356409 9999
442.225505 9999
444.111868 9999
446.006499 9999
447.897267 9999
449.802672 9999
451.717414 9999
453.60131 9999
455.511428 9999
457.394635 9999.0
459.566226 9999
461.461 9999
463.357043 9999
465.278853 9999
467.149691 9999
469.02522 9999
470.919582 9999
472.816764 9999
474.700098 9999
476.58194 9999
478.478668 9999
480.350605 9999
482.259717 9999
484.134259 9999
486.02885 9999
487.936951 9999.0
490.035165 9999
491.932555 9999
493.864103 9999
495.772012 9999
497.677405 9999
499.576929 9999
501.459378 9999
503.329856 9999
505.224947 9999
507.125088 9999
509.019513 9999
510.913204 9999
512.82617 9999
514.70579 9999
516.612664 9999
518.513452 9999.0
520.578944 9999
522.458052 9999
524.365787 9999
526.269442 9999
528.157959 9999
530.05409 9999
531.961697 9999
533.871091 9999
535.792288 9999
537.673521 9999
539.581476 9999
541.489999 9999
543.398058 9999
545.31809 9999
547.216911 9999
549.111225 9999.0
551.180972 9999
553.060828 9999
554.944448 9999
556.860457 9999
558.761206 9999
560.634835 9999
562.501733 9999
564.422063 9999
566.34207 9999
568.234513 9999
570.133708 9999
572.006111 9999
573.901976 9999
575.762662 9999
577.67378 9999
579.5692 9999.0
581.664835 9999
583.60023 9999
585.508333 9999
587.404905 9999
589.322886 9999
591.241792 9999
593.150179 9999
595.048644 9999
596.94078 9999
598.827126 9999
600.724716 9999
602.617763 9999
604.526205 9999
606.446326 9999
608.332997 9999
610.234831 9999.0
612.326434 9999
614.22528 9999
616.109282 9999
618.004757 9999
619.910712 9999
621.808877 9999
623.695085 9999
625.579242 9999
627.468202 9999
629.391875 9999
631.347816 9999
633.244179 9999
635.127617 9999
637.046614 9999
638.966866 9999
640.864291 9999.0
643.002277 9999
644.880773 9999
646.789752 9999
648.667752 9999
650.544056 9999
652.40971 9999
654.301994 9999
656.198836 9999
658.058574 9999
659.941306 9999
661.84933 9999
663.745809 9999
665.645518 9999
667.526818 9999
669.399339 9999
671.27323 9999.0
673.357535 9999
675.220368 9999
677.117625 9999
679.037549 9999
680.929482 9999
682.825617 9999
684.735169 9999
686.618846 9999
688.506829 9999
690.398947 9999
692.287439 9999
694.17815 9999
696.098673 9999
698.007388 9999
699.904926 9999
701.822764 9999.0
703.945066 9999
705.842772 9999
707.740688 9999
709.636379 9999
711.558777 9999
713.454243 9999
715.338746 9999
717.247697 9999
719.149197 9999
721.058433 9999
722.989261 9999
724.87287 9999
726.754839 9999
728.677507 9999
730.575639 9999
732.457142 9999.0
734.607568 9999
736.491387 9999
738.411069 9999
740.332602 9999
742.214521 9999
744.109801 9999
746.003683 9999
747.916643 9999
749.80986 9999
751.718751 9999
753.616878 9999
755.514508 9999
757.393986 9999
759.315378 9999
761.224905 9999
763.12106 9999.0
765.23341 9999
767.131289 9999
769.036823 9999
770.957544 9999
772.851842 9999
774.750217 9999
776.657551 9999
778.558908 9999
780.4462 9999
782.343455 9999
784.239005 9999
786.132903 9999
788.031627 9999
789.93652 9999
791.839677 9999
793.753805 9999.0
795.911694 9999
797.811026 9999
799.718131 9999
801.614457 9999
803.52328 9999
805.420922 9999
807.337209 9999
809.22346 9999
811.092886 9999
813.001929 9999
814.910387 9999
816.816849 9999
818.712284 9999
820.588104 9999
822.484744 9999
824.366444 9999.0
826.478027 9999
828.370848 9999
830.272716 9999
832.155635 9999
834.037947 9999
835.913928 9999
837.795655 9999
839.691771 9999
841.5983 9999
843.496006 9999
845.391891 9999
847.263732 9999
849.159234 9999
851.019282 9999
852.9519 9999
854.815179 9999.0
856.980296 9999
858.892984 9999
860.809228 9999
862.692724 9999
864.581515 9999
866.485275 9999
868.350522 9999
870.230841 9999
872.108645 9999
874.015797 9999
875.91047 9999
877.758949 9999
879.643421 9999
881.524927 9999
883.419268 9999
885.270707 9999.0
887.358627 9999
889.243122 9999
891.130376 9999
893.00764 9999
894.880789 9999
896.762712 9999
898.623542 9999
900.495655 9999
902.390518 9999
904.277133 9999
906.156889 9999
908.064602 9999
909.973454 9999
911.859578 9999
913.765562 9999
915.627169 9999.0
917.716753 9999
919.59701 9999
921.469753 9999
923.358346 9999
925.250809 9999
927.149662 9999
929.019222 9999
930.889755 9999
932.764741 9999
934.656958 9999
936.559101 9999
938.428748 9999
940.325986 9999
942.220122 9999
944.103374 9999
945.988376 9999.0
948.07345 9999
949.9736 9999
951.891797 9999
953.785678 9999
955.69365 9999
957.601796 9999
959.498668 9999
961.384352 9999
963.279236 9999
965.178563 9999
967.070278 9999
968.959397 9999
970.848254 9999
972.748756 9999
974.633319 9999
976.519828 9999.0
978.689555 9999
980.582008 9999
982.454198 9999
984.374843 9999
986.269972 9999
988.177663 9999
990.085862 9999
991.974415 9999
993.854028 9999
995.750579 9999
997.660167 9999
999.541811 9999
1001.405568 9999
1003.309248 9999
1005.20659 9999
1007.094184 9999.0
1009.24407 9999
1011.090252 9999
1012.980703 9999
1014.857078 9999
1016.740712 9999
1018.634679 9999
1020.556029 9999
1022.452711 9999
1024.385553 9999
1026.30158 9999
1028.210311 9999
1030.107753 9999
1032.016818 9999
1033.908986 9999
1035.797315 9999
1037.714476 9999.0
1039.840023 9999
1041.712111 9999
1043.630026 9999
1045.54862 9999
1047.446706 9999
1049.340799 9999
1051.261108 9999
1053.194882 9999
1055.104933 9999
1056.999706 9999
1058.899062 9999
1060.789728 9999
1062.697245 9999
1064.607544 9999
1066.516167 9999
1068.423671 9999.0
1070.533616 9999
1072.327489 9999
1074.217192 9999
1076.125404 9999
1078.021292 9999
1079.894144 9999
1081.792269 9999
1083.68563 9999
1085.560681 9999
1087.455457 9999
1089.375541 9999
1091.257192 9999
1093.166301 9999
1095.06329 9999
1096.984509 9999
1098.891711 9999.0
1101.028444 9999
1102.921734 9999
1104.85526 9999
1106.741579 9999
1108.626752 9999
1110.510991 9999
1112.401629 9999
1114.297272 9999
1116.231494 9999
1118.129412 9999
1120.035346 9999
1121.968788 9999
1123.900924 9999
1125.782177 9999
1127.657162 9999
1129.526551 9999.0
1131.649339 9999
1133.557591 9999
1135.464179 9999
1137.365979 9999
1139.278129 9999
1141.166557 9999
1143.062828 9999
1144.970491 9999
1146.878294 9999
1148.754441 9999
1150.648581 9999
1152.540397 9999
1154.462122 9999
1156.382403 9999
1158.279404 9999
1160.150607 9999.0
1162.261579 9999
1164.168402 9999
1166.089183 9999
1167.961277 9999
1169.829988 9999
1171.694061 9999
1173.592886 9999
1175.484653 9999
1177.4043 9999
1179.314211 9999
1181.22678 9999
1183.120176 9999
1185.001992 9999
1186.8981 9999
1188.799396 9999
1190.702026 9999.0
1192.824143 9999
1194.712445 9999
1196.605737 9999
1198.493853 9999
1200.378888 9999
1202.272892 9999
1204.190455 9999
1206.088748 9999
1207.993289 9999
1209.876875 9999
1211.796292 9999
1213.670465 9999
1215.563918 9999
1217.464398 9999
1219.357048 9999
1221.252534 9999.0
1223.369407 9999
1225.262092 9999
1227.184832 9999
1229.070804 9999
1230.945982 9999
1232.839367 9999
1234.718791 9999
1236.583267 9999
1238.465316 9999
1240.356777 9999
1242.245447 9999
1244.131824 9999
1245.998143 9999
1247.885061 9999
1249.765553 9999
1251.654897 9999.0
1253.787695 9999
1255.685548 9999
1257.591835 9999
1259.489179 9999
1261.385029 9999
1263.254537 9999
1265.13672 9999
1267.028641 9999
1268.943781 9999
1270.852276 9999
1272.757667 9999
1274.656069 9999
1276.537675 9999
1278.447841 9999
1280.341747 9999
1282.26072 9999.0
1284.3967 9999
1286.270498 9999
1288.176525 9999
1290.072626 9999
1291.980972 9999
1293.924186 9999
1295.824723 9999
1297.729712 9999
1299.603036 9999
1301.487771 9999
1303.392869 9999
1305.290766 9999
1307.189835 9999
1309.082742 9999
1310.979145 9999
1312.862017 9999.0
1315.020355 9999
1316.904959 9999
1318.790228 9999
1320.682853 9999
1322.607855 9999
1324.504561 9999
1326.385561 9999
1328.283636 9999
1330.192975 9999
1332.073932 9999
1333.969408 9999
1335.880912 9999
1337.797421 9999
1339.717976 9999
1341.625944 9999
1343.502697 9999.0
1345.675697 9999
1347.579981 9999
1349.487825 9999
1351.394985 9999
1353.304525 9999
1355.174912 9999
1357.046999 9999
1358.917662 9999
1360.838457 9999
1362.721648 9999
1364.633528 9999
1366.525583 9999
1368.421727 9999
1370.316567 9999
1372.192176 9999
1374.073775 9999.0
1376.196114 9999
1378.084772 9999
1379.982316 9999
1381.897752 9999
1383.799653 9999
1385.712969 9999
1387.623577 9999
1389.53105 9999
1391.44129 9999
1393.349202 9999
1395.27451 9999
1397.173482 9999
1399.070137 9999
1400.942108 9999
1402.849383 9999
1404.745161 9999.0
1406.845171 9999
1408.754413 9999
1410.675818 9999
1412.558837 9999
1414.442526 9999
1416.341223 9999
1418.233737 9999
1420.111376 9999
1422.018634 9999
1423.889723 9999
1425.76786 9999
1427.632545 9999
1429.498188 9999
1431.378243 9999
1433.226262 9999
1435.118454 9999.0
1437.26716 9999
1439.153154 9999
1441.063168 9999
1442.954224 9999
1444.863866 9999
1446.772765 9999
1448.670849 9999
1450.552361 9999
1452.423414 9999
1454.316562 9999
1456.204615 9999
1458.081263 9999
1459.985268 9999
1461.89003 9999
1463.799289 9999
1465.697697 9999.0
1467.847718 9999
1469.776053 9999
1471.69678 9999
1473.624119 9999
1475.555389 9999
1477.444691 9999
1479.350352 9999
1481.245781 9999
1483.141227 9999
1485.043197 9999
1486.938977 9999
1488.816827 9999
1490.73827 9999
1492.637441 9999
1494.565416 9999
1496.439364 9999.0
1498.597826 9999
1500.481955 9999
1502.393383 9999
1504.298003 9999
1506.204311 9999
1508.128778 9999
1510.035058 9999
1511.953784 9999
1513.872114 9999
1515.794341 9999
1517.728584 9999
1519.646701 9999
1521.541698 9999
1523.453108 9999
1525.358128 9999
1527.233793 9999.0
1529.340769 9999
1531.240757 9999
1533.121539 9999
1535.028508 9999
1536.928839 9999
1538.833085 9999
1540.744125 9999
1542.638263 9999
1544.535567 9999
1546.428416 9999
1548.324001 9999
1550.200246 9999
1552.107697 9999
1554.037599 9999
1555.937191 9999
1557.843257 9999.0
1559.978394 9999
1561.865199 9999
1563.785994 9999
1565.692799 9999
1567.573985 9999
1569.447048 9999
1571.330605 9999
1573.231809 9999
1575.122959 9999
1577.02703 9999
1578.939604 9999
1580.873159 9999
1582.790305 9999
1584.675098 9999
1586.594612 9999
1588.491763 9999.0
1590.65399 9999
1592.568402 9999
1594.478744 9999
1596.373076 9999
1598.272096 9999
1600.202539 9999
1602.115232 9999
1604.01837 9999
1605.953557 9999
1607.882345 9999
1609.81486 9999
1611.709387 9999
1613.608595 9999
1615.490201 9999
1617.386411 9999
1619.270081 9999.0
1621.406301 9999
1623.314249 9999
1625.226754 9999
1627.132988 9999
1629.038669 9999
1630.958409 9999
1632.862894 9999
1634.790735 9999
1636.673728 9999
1638.578752 9999
1640.464369 9999
1642.35921 9999
1644.24565 9999
1646.128564 9999
1648.010259 9999
1649.894553 9999.0
1652.029589 9999
1653.953503 9999
1655.874379 9999
1657.754627 9999
1659.653994 9999
1661.546085 9999
1663.420879 9999
1665.281697 9999
1667.151201 9999
1669.03595 9999
1670.964342 9999
1672.888323 9999
1674.777352 9999
1676.669484 9999
1678.555558 9999
1680.434677 9999.0
1682.537618 9999
1684.432978 9999
1686.315915 9999
1688.210588 9999
1690.085019 9999
1691.981018 9999
1693.888033 9999
1695.784155 9999
1697.691988 9999
1699.59125 9999
1701.50379 9999
1703.390849 9999
1705.287779 9999
1707.197313 9999
1709.0782 9999
1710.97431 9999.0
1713.182978 9999
1715.056535 9999
1716.971781 9999
1718.884738 9999
1720.789632 9999
1722.673381 9999
1724.548732 9999
1726.435274 9999
1728.313937 9999
1730.213403 9999
1732.118647 9999
1734.016722 9999
1735.910329 9999
1737.818144 9999
1739.740567 9999
1741.612065 9999.0
1743.773013 9999
1745.676936 9999
1747.572197 9999
1749.49868 9999
1751.426824 9999
1753.339434 9999
1755.245036 9999
1757.125728 9999
1759.02574 9999
1760.921176 9999
1762.824809 9999
1764.733571 9999
1766.629436 9999
1768.541286 9999
1770.424884 9999
1772.344703 9999.0
1774.466318 9999
1776.366261 9999
1778.279381 9999
1780.201968 9999
1782.098199 9999
1783.996238 9999
1785.904987 9999
1787.78802 9999
1789.693289 9999
1791.602142 9999
1793.532952 9999
1795.434782 9999
1797.338676 9999
1799.248768 9999
1801.140161 9999
1803.026021 9999.0
1805.135816 9999
1807.048395 9999
1808.955679 9999
1810.848767 9999
1812.733989 9999
1814.618167 9999
1816.493394 9999
1818.356017 9999
1820.247567 9999
1822.164513 9999
1824.078109 9999
1825.982063 9999
1827.879725 9999
1829.798051 9999
1831.708029 9999
1833.616146 9999.0
1835.789061 9999
1837.718336 9999
1839.64878 9999
1841.521426 9999
1843.442794 9999
1845.327922 9999
1847.237496 9999
1849.144599 9999
1851.06134 9999
1852.9633 9999
1854.882299 9999
1856.812113 9999
1858.722601 9999
1860.637224 9999
1862.533481 9999
1864.417707 9999.0
1866.551864 9999
1868.463103 9999
1870.356304 9999
1872.252543 9999
1874.152115 9999
1876.059477 9999
1877.955636 9999
1879.851695 9999
1881.758241 9999
1883.668165 9999
1885.585802 9999
1887.495547 9999
1889.403842 9999
1891.310383 9999
1893.241009 9999
1895.124451 9999.0
1897.240723 9999
1899.149181 9999
1901.046151 9999
1902.964832 9999
1904.857379 9999
1906.754357 9999
1908.643556 9999
1910.52171 9999
1912.410314 9999
1914.286069 9999
1916.198223 9999
1918.121136 9999
1920.026082 9999
1921.927089 9999
1923.841518 9999
1925.744854 9999.0
1927.908992 9999
1929.817335 9999
1931.73752 9999
1933.647701 9999
1935.555341 9999
1937.424967 9999
1939.345143 9999
1941.238028 9999
1943.128371 9999
1945.020631 9999
1946.932357 9999
1948.838929 9999
1950.73333 9999
1952.64269 9999
1954.551783 9999
1956.445502 9999.0
1958.593317 9999
1960.491746 9999
1962.421064 9999
1964.353158 9999
1966.238448 9999
1968.160415 9999
1970.033048 9999
1971.923259 9999
1973.824252 9999
1975.717222 9999
1977.639417 9999
1979.5466 9999
1981.43298 9999
1983.304852 9999
1985.190091 9999
1987.078337 9999.0
1989.222269 9999
1991.128996 9999
1993.046479 9999
1994.956188 9999
1996.815553 9999
1998.733427 9999
2000.64361 9999
2002.576791 9999
2004.46959 9999
2006.401662 9999
2008.313323 9999
2010.180416 9999
2012.061478 9999
2013.962107 9999
2015.851331 9999
2017.730899 9999.0
2019.854033 9999
2021.755207 9999
2023.671437 9999
2025.553299 9999
2027.431764 9999
2029.310535 9999
2031.220925 9999
2033.071204 9999
2034.96217 9999
2036.861186 9999
2038.769004 9999
2040.687308 9999
2042.572869 9999
2044.491857 9999
2046.373754 9999
2048.269066 9999.0
2050.423668 9999
2052.307734 9999
2054.234102 9999
2056.09478 9999
2057.988979 9999
2059.911838 9999
2061.783554 9999
2063.688491 9999
2065.609851 9999
2067.515756 9999
2069.437536 9999
2071.348368 9999
2073.269451 9999
2075.190508 9999
2077.111232 9999
2079.004826 9999.0
2081.128916 9999
2083.060169 9999
2084.981004 9999
2086.85499 9999
2088.759082 9999
2090.716341 9999
2092.636434 9999
2094.540518 9999
2096.441112 9999
2098.357561 9999
2100.303462 9999
2102.214339 9999
2104.134145 9999
2106.004631 9999
2107.896745 9999
2109.782401 9999.0
2111.945576 9999
2113.8614 9999
2115.771291 9999
2117.691029 9999
2119.589407 9999
2121.50734 9999
2123.41838 9999
2125.303285 9999
2127.194738 9999
2129.090897 9999
2131.022432 9999
2132.94156 9999
2134.85397 9999
2136.758053 9999
2138.641527 9999
2140.563586 9999.0
2142.724282 9999
2144.619973 9999
2146.530126 9999
2148.43878 9999
2150.308285 9999
2152.227902 9999
2154.112626 9999
2156.018288 9999
2157.900835 9999
2159.762542 9999
2161.636328 9999
2163.540733 9999
2165.440945 9999
2167.347385 9999
2169.230645 9999
2171.089559 9999.0
2173.228158 9999
2175.147488 9999
2177.065738 9999
2178.963139 9999
2180.85989 9999
2182.777294 9999
2184.688049 9999
2186.571433 9999
2188.48674 9999
2190.36668 9999
2192.282279 9999
2194.179347 9999
2196.065034 9999
2197.958672 9999
2199.866174 9999
2201.761642 9999.0
2203.936877 9999
2205.852696 9999
2207.745078 9999
2209.657148 9999
2211.566391 9999
2213.477169 9999
2215.371118 9999
2217.254761 9999
2219.139644 9999
2221.070358 9999
2222.993049 9999
2224.909159 9999
2226.83194 9999
2228.739597 9999
2230.638924 9999
2232.542685 9999.0
2234.655207 9999
2236.577398 9999
2238.46858 9999
2240.364724 9999
2242.261752 9999
2244.168129 9999
2246.080501 9999
2248.000734 9999
2249.906527 9999
2251.801074 9999
2253.722027 9999
2255.608322 9999
2257.483904 9999
2259.374707 9999
2261.28419 9999
2263.212853 9999.0
2265.371962 9999
2267.256883 9999
2269.178915 9999
2271.078575 9999
2273.000185 9999
2274.917981 9999
2276.821116 9999
2278.696096 9999
2280.601511 9999
2282.500361 9999
2284.417119 9999
2286.342337 9999
2288.235983 9999
2290.14195 9999
2292.026353 9999
2293.89787 9999.0
2296.033741 9999
2297.908878 9999
2299.814298 9999
2301.687607 9999
2303.569972 9999
2305.48299 9999
2307.401429 9999
2309.287085 9999
2311.167099 9999
2313.058915 9999
2314.927813 9999
2316.84202 9999
2318.705785 9999
2320.610625 9999
2322.47211 9999
2324.365575 9999.0
2326.513304 9999
2328.400272 9999
2330.247974 9999
2332.130549 9999
2334.01382 9999
2335.945411 9999
2337.867915 9999
2339.774672 9999
2341.696863 9999
2343.614529 9999
2345.49819 9999
2347.382876 9999
2349.301942 9999
2351.238057 9999
2353.157043 9999
2355.075737 9999.0
2357.220308 9999
2359.095741 9999
2361.029046 9999
2362.912053 9999
2364.80954 9999
2366.714907 9999
2368.621562 9999
2370.509544 9999
2372.417363 9999
2374.357261 9999
2376.280579 9999
2378.162875 9999
2380.051329 9999
2381.965998 9999
2383.887818 9999
2385.783276 9999.0
2387.916916 9999
2389.789548 9999
2391.724406 9999
2393.607693 9999
2395.517177 9999
2397.423137 9999
2399.341126 9999
2401.201685 9999
2403.108658 9999
2405.032599 9999
2406.937308 9999
2408.847495 9999
2410.752821 9999
2412.652795 9999
2414.547555 9999
2416.456034 9999.0
2418.59181 9999
2420.501507 9999
2422.418667 9999
2424.302046 9999
2426.213067 9999
2428.1184 9999
2430.025213 9999
2431.913718 9999
2433.833691 9999
2435.727316 9999
2437.634606 9999
2439.543093 9999
2441.464798 9999
2443.393684 9999
2445.327331 9999
2447.236693 9999.0
2449.408882 9999
2451.315547 9999
2453.235561 9999
2455.132304 9999
2457.023557 9999
2458.907675 9999
2460.816478 9999
2462.728304 9999
2464.658924 9999
2466.593272 9999
2468.522117 9999
2470.404388 9999
2472.323551 9999
2474.234629 9999
2476.121278 9999
2478.003834 9999.0
2480.186161 9999
2482.09257 9999
2484.009635 9999
2485.911988 9999
2487.80811 9999
2489.713401 9999
2491.622128 9999
2493.527763 9999
2495.415945 9999
2497.310518 9999
2499.207985 9999
2501.127502 9999
2503.037482 9999
2504.930274 9999
2506.848041 9999
2508.747905 9999.0
2510.857431 9999
2512.74312 9999
2514.675446 9999
2516.593988 9999
2518.5037 9999
2520.384876 9999
2522.293445 9999
2524.239113 9999
2526.159708 9999
2528.053994 9999
2529.949503 9999
2531.846576 9999
2533.75398 9999
2535.649682 9999
2537.546002 9999
2539.454576 9999.0
2541.626186 9999
2543.533912 9999
2545.430626 9999
2547.317314 9999
2549.222389 9999
2551.109758 9999
2552.967572 9999
2554.840577 9999
2556.746106 9999
2558.618627 9999
2560.526096 9999
2562.410858 9999
2564.329261 9999
2566.216704 9999
2568.109392 9999
2570.009697 9999.0
2572.191124 9999
2574.101511 9999
2575.987996 9999
2577.867388 9999
2579.786262 9999
2581.661539 9999
2583.569053 9999
2585.453116 9999
2587.334848 9999
2589.209222 9999
2591.07893 9999
2592.964421 9999
2594.870673 9999
2596.754829 9999
2598.652377 9999
2600.557081 9999.0
2602.730062 9999
2604.614674 9999
2606.536436 9999
2608.44299 9999
2610.362855 9999
2612.273534 9999
2614.166607 9999
2616.06339 9999
2617.969527 9999
2619.855126 9999
2621.764918 9999
2623.67558 9999
2625.577314 9999
2627.486513 9999
2629.370106 9999
2631.266168 9999.0
2633.425418 9999
2635.373206 9999
2637.304122 9999
2639.212271 9999
2641.108274 9999
2643.022177 9999
2644.911324 9999
2646.832121 9999
2648.704302 9999
2650.617771 9999
2652.551611 9999
2654.44004 9999
2656.360936 9999
2658.253608 9999
2660.161119 9999
2662.084863 9999.0
2664.222924 9999
2666.104624 9999
2668.009489 9999
2669.896003 9999
2671.766154 9999
2673.661239 9999
2675.558984 9999
2677.431069 9999
2679.295343 9999
2681.173877 9999
2683.107299 9999
2685.00366 9999
2686.896746 9999
2688.795262 9999
2690.728803 9999
2692.621695 9999.0
2694.794231 9999
2696.717489 9999
2698.636785 9999
2700.535403 9999
2702.442303 9999
2704.369771 9999
2706.27741 9999
2708.175982 9999
2710.106443 9999
2712.018128 9999
2713.910234 9999
2715.785501 9999
2717.679291 9999
2719.603086 9999
2721.554154 9999
2723.466364 9999.0
2725.635179 9999
2727.547786 9999
2729.438086 9999
2731.337693 9999
2733.22024 9999
2735.083009 9999
2736.998654 9999
2738.918033 9999
2740.819169 9999
2742.700875 9999
2744.622006 9999
2746.538344 9999
2748.43799 9999
2750.341338 9999
2752.23146 9999
2754.113396 9999.0
2756.30754 9999
2758.202702 9999
2760.099706 9999
2761.997348 9999
2763.900716 9999
2765.808626 9999
2767.754542 9999
2769.642804 9999
2771.561111 9999
2773.492205 9999
2775.396654 9999
2777.304175 9999
2779.226167 9999
2781.162453 9999
2783.066316 9999
2784.985669 9999.0
2787.118548 9999
2789.018064 9999
2790.943039 9999
2792.811471 9999
2794.7093 9999
2796.626001 9999
2798.561096 9999
2800.469507 9999
2802.399279 9999
2804.295913 9999
2806.193652 9999
2808.101317 9999
2810.008404 9999
2811.904513 9999
2813.80335 9999
2815.638564 9999.0
2817.834611 9999
2819.726551 9999
2821.669464 9999
2823.592461 9999
2825.51134 9999
2827.414528 9999
2829.290147 9999
2831.16512 9999
2833.084499 9999
2834.965983 9999
2836.898046 9999
2838.807062 9999
2840.716997 9999
2842.60257 9999
2844.471029 9999
2846.355665 9999.0
2848.526196 9999
2850.425224 9999
2852.332242 9999
2854.223929 9999
2856.12165 9999
2858.021187 9999
2859.949986 9999
2861.847679 9999
2863.74976 9999
2865.651268 9999
2867.535332 9999
2869.429363 9999
2871.339249 9999
2873.24861 9999
2875.167953 9999
2877.086824 9999.0
2879.23626 9999
2881.14322 9999
2883.064387 9999
2884.959751 9999
2886.882421 9999
2888.810324 9999
2890.732857 9999
2892.609377 9999
2894.498139 9999
2896.386923 9999
2898.301573 9999
2900.201748 9999
2902.154049 9999
2904.064887 9999
2906.007976 9999
2907.928453 9999.0
2910.121296 9999
2912.019079 9999
2913.913763 9999
2915.844661 9999
2917.744188 9999
2919.668137 9999
2921.572932 9999
2923.480856 9999
2925.410399 9999
2927.342879 9999
2929.238599 9999
2931.158163 9999
2933.066777 9999
2934.954591 9999
2936.821648 9999
2938.709503 9999.0
2940.843347 9999
2942.749246 9999
2944.672254 9999
2946.566854 9999
2948.463306 9999
2950.348133 9999
2952.242215 9999
2954.150827 9999
2956.046432 9999
2957.953759 9999
2959.863843 9999
2961.746386 9999
2963.644572 9999
2965.552099 9999
2967.447181 9999
2969.366143 9999.0
2971.505288 9999
2973.414325 9999
2975.310942 9999
2977.216757 9999
2979.138365 9999
2981.043707 9999
2982.96218 9999
2984.880574 9999
2986.790065 9999
2988.673007 9999
2990.605989 9999
2992.501161 9999
2994.38889 9999
2996.283664 9999
2998.216755 9999
3000.147412 9999.0
3002.296088 9999
3004.205505 9999
3006.17012 9999
3008.077126 9999
3009.988154 9999
3011.904941 9999
3013.815381 9999
3015.740303 9999
3017.656393 9999
3019.553557 9999
3021.469316 9999
3023.365584 9999
3025.225763 9999
3027.124931 9999
3029.030742 9999
3030.936699 9999.0
3033.063905 9999
3034.986881 9999
3036.877218 9999
3038.772759 9999
3040.681265 9999
3042.590659 9999
3044.51258 9999
3046.397089 9999
3048.305044 9999
3050.202332 9999
3052.121999 9999
3054.014624 9999
3055.931113 9999
3057.828035 9999
3059.7763 9999
3061.721061 9999.0
3063.915291 9999
3065.802769 9999
3067.729656 9999
3069.652369 9999
3071.559227 9999
3073.477168 9999
3075.375048 9999
3077.285399 9999
3079.177523 9999
3081.088289 9999
3082.961141 9999
3084.890333 9999
3086.81287 9999
3088.706378 9999
3090.605012 9999
3092.498467 9999.0
3094.637617 9999
3096.530968 9999
3098.438754 9999
3100.375035 9999
3102.28106 9999
3104.209179 9999
3106.119948 9999
3108.031558 9999
3109.932463 9999
3111.84777 9999
3113.749118 9999
3115.660643 9999
3117.599611 9999
3119.483201 9999
3121.380638 9999
3123.289061 9999.0
3125.452204 9999
3127.360308 9999
3129.237177 9999
3131.112976 9999
3132.994003 9999
3134.869524 9999
3136.769599 9999
3138.67698 9999
3140.553155 9999
3142.453851 9999
3144.364981 9999
3146.263481 9999
3148.135391 9999
3149.996651 9999
3151.898002 9999
3153.787538 9999.0
3155.90538 9999
3157.825103 9999
3159.746996 9999
3161.629826 9999
3163.516075 9999
3165.394196 9999
3167.284193 9999
3169.189066 9999
3171.09812 9999
3173.019592 9999
3174.93924 9999
3176.832659 9999
3178.727041 9999
3180.624767 9999
3182.522871 9999
3184.441832 9999.0
3186.617332 9999
3188.52474 9999
3190.445352 9999
3192.327029 9999
3194.240535 9999
3196.140812 9999
3198.052929 9999
3199.958487 9999
3201.864511 9999
3203.78805 9999
3205.709964 9999
3207.597587 9999
3209.500338 9999
3211.394559 9999
3213.292316 9999
3215.186299 9999.0
3217.321707 9999
3219.208093 9999
3221.118266 9999
3222.982565 9999
3224.859906 9999
3226.746712 9999
3228.67377 9999
3230.56902 9999
3232.493635 9999
3234.433251 9999
3236.29774 9999
3238.203287 9999
3240.094974 9999
3242.031592 9999
3243.949711 9999
3245.873774 9999.0
3248.011524 9999
3249.906315 9999
3251.824736 9999
3253.743818 9999
3255.653585 9999
3257.553672 9999
3259.442499 9999
3261.359749 9999
3263.294141 9999
3265.189505 9999
3267.074419 9999
3268.959242 9999
3270.854184 9999
3272.772682 9999
3274.684801 9999
3276.630156 9999.0
3278.797955 9999
3280.718732 9999
3282.602676 9999
3284.515098 9999
3286.444296 9999
3288.361802 9999
3290.26962 9999
3292.167759 9999
3294.049517 9999
3295.972438 9999
3297.868648 9999
3299.773495 9999
3301.685732 9999
3303.582694 9999
3305.4908 9999
3307.409018 9999.0
3309.530265 9999
3311.430943 9999
3313.33783 9999
3315.253521 9999
3317.198458 9999
3319.093623 9999
3320.990674 9999
3322.909822 9999
3324.806512 9999
3326.726657 9999
3328.645144 9999
3330.541133 9999
3332.449528 9999
3334.334733 9999
3336.221454 9999
3338.139023 9999.0
3340.275892 9999
3342.162743 9999
3344.047073 9999
3345.951119 9999
3347.835021 9999
3349.743643 9999
3351.64905 9999
3353.548263 9999
3355.432972 9999
3357.338976 9999
3359.211221 9999
3361.09456 9999
3363.005095 9999
3364.913372 9999
3366.807325 9999
3368.740631 9999.0
3370.920411 9999
3372.81885 9999
3374.727532 9999
3376.613768 9999
3378.508762 9999
3380.399397 9999
3382.297728 9999
3384.182932 9999
3386.083085 9999
3387.988067 9999
3389.914018 9999
3391.83979 9999
3393.727221 9999
3395.64755 9999
3397.552521 9999
3399.474521 9999.0
3401.616345 9999
3403.529018 9999
3405.448861 9999
3407.368994 9999
3409.26203 9999
3411.159449 9999
3413.035368 9999
3414.955213 9999
3416.848417 9999
3418.756066 9999
3420.649629 9999
3422.560069 9999
3424.46882 9999
3426.364277 9999
3428.246059 9999
3430.1425 9999.0
3432.313984 9999
3434.232989 9999
3436.130069 9999
3438.037468 9999
3439.948443 9999
3441.869838 9999
3443.800601 9999
3445.711856 9999
3447.614067 9999
3449.537316 9999
3451.446086 9999
3453.353185 9999
3455.265406 9999
3457.156218 9999
3459.088793 9999
3461.019589 9999.0
3463.166333 9999
3465.09019 9999
3467.015438 9999
3468.917351 9999
3470.822655 9999
3472.745376 9999
3474.699791 9999
3476.615803 9999
3478.500297 9999
3480.409066 9999
3482.340609 9999
3484.227629 9999
3486.090101 9999
3487.996092 9999
3489.894571 9999
3491.798559 9999.0
3493.984572 9999
3495.905126 9999
3497.824678 9999
3499.733623 9999
3501.632122 9999
3503.501185 9999
3505.416657 9999
3507.322796 9999
3509.220089 9999
3511.118383 9999
3513.028427 9999
3514.948097 9999
3516.856696 9999
3518.750567 9999
3520.674369 9999
3522.592851 9999.0
3524.788225 9999
3526.692548 9999
3528.613462 9999
3530.501131 9999
3532.371099 9999
3534.269104 9999
3536.161983 9999
3538.069572 9999
3539.993393 9999
3541.892779 9999
3543.777991 9999
3545.684985 9999
3547.553473 9999
3549.469438 9999
3551.392392 9999
3553.335418 9999.0
3555.472705 9999
3557.409546 9999
3559.298768 9999
3561.210764 9999
3563.126355 9999
3565.0568 9999
3566.942576 9999
3568.854807 9999
3570.745971 9999
3572.654265 9999
3574.565717 9999
3576.449476 9999
3578.345177 9999
3580.252823 9999
3582.160033 9999
3584.057539 9999.0
3586.214451 9999
3588.108369 9999
3590.018764 9999
3591.87855 9999
3593.750137 9999
3595.633788 9999
3597.533393 9999
3599.440986 9999
3601.33663 9999
