8.212924 6.23337101936
16.569319 6.22446799278
25.269567 6.61748409271
34.431614 7.09459710121
42.801824 6.15995907784
51.405912 6.48838591576
59.700716 6.1911649704
68.372121 6.55848193169
77.180908 6.58064985275
86.088862 9999
94.742654 6.57524895668
103.50253 6.68007087708
112.418716 6.68018221855
120.655531 6.13347101212
128.835868 6.06780982018
137.46593 6.51980996132
145.895864 6.19174313545
154.097434 6.09378600121
162.71694 6.52286410332
171.310896 6.47773218155
179.700412 6.18785190582
187.89956 6.09328699112
196.227196 6.23934102058
204.825509 9999.0
212.808622 5.77692699432
221.024104 6.12666201591
229.316857 6.20605897903
237.99708 6.59946990013
245.963833 5.72683906555
254.156284 6.11583304405
262.486845 6.22663378716
270.865496 6.30554795265
279.668022 6.58260083199
288.307511 6.55885982513
297.031355 6.61999511719
305.349953 6.24010801315
314.196884 6.69333100319
322.728508 9999
331.263539 6.41837191582
339.186338 5.84450507164
347.452385 6.06867980957
355.333509 5.79422903061
364.374918 9999
372.598702 6.1086640358
380.51464 5.69449710846
388.337103 5.73299503326
396.767988 6.32486200333
405.079328 6.23229598999
413.436771 6.15392804146
422.107641 6.58529686928
430.32769 6.13412094116
438.476653 6.05046010017
446.313007 5.62430000305
454.635752 6.23490786552
462.43053 5.70541381836
470.206507 5.690928936
478.125954 5.70129990578
485.836847 5.63299417496
493.996062 6.07418513298
501.781037 5.69553804398
510.129086 6.12395691872
518.369166 6.16065621376
526.194918 5.73693609238
534.971406 6.69547915459
543.942153 9999
552.518643 6.47500705719
560.814954 6.19407701492
568.652573 5.74554300308
576.999972 6.1233959198
585.166425 6.08450102806
593.483172 6.227820158
601.246702 5.67474603653
609.673212 6.20241999626
618.504479 6.70646810532
626.462521 5.87613201141
634.329176 5.77284598351
642.79175 6.22264695168
651.007247 6.12742805481
659.183119 6.07630801201
668.066017 9999.0
676.05547 5.7630879879
683.883357 5.74858999252
692.054237 6.09590411186
699.82491 5.66290807724
708.209436 6.18245506287
716.14223 5.83693504333
724.134945 9999
732.591427 9999.0
741.388518 6.57104992867
749.603366 6.12048006058
757.378255 5.66733980179
766.024513 6.58444404602
774.846053 6.5868139267
782.569356 5.63871097565
791.068479 9999
799.277219 6.11543393135
808.433206 9999
817.524822 6.966132164
825.295615 5.66566205025
833.093133 5.71615600586
841.801809 9999
849.646789 5.75211811066
857.850971 6.10261201859
865.576627 5.63029098511
873.942529 6.14947080612
882.306329 6.23196697235
890.607249 6.20980000496
898.886891 6.19449210167
907.120431 6.04181408882
915.858194 6.59823608398
924.874787 6.89880299568
932.664875 5.70509719849
941.144842 6.16731095314
949.547994 9999
958.113807 6.48208713531
966.675403 9999.0
974.626311 5.72410488129
982.428 5.66128897667
990.615027 6.0999019146
998.213997 5.51007890701
1006.101051 5.70165896416
1014.445327 6.24830794334
1022.658247 6.13168311119
1030.937528 6.19525289536
1039.73931 6.58844780922
1048.065453 6.239123106
1056.404026 6.23882985115
1065.15511 9999.0
1073.072291 5.7045609951
1081.727217 6.57024717331
1089.966701 6.13779306412
1098.401153 6.34796500206
1106.748894 6.13821911812
1114.579402 5.75000405312
1122.518676 5.84591007233
1130.801462 6.18190217018
1139.191072 6.17414402962
1147.560193 6.2841360569
1155.369246 5.70671892166
1163.876664 9999.0
1171.742994 5.64298987389
1179.940829 6.09921503067
1188.503792 6.47485995293
1196.663795 6.06964683533
1205.093468 6.21272802353
1213.438558 6.23534297943
1222.218274 9999
1230.383093 9999.0
1238.904207 6.31785202026
1246.765033 5.74294614792
1254.662947 5.7984290123
1263.095964 6.24907684326
1271.399192 6.09804010391
1280.061245 6.55986404419
1288.418034 6.25519800186
1296.616581 6.11830210686
1305.178989 6.33010196686
1312.984464 5.72667598724
1320.818186 5.71454310417
1329.12789 6.18456912041
1337.566117 6.20908689499
1345.607459 9999
1353.373592 5.66492414474
1361.939567 6.47370791435
1370.063762 9999
1378.304078 6.14337086678
1387.082518 9999
1394.963073 5.7772591114
1403.760165 6.58096504211
1411.954114 6.1033000946
1420.362768 6.31592202187
1429.395285 6.93316888809
1438.118453 6.48742508888
1445.890549 5.68391013145
1454.471071 6.47619318962
1462.61758 9999.0
1470.527905 5.69589209557
1479.07798 6.4518930912
1486.834 5.66416311264
1494.815372 5.89727497101
1503.659018 6.5987610817
1512.224116 6.47406411171
1520.796398 9999
1529.483731 6.6029291153
1537.865966 6.16980695724
1545.660323 5.69276189804
1553.970719 6.22785210609
1561.976206 5.91934108734
1570.430523 6.24700212479
1578.63103 6.098995924
1587.048861 6.32609701157
1595.164899 6.03668189049
1603.438824 9999
1611.791863 6.26170897484
1620.006566 6.10955882072
1627.752452 5.66225409508
1636.137557 6.14729905128
1644.020784 5.80001592636
1652.470396 9999
1661.084476 6.49165201187
1669.432937 6.11042690277
1677.304178 5.79037189484
1685.179086 5.7702691555
1693.903088 6.63585805893
1701.82766 5.70895195007
1710.172629 6.25207209587
1718.449608 6.17697000504
1726.714725 6.18178987503
1735.26504 6.29952788353
1743.590713 6.24789714813
1751.308739 5.63721299171
1759.138301 5.72717785835
1767.89325 6.52899003029
1776.24117 6.24209094048
1784.0629 5.71538901329
1791.932536 5.7807571888
1799.598017 5.43492102623
1808.31752 6.6310069561
1816.793911 9999
1825.102429 6.22019386292
1833.451103 6.097645998
1841.674217 6.13178014755
1849.874635 6.08897805214
1858.067881 6.09369897842
1866.470393 6.17878389359
1874.683441 6.12421989441
1882.91083 6.11478710175
1890.819162 5.825963974
1899.266811 6.21452093124
1907.396574 6.05228710175
1915.256799 5.77246308327
1923.469535 6.13607883453
1932.227383 6.5543088913
1940.527935 6.21252202988
1949.169061 6.57157111168
1957.547507 6.27843904495
1966.014968 6.23332810402
1973.806367 5.68870091438
1981.865994 9999
1990.473895 6.53257489204
1998.794116 6.08119797707
2007.131186 6.24594306946
2015.493065 6.25543904305
2023.517009 9999.0
2031.867586 6.13582396507
2040.127043 6.17959904671
2048.475803 6.25785398483
2056.695733 6.12331986427
2065.464226 6.55973410606
2074.423219 6.84836602211
2082.583868 6.07736682892
2091.094592 6.45846581459
2100.325146 6.97798204422
2108.181175 5.76839613914
2116.709751 6.42649197578
2124.930951 6.14322304726
2133.794435 6.64370298386
2141.558472 5.67166805267
2150.251714 6.60500502586
2159.209579 9999.0
2167.087537 5.72498106956
2175.316323 6.1446390152
2183.599838 6.18743801117
2191.504337 5.80568599701
2200.271552 6.55065202713
2208.59872 6.25880408287
2217.072153 9999
2225.365838 6.19062900543
2233.777114 6.16800498962
2242.787258 9999
2251.005333 6.12654805183
2259.169435 6.07387185097
2268.143182 6.7467019558
2276.009605 5.75289201736
2283.849459 5.74054884911
2292.099197 6.17436218262
2300.255564 5.89351391792
2308.876287 6.52602410316
2317.439695 6.44202899933
2325.708544 6.17632985115
2334.421085 6.45164418221
2342.208516 5.70331406593
2349.979188 5.66206502914
2358.41886 9999.0
2367.107891 9999
2375.361 6.17018198967
2383.311477 5.86558389664
2391.466943 6.04812908173
2399.798084 6.10597085953
2407.872048 9999
2416.065657 6.06686997414
2424.23478 6.0775680542
2432.309071 5.83726191521
2441.095912 6.68152284622
2449.632587 6.42526817322
2457.564052 5.82291388512
2465.968943 6.14169597626
2473.739696 5.67211794853
2481.928596 6.08790612221
2490.646338 6.63222002983
2499.167927 6.27835011482
2507.005434 5.73998904228
2515.374554 6.26354789734
2524.467869 7.01370406151
2533.572146 6.86840486526
2541.77837 6.09745383263
2549.632201 5.74316501617
2558.338833 6.62243795395
2566.248577 5.65788388252
2574.439959 6.10570597649
2582.487562 9999
2590.808176 6.21428894997
2599.309069 6.26902794838
2607.235853 5.81758403778
2615.502284 6.17666101456
2624.059817 6.47648310661
2631.945677 5.65405988693
2640.243548 6.20854997635
2648.490343 6.14964389801
2657.321528 9999.0
2665.96091 9999
2674.233802 6.17194604874
2682.523409 6.17876315117
2690.167773 9999.0
2697.967401 5.54194188118
2706.551295 6.47523522377
2714.349057 5.68528199196
2722.334335 9999.0
2730.623419 6.0394949913
2738.773445 6.06104111671
2747.736254 6.86765384674
2756.371271 6.53463888168
2764.78578 6.19353413582
2773.12932 6.25657105446
2781.994514 9999
2790.336236 6.24987983704
2798.668982 6.08804011345
2807.407322 6.62185716629
2815.725546 6.20257711411
2823.48503 5.67227196693
2831.538043 5.82404088974
2839.481869 5.85824799538
2848.090446 6.51592493057
2856.744247 6.53499794006
2864.717109 5.74002480507
2872.584124 5.75462007523
2880.809697 6.12177205086
2889.561925 9999.0
2897.553912 5.79660701752
2905.684133 6.0574760437
2913.460842 5.65596389771
2921.479831 5.93438410759
2929.816745 6.1091439724
2938.390404 6.47772812843
2946.653846 6.13582515717
2954.530861 5.75680804253
2962.474198 5.75040006638
2970.501757 9999
2978.361523 5.73526000977
2986.663617 6.2225048542
2995.293645 6.39370417595
3004.063319 9999
3011.898275 5.73492693901
3020.24706 6.26015615463
3029.125373 9999
3037.457338 6.23268795013
3046.15377 6.57964515686
3054.074511 5.83019900322
3061.958084 5.6455180645
3070.134997 6.0902929306
3077.92773 5.7041079998
3086.644116 6.62198495865
3094.728916 5.84069895744
3103.361358 6.5417330265
3111.952814 6.50548195839
3119.742818 5.6875231266
3128.143724 6.1772069931
3136.428512 6.18952703476
3145.095377 6.54821801186
3153.415721 6.21596908569
3161.797126 6.11140704155
3169.74498 5.82909393311
3178.361108 9999
3186.954836 9999.0
3195.340115 6.14127206802
3203.131511 5.68754506111
3211.719285 6.48491883278
3219.88629 6.08674192429
3228.603168 6.47326087952
3236.387573 5.68931007385
3244.558799 9999
3252.479389 5.82144498825
3260.953644 6.25687384605
3269.75899 6.69380092621
3278.436122 6.58133387566
3286.643864 6.14168286324
3294.599947 5.71101903915
3302.375342 5.68655490875
3310.533772 6.06963396072
3318.900913 6.26627588272
3327.837799 6.69808602333
3336.019051 6.08189582825
3343.890753 5.76601600647
3352.403412 6.40318393707
3361.328619 6.66917991638
3369.462337 6.0761449337
3377.733653 6.16244983673
3385.942638 6.12123513222
3394.40006 6.22530889511
3402.149957 5.66347789764
3410.502158 6.24927806854
3419.073235 6.47624993324
3427.928845 6.58988595009
3436.244305 6.22153687477
3445.290275 6.93967413902
3453.144234 5.77229905128
3461.516466 6.14648413658
3470.191621 6.55736804008
3478.401195 6.09429597855
3486.641476 6.14452195168
3495.365859 6.49028396606
3503.323912 5.87074279785
3511.122769 5.70923018456
3519.45471 6.24121785164
3527.517089 5.84628820419
3535.837715 6.20096087456
3544.510816 6.56802988052
3552.862653 6.27473497391
3561.275209 6.18539595604
3569.527325 6.14834117889
3577.775026 6.12216591835
3585.514474 5.65238595009
3593.553871 5.78309488297
3602.142347 6.49934983253
