40.667725 1.97167043686
81.438274 1.97301722765
122.178456 1.97148183584
162.878563 1.97101993561
203.600749 1.97082493305
244.323565 1.97131073475
285.060852 1.97082878351
325.801564 1.9710537672
366.540676 1.97326413393
407.257048 1.97059725523
448.004414 1.97342799902
488.675023 1.9704988122
529.345025 1.96936744452
570.067617 1.97062133551
610.800268 1.97153609991
651.687734 1.97565329075
692.434228 1.97178193331
733.21417 1.97309676409
773.941148 1.97196202278
814.658306 1.97064146996
855.35266 1.96882158518
896.112767 1.97058380842
936.830068 1.97128332853
977.519492 1.96982723475
1018.320715 1.97329523563
1059.057272 1.97243157625
1099.826361 1.97187492847
1140.683653 1.9775980711
1181.461048 1.9727563858
1222.171698 1.97074357271
1262.876715 1.97165682316
1303.680825 1.97300446033
1344.49373 1.97368098497
1385.338333 1.97462128401
1426.054819 1.971705091
1466.81808 1.97229380608
1507.593006 1.97420761585
1548.295859 1.97158768177
1589.060597 1.97378845215
1629.769574 1.96946823597
1670.633966 1.97625182867
1711.444113 1.97536400557
1752.2053 1.97227932215
1792.959657 1.97118222713
1833.7504 1.97452104092
1874.546772 1.97373815775
1915.314592 1.97348598242
1956.021057 1.97195109129
1996.788134 1.97145440578
2000.106116 9999
2040.67317 1.9737745285
2044.094274 9999
2084.642939 1.97003053427
2125.410154 1.97334775925
2166.110449 1.97049481869
2206.824819 1.97073526382
2247.546141 1.97039210796
2250.834707 9999
2291.366303 1.96983470917
2332.27591 1.97615468502
2373.001562 1.97011325359
2413.827576 1.97063164711
2454.645281 1.97458536625
2495.544851 1.97738337517
2536.307284 1.97290787697
2577.054219 1.97027184963
2617.814187 1.97012565136
2658.624085 1.97310961485
2699.364398 1.97228773832
2740.190162 1.97404258251
2780.965815 1.97222926617
2821.692503 1.96968894005
2825.034666 9999
2865.592714 1.97120411396
2906.363869 1.97201273441
2947.122057 1.97118607759
2987.911748 1.97319509983
3028.643968 1.97299062014
3069.387866 1.97252441645
3110.18547 1.97428663969
3150.926464 1.97006356716
3191.67422 1.9704715848
3232.427913 1.97271842957
3273.216003 1.97236540318
3314.001013 1.97218608856
3354.804984 1.97367961407
3358.161484 9999
3398.724507 1.97287135124
3402.03891 9999
3442.59777 1.97170481682
3483.430389 1.97586699724
3524.203674 1.97194514275
3565.000713 1.97353448868
3605.735651 1.97197333574
