2.282208 9999
4.420717 9999
6.58201 9999
8.706404 9999
10.831722 9999
12.95268 9999
15.078256 9999
17.190106 9999
19.279136 9999
21.389072 9999
23.529566 9999
25.659557 9999
27.751325 9999
29.843838 9999
31.939863 9999.0
34.240368 9999
36.356752 9999
38.467355 9999
40.581068 9999
42.705224 9999
44.825154 9999
46.961067 9999
49.065991 9999
51.174743 9999
53.275472 9999
55.387056 9999
57.508384 9999
59.612192 9999
61.709276 9999
63.818873 9999.0
66.123496 9999
68.241817 9999
70.3728 9999
72.507207 9999
74.632259 9999
76.745145 9999
78.84761 9999
80.965624 9999
83.085888 9999
85.178707 9999
87.296708 9999
89.426041 9999
91.536329 9999
93.650513 9999
95.790358 9999.0
98.071168 9999
100.192603 9999
102.305165 9999
104.431213 9999
106.549379 9999
108.675766 9999
110.799518 9999
112.939987 9999
115.064228 9999
117.183942 9999
119.310543 9999
121.423276 9999
123.53627 9999
125.668943 9999
127.792849 9999.0
130.159304 9999
132.285199 9999
134.407391 9999
136.505164 9999
138.604499 9999
140.691307 9999
142.7738 9999
144.858902 9999
146.969569 9999
149.142256 9999
151.25657 9999
153.377815 9999
155.489388 9999
157.599122 9999
159.714495 9999.0
161.995761 9999
164.146897 9999
166.261714 9999
168.377724 9999
170.500805 9999
172.601177 9999
174.735495 9999
176.836985 9999
178.957196 9999
181.084338 9999
183.208862 9999
185.336191 9999
187.442915 9999
189.57075 9999
191.696528 9999.0
193.995073 9999
196.133894 9999
198.244339 9999
200.393316 9999
202.504019 9999
204.640743 9999
206.764291 9999
208.890345 9999
211.008704 9999
213.127845 9999
215.271823 9999
217.398699 9999
219.513762 9999
221.647651 9999
223.756718 9999.0
226.058721 9999
228.188793 9999
230.287239 9999
232.40734 9999
234.532282 9999
236.660755 9999
238.757383 9999
240.855988 9999
242.945982 9999
245.055568 9999
247.17093 9999
249.241428 9999
251.346625 9999
253.461302 9999
255.560381 9999.0
257.865006 9999
259.971469 9999
262.085849 9999
264.198383 9999
266.334128 9999
268.445831 9999
270.545679 9999
272.658745 9999
274.786564 9999
276.899198 9999
279.014105 9999
281.132198 9999
283.278479 9999
285.387566 9999
287.524842 9999.0
289.804486 9999
291.904981 9999
293.998054 9999
296.13131 9999
298.245562 9999
300.342256 9999
302.469084 9999
304.592349 9999
306.705084 9999
308.851129 9999
310.962119 9999
313.106153 9999
315.212896 9999
317.331642 9999
319.485332 9999.0
321.821659 9999
323.934357 9999
326.046299 9999
328.147406 9999
330.248774 9999
332.373168 9999
334.491401 9999
336.595726 9999
338.705327 9999
340.803269 9999
342.93912 9999
345.04232 9999
347.131282 9999
349.251676 9999
351.364946 9999.0
353.694887 9999
355.828742 9999
357.943494 9999
360.07754 9999
362.224831 9999
364.350392 9999
366.448199 9999
368.560499 9999
370.641757 9999
372.710926 9999
374.819566 9999
376.942074 9999
379.051186 9999
381.165632 9999
383.248905 9999.0
385.521942 9999
387.663644 9999
389.787989 9999
391.915174 9999
394.030695 9999
396.162273 9999
398.282871 9999
400.411764 9999
402.533557 9999
404.644862 9999
406.779719 9999
408.929905 9999
411.057181 9999
413.16407 9999
415.296586 9999.0
417.590945 9999
419.731988 9999
421.851498 9999
423.975989 9999
426.09 9999
428.21334 9999
430.357086 9999
432.471836 9999
434.582698 9999
436.720898 9999
438.8689 9999
440.987878 9999
443.094689 9999
445.205702 9999
447.290634 9999.0
449.605448 9999
451.740111 9999
453.885175 9999
456.036844 9999
458.16625 9999
460.278977 9999
462.401106 9999
464.51329 9999
466.634395 9999
468.712723 9999
470.873264 9999
472.985065 9999
475.107454 9999
477.22296 9999
479.372888 9999.0
481.668555 9999
483.809137 9999
485.935432 9999
488.037756 9999
490.153411 9999
492.267802 9999
494.382015 9999
496.467772 9999
498.569105 9999
500.666486 9999
502.769308 9999
504.846059 9999
506.944968 9999
509.024772 9999
511.134078 9999.0
513.446644 9999
515.559069 9999
517.679972 9999
519.785477 9999
521.895939 9999
524.040813 9999
526.144289 9999
528.26067 9999
530.348633 9999
532.460673 9999
534.604003 9999
536.727611 9999
538.85372 9999
540.950568 9999
543.050135 9999.0
545.359429 9999
547.506196 9999
549.644727 9999
551.763101 9999
553.913329 9999
556.047464 9999
558.176075 9999
560.296022 9999
562.405623 9999
564.531422 9999
566.655514 9999
568.768517 9999
570.879635 9999
572.983119 9999
575.094754 9999.0
577.409099 9999
579.498973 9999
581.635088 9999
583.745327 9999
585.868021 9999
588.008507 9999
590.151304 9999
592.254419 9999
594.357019 9999
596.466048 9999
598.587338 9999
600.690266 9999
602.802795 9999
604.914939 9999
607.022249 9999.0
609.391043 9999
611.525797 9999
613.600064 9999
615.736649 9999
617.859452 9999
619.97594 9999
622.074288 9999
624.166154 9999
626.28654 9999
628.400184 9999
630.505342 9999
632.610478 9999
634.718393 9999
636.835289 9999
638.953578 9999.0
641.310075 9999
643.421196 9999
645.552875 9999
647.621341 9999
649.733543 9999
651.853606 9999
653.969756 9999
656.06495 9999
658.142289 9999
660.233895 9999
662.34323 9999
664.469338 9999
666.589026 9999
668.706004 9999
670.819762 9999.0
673.119722 9999
675.257677 9999
677.400786 9999
679.519532 9999
681.659437 9999
683.764578 9999
685.867007 9999
688.013532 9999
690.12669 9999
692.292661 9999
694.419342 9999
696.533674 9999
698.669403 9999
700.787596 9999
702.90238 9999.0
705.216745 9999
707.343042 9999
709.479999 9999
711.619295 9999
713.751468 9999
715.868574 9999
718.002416 9999
720.100501 9999
722.193153 9999
724.278985 9999
726.415205 9999
728.547632 9999
730.636354 9999
732.758478 9999
734.884573 9999.0
737.185893 9999
739.336829 9999
741.441264 9999
743.57344 9999
745.674265 9999
747.772756 9999
749.908501 9999
752.058834 9999
754.157979 9999
756.280937 9999
758.412434 9999
760.542137 9999
762.667962 9999
764.793925 9999
766.914217 9999.0
769.268982 9999
771.390338 9999
773.519259 9999
775.635657 9999
777.740378 9999
779.873572 9999
782.006995 9999
784.158683 9999
786.268847 9999
788.394752 9999
790.527297 9999
792.668545 9999
794.793494 9999
796.900251 9999
799.056306 9999.0
801.353889 9999
803.490814 9999
805.627542 9999
807.763294 9999
809.888473 9999
811.988644 9999
814.072102 9999
816.189274 9999
818.295708 9999
820.434525 9999
822.534011 9999
824.64097 9999
826.773603 9999
828.843628 9999
830.934426 9999.0
833.301932 9999
835.431524 9999
837.568638 9999
839.685741 9999
841.794088 9999
843.906363 9999
846.04407 9999
848.194265 9999
850.312639 9999
852.448028 9999
854.590245 9999
856.712511 9999
858.846488 9999
860.998466 9999
863.134431 9999.0
865.572613 9999
867.699252 9999
869.824898 9999
871.971535 9999
874.113964 9999
876.243998 9999
878.359341 9999
880.481459 9999
882.597119 9999
884.714137 9999
886.842326 9999
888.958007 9999
891.075971 9999
893.166101 9999
895.291218 9999.0
897.663498 9999
899.778708 9999
901.925729 9999
904.062993 9999
906.199689 9999
908.332678 9999
910.467408 9999
912.605913 9999
914.72177 9999
916.831842 9999
918.95424 9999
921.077789 9999
923.185933 9999
925.279022 9999
927.413713 9999.0
929.761914 9999
931.890691 9999
934.011644 9999
936.123492 9999
938.24861 9999
940.383596 9999
942.488732 9999
944.610392 9999
946.709952 9999
948.819992 9999
950.943938 9999
953.091611 9999
955.254323 9999
957.383359 9999
959.502266 9999.0
961.814664 9999
963.932272 9999
966.033721 9999
968.145846 9999
970.252026 9999
972.388792 9999
974.534468 9999
976.665167 9999
978.808432 9999
980.919721 9999
983.039929 9999
985.146328 9999
987.25908 9999
989.406848 9999
991.532516 9999.0
994.011387 9999
996.114168 9999
998.244427 9999
1000.348811 9999
1002.4619 9999
1004.601135 9999
1006.73416 9999
1008.87046 9999
1010.95831 9999
1013.033792 9999
1015.155579 9999
1017.291272 9999
1019.392668 9999
1021.484307 9999
1023.608785 9999.0
1025.984443 9999
1028.127322 9999
1030.257723 9999
1032.378713 9999
1034.50234 9999
1036.604825 9999
1038.704045 9999
1040.847629 9999
1042.9739 9999
1045.107481 9999
1047.197921 9999
1049.321645 9999
1051.457195 9999
1053.579575 9999
1055.706363 9999.0
1058.04416 9999
1060.169122 9999
1062.296786 9999
1064.416307 9999
1066.539827 9999
1068.665133 9999
1070.800239 9999
1072.951168 9999
1075.088744 9999
1077.210725 9999
1079.330904 9999
1081.456554 9999
1083.596046 9999
1085.729912 9999
1087.834269 9999.0
1090.200301 9999
1092.310138 9999
1094.438043 9999
1096.574703 9999
1098.700626 9999
1100.81551 9999
1102.922256 9999
1105.026512 9999
1107.142429 9999
1109.252873 9999
1111.41285 9999
1113.548833 9999
1115.682353 9999
1117.815096 9999
1119.929293 9999.0
1122.268709 9999
1124.395341 9999
1126.516806 9999
1128.651986 9999
1130.758005 9999
1132.891275 9999
1135.016537 9999
1137.099243 9999
1139.20196 9999
1141.284841 9999
1143.40244 9999
1145.527421 9999
1147.652925 9999
1149.776331 9999
1151.884897 9999.0
1154.176801 9999
1156.289371 9999
1158.370015 9999
1160.466683 9999
1162.587255 9999
1164.716654 9999
1166.814999 9999
1168.936802 9999
1171.047164 9999
1173.147196 9999
1175.296637 9999
1177.398347 9999
1179.536793 9999
1181.636926 9999
1183.749662 9999.0
1186.076844 9999
1188.193038 9999
1190.316392 9999
1192.43051 9999
1194.582413 9999
1196.71522 9999
1198.830178 9999
1200.953161 9999
1203.08036 9999
1205.203316 9999
1207.315427 9999
1209.438225 9999
1211.549675 9999
1213.701737 9999
1215.820084 9999.0
1218.140256 9999
1220.283737 9999
1222.388565 9999
1224.535177 9999
1226.666271 9999
1228.777508 9999
1230.882961 9999
1233.013647 9999
1235.175214 9999
1237.287498 9999
1239.425997 9999
1241.537814 9999
1243.662483 9999
1245.75065 9999
1247.874799 9999.0
1250.23687 9999
1252.349768 9999
1254.492464 9999
1256.633995 9999
1258.781636 9999
1260.907978 9999
1263.04237 9999
1265.166205 9999
1267.291876 9999
1269.414089 9999
1271.546365 9999
1273.681559 9999
1275.810513 9999
1277.948472 9999
1280.072893 9999.0
1282.387796 9999
1284.531707 9999
1286.691668 9999
1288.818852 9999
1290.95406 9999
1293.114059 9999
1295.255711 9999
1297.384216 9999
1299.494938 9999
1301.623558 9999
1303.772029 9999
1305.931597 9999
1308.044633 9999
1310.156625 9999
1312.306658 9999.0
1314.640506 9999
1316.778555 9999
1318.900304 9999
1321.009282 9999
1323.129069 9999
1325.239446 9999
1327.375431 9999
1329.475139 9999
1331.59603 9999
1333.69817 9999
1335.823382 9999
1337.926292 9999
1340.032373 9999
1342.13163 9999
1344.244955 9999.0
1346.57286 9999
1348.723476 9999
1350.809376 9999
1352.92185 9999
1355.06712 9999
1357.198702 9999
1359.320805 9999
1361.464191 9999
1363.613343 9999
1365.737693 9999
1367.871216 9999
1369.97433 9999
1372.083498 9999
1374.213734 9999
1376.321625 9999.0
1378.670238 9999
1380.834325 9999
1382.964308 9999
1385.069791 9999
1387.166247 9999
1389.305105 9999
1391.391789 9999
1393.51739 9999
1395.618387 9999
1397.763472 9999
1399.878117 9999
1401.990347 9999
1404.128657 9999
1406.253625 9999
1408.411626 9999.0
1410.83683 9999
1412.931517 9999
1415.045872 9999
1417.162109 9999
1419.280808 9999
1421.394096 9999
1423.492802 9999
1425.616904 9999
1427.74174 9999
1429.845873 9999
1431.975708 9999
1434.071406 9999
1436.15174 9999
1438.248006 9999
1440.327729 9999.0
1442.655465 9999
1444.787735 9999
1446.917671 9999
1449.018366 9999
1451.187048 9999
1453.298502 9999
1455.423613 9999
1457.54766 9999
1459.647788 9999
1461.773509 9999
1463.897972 9999
1466.047767 9999
1468.15987 9999
1470.28831 9999
1472.40573 9999.0
1474.705552 9999
1476.835753 9999
1478.945612 9999
1481.069467 9999
1483.17815 9999
1485.293267 9999
1487.402154 9999
1489.502799 9999
1491.642575 9999
1493.753608 9999
1495.856274 9999
1497.953921 9999
1500.08874 9999
1502.217799 9999
1504.335647 9999.0
1506.693409 9999
1508.822403 9999
1510.956435 9999
1513.095255 9999
1515.253781 9999
1517.391519 9999
1519.520273 9999
1521.639476 9999
1523.780687 9999
1525.902759 9999
1528.034755 9999
1530.171865 9999
1532.311408 9999
1534.432039 9999
1536.573997 9999.0
1538.886134 9999
1540.997216 9999
1543.123303 9999
1545.269865 9999
1547.39005 9999
1549.529312 9999
1551.637067 9999
1553.77852 9999
1555.913924 9999
1558.038783 9999
1560.149798 9999
1562.442265 9999
1564.57804 9999
1566.936448 9999.0
1569.289165 9999
1571.418095 9999
1573.552353 9999
1575.687552 9999
1577.827791 9999
1579.976155 9999
1582.084528 9999
1584.199451 9999
1586.301325 9999
1588.426059 9999
1590.543985 9999
1592.679989 9999
1594.782733 9999
1596.939127 9999
1599.045505 9999.0
1601.357166 9999
1603.506438 9999
1605.639318 9999
1607.749523 9999
1609.867598 9999
1612.003575 9999
1614.153045 9999
1616.266304 9999
1618.421835 9999
1620.561649 9999
1622.670695 9999
1624.796158 9999
1626.907062 9999
1629.053455 9999
1631.192093 9999.0
1633.549364 9999
1635.677948 9999
1637.811187 9999
1639.959192 9999
1642.098376 9999
1644.248387 9999
1646.371849 9999
1648.529608 9999
1650.656993 9999
1652.765576 9999
1654.903235 9999
1657.049901 9999
1659.186307 9999
1661.272285 9999
1663.383316 9999.0
1665.759215 9999
1667.872663 9999
1670.013568 9999
1672.119614 9999
1674.214438 9999
1676.313597 9999
1678.413422 9999
1680.556724 9999
1682.684911 9999
1684.824158 9999
1686.954003 9999
1689.129065 9999
1691.274422 9999
1693.419678 9999
1695.579648 9999.0
1697.946193 9999
1700.053077 9999
1702.156929 9999
1704.269728 9999
1706.393598 9999
1708.512342 9999
1710.662899 9999
1712.787067 9999
1714.902161 9999
1717.06203 9999
1719.196856 9999
1721.322143 9999
1723.464248 9999
1725.580819 9999
1727.71438 9999.0
1730.096006 9999
1732.207833 9999
1734.31889 9999
1736.432738 9999
1738.540316 9999
1740.680934 9999
1742.850209 9999
1744.985729 9999
1747.125178 9999
1749.235713 9999
1751.381251 9999
1753.508856 9999
1755.628402 9999
1757.802994 9999
1759.92859 9999.0
1762.28619 9999
1764.42427 9999
1766.568356 9999
1768.684031 9999
1770.798028 9999
1772.910637 9999
1775.031088 9999
1777.141424 9999
1779.270104 9999
1781.367371 9999
1783.506678 9999
1785.61653 9999
1787.720138 9999
1789.839058 9999
1791.967145 9999.0
1794.308278 9999
1796.429424 9999
1798.565731 9999
1800.705779 9999
1802.852191 9999
1804.974872 9999
1807.075138 9999
1809.232245 9999
1811.367818 9999
1813.509953 9999
1815.62557 9999
1817.772777 9999
1819.891077 9999
1822.005439 9999
1824.122363 9999.0
1826.479199 9999
1828.595399 9999
1830.690914 9999
1832.802611 9999
1834.913526 9999
1837.051075 9999
1839.177688 9999
1841.281116 9999
1843.410191 9999
1845.509818 9999
1847.622549 9999
1849.755711 9999
1851.846193 9999
1853.979333 9999
1856.078935 9999.0
1858.398325 9999
1860.538388 9999
1862.656005 9999
1864.759147 9999
1866.87056 9999
1869.02773 9999
1871.153101 9999
1873.286849 9999
1875.426684 9999
1877.546906 9999
1879.686997 9999
1881.811302 9999
1883.939115 9999
1886.056281 9999
1888.173359 9999.0
1890.482977 9999
1892.589137 9999
1894.733073 9999
1896.834332 9999
1898.923329 9999
1901.03716 9999
1903.147237 9999
1905.252546 9999
1907.366095 9999
1909.463569 9999
1911.572948 9999
1913.652846 9999
1915.770844 9999
1917.868292 9999
1920.002499 9999.0
1922.3369 9999
1924.4487 9999
1926.607265 9999
1928.733419 9999
1930.866671 9999
1933.002349 9999
1935.145323 9999
1937.269949 9999
1939.397864 9999
1941.533437 9999
1943.636093 9999
1945.779363 9999
1947.916186 9999
1950.054274 9999
1952.182149 9999.0
1954.516241 9999
1956.617356 9999
1958.730329 9999
1960.896033 9999
1963.025985 9999
1965.126809 9999
1967.250419 9999
1969.377229 9999
1971.522612 9999
1973.631192 9999
1975.73502 9999
1977.860913 9999
1979.967414 9999
1982.102993 9999
1984.195188 9999.0
1986.589679 9999
1988.693808 9999
1990.830494 9999
1992.963361 9999
1995.111528 9999
1997.277707 9999
1999.399048 9999
2001.538266 9999
2003.649917 9999
2005.773384 9999
2007.882252 9999
2009.980352 9999
2012.123713 9999
2014.241742 9999
2016.35525 9999.0
2018.779555 9999
2020.916563 9999
2023.039997 9999
2025.166313 9999
2027.307589 9999
2029.434118 9999
2031.560438 9999
2033.685414 9999
2035.821375 9999
2037.945556 9999
2040.043462 9999
2042.164609 9999
2044.27758 9999
2046.36219 9999
2048.456156 9999.0
2050.818452 9999
2052.953877 9999
2055.063593 9999
2057.168672 9999
2059.279048 9999
2061.381842 9999
2063.485081 9999
2065.586796 9999
2067.689764 9999
2069.819673 9999
2071.921721 9999
2074.028807 9999
2076.121705 9999
2078.211918 9999
2080.310543 9999.0
2082.651993 9999
2084.800858 9999
2086.952204 9999
2089.080455 9999
2091.175751 9999
2093.287352 9999
2095.423279 9999
2097.523559 9999
2099.637074 9999
2101.746697 9999
2103.858775 9999
2105.969229 9999
2108.094706 9999
2110.230384 9999
2112.364029 9999.0
2114.752416 9999
2116.880612 9999
2119.016715 9999
2121.153569 9999
2123.260625 9999
2125.41127 9999
2127.534174 9999
2129.63136 9999
2131.758316 9999
2133.855468 9999
2135.962013 9999
2138.083102 9999
2140.180508 9999
2142.282362 9999
2144.393312 9999.0
2146.806382 9999
2148.918451 9999
2151.080487 9999
2153.192371 9999
2155.329765 9999
2157.472315 9999
2159.583476 9999
2161.756644 9999
2163.902514 9999
2166.018775 9999
2168.175218 9999
2170.30005 9999
2172.412398 9999
2174.539255 9999
2176.675591 9999.0
2179.052743 9999
2181.163167 9999
2183.274737 9999
2185.409721 9999
2187.52588 9999
2189.65381 9999
2191.801758 9999
2193.919186 9999
2196.072475 9999
2198.188006 9999
2200.3118 9999
2202.45034 9999
2204.573483 9999
2206.711088 9999
2208.849285 9999.0
2211.221437 9999
2213.337754 9999
2215.44914 9999
2217.594057 9999
2219.718387 9999
2221.837394 9999
2223.955542 9999
2226.053872 9999
2228.214322 9999
2230.371994 9999
2232.543834 9999
2234.672902 9999
2236.774298 9999
2238.907926 9999
2241.041721 9999.0
2243.417533 9999
2245.553673 9999
2247.702096 9999
2249.790151 9999
2251.904435 9999
2254.011048 9999
2256.125598 9999
2258.250878 9999
2260.365281 9999
2262.47134 9999
2264.583526 9999
2266.709668 9999
2268.800875 9999
2270.931309 9999
2273.078351 9999.0
2275.413455 9999
2277.534188 9999
2279.666941 9999
2281.768413 9999
2283.918006 9999
2286.019027 9999
2288.149607 9999
2290.252775 9999
2292.354905 9999
2294.490838 9999
2296.604887 9999
2298.702112 9999
2300.815118 9999
2302.938767 9999
2305.053944 9999.0
2307.370739 9999
2309.516499 9999
2311.653147 9999
2313.811416 9999
2315.949715 9999
2318.093096 9999
2320.240444 9999
2322.362926 9999
2324.50299 9999
2326.62721 9999
2328.750768 9999
2330.919573 9999
2333.020387 9999
2335.159518 9999
2337.259293 9999.0
2339.634186 9999
2341.794233 9999
2343.906871 9999
2346.018697 9999
2348.14607 9999
2350.288323 9999
2352.451685 9999
2354.571496 9999
2356.677939 9999
2358.790574 9999
2360.89371 9999
2362.999141 9999
2365.107571 9999
2367.245873 9999
2369.380378 9999.0
2371.756293 9999
2373.890428 9999
2376.023851 9999
2378.170266 9999
2380.312059 9999
2382.451002 9999
2384.589723 9999
2386.71059 9999
2388.831748 9999
2390.980027 9999
2393.115823 9999
2395.245325 9999
2397.367576 9999
2399.490235 9999
2401.602779 9999.0
2403.967338 9999
2406.103476 9999
2408.22715 9999
2410.37709 9999
2412.474345 9999
2414.611586 9999
2416.744953 9999
2418.844841 9999
2420.955458 9999
2423.069594 9999
2425.192994 9999
2427.294295 9999
2429.419526 9999
2431.566157 9999
2433.688972 9999.0
2436.003071 9999
2438.119611 9999
2440.232804 9999
2442.338975 9999
2444.473749 9999
2446.576344 9999
2448.714193 9999
2450.831387 9999
2452.93865 9999
2455.041212 9999
2457.151978 9999
2459.311093 9999
2461.410209 9999
2463.532182 9999
2465.654996 9999.0
2468.011217 9999
2470.123519 9999
2472.233929 9999
2474.36065 9999
2476.470677 9999
2478.603738 9999
2480.707729 9999
2482.817611 9999
2484.925942 9999
2487.031392 9999
2489.140272 9999
2491.243511 9999
2493.339701 9999
2495.442108 9999
2497.552278 9999.0
2499.99053 9999
2502.102103 9999
2504.215503 9999
2506.299312 9999
2508.436292 9999
2510.566256 9999
2512.66369 9999
2514.75965 9999
2516.88767 9999
2518.98639 9999
2521.099803 9999
2523.195316 9999
2525.304488 9999
2527.436705 9999
2529.530206 9999.0
2531.862667 9999
2533.984621 9999
2536.101389 9999
2538.197806 9999
2540.320606 9999
2542.434181 9999
2544.539412 9999
2546.655603 9999
2548.779475 9999
2550.907023 9999
2553.015549 9999
2555.155835 9999
2557.280169 9999
2559.405022 9999
2561.563376 9999.0
2563.88627 9999
2566.037912 9999
2568.187102 9999
2570.323054 9999
2572.470698 9999
2574.597154 9999
2576.685944 9999
2578.815474 9999
2580.955699 9999
2583.098996 9999
2585.226667 9999
2587.364449 9999
2589.507038 9999
2591.627376 9999
2593.755875 9999.0
2596.145217 9999
2598.258665 9999
2600.382696 9999
2602.505188 9999
2604.60629 9999
2606.728249 9999
2608.853487 9999
2610.975335 9999
2613.086943 9999
2615.203578 9999
2617.309092 9999
2619.441334 9999
2621.546256 9999
2623.649126 9999
2625.762676 9999.0
2628.116648 9999
2630.237658 9999
2632.362933 9999
2634.482987 9999
2636.600562 9999
2638.743561 9999
2640.922396 9999
2643.086421 9999
2645.190152 9999
2647.324308 9999
2649.439221 9999
2651.601227 9999
2653.761051 9999
2655.88631 9999
2658.054024 9999.0
2660.409739 9999
2662.540416 9999
2664.651632 9999
2666.787613 9999
2668.918154 9999
2671.06336 9999
2673.223922 9999
2675.35013 9999
2677.467047 9999
2679.590149 9999
2681.709792 9999
2683.830435 9999
2685.951841 9999
2688.108302 9999
2690.211675 9999.0
2692.606075 9999
2694.753927 9999
2696.888699 9999
2699.029441 9999
2701.143109 9999
2703.258565 9999
2705.370883 9999
2707.480514 9999
2709.642949 9999
2711.742851 9999
2713.85936 9999
2715.963353 9999
2718.102088 9999
2720.251245 9999
2722.376905 9999.0
2724.773977 9999
2726.885029 9999
2729.045222 9999
2731.182095 9999
2733.295558 9999
2735.524764 9999
2737.648856 9999
2739.774234 9999
2741.92304 9999
2744.032271 9999
2746.147738 9999
2748.306847 9999
2750.444646 9999
2752.565884 9999
2754.71424 9999.0
2757.049843 9999
2759.199591 9999
2761.306235 9999
2763.40106 9999
2765.494782 9999
2767.601769 9999
2769.732541 9999
2771.82625 9999
2773.939543 9999
2776.077521 9999
2778.195492 9999
2780.320106 9999
2782.470804 9999
2784.618399 9999
2786.763701 9999.0
2789.115576 9999
2791.27853 9999
2793.401821 9999
2795.520788 9999
2797.610753 9999
2799.717124 9999
2801.837937 9999
2803.936875 9999
2806.05019 9999
2808.159034 9999
2810.301409 9999
2812.422152 9999
2814.532865 9999
2816.690806 9999
2818.833889 9999.0
2821.251658 9999
2823.402401 9999
2825.537098 9999
2827.669002 9999
2829.797535 9999
2831.910551 9999
2834.051093 9999
2836.177749 9999
2838.294063 9999
2840.410141 9999
2842.565278 9999
2844.694127 9999
2846.823223 9999
2848.92956 9999
2851.062298 9999.0
2853.397215 9999
2855.551522 9999
2857.671997 9999
2859.788196 9999
2861.919573 9999
2864.077249 9999
2866.204477 9999
2868.33382 9999
2870.456323 9999
2872.565246 9999
2874.680027 9999
2876.816094 9999
2878.938077 9999
2881.088756 9999
2883.228984 9999.0
2885.640912 9999
2887.77819 9999
2889.904182 9999
2892.007197 9999
2894.12975 9999
2896.263118 9999
2898.377593 9999
2900.488031 9999
2902.611177 9999
2904.727255 9999
2906.829862 9999
2908.950672 9999
2911.037683 9999
2913.161098 9999
2915.322908 9999.0
2917.745335 9999
2919.870893 9999
2921.980407 9999
2924.097694 9999
2926.194928 9999
2928.329335 9999
2930.45316 9999
2932.57848 9999
2934.693029 9999
2936.815255 9999
2938.929694 9999
2941.026446 9999
2943.135399 9999
2945.301171 9999
2947.411115 9999.0
2949.809894 9999
2951.93122 9999
2954.051868 9999
2956.157436 9999
2958.268759 9999
2960.445883 9999
2962.566322 9999
2964.663973 9999
2966.780721 9999
2968.881658 9999
2970.977835 9999
2973.111585 9999
2975.248983 9999
2977.372899 9999
2979.477827 9999.0
2981.90183 9999
2984.079644 9999
2986.207396 9999
2988.331187 9999
2990.477032 9999
2992.624546 9999
2994.761854 9999
2996.877956 9999
2998.987454 9999
3001.124803 9999
3003.247506 9999
3005.412842 9999
3007.538554 9999
3009.702025 9999
3011.805243 9999.0
3014.193218 9999
3016.299627 9999
3018.404349 9999
3020.545244 9999
3022.648943 9999
3024.760401 9999
3026.87394 9999
3028.989335 9999
3031.108185 9999
3033.225395 9999
3035.343179 9999
3037.467381 9999
3039.594786 9999
3041.72744 9999
3043.830613 9999.0
3046.218629 9999
3048.338194 9999
3050.463408 9999
3052.6223 9999
3054.77669 9999
3056.895617 9999
3059.032849 9999
3061.14907 9999
3063.280273 9999
3065.418505 9999
3067.531187 9999
3069.639603 9999
3071.776327 9999
3073.896966 9999
3076.016287 9999.0
3078.364551 9999
3080.498569 9999
3082.649744 9999
3084.762976 9999
3086.892486 9999
3089.041466 9999
3091.249423 9999
3093.400304 9999
3095.514191 9999
3097.605898 9999
3099.705232 9999
3101.837304 9999
3103.95925 9999
3106.066181 9999
3108.207595 9999.0
3110.596431 9999
3112.725004 9999
3114.834801 9999
3116.970879 9999
3119.106537 9999
3121.242554 9999
3123.369651 9999
3125.523672 9999
3127.649359 9999
3129.760911 9999
3131.874915 9999
3134.010953 9999
3136.120402 9999
3138.24999 9999
3140.37064 9999.0
3142.72128 9999
3144.855042 9999
3146.959556 9999
3149.100566 9999
3151.214754 9999
3153.344692 9999
3155.455277 9999
3157.590495 9999
3159.748034 9999
3161.886421 9999
3164.010047 9999
3166.156214 9999
3168.286133 9999
3170.418166 9999
3172.564145 9999.0
3174.93357 9999
3177.034072 9999
3179.164654 9999
3181.311993 9999
3183.449174 9999
3185.647508 9999
3187.782829 9999
3189.921795 9999
3192.04079 9999
3194.164263 9999
3196.303307 9999
3198.424118 9999
3200.547775 9999
3202.694116 9999
3204.831764 9999.0
3207.218672 9999
3209.356319 9999
3211.482998 9999
3213.590154 9999
3215.745947 9999
3217.840835 9999
3219.989293 9999
3222.102827 9999
3224.247808 9999
3226.399362 9999
3228.494113 9999
3230.646058 9999
3232.760847 9999
3234.897578 9999
3237.003975 9999.0
3239.381957 9999
3241.504833 9999
3243.606645 9999
3245.749779 9999
3247.875218 9999
3249.987722 9999
3252.147016 9999
3254.301837 9999
3256.420759 9999
3258.534231 9999
3260.667178 9999
3262.796604 9999
3264.930324 9999
3267.042287 9999
3269.181362 9999.0
3271.621351 9999
3273.749563 9999
3275.89574 9999
3278.028781 9999
3280.167254 9999
3282.303681 9999
3284.430469 9999
3286.584165 9999
3288.727392 9999
3290.85924 9999
3293.010695 9999
3295.135156 9999
3297.271373 9999
3299.418352 9999
3301.788253 9999
3303.928708 9999
3306.04082 9999
3308.15207 9999
3310.277194 9999
3312.378661 9999
3314.487788 9999
3316.605464 9999
3318.711678 9999
3320.829847 9999
3322.979487 9999
3325.073801 9999
3327.222305 9999
3329.343976 9999
3331.477886 9999.0
3333.871155 9999
3335.980184 9999
3338.122143 9999
3340.225163 9999
3342.357924 9999
3344.46373 9999
3346.578152 9999
3348.68768 9999
3350.791319 9999
3352.908977 9999
3355.030233 9999
3357.11741 9999
3359.247644 9999
3361.342022 9999
3363.470234 9999.0
3365.851474 9999
3367.984921 9999
3370.110865 9999
3372.232125 9999
3374.359573 9999
3376.482828 9999
3378.621667 9999
3380.730609 9999
3382.85277 9999
3384.957576 9999
3387.087329 9999
3389.213602 9999
3391.33821 9999
3393.430233 9999
3395.549956 9999.0
3397.874096 9999
3399.992731 9999
3402.139427 9999
3404.25305 9999
3406.374501 9999
3408.484469 9999
3410.624284 9999
3412.74584 9999
3414.891937 9999
3417.020225 9999
3419.141233 9999
3421.250979 9999
3423.352363 9999
3425.477687 9999
3427.611381 9999.0
3430.002957 9999
3432.150279 9999
3434.293893 9999
3436.39967 9999
3438.531876 9999
3440.668579 9999
3442.784044 9999
3444.918207 9999
3447.04219 9999
3449.15355 9999
3451.268578 9999
3453.394218 9999
3455.526467 9999
3457.636681 9999
3459.753362 9999.0
3462.12539 9999
3464.25033 9999
3466.375107 9999
3468.474522 9999
3470.599159 9999
3472.698704 9999
3474.809739 9999
3476.946762 9999
3479.067656 9999
3481.190715 9999
3483.322152 9999
3485.430422 9999
3487.624428 9999
3489.759295 9999
3491.883474 9999.0
3494.260388 9999
3496.389177 9999
3498.501667 9999
3500.631465 9999
3502.722718 9999
3504.833405 9999
3506.995692 9999
3509.143345 9999
3511.254595 9999
3513.377007 9999
3515.518313 9999
3517.649677 9999
3519.787379 9999
3521.890209 9999
3523.989936 9999.0
3526.373222 9999
3528.510084 9999
3530.636139 9999
3532.758134 9999
3534.881052 9999
3537.006364 9999
3539.121906 9999
3541.238052 9999
3543.365837 9999
3545.475322 9999
3547.599694 9999
3549.741808 9999
3551.861152 9999
3553.983355 9999
3556.108843 9999.0
3558.505233 9999
3560.644289 9999
3562.778695 9999
3564.906271 9999
3567.06033 9999
3569.178283 9999
3571.317104 9999
3573.436995 9999
3575.559573 9999
3577.676509 9999
3579.786273 9999
3581.907003 9999
3584.045789 9999
3586.155134 9999
3588.293427 9999.0
3590.706918 9999
3592.840661 9999
3594.946349 9999
3597.079217 9999
3599.262183 9999
3601.38375 9999
