2.82941 0.026349067688
5.559899 0.0360786914825
8.216796 0.0247797171275
10.8959 0.00851806004842
13.645321 0.0249519348145
16.349285 0.0255343914032
19.045932 0.0251616636912
21.69044 0.00880233446757
24.39857 0.00871237119039
27.143618 0.0252006848653
29.820167 0.0249439875285
32.55981 0.0245869159698
35.43543 0.025102297465
38.185104 0.0240833759308
40.907934 0.0256192684174
43.603873 0.0254843235016
46.331544 0.0248749256134
49.062677 0.0246629714966
51.795484 0.0251956780752
54.409409 0.00967367490133
57.149962 0.0265600681305
59.821822 0.0262300173442
62.511345 0.0266686280568
65.2433 0.0273720423381
67.995957 0.0108772913615
70.677805 0.0112364292145
73.467146 0.0281109809875
76.135709 0.0271706581116
78.897354 0.02845231692
81.634351 0.0277499357859
84.359468 0.0296143690745
87.027411 0.0132186412811
89.767249 0.0135866800944
92.536631 0.0292735894521
95.319098 0.0294794241587
98.09683 0.0134806632996
100.805891 0.0127920309703
103.513454 0.0128513177236
106.266008 0.0126979351044
109.034277 0.0291723410288
111.797954 0.0126589934031
114.500384 0.0133743286133
117.361076 0.0323940118154
120.146639 0.0131742954254
122.766285 0.0127456188202
125.477357 0.029923359553
128.38326 0.0123773415883
131.103602 0.0301295916239
133.862896 0.0286586284637
136.542119 0.0295810699463
139.279646 0.0133533477783
142.005327 0.029288371404
144.81023 0.0295216242472
147.622877 0.0297493139903
150.389446 0.0290660858154
153.051068 0.0297114054362
155.766932 0.0297969977061
158.589743 0.029639005661
161.319569 0.0299010276794
164.023711 0.0301697254181
166.737387 0.0303552945455
169.474504 0.0295280615489
172.192874 0.0296049912771
174.90278 0.0299893220266
177.655016 0.0290685494741
180.374588 0.0139123598735
183.179724 0.0304022630056
185.88242 0.0137440363566
188.792368 0.0302540461222
191.620861 0.0319139957428
194.395242 0.0301229953766
197.126639 0.0300366083781
199.854582 0.0137232939402
202.543318 0.0155716737111
205.190658 0.0138696034749
207.936641 0.0305302937826
210.65949 0.0307663281759
213.343255 0.0142585436503
216.054935 0.0303067366282
218.958264 0.0301546255747
221.619136 0.0139536857605
224.338986 0.0301516850789
227.10386 0.0301910241445
229.805841 0.03022869428
232.576825 0.0312053362528
235.338348 0.0304543177287
238.033182 0.0144193967183
240.711567 0.0306074619293
243.482204 0.0308633645376
246.225221 0.0302809079488
249.083797 0.030969063441
251.783042 0.0144340197245
254.507432 0.0309139887492
257.249114 0.0309143861135
260.001161 0.0308100382487
262.731452 0.0304696559906
265.441486 0.0143512884776
268.224358 0.030752658844
271.044063 0.0301803747813
273.831521 0.0306659539541
276.542718 0.0135459899902
279.433998 0.031415383021
282.168394 0.0269751548767
284.954688 0.0337093671163
287.784151 0.029923915863
290.512401 0.03289159139
293.23395 0.0296006202698
295.946493 0.0307230154673
298.752695 0.0303132534027
301.547703 0.029815753301
304.338243 0.0306363900503
307.105455 0.0304048856099
310.137143 0.0304280122121
312.898553 0.0302959283193
315.540289 0.0141173998515
318.302711 0.0314483642578
321.017925 0.0290650526683
323.769602 0.0303585529327
326.52269 0.0301603476206
329.254323 0.0140767892202
331.965193 0.0297853151957
334.691146 0.0300587018331
337.385096 0.0145160357157
340.284275 0.0303145249685
342.989352 0.0143054326375
345.705244 0.0309801101685
348.402513 0.0148349603017
351.102151 0.0135119756063
353.820448 0.0146643320719
356.601985 0.0303583145142
359.421024 0.030098994573
362.125594 0.0143973032633
364.855345 0.0309936205546
367.650679 0.0304366747538
370.580416 0.0303583145142
373.276638 0.0147180557251
376.026492 0.0308983325958
378.700948 0.0141666730245
381.51587 0.0307813485463
384.203812 0.0146770477295
386.967261 0.0307167371114
389.697741 0.0306579271952
392.42167 0.0302536487579
395.179957 0.0298337141673
397.98987 0.0314020315806
400.882777 0.030508518219
403.67346 0.0313645998637
406.40383 0.0301426251729
409.147599 0.0305229822795
411.880551 0.031165043513
414.635538 0.0305323600769
417.356471 0.0310266812642
420.073698 0.0146327813466
422.764756 0.0305786132812
425.517677 0.0150894323985
428.309897 0.029452085495
431.214767 0.014149983724
433.999175 0.0150996843974
436.695411 0.0301733811696
439.528581 0.0310219923655
442.194953 0.0143043200175
444.982377 0.0307770570119
447.736739 0.0309127171834
450.460606 0.0311740239461
453.243139 0.0306135813395
456.087155 0.0314469337463
458.830268 0.0305727322896
461.686294 0.0304703712463
464.448766 0.0314123630524
467.181351 0.0311772823334
469.931276 0.0305112997691
472.64046 0.0146742661794
475.446632 0.030933936437
478.184212 0.0298586686452
480.910272 0.0313850243886
483.698483 0.0302267074585
486.435508 0.030735651652
489.205252 0.0315953095754
492.099742 0.0148280461629
494.876637 0.0313897132874
497.635401 0.0317973295848
500.271385 0.0146626631419
503.028847 0.0146136283875
505.740989 0.0305580298106
508.504579 0.0321639378866
511.128883 0.0143546263377
513.863802 0.0307522614797
516.63737 0.0302960077922
519.41693 0.0308907032013
522.318473 0.0311002731323
525.040736 0.0146397749583
527.749184 0.0148588021596
530.561285 0.0314259529114
533.265564 0.0153783162435
536.037414 0.0305740038554
538.785427 0.0349913438161
541.621365 0.046272277832
544.395582 0.0460555553436
547.262356 0.0305996735891
550.058562 0.0483616987864
553.005262 0.0315626462301
555.83415 0.0328386624654
558.59416 0.0361813704173
561.365852 0.0322889486949
564.122765 0.0316507816315
566.796357 0.0308345953623
569.539336 0.0158189932505
572.280318 0.0302678743998
575.003254 0.0160093307495
577.731992 0.0325427055359
580.463565 0.0158852736155
583.700405 0.0155182679494
586.498313 0.0497004191081
589.176423 0.0146499474843
591.927504 0.0329910119375
594.696733 0.0326395829519
597.725748 0.0479073524475
600.439069 0.0157349904378
603.204618 0.0323136647542
605.985565 0.0307533740997
608.756641 0.042059024175
611.558702 0.0318620204926
614.485331 0.0314196745555
617.314754 0.0355593363444
620.119216 0.0473333994548
622.846429 0.01602490743
625.621506 0.0463740030924
628.338336 0.0317645867666
631.101991 0.0143913427989
633.906563 0.0317253271739
636.709709 0.0322217146556
639.44272 0.0313137372335
642.18266 0.031317949295
645.303268 0.0320782661438
648.011152 0.0407716433207
650.733524 0.0323053995768
653.504049 0.031174659729
656.313939 0.0319173336029
659.024391 0.0319949785868
661.806626 0.0309267044067
664.623047 0.0314710140228
667.314477 0.0307307243347
670.020597 0.032022078832
672.74277 0.03187028567
675.688609 0.0310779412587
678.440504 0.0322620073954
681.199794 0.0325616200765
683.904503 0.0161586602529
686.669711 0.032100836436
689.428212 0.0311455726624
692.166964 0.0315919717153
694.916936 0.0317920049032
697.63112 0.0149176915487
700.375513 0.0321339766184
703.123182 0.0313236713409
706.040388 0.0300642649333
708.794617 0.0309724013011
711.53889 0.0305519898733
714.258933 0.0311812559764
717.028126 0.0317066510518
719.729435 0.0321133136749
722.483577 0.0305616855621
725.311969 0.0315130551656
728.10966 0.0311543146769
730.888629 0.032280921936
733.628293 0.0318095684052
736.614147 0.0316990216573
739.326197 0.0309822559357
742.087037 0.0313923358917
744.811476 0.031090259552
747.552377 0.030769666036
750.269567 0.0312929948171
753.045518 0.0312353769938
755.777985 0.0155967076619
758.536637 0.0151870250702
761.317731 0.0317840576172
764.074688 0.0310707092285
767.022447 0.0316336154938
769.770488 0.0306696891785
772.52826 0.0313732624054
775.266283 0.0144853591919
778.027788 0.030147711436
780.868457 0.0316290060679
783.644177 0.0308036804199
786.463191 0.0309972763062
789.211961 0.0317820707957
791.986583 0.031773964564
794.758673 0.0309516588847
797.776729 0.0319292545319
800.447456 0.0319713751475
803.154002 0.0308035214742
805.889292 0.0313112735748
808.628844 0.0306633313497
811.383167 0.031999985377
814.072643 0.0307490030924
816.797921 0.0315802892049
819.574478 0.0321327050527
822.360572 0.0315813223521
825.07336 0.0148204167684
828.001196 0.0145296255747
830.844674 0.0320998827616
833.591932 0.031513373057
836.346004 0.0319426854451
839.067469 0.0314814249674
841.781361 0.0313456058502
844.546149 0.0305292606354
847.313214 0.0317976474762
850.025172 0.0154187679291
852.757811 0.0307967662811
855.513246 0.030693769455
858.521334 0.0311342875163
861.274334 0.014225323995
864.044016 0.0313216845194
866.77853 0.0299956003825
869.499579 0.0303120613098
872.25301 0.0303916136424
874.972323 0.0311939716339
877.727149 0.030015707016
880.428463 0.0309822559357
883.193147 0.0316497484843
885.953166 0.0312153498332
888.965239 0.0310809612274
891.667959 0.0141867001851
894.439198 0.0319023132324
897.208354 0.0324776967367
899.960534 0.0313857396444
902.678149 0.0315403938293
905.460005 0.0312546094259
908.145124 0.0159549713135
910.922353 0.0315326054891
913.673448 0.0160423119863
916.425368 0.0320706367493
919.360084 0.0305796464284
922.14679 0.0145280361176
924.896122 0.0334003766378
927.704744 0.0361074606578
930.53097 0.031432946523
933.317009 0.0311704476674
936.154033 0.0327875614166
938.891748 0.0314903259277
941.616749 0.0302516619364
944.371053 0.0305197238922
947.14414 0.0148026943207
950.077638 0.031681060791
952.814237 0.0318182309469
955.512357 0.0181926091512
958.275357 0.0317307313283
961.044524 0.0317990779877
963.824532 0.0322856903076
966.497036 0.0149006843567
969.248046 0.0318073431651
972.030512 0.0314263502757
974.818955 0.0311663945516
977.56408 0.0314230918884
980.572413 0.0149203936259
983.311446 0.0294933319092
986.068317 0.0158700148265
988.806103 0.0318609873454
991.470735 0.0148936112722
994.222412 0.0316429932912
996.935029 0.0310297012329
999.69252 0.0142653783162
1002.331182 0.0143622557322
1005.110042 0.0328495502472
1007.84294 0.0315659840902
1010.750671 0.0153137048086
1013.5572 0.0317193667094
1016.317719 0.0320660273234
1019.018283 0.0159734090169
1021.75665 0.0322586695353
1024.609874 0.0321203867594
1027.428608 0.0321916739146
1030.197802 0.0319996674856
1032.878119 0.0150532722473
1035.645828 0.015719572703
1038.385098 0.0310356616974
1041.37367 0.0311779181163
1044.065878 0.0310986836751
1046.817093 0.0304713249207
1049.538653 0.0302732785543
1052.321862 0.0307106177012
1055.068139 0.0327453613281
1057.798334 0.0320269266764
1060.625856 0.0312799612681
1063.368619 0.0303854147593
1066.057242 0.0317763487498
1068.77494 0.0299886067708
1071.758368 0.0301990509033
1074.510444 0.0323590437571
1077.286225 0.0320296287537
1079.990931 0.0148169994354
1082.715235 0.0310726165771
1085.44349 0.0312920411428
1088.129871 0.0309170881907
1090.895325 0.0311362743378
1093.630999 0.0304386615753
1096.349456 0.0156256357829
1099.163291 0.0312527020772
1102.125737 0.031246026357
1104.876862 0.03187028567
1107.621603 0.0309923489889
1110.386292 0.0306406815847
1113.197673 0.0320426623027
1115.947721 0.0307507514954
1118.71257 0.0313397248586
1121.446423 0.0310006936391
1124.265774 0.0299962361654
1126.955179 0.0313483079274
1129.731106 0.0310386816661
1132.737026 0.030366341273
1135.470171 0.031317949295
1138.232336 0.0143290360769
1140.970231 0.0304632981618
1143.699699 0.0305497646332
1146.385135 0.0311280886332
1149.138275 0.0315506458282
1151.872968 0.0148012638092
1154.630365 0.0311550299327
1157.333728 0.0316286881765
1160.104584 0.0151533285777
1163.109341 0.0311583677928
1165.880304 0.0305766264598
1168.623005 0.0310037136078
1171.344728 0.030507961909
1174.170579 0.031272093455
1176.887794 0.0320336818695
1179.657915 0.0317839781443
1182.420186 0.0150532722473
1185.113837 0.03093846639
1187.852942 0.0304725964864
1190.62101 0.030978679657
1193.564906 0.0307269096375
1196.383144 0.0306069056193
1199.122418 0.0301727453868
1201.882872 0.0317220687866
1204.692236 0.0314020315806
1207.510293 0.0414992173513
1210.311904 0.0308717091878
1213.116985 0.0313127040863
1215.883172 0.0424180030823
1218.725152 0.0315274397532
1221.53164 0.0318384965261
1224.425351 0.0145970185598
1227.178022 0.0317533016205
1229.928017 0.0151019891103
1232.715619 0.0424672762553
1235.390825 0.0307133197784
1238.166238 0.0318733056386
1240.928391 0.0153047243754
1243.680702 0.0323707262675
1246.394445 0.0155014197032
1249.149291 0.0314789613088
1251.931131 0.0323626995087
1254.91662 0.0148379007975
1257.679436 0.0313903490702
1260.392229 0.0141100088755
1263.142375 0.0312422911326
1265.888712 0.032436132431
1268.629332 0.0319599310557
1271.413206 0.0305293401082
1274.164438 0.0153183937073
1276.854432 0.0148684183757
1279.591053 0.0142602125804
1282.305288 0.0321252346039
1285.316997 0.0317356586456
1288.158206 0.0314489205678
1290.899571 0.0318745772044
1293.640462 0.0319817066193
1296.334197 0.0158948898315
1299.084165 0.0315476258596
1301.863507 0.0324853261312
1304.581048 0.01553662618
1307.349626 0.0319117705027
1310.044081 0.015142361323
1312.721081 0.0148676236471
1315.627117 0.0310999552409
1318.409923 0.0314877033234
1321.125461 0.03049437205
1323.904528 0.0323799451192
1326.600836 0.0154073238373
1329.346272 0.0319747130076
1332.149577 0.0312496821086
1334.971383 0.0316373507182
1337.708863 0.0314763387044
1340.533714 0.0322797298431
1343.297165 0.0326240857442
1346.221912 0.0307580629985
1349.046406 0.0316399733226
1351.874536 0.0316066741943
1354.653195 0.0317947069804
1357.452648 0.0164426962535
1360.210368 0.0157340367635
1363.017204 0.0315276781718
1365.799815 0.0303489367167
1368.638728 0.03196032842
1371.345386 0.0305213928223
1374.058721 0.0153913497925
1377.041532 0.0311036904653
1379.852801 0.0319197177887
1382.629859 0.0328435897827
1385.388781 0.0310016473134
1388.054884 0.0152690410614
1390.81802 0.0309913158417
1393.591995 0.0322053432465
1396.354923 0.0140992800395
1399.142933 0.0316342512767
1402.012609 0.031440337499
1404.79843 0.031624396642
1407.85987 0.0320297082265
1410.573661 0.0306669871012
1413.326013 0.0300873915354
1416.090614 0.0312909285227
1418.813899 0.0315560499827
1421.561694 0.031766017278
1424.37284 0.0314737161001
1427.129894 0.031954685847
1429.877095 0.0308329264323
1432.607682 0.0319126447042
1435.397469 0.0311160087585
1438.331935 0.0314477284749
1441.067888 0.0303746064504
1443.86388 0.0323446591695
1446.582371 0.0321323076884
1449.343347 0.0315552552541
1452.066265 0.0317629973094
1454.810813 0.0306199391683
1457.499315 0.0147899786631
1460.245389 0.0301051139832
1462.959095 0.0317736466726
1465.750652 0.031166712443
1468.734514 0.0149243672689
1471.454644 0.0144100189209
1474.185534 0.0317649841309
1476.994486 0.031579653422
1479.71311 0.0304872989655
1482.514958 0.0326593716939
1485.247452 0.0300425688426
1488.032715 0.0307779312134
1490.719464 0.0304030577342
1493.391384 0.0153746604919
1496.135331 0.0308127403259
1499.103596 0.0324331124624
1501.781498 0.0153237183889
1504.542088 0.0313249429067
1507.294111 0.014820098877
1510.280428 0.032026052475
1513.07438 0.0445453325907
1515.862145 0.0402113596598
1518.698431 0.0470473766327
1521.567839 0.0309352874756
1524.332697 0.0315973758698
1527.123854 0.0315523147583
1530.1331 0.0143900712331
1532.94151 0.031436920166
1535.667311 0.0311640103658
1538.4953 0.0307703812917
1541.24773 0.0331170558929
1544.012432 0.0319906870524
1546.764292 0.0313320159912
1549.529434 0.0311844348907
1552.269783 0.0153849919637
1554.978842 0.0311764081319
1557.751583 0.0313996473948
1560.93024 0.0377656618754
1563.718998 0.0151683489482
1566.46631 0.0309173266093
1569.185554 0.0314327081045
1571.901068 0.0319620768229
1574.601747 0.0147400697072
1577.382263 0.0308439731598
1580.119466 0.0308180650075
1582.872092 0.0144773324331
1585.661149 0.0309286912282
1588.388831 0.0319710572561
1591.344131 0.0155730247498
1594.041864 0.0314286549886
1596.8036 0.0309783617655
1599.578042 0.0310139656067
1602.344491 0.0311856269836
1605.081967 0.0323770840963
1607.817636 0.0321493943532
1610.608375 0.031539440155
1613.43128 0.0314240455627
1616.17747 0.0319029490153
1618.969551 0.0319306055705
1622.016504 0.0140702724457
1624.739698 0.0298636754354
1627.489907 0.0318893591563
1630.25067 0.0326553185781
1632.975064 0.0322970549266
1635.707162 0.0316329797109
1638.54422 0.0322527090708
1641.275072 0.0325632890066
1644.020637 0.0322230656942
1646.795614 0.0324857234955
1649.522652 0.0311109224955
1652.543487 0.015781323115
1655.247624 0.0150867303212
1658.001758 0.03196032842
1660.796573 0.0147539774577
1663.481603 0.0151280562083
1666.22877 0.0320373376211
1668.988041 0.0312472979228
1671.77665 0.031242052714
1674.513457 0.031119743983
1677.248301 0.0159382820129
1680.003569 0.0317730903625
1682.976172 0.0152037938436
1685.741092 0.0324459075928
1688.474871 0.0316896438599
1691.217355 0.0153952439626
1693.969277 0.0321906407674
1696.701401 0.0160903135935
1699.488551 0.0315763155619
1702.315059 0.0315714677175
1705.061204 0.0158869425456
1707.850432 0.0314237276713
1710.509751 0.0156172911326
1713.633962 0.0326333045959
1716.387545 0.031613667806
1719.114286 0.0318507353465
1721.804284 0.0143010616302
1724.621186 0.0320142904917
1727.413749 0.0319230556488
1730.164728 0.0321503480275
1732.857397 0.0314009984334
1735.610559 0.032475233078
1738.406603 0.0308709939321
1741.131392 0.0311330159505
1744.108445 0.015439748764
1746.889714 0.0325584411621
1749.628224 0.0316249529521
1752.425965 0.0322674115499
1755.196759 0.0320414702098
1757.981091 0.0370466709137
1760.745697 0.0312223434448
1763.519405 0.0321133136749
1766.339843 0.03187139829
1769.045566 0.0158693790436
1771.817652 0.032141049703
1774.856886 0.0315540631612
1777.592985 0.0316320260366
1780.271452 0.0163450241089
1782.974972 0.015816450119
1785.73639 0.0164589881897
1788.514182 0.0332334041595
1791.268312 0.0321017901103
1794.030003 0.0318244298299
1796.731697 0.0157670180003
1799.548858 0.0315066973368
1802.264252 0.0316505432129
1805.378034 0.0324016412099
1808.233332 0.0318613847097
1810.99954 0.0329252084096
1813.772775 0.0313984553019
1816.526658 0.0313020547231
1819.234799 0.0165699323018
1821.998365 0.0311530431112
1824.769072 0.0314432779948
1827.490294 0.031048933665
1830.200393 0.0316012700399
1832.944756 0.0314547220866
1836.124017 0.0480939547221
1838.958111 0.0322166283925
1841.791945 0.0317630767822
1844.562761 0.0314350128174
1847.317526 0.0322756767273
1850.12579 0.0327258110046
1852.924659 0.0317429701487
1855.670158 0.0312730471293
1858.402498 0.0148487091064
1861.165352 0.0318332513173
1863.979517 0.0328286488851
1867.112394 0.0456493695577
1869.956981 0.0440170764923
1872.708052 0.0451573530833
1875.600643 0.0451236565908
1878.390408 0.0474557081858
1881.227168 0.0445950031281
1884.022418 0.0319460233053
1886.801396 0.0318052768707
1889.499039 0.0157407124837
1892.262678 0.0315190156301
1894.956642 0.0160586039225
1897.990724 0.0319089889526
1900.719437 0.0297506650289
1903.470992 0.0158772468567
1906.240633 0.0149733225505
1909.049356 0.0325760046641
1911.812303 0.032212972641
1914.550818 0.0322640736898
1917.289999 0.0316953659058
1920.100816 0.0317978064219
1922.8602 0.0317360560099
1925.668992 0.0310956637065
1928.664571 0.0316052436829
1931.454329 0.0321190357208
1934.22471 0.0315677324931
1936.951908 0.0322422981262
1939.687211 0.015155394872
1942.387643 0.0159553686778
1945.22045 0.0316019852956
1947.952725 0.0319693088531
1950.796695 0.031547387441
1953.578883 0.030645052592
1956.28535 0.0305389563243
1959.338495 0.030695994695
1962.108115 0.0304590066274
1964.842457 0.0312056541443
1967.605422 0.0318167209625
1970.375007 0.0303433736165
1973.072861 0.0321833292643
1975.868072 0.0305466651917
1978.62955 0.0331010818481
1981.364803 0.0307738780975
1984.12616 0.0320510864258
1986.885776 0.0325926939646
1989.804105 0.0158320267995
1992.625463 0.0318616231283
1995.361294 0.0157933235168
1998.083915 0.0317746798197
2000.835817 0.0311816533407
2003.596993 0.0314237276713
2006.351454 0.0317965348562
2009.141345 0.0316317081451
2011.851108 0.0311457316081
2014.648287 0.0314449469248
2017.394859 0.0310747623444
2020.443431 0.0154528617859
2023.211548 0.0320516427358
2025.912648 0.0327343146006
2028.674143 0.032158613205
2031.50462 0.032333056132
2034.212479 0.0324645837148
2036.997082 0.0322535832723
2039.779126 0.0315803686778
2042.534256 0.0319143931071
2045.297035 0.0318616231283
2048.076873 0.0318324565887
2051.122347 0.0319873491923
2053.79037 0.0156593322754
2056.518222 0.031483968099
2059.265939 0.0315943559011
2062.053695 0.031965970993
2064.836386 0.0312710603078
2067.544582 0.0327854156494
2070.31042 0.0323203404744
2073.146314 0.0319130420685
2075.883658 0.0154150327047
2078.634985 0.0315616925557
2081.570397 0.0155999660492
2084.361171 0.0322593053182
2087.068227 0.0324370066325
2089.79189 0.0312473773956
2092.585935 0.0319857597351
2095.318155 0.0325385729472
2098.070895 0.0327366987864
2100.854666 0.0311999320984
2103.649442 0.0323472817739
2106.483026 0.0331783294678
2109.254359 0.0322313308716
2112.210857 0.0312701066335
2114.909915 0.0316297213236
2117.660865 0.0318756103516
2120.452758 0.0317804018656
2123.288783 0.0327469507853
2126.033594 0.0315880775452
2128.890928 0.053758541743
2131.667353 0.0153253078461
2134.417047 0.0161653359731
2137.193861 0.0326220194499
2139.992868 0.0379963715871
2142.951943 0.0154399871826
2145.675001 0.0157534281413
2148.408266 0.016374985377
2151.191835 0.0157830715179
2154.003663 0.0328623453776
2156.748511 0.0329453150431
2159.516493 0.0419410864512
2162.196885 0.0157837073008
2164.906611 0.0152300198873
2167.538609 0.0154683589935
2170.30209 0.0315996805827
2173.240352 0.0307341416677
2175.953019 0.0155607064565
2178.66634 0.0318857034047
2181.491348 0.0306092898051
2184.194513 0.0155609448751
2186.957929 0.0316987037659
2189.706854 0.0322709878286
2192.41694 0.0161639849345
2195.202487 0.0320931275686
2197.952371 0.0312116146088
2200.672767 0.0299723148346
2203.686928 0.0308669408162
2206.426157 0.03058274587
2209.217955 0.0309696992238
2211.938892 0.0316236813863
2214.663 0.0311644077301
2217.426995 0.0312247276306
2220.166106 0.0310300985972
2222.910484 0.0314472516378
2225.656133 0.0318210124969
2228.456586 0.0322352250417
2231.196054 0.0145183404287
2234.241 0.031719048818
2236.941418 0.0156353314718
2239.703032 0.0305337111155
2242.471344 0.014886935552
2245.240987 0.0325244267782
2247.946554 0.0301411151886
2250.762686 0.0298993587494
2253.488125 0.0151496728261
2256.29191 0.0302546024323
2259.032804 0.0160303910573
2261.741629 0.0151009559631
2264.774834 0.0153176784515
2267.558398 0.0312540531158
2270.254982 0.0153623421987
2272.991159 0.0322072505951
2275.683722 0.0150994459788
2278.367533 0.0153144200643
2281.147413 0.0317976474762
2283.915157 0.0304669539134
2286.741486 0.0313080151876
2289.449661 0.0149300098419
2292.213904 0.0299562613169
2295.294087 0.0310192902883
2297.995447 0.0149679978689
2300.800881 0.0155919392904
2303.630958 0.0307610034943
2306.447615 0.0322612921397
2309.273181 0.0311473210653
2312.023086 0.0314073562622
2314.806438 0.0316304365794
2317.587942 0.0315869649251
2320.375792 0.0308787822723
2323.124472 0.015167872111
2326.073064 0.0155723889669
2328.740535 0.0145706335704
2331.553707 0.0313633282979
2334.337578 0.0308806101481
2337.096526 0.0145236651103
2339.902176 0.0146919886271
2342.741185 0.0308383305868
2345.520253 0.0141769250234
2348.22986 0.0323000748952
2351.146978 0.0304016272227
2353.868049 0.0307646592458
2356.809765 0.0143147309621
2359.5828 0.0314543247223
2362.468421 0.0307613213857
2365.205745 0.0310452779134
2368.001377 0.0316010316213
2370.70939 0.0147333145142
2373.475463 0.0307406584422
2376.152632 0.0155207316081
2378.925693 0.0303090413411
2381.682859 0.0317363739014
2384.458191 0.0306800206502
2387.521453 0.0309623082479
2390.275491 0.0302630265554
2393.028632 0.0311977068583
2395.743064 0.0304950078328
2398.6211 0.031581958135
2401.438474 0.0316200256348
2404.18551 0.0305159886678
2406.957884 0.0312098662059
2409.743668 0.0151796340942
2412.483216 0.0317280292511
2415.310908 0.0312959353129
2418.269286 0.0313412348429
2421.051684 0.0313247044881
2423.790843 0.0300793647766
2426.537827 0.0310282707214
2429.207044 0.0140203634898
2431.970413 0.015549659729
2434.699044 0.0301587581635
2437.470155 0.0328599611918
2440.138007 0.0146059989929
2442.922784 0.0314716498057
2445.641165 0.0305670897166
2448.869528 0.0316526095072
2451.653665 0.030788342158
2454.414396 0.014132976532
2457.216625 0.030330657959
2459.97403 0.0313957532247
2462.700067 0.0316509405772
2465.458929 0.0311979452769
2468.323383 0.049889643987
2471.05918 0.0146649678548
2473.786488 0.0303270022074
2476.545101 0.0307599703471
2479.641031 0.0143763224284
2482.366123 0.0316747029622
2485.042923 0.015549659729
2487.765328 0.031658967336
2490.57589 0.0325240294139
2493.289944 0.0308237075806
2496.053513 0.0308226744334
2498.82165 0.0323206583659
2501.5067 0.0310027599335
2504.236366 0.0303699970245
2506.894297 0.0153666337331
2510.048529 0.0323788324992
2512.760889 0.0321532885234
2515.475297 0.0136423905691
2518.20338 0.0150620142619
2520.937999 0.0319793224335
2523.702017 0.0311577320099
2526.440332 0.0317474206289
2529.180257 0.0316686630249
2531.89933 0.0301709969838
2534.63638 0.0310030778249
2537.363788 0.030656337738
2540.448308 0.0322372913361
2543.258767 0.0308963457743
2545.972511 0.0146733125051
2548.714799 0.0296387672424
2551.480293 0.0316523710887
2554.192845 0.0153230031331
2556.959326 0.0314526557922
2559.640484 0.0305202802022
2562.347594 0.029976606369
2565.130924 0.0307026704152
2567.918137 0.0319082736969
2570.932795 0.0303036371867
2573.691704 0.0304623444875
2576.463008 0.0316420396169
2579.15521 0.0311612288157
2581.877785 0.0320452054342
2584.609724 0.0315203666687
2587.359255 0.0309463342031
2590.126795 0.0318296750387
2592.84433 0.0315759976705
2595.616802 0.0147129694621
2598.382533 0.0310529867808
2601.487595 0.0315129756927
2604.23051 0.0147287050883
2606.970657 0.0310760339101
2609.719388 0.0313541094462
2612.460753 0.0307182470957
2615.184531 0.013707002004
2617.992261 0.031272649765
2620.72149 0.0147936344147
2623.477584 0.0307856400808
2626.208041 0.0153959592183
2628.994956 0.0320203304291
2632.108264 0.0306420326233
2634.887947 0.0305099487305
2637.651169 0.0157510439555
2640.297157 0.0148583253225
2643.036718 0.0313563346863
2645.792617 0.0323797067006
2648.545796 0.0309344132741
2651.247497 0.0149601300557
2653.997599 0.0334922472636
2656.76044 0.039281129837
2659.484605 0.0313492616018
2662.654508 0.0317950248718
2665.31115 0.0153011480967
2668.042755 0.0156556765238
2670.825691 0.0308883190155
2673.600758 0.031641960144
2676.39003 0.029878616333
2679.178997 0.0313056310018
2681.959623 0.0309593677521
2684.683372 0.0153033733368
2687.432499 0.0302429993947
2690.145465 0.0316596825918
2693.167273 0.0154352982839
2695.925424 0.0313523610433
2698.718485 0.031726360321
2701.514277 0.0323852698008
2704.219243 0.0157999992371
2706.93796 0.0319759051005
2709.728854 0.0329664548238
2712.472276 0.0312809944153
2715.205545 0.0316327412923
2717.985788 0.0147523085276
2720.654968 0.0150252978007
2723.698494 0.01518034935
2726.479967 0.0320756435394
2729.189045 0.0315101146698
2731.985381 0.032141606013
2734.726866 0.0150530338287
2737.547701 0.0309902826945
2740.319414 0.0315442879995
2743.070573 0.0306362311045
2745.860831 0.0308133761088
2748.610799 0.030631462733
2751.287104 0.0145103931427
2754.364026 0.0154140790304
2757.02784 0.0152610143026
2759.811453 0.0310663382212
2762.626 0.031112353007
2765.400623 0.0310445626577
2768.140227 0.0312209129333
2770.859651 0.0152757167816
2773.625554 0.0317577521006
2776.359535 0.0305147171021
2779.101835 0.0138490200043
2781.877035 0.0320692857107
2784.943652 0.0317927201589
2787.742739 0.0314042568207
2790.468544 0.0305755933126
2793.25073 0.030908981959
2796.022125 0.0314074357351
2798.802187 0.0317409833272
2801.584107 0.031613667806
2804.358717 0.0309879779816
2807.096724 0.015486240387
2809.861834 0.0304360389709
2812.596277 0.0316100120544
2815.705597 0.0163056850433
2818.472123 0.030285358429
2821.276075 0.0315639972687
2824.041442 0.0315726598104
2826.815003 0.0303826332092
2829.543706 0.0318986574809
2832.33114 0.031585931778
2835.133368 0.0308986504873
2837.807888 0.0143669446309
2840.521101 0.0164245764414
2843.270207 0.0310357411702
2846.254401 0.0159273147583
2849.03881 0.0306386947632
2851.751732 0.0310907363892
2854.483584 0.0317064126333
2857.216955 0.0307603677114
2859.974728 0.0309473673503
2862.72551 0.0314773718516
2865.463108 0.032075881958
2868.206143 0.0145303408305
2870.949512 0.031937678655
2873.70847 0.0308437347412
2876.849425 0.031321922938
2879.570023 0.0314690272013
2882.275311 0.0154846509298
2885.024258 0.0320559342702
2887.7421 0.0151330629985
2890.508526 0.031490723292
2893.28448 0.0311113198598
2896.021633 0.0314019521077
2898.807198 0.0313436985016
2901.582009 0.0327266852061
2904.274137 0.0148723125458
2907.469298 0.0320656299591
2910.20576 0.0157389640808
2912.995508 0.0319937070211
2915.715208 0.0321446259816
2918.498683 0.0316628615061
2921.208424 0.0152129332225
2924.000308 0.031973361969
2926.768005 0.0351073741913
2929.570533 0.0156319936117
2932.328198 0.0373500188192
2935.058026 0.0325609842936
2938.04827 0.0154733657837
2940.81972 0.0312452316284
2943.559357 0.0311370690664
2946.308133 0.0309553941091
2949.09849 0.031760931015
2951.836228 0.0317103068034
2954.631726 0.0321876207987
2957.464079 0.0320196946462
2960.181246 0.0318329334259
2962.945202 0.0318605899811
2965.704692 0.0321842829386
2968.673998 0.015082359314
2971.483556 0.0318740208944
2974.267483 0.0312298933665
2977.044236 0.0326333045959
2979.880008 0.0311036904653
2982.618695 0.0312612851461
2985.312681 0.0312914053599
2988.028301 0.0162443319956
2990.737418 0.015976190567
2993.591539 0.0320780277252
2996.310469 0.0325620174408
2999.458793 0.0319519837697
3002.178261 0.0321513017019
3004.972738 0.0313212871552
3007.717675 0.0313180287679
3010.456177 0.0317807197571
3013.185817 0.0309120814006
3015.983595 0.0317920049032
3018.725706 0.0318373044332
3021.498494 0.0317305723826
3024.297155 0.0316026210785
3026.990216 0.0314079920451
3030.013568 0.0311984221141
3032.777855 0.0147976875305
3035.544056 0.0312149524689
3038.304792 0.0308780670166
3041.036091 0.0317912896474
3043.805276 0.031809647878
3046.471936 0.0160179932912
3049.227214 0.0163354873657
3052.001476 0.0315563678741
3054.770609 0.03249279658
3057.515577 0.0326933860779
3060.475557 0.014969587326
3063.160505 0.0318116346995
3065.912173 0.0311872959137
3068.612882 0.0320970217387
3071.364132 0.0314436753591
3074.142398 0.0315716266632
3076.946229 0.0303159554799
3079.738985 0.014192422231
3082.506856 0.0314953327179
3085.281632 0.0326182842255
3087.992109 0.0323323408763
3091.051722 0.0316836833954
3093.798914 0.0323193073273
3096.567549 0.031547943751
3099.301092 0.0306960741679
3102.062888 0.0308935642242
3104.871991 0.0315820376078
3107.618532 0.0310159524282
3110.326539 0.0311722755432
3113.080475 0.0321389834086
3115.827716 0.0315686861674
3118.528637 0.0148483117421
3121.670527 0.0310879548391
3124.410536 0.0305906931559
3127.150303 0.032083272934
3129.88068 0.0326424439748
3132.728896 0.0327520370483
3135.4997 0.0320330460866
3138.278151 0.0310613314311
3140.995317 0.0313673814138
3143.710648 0.031402349472
3146.483141 0.0321364402771
3149.245099 0.0318252245585
3152.304227 0.0319536526998
3155.073478 0.0299119154612
3157.815375 0.0317620436351
3160.612295 0.031417687734
3163.396392 0.0308750470479
3166.109451 0.0313762823741
3168.914896 0.0144663651784
3171.615688 0.0325547854106
3174.382425 0.032280365626
3177.10344 0.0313673019409
3179.820063 0.0149633089701
3182.941283 0.0149743556976
3185.705865 0.0316113630931
3188.428756 0.01540406545
3191.231739 0.0322380065918
3194.023996 0.0299417177836
3196.737318 0.0149893760681
3199.529052 0.0316249529521
3202.317229 0.0346783796946
3205.141338 0.0373959541321
3207.942872 0.0350473721822
3210.714683 0.0184816519419
3213.751087 0.0312996705373
3216.421984 0.0308880805969
3219.181228 0.0307737191518
3221.963833 0.0319313208262
3224.6706 0.0319033463796
3227.505936 0.0319453080495
3230.277154 0.0323801040649
3233.038253 0.0312263170878
3235.759322 0.0305759906769
3238.499034 0.0325980981191
3241.290377 0.0313409964244
3244.452486 0.0308199723562
3247.123025 0.0149060885111
3249.914218 0.0312559604645
3252.685521 0.0311907132467
3255.451507 0.0135176181793
3258.230955 0.0301950772603
3260.922165 0.0138286749522
3263.61454 0.0145067373912
3266.444357 0.0315129756927
3269.291458 0.0315080483754
3272.057384 0.0304119586945
3275.109888 0.0301500161489
3278.127257 0.0321740309397
3280.89721 0.0303107102712
3283.720059 0.032288312912
3286.471613 0.0314496358236
3289.297974 0.0310613314311
3292.014735 0.0307773749034
3294.737097 0.0314349333445
3297.53137 0.0156593322754
3300.328462 0.0307216644287
3303.129996 0.0311043262482
3306.381709 0.0318506558736
3309.089964 0.0300922393799
3311.928077 0.0319000879924
3314.692744 0.0309615929921
3317.428145 0.0148399670919
3320.152816 0.0313127040863
3323.057034 0.0312600135803
3325.785054 0.0312393506368
3328.485552 0.0148559411367
3331.17382 0.0140696366628
3333.967178 0.032676299413
3337.28812 0.0302200317383
3340.01449 0.030709584554
3342.825705 0.0315536657969
3345.499749 0.0161345799764
3348.325915 0.0318070252736
3350.979161 0.0151720046997
3353.717932 0.0314176082611
3356.47091 0.0318830013275
3359.247523 0.0322453180949
3362.034786 0.0316190719604
3364.798703 0.0325020949046
3368.081859 0.0321079889933
3370.839527 0.0312410990397
3373.592213 0.0315443674723
3376.337089 0.0328290462494
3379.030768 0.0319462617238
3381.725065 0.0157939592997
3384.470375 0.0152021249135
3387.177984 0.030561765035
3389.918786 0.0319849650065
3392.61895 0.0307312011719
3395.362727 0.031307220459
3398.384274 0.0319706598918
3401.204946 0.0305669307709
3403.882583 0.0163182417552
3406.599152 0.0316616694132
3409.317845 0.0159122943878
3412.095445 0.0326433181763
3414.785248 0.0156803131104
3417.578349 0.032382329305
3420.307945 0.0307885805766
3423.005637 0.0152903397878
3425.810002 0.0318007469177
3428.926453 0.0310630003611
3431.653495 0.0163389841715
3434.38173 0.0145059426626
3437.097198 0.0157763163249
3439.826548 0.0307536125183
3442.580065 0.0316398938497
3445.317888 0.0300203164419
3448.093024 0.0305799643199
3450.792329 0.0155809720357
3453.594374 0.0308636029561
3456.364436 0.0313266913096
3459.52844 0.0311817328135
3462.29319 0.0314165751139
3465.060624 0.0322745641073
3467.740673 0.0308303833008
3470.491409 0.0150560537974
3473.181056 0.0150756835938
3475.966792 0.0313810507456
3478.661389 0.015525897344
3481.403483 0.0311879316966
3484.171603 0.0321086247762
3486.91347 0.0321021080017
3490.045126 0.0307246843974
3492.737987 0.0139696598053
3495.465207 0.0162139733632
3498.242545 0.0319976011912
3501.012628 0.0316677093506
3503.751056 0.0316486358643
3506.455202 0.0165346463521
3509.171138 0.031800587972
3512.020433 0.0304509798686
3514.754217 0.0308852990468
3517.49186 0.0320161183675
3520.703804 0.0313250223796
3523.408051 0.0311906337738
3526.12786 0.0142710208893
3528.904509 0.0314389864604
3531.633117 0.031067609787
3534.352732 0.0315389633179
3537.142031 0.0305007298787
3539.910148 0.0146554311117
3542.696263 0.0310970147451
3545.379497 0.0146719614665
3548.197243 0.0305766264598
3551.283206 0.0300503571828
3554.069112 0.0311020215352
3556.736964 0.0157183011373
3559.421669 0.0148063500722
3562.124894 0.0315713087718
3564.924041 0.0320110321045
3567.723085 0.0308853785197
3570.45257 0.030530055364
3573.237761 0.0312823454539
3576.030144 0.0306485493978
3578.810516 0.0314722855886
3581.929143 0.0331789652507
3584.698903 0.0363823572795
3587.422398 0.0315419832865
3590.145755 0.0136383374532
3592.892023 0.0135633150736
3595.623267 0.0150516827901
3598.363632 0.0162436962128
3601.13297 0.0309420426687
3603.824641 0.0143882433573
3606.650522 0.0314479668935
3609.36898 0.0305209159851
3612.598512 0.0319712956746
3615.259714 0.0161110560099
3617.929499 0.0154846509298
3620.78706 0.0314790407817
3623.514714 0.030618429184
3626.26117 0.0322077274323
3629.028896 0.0166006882985
3631.843488 0.0306619803111
3634.557533 0.0306913057963
3637.280262 0.0153293609619
3640.012888 0.0319267114003
3643.14557 0.0317430496216
3645.845561 0.0153704484304
3648.585407 0.0146087010701
3651.330884 0.0319685935974
3654.057303 0.0320154825846
3656.825605 0.0317533810933
3659.498182 0.0155616601308
3662.279325 0.0325156052907
3665.04586 0.015327056249
3667.84741 0.0319093068441
3670.5393 0.0312316417694
3673.67613 0.0310103098551
3676.446087 0.0303640365601
3679.274587 0.0318857828776
3681.983607 0.0152773062388
3684.740669 0.031942764918
3687.469801 0.0309166908264
3690.147308 0.0144153436025
3692.870549 0.0154626369476
3695.580772 0.0312472979228
3698.379508 0.0312660535177
3701.111625 0.0313417116801
3704.280639 0.0318380196889
3707.042012 0.0308173497518
3709.786831 0.031330982844
3712.507195 0.0302276611328
3715.272568 0.0311283270518
3718.051 0.0318016211192
3720.815663 0.0313763618469
3723.551373 0.0305860042572
3726.268818 0.015592734019
3729.059564 0.0307286580404
3731.829918 0.0304756164551
3735.027749 0.0315989653269
3737.796012 0.0310594240824
3740.515625 0.0311499436696
3743.265688 0.0322730541229
3746.102925 0.0317002932231
3748.768618 0.0148894786835
3751.495061 0.0322865645091
3754.322806 0.030662616094
3757.035616 0.0305620034536
3759.752598 0.0319070021311
3762.531001 0.0318260192871
3765.770427 0.0314180850983
3768.469235 0.0164089997609
3771.19026 0.0324086348216
3774.013233 0.0308140118917
3776.821699 0.0312059720357
3779.655034 0.0309620698293
3782.343142 0.0315056641897
3785.112621 0.0304866631826
3787.846027 0.0309766133626
3790.63089 0.0312232971191
3793.353862 0.0299716790517
3796.431523 0.0156803131104
3799.326462 0.0604902903239
3802.112838 0.0317576726278
3804.902111 0.0319663683573
3807.6581 0.0163424015045
3810.452612 0.0306192239126
3813.265343 0.0326979955037
3816.025683 0.0306859811147
3818.812826 0.0319460233053
3821.635888 0.031542301178
3824.386512 0.0309627056122
3827.409771 0.0327886740367
3830.215723 0.0329841772715
3832.926615 0.0319352944692
3835.743896 0.031840244929
3838.526391 0.0311984221141
3841.227577 0.0312257607778
3844.000248 0.0312211513519
3846.714757 0.0308895905813
3849.386002 0.0137634277344
3852.128357 0.0145939985911
3854.871659 0.0311269760132
3858.01988 0.0309620698293
3860.743789 0.0143749713898
3863.474352 0.0314346154531
3866.278872 0.032186349233
3869.021007 0.0309700965881
3871.785711 0.0306083361308
3874.498751 0.0313430627187
3877.170733 0.0152150789897
3879.955582 0.0309863090515
3882.731138 0.0145893891652
3885.483508 0.0303683280945
3888.526207 0.0320196151733
3891.222598 0.0151054064433
3893.986976 0.0314743518829
3896.657677 0.0155300299327
3899.375801 0.0142652193705
3902.166363 0.0312733650208
3904.957565 0.0303593476613
3907.685282 0.0313979784648
3910.458316 0.0319033463796
3913.134244 0.0154143969218
3915.909354 0.030605395635
3918.894924 0.0144410133362
3921.611162 0.0308996836344
3924.318533 0.014990011851
3927.056496 0.0305593808492
3929.813345 0.0314475695292
3932.507461 0.0155419508616
3935.301001 0.031270980835
3938.089095 0.0308492978414
3940.814593 0.0317189693451
3943.50246 0.0149509906769
3946.193539 0.0148129463196
3949.230754 0.0317353407542
3951.974656 0.0310791333516
3954.665843 0.014679034551
3957.455395 0.0309996604919
3960.260983 0.0312659740448
3963.065526 0.0305703481038
3965.882952 0.0317832628886
3968.613914 0.0149006048838
3971.401546 0.0311250686646
3974.138855 0.0153119564056
3976.896865 0.0364077091217
3980.056302 0.0308943589528
3982.761742 0.0147999922434
3985.58286 0.0395686626434
3988.237655 0.0146883328756
3990.960835 0.0306770801544
3993.760406 0.0303177038829
3996.435154 0.0153679847717
3999.221385 0.0311680634816
4001.928678 0.031592686971
4004.654191 0.0305556456248
4007.397017 0.0309546788534
4010.596768 0.0312043825785
4013.251393 0.0139780044556
4015.991688 0.0307652950287
4018.761945 0.0326550801595
4021.52018 0.0310256481171
4024.244371 0.0144679546356
4026.972537 0.0146642525991
4029.713511 0.0314969221751
4032.469765 0.0309290091197
4035.207636 0.0306832790375
4037.932314 0.0311066309611
4041.043288 0.029976606369
4043.821157 0.0145686467489
4046.498786 0.0140272776286
4049.196361 0.0315477053324
4051.909565 0.0314993063609
4054.659921 0.0306963125865
4057.386135 0.0299629370372
4060.088121 0.0323860645294
4062.844685 0.0157480239868
4065.584242 0.0314602851868
4068.35429 0.0308930873871
4071.516783 0.0145582358042
4074.328652 0.0310383637746
4076.980727 0.0142273108164
4079.706826 0.0318962732951
4082.456701 0.031756957372
4085.164562 0.0305040677389
4087.857904 0.0312492847443
4090.658351 0.0306400458018
4093.364399 0.0316526095072
4096.066213 0.015016078949
4098.82762 0.0320820013682
4101.996816 0.0302336215973
4104.720682 0.0307936668396
4107.427322 0.0302766958872
4110.14352 0.0306514104207
4112.874682 0.0156106154124
4115.59893 0.0311400095622
4118.37682 0.03098376592
4121.122812 0.0149210294088
4123.875306 0.0310744444529
4126.667519 0.030283610026
4129.393091 0.0306874116262
4132.619406 0.031658411026
4135.364149 0.032240708669
4138.072113 0.0313883622487
4140.854026 0.031368414561
4143.521186 0.032131989797
4146.265977 0.0302480856578
4149.051175 0.031675974528
4151.807974 0.0303756395976
4154.607201 0.0318073431651
4157.378952 0.031964302063
4160.242303 0.0318723519643
4163.291726 0.0318203767141
4166.045834 0.0318760077159
4168.827251 0.0159944693247
4171.547782 0.0315555731455
4174.407426 0.0305979251862
4177.202222 0.0319506327311
4179.971699 0.0320517222087
4182.709559 0.0154786904653
4185.487014 0.0316816965739
4188.234907 0.0311170419057
4191.032429 0.015067021052
4194.114979 0.0139180024465
4196.874523 0.0312716960907
4199.705634 0.0315589904785
4202.501398 0.0310943126678
4205.219258 0.030514160792
4207.941413 0.0153694152832
4210.746271 0.0318659941355
4213.494387 0.0315047105153
4216.257608 0.0311903158824
4219.124443 0.0145763556163
4221.849272 0.0315866470337
4225.061133 0.0311810175578
4227.833434 0.0308779875437
4230.545364 0.0318673451742
4233.315463 0.0306119918823
4236.095179 0.0313180287679
4238.887603 0.031641403834
4241.735039 0.0313526789347
4244.502166 0.0314407348633
4247.32147 0.0319650173187
4250.077686 0.0310633977254
4252.835722 0.0311382611593
4256.035144 0.0313355922699
4258.800811 0.0318516890208
4261.50381 0.0309993426005
4264.265668 0.0315140088399
4267.003617 0.0146160920461
4269.729993 0.0146019458771
4272.461668 0.0317536989848
4275.103796 0.0154636700948
4277.861167 0.0310613314311
4280.58562 0.0305813948313
4283.352189 0.0300719738007
4286.566462 0.0305354595184
4289.274477 0.0303169886271
4292.091407 0.0316903591156
4294.88351 0.0411647160848
4297.612097 0.0319663683573
4300.430254 0.0313140551249
4303.136314 0.0149070421855
4305.91857 0.0318166414897
4308.617266 0.0307973225911
4311.397717 0.0304706096649
4314.227141 0.0312626361847
4317.451097 0.0303680896759
4320.264094 0.0319656531016
4322.94642 0.0299983024597
4325.710907 0.030409971873
4328.441908 0.030649582545
4331.161588 0.0306193828583
4333.962571 0.0317455927531
4336.715527 0.0151820977529
4339.548874 0.0309135913849
4342.187435 0.0159220695496
4344.927201 0.0308486620585
4348.183493 0.0312436421712
4350.928852 0.0141286849976
4353.656202 0.0322076479594
4356.363325 0.0309642950694
4359.022324 0.0154387156169
4361.750827 0.0156822999318
4364.496996 0.0311983426412
4367.252215 0.0305157502492
4369.984567 0.0146783987681
4372.774679 0.0305147171021
4375.507387 0.0315076510111
4378.712892 0.0301949977875
4381.442221 0.0156966050466
4384.225725 0.0322219530741
4387.021581 0.0317617257436
4389.73276 0.030880689621
4392.458698 0.0311009883881
4395.161906 0.0167276859283
4397.962257 0.0326033433278
4400.756715 0.0315182209015
4403.505866 0.0317716598511
4406.281462 0.0311366717021
4409.412877 0.0316627025604
4412.148579 0.0152696768443
4414.845299 0.0154597759247
4417.610315 0.0304849942525
4420.290677 0.0147844155629
4423.025542 0.0310480594635
4425.75187 0.0315359433492
4428.478812 0.015904267629
4431.249396 0.0155090490977
4433.985042 0.0300766626994
4436.763669 0.0304961204529
4439.989075 0.0314508279165
4442.771233 0.0317447980245
4445.433497 0.0161960124969
4448.216776 0.031746228536
4450.973615 0.031006971995
4453.711392 0.0159780184428
4456.473625 0.0150863329569
4459.257445 0.0312550067902
4462.026711 0.0320301055908
4464.837852 0.040092309316
4467.579461 0.0398650169373
4470.833789 0.0155862967173
4473.595593 0.0325702826182
4476.309562 0.0320644378662
4479.083186 0.0310346285502
4481.875551 0.0323344071706
4484.60514 0.0318827629089
4487.299956 0.0157483418783
4490.023901 0.03204925855
4492.766832 0.0314230124156
4495.459049 0.0148577690125
4498.193538 0.0317856470744
4501.235971 0.0142292181651
4503.951292 0.0153486728668
4506.732182 0.0159987608592
4509.492262 0.0150236288706
4512.318679 0.0311857064565
4515.085648 0.0307093461355
4518.070217 0.0308952331543
4520.744409 0.0157120227814
4523.488376 0.0320073763529
4526.343 0.0322083632151
4529.117121 0.0313230355581
4532.159173 0.0321497917175
4534.942833 0.0326676368713
4537.741072 0.0309257507324
4540.485201 0.0311721960704
4543.186373 0.0164550145467
4545.965909 0.0323849519094
4548.758679 0.0307020346324
4551.50875 0.0311119556427
4554.293641 0.0318439801534
4557.018491 0.0324986775716
4559.741862 0.0302956104279
4562.978461 0.0318563779195
4565.671435 0.0317403475444
4568.394181 0.0306293169657
4571.255211 0.0310199260712
4574.026104 0.0319906870524
4576.723752 0.0309927463531
4579.523012 0.0325036843618
4582.236266 0.0319132804871
4584.976831 0.0314682324727
4587.705705 0.0316373507182
4590.478552 0.0309546788534
4593.734603 0.0311249097188
4596.493615 0.0317189693451
4599.167297 0.0156449476878
4601.927715 0.0315186977386
4604.662927 0.0310246149699
4607.423299 0.030308008194
4610.15861 0.0307540098826
4612.868802 0.0158423582713
4615.609276 0.0320556958516
4618.36624 0.0310756365458
4621.066234 0.0310966173808
4624.20476 0.0319270292918
4626.963216 0.0323340098063
4629.713423 0.0311962763468
4632.541529 0.031733751297
4635.223988 0.031404654185
4637.966972 0.0318566163381
4640.758038 0.0323556264242
4643.55501 0.0322985649109
4646.2244 0.0151703357697
4649.009602 0.031380256017
4651.716454 0.0144147872925
4654.734813 0.0154936313629
4657.554622 0.0309216976166
4660.34448 0.0320003032684
4663.088148 0.031502644221
4665.84638 0.0322869618734
4668.608131 0.0314853191376
4671.331523 0.0326023896535
4674.013494 0.0149726867676
4676.757944 0.0320142904917
4679.493207 0.0314643383026
4682.242421 0.0316319465637
4685.271833 0.0313348770142
4688.016987 0.0311390558879
4690.75699 0.0155580838521
4693.576611 0.0311079819997
4696.352508 0.0311696529388
4699.108837 0.0315310160319
4701.905031 0.0318106015523
4704.663641 0.031100432078
4707.464287 0.030460357666
4710.254195 0.0307412942251
4713.029353 0.0317193667094
4716.197009 0.0161632696788
4718.942107 0.031404654185
4721.735362 0.0309682687124
4724.462009 0.0151646137238
4727.225208 0.0312706629435
4730.066949 0.0312112967173
4732.865826 0.0314822991689
4735.567105 0.0316596031189
4738.355601 0.0153516133626
4741.148604 0.0322306950887
4743.9566 0.0319772561391
4747.122522 0.0319289366404
4749.970399 0.0317429701487
4752.705513 0.0159313678741
4755.457456 0.0309252738953
4758.226253 0.0309096972148
4761.001134 0.0303973356883
4763.721281 0.0308027267456
4766.460514 0.0144666830699
4769.155373 0.0147798856099
4771.953311 0.0311866601308
4774.6703 0.0143487453461
4777.824328 0.015736023585
4780.638924 0.0313719908396
4783.456797 0.0319329102834
4786.178705 0.0152549743652
4788.953172 0.0318996906281
4791.714242 0.0160977045695
4794.479724 0.0316039721171
4797.247249 0.0305790106455
4800.000109 0.0319816271464
4802.779994 0.0307284196218
4805.560278 0.0318376223246
4808.750734 0.030505657196
4811.518865 0.0308306217194
4814.272602 0.0304363568624
4817.01981 0.0311767260234
4819.812417 0.0319997469584
4822.606013 0.0311630566915
4825.409636 0.0323189894358
4828.147287 0.0146464506785
4830.920083 0.0150110721588
4833.768606 0.031747341156
4836.531482 0.0149066448212
4839.769835 0.0305726528168
4842.559048 0.0318605899811
4845.309603 0.0322552522024
4848.058241 0.0156066417694
4850.85889 0.0317617257436
4853.634046 0.0313827196757
4856.392398 0.0324663321177
4859.173815 0.0320423444112
4861.913987 0.0316569805145
4864.709504 0.0320546627045
4867.446639 0.032076994578
4870.613414 0.0158507029215
4873.324215 0.0154531796773
4876.109599 0.0319959322611
4878.927522 0.0309897263845
4881.676898 0.031316280365
4884.603007 0.0762080351512
4887.380194 0.0320169130961
4890.108449 0.0161039829254
4892.917751 0.0304340521495
4895.709814 0.0142240524292
4898.486384 0.0308239459991
4901.619569 0.0310070514679
4904.37061 0.0314490000407
4907.172397 0.0315305391947
4909.949104 0.0309676329295
4912.630604 0.0144203503927
4915.446388 0.0324850082397
4918.144723 0.0149997075399
4920.936579 0.0141853491465
4923.778685 0.0308353106181
4926.559788 0.0315079689026
4929.352886 0.0315876801809
4932.568211 0.01478155454
4935.366329 0.0315957864126
4938.143703 0.0150105953217
4940.900345 0.0137616793315
4943.795713 0.031719605128
4946.564238 0.0331757068634
4949.404758 0.0323015848796
4952.176575 0.0153102874756
4954.963351 0.0314959685008
4957.793711 0.0316852728526
4960.593243 0.0321218967438
4963.921333 0.0306619803111
4966.747157 0.0318209330241
4969.486532 0.0146867434184
4972.253969 0.0306886831919
4974.990488 0.031378587087
4977.724725 0.016295671463
4980.512458 0.0316259860992
4983.290179 0.0314060052236
4986.113264 0.0305033524831
4988.939312 0.0332636833191
4991.692928 0.0308330059052
4994.982086 0.0314431190491
4997.78631 0.0314763387044
5000.48279 0.014583269755
5003.231257 0.0321856339773
5005.960566 0.0311103661855
5008.691348 0.0170683860779
5011.355277 0.0148626963298
5014.169723 0.0309153397878
5016.88116 0.031775077184
5019.690247 0.0315430164337
5022.504005 0.0319674809774
5025.883343 0.0466531117757
5028.593777 0.0158603191376
5031.37203 0.0313540299733
5034.086791 0.0153826077779
5036.909388 0.0399590333303
5039.67116 0.0332403182983
5042.4424 0.0152450402578
5045.254768 0.0321796735128
5048.060255 0.0314268271128
5050.820028 0.0307862758636
5053.534516 0.0164793332418
5056.781763 0.031086285909
5059.593223 0.0317749977112
5062.387669 0.0316847165426
5065.125698 0.0155079364777
5067.869788 0.015557607015
5070.650809 0.0314545631409
5073.40373 0.0311726729075
5076.210132 0.0320506095886
5078.898029 0.0309099356333
5081.640803 0.0302420457204
5084.393176 0.0317089557648
5087.650456 0.031129916509
5090.397703 0.016086101532
5093.142685 0.0308689276377
5095.829978 0.0309147040049
5098.622107 0.0318736235301
5101.341547 0.0317041079203
5104.164282 0.0321140289307
5106.922551 0.0324127674103
5109.679336 0.031080643336
5112.417411 0.0310734113057
5115.20024 0.0307629108429
5118.43553 0.0311341285706
5121.210853 0.0307496388753
5123.893772 0.0162773927053
5126.645467 0.0162097613017
5129.38234 0.0315386454264
5132.177596 0.0162749290466
5134.849185 0.0145107110341
5137.627669 0.0321759382884
5140.425705 0.0310889879862
5143.197035 0.0308154424032
5146.013971 0.0315459569295
5149.177502 0.0140800476074
5151.925979 0.0318456490835
5154.599399 0.0155599117279
5157.398674 0.032168785731
5160.118845 0.0321056842804
5162.894621 0.0323063532511
5165.676821 0.0162619749705
5168.490161 0.0317560036977
5171.226559 0.031903664271
5174.003872 0.0321756203969
5176.813287 0.0320460796356
5179.949128 0.0322300593058
5182.659024 0.0146939754486
5185.351371 0.0158516565959
5188.150782 0.0316233634949
5190.915231 0.0322629610697
5193.731681 0.0303863684336
5196.437835 0.031627257665
5199.246881 0.0322515964508
5201.969355 0.0158873399099
5204.671331 0.0310483773549
5207.420182 0.0313880443573
5210.648345 0.0318903128306
5213.308454 0.015426715215
5216.146855 0.0301071802775
5218.833557 0.0145796140035
5221.599436 0.0313220024109
5224.317527 0.0319916407267
5227.06647 0.0294853051503
5229.839959 0.0314722855886
5232.607172 0.0313138961792
5235.436825 0.0315759181976
5238.094694 0.0151303609212
5241.275686 0.0308997631073
5244.052735 0.0141812960307
5246.778316 0.0307376384735
5249.470802 0.0143953959147
5252.288172 0.0314399401347
5254.973026 0.0150792598724
5257.677398 0.0342473983765
5260.349649 0.0153657595317
5263.097283 0.0315892696381
5265.795488 0.0149372418722
5268.55426 0.0306653181712
5271.878243 0.0306453704834
5274.651906 0.0311170419057
5277.407783 0.0146722793579
5280.198734 0.0318910280863
5282.946328 0.0310312906901
5285.689765 0.0309013525645
5288.360948 0.0154546101888
5291.123063 0.0313933690389
5293.815023 0.0152710278829
5296.637456 0.0301096439362
5299.454878 0.0307002862295
5302.806792 0.0312712987264
5305.595623 0.0318915843964
5308.348582 0.0324910481771
5311.159266 0.0303876399994
5313.927488 0.0319313208262
5316.726837 0.0311296780904
5319.516717 0.0348010063171
5322.247764 0.0314554373423
5325.001865 0.032382885615
5327.801216 0.0311156113942
5330.55059 0.0309576193492
5333.812979 0.0321147441864
5336.524521 0.0314508279165
5339.287509 0.0320960680644
5341.983581 0.0150156815847
5344.883697 0.0319310029348
5347.694497 0.0323603153229
5350.545776 0.0312320391337
5353.43742 0.0317266782125
5356.177951 0.0312213897705
5358.894662 0.0149376392365
5361.692998 0.0310990015666
5364.749774 0.0327806472778
5367.547494 0.0319407780965
5370.306499 0.0311307112376
5373.065624 0.0314122835795
5375.81904 0.0316076278687
5378.759317 0.0316873391469
5381.601498 0.030916372935
5384.42359 0.0309192339579
5387.19137 0.031807978948
5389.937952 0.031442006429
5392.663624 0.0312000115712
5395.709673 0.031698624293
5398.457043 0.030722618103
5401.194272 0.0323930581411
5403.992971 0.0319845676422
5406.797665 0.0311716397603
5409.521766 0.0156859556834
5412.357853 0.0320817629496
5415.127993 0.0321840445201
5417.919337 0.0167016983032
5420.592468 0.0153187115987
5423.337572 0.0319092273712
5426.526112 0.015664656957
5429.330331 0.0314413706462
5432.095016 0.0317878723145
5434.89303 0.0326045354207
5437.626221 0.0162043571472
5440.323562 0.0160086154938
5443.108114 0.0312610467275
5445.824709 0.01575700442
5448.617996 0.0314416090647
5451.418342 0.030975262324
5454.216586 0.0327537059784
5457.492281 0.0312136809031
5460.188518 0.0313846270243
5462.996483 0.0308710734049
5465.79526 0.0311509768168
5468.516251 0.0314860343933
5471.228332 0.0307176907857
5473.975412 0.0313039620717
5476.71762 0.0312013626099
5479.540404 0.031155983607
5482.283416 0.0307534535726
5485.061302 0.0153493086497
5488.068396 0.0314783255259
5490.816672 0.0155483086904
5493.638348 0.0327920118968
5496.38268 0.0315410296122
5499.102722 0.0141952037811
5501.886787 0.0317460695903
5504.716515 0.0325400034587
5507.409474 0.0156443913778
5510.222672 0.030330657959
5513.026518 0.0319163799286
5515.785419 0.0315856933594
5518.875467 0.0318083763123
5521.679836 0.0324436028798
5524.432175 0.032229979833
5527.212823 0.0322206020355
5530.052397 0.030598004659
5532.837394 0.0302515824636
5535.54524 0.0322846571604
5538.268082 0.0318992932638
5541.040655 0.0311790307363
5543.737191 0.030958255132
5546.48722 0.031152009964
5549.459537 0.0151223341624
5552.225 0.0314900080363
5554.959714 0.0324965318044
5557.74275 0.0313010215759
5560.51818 0.0309099356333
5563.277126 0.0309726397196
5566.037677 0.0317155520121
5568.834518 0.0344127019246
5571.570323 0.0313546657562
5574.365932 0.0315023263295
5577.096403 0.0150393644969
5580.505153 0.0306063493093
5583.285476 0.0319368839264
5586.052011 0.0308656692505
5588.751047 0.0313540299733
5591.590503 0.0313866933187
5594.406644 0.0303112665812
5597.217664 0.0318647225698
5600.091566 0.054215669632
5602.961858 0.0306687355042
5605.678583 0.0320046742757
5608.505541 0.0313646793365
5611.842216 0.0309532483419
5614.621226 0.0309476057688
5617.25352 0.0150788625081
5620.026387 0.0311443805695
5622.850388 0.0317940711975
5625.538891 0.0313569704692
5628.374119 0.0321800708771
5631.190539 0.0327922503153
5633.844513 0.0147263209025
5636.575769 0.0300912857056
5639.27147 0.0154766241709
5642.667462 0.0311153729757
5645.383944 0.0144389470418
5648.189267 0.0306159655253
5650.912278 0.0307836532593
5653.581214 0.0141439437866
5656.34968 0.0312397480011
5659.087087 0.0418343544006
5661.907154 0.0339436531067
5664.6096 0.0309429168701
5667.296314 0.0304083824158
5670.11367 0.0317866802216
5673.436321 0.0314093430837
5676.131702 0.0159879525503
5678.906814 0.0316600799561
5681.671273 0.0310016473134
5684.443598 0.0323290030162
5687.182367 0.0307459831238
5689.884584 0.0313953558604
5692.625952 0.0317907333374
5695.349976 0.0313390096029
5698.110463 0.0322686831156
5700.917858 0.0306486288706
5704.227547 0.0325316588084
5706.932256 0.0315673351288
5709.705769 0.015059709549
5712.502352 0.0308494567871
5715.197155 0.03169242541
5717.911775 0.0322627226512
5720.63764 0.0322147210439
5723.391138 0.0317355791728
5726.268661 0.0311353206635
5729.069057 0.0318193435669
5731.746948 0.0156757036845
5734.893701 0.0324699878693
5737.787511 0.0320867697398
5740.592451 0.0322636763255
5743.401824 0.0317203203837
5746.150447 0.0301843484243
5748.88482 0.0318576494853
5751.66936 0.0317673683167
5754.401289 0.0311965942383
5757.178653 0.0307060877482
5759.906758 0.0310106277466
5762.660999 0.0311529636383
5765.793804 0.0313878059387
5768.525671 0.0309273401896
5771.353021 0.0311826864878
5774.144073 0.0309936205546
5776.952909 0.0309640566508
5779.695026 0.030726035436
5782.443451 0.0313756465912
5785.251092 0.031284014384
5787.961944 0.0163548787435
5790.733713 0.0319926738739
5793.562221 0.031658967336
5796.606181 0.0147932370504
5799.296718 0.0138943990072
5802.003075 0.0307382742564
5804.800441 0.0311649640401
5807.525321 0.015101035436
5810.420808 0.031276067098
5813.214799 0.0311096509298
5815.927398 0.0152015686035
5818.672767 0.0310403505961
5821.450665 0.0320159594218
5824.139382 0.0304633776347
5827.431278 0.0308753649394
5830.17171 0.0308539072673
5832.94008 0.0311980247498
5835.667867 0.0309599240621
5838.462305 0.0317991574605
5841.236488 0.0308413505554
5844.023381 0.0313142935435
5846.730285 0.0311479568481
5849.555908 0.0310273170471
5852.255926 0.0147776603699
5855.035275 0.0310919284821
5858.304461 0.0313030083974
5861.049376 0.0325102806091
5863.686514 0.0158306757609
5866.457002 0.0311643282572
5869.181847 0.0314814249674
5871.926165 0.0146912733714
5874.718339 0.0310923258464
5877.453905 0.0320967038472
5880.143936 0.0311121145884
5882.822523 0.0149709383647
5885.583038 0.0318609078725
5888.882339 0.0307687123617
5891.621725 0.0308882395426
5894.382746 0.0314859549205
5897.10739 0.0306825637817
5899.812027 0.0152119795481
5902.472239 0.0131713549296
5905.307605 0.0305200417837
5908.055726 0.0306646029154
5910.905739 0.0538296699524
5913.624228 0.0137979984283
5916.426077 0.0307172139486
5919.690179 0.0324936707815
5922.408563 0.0320552984873
5925.102744 0.0309410889943
5927.922643 0.0316863854726
5930.724019 0.0317149957021
5933.416307 0.0311647256215
5936.099178 0.0143627325694
5938.76105 0.0142630736033
5941.531633 0.036003669103
5944.240193 0.0322826703389
5946.974694 0.0317952632904
5950.405657 0.0312325954437
5953.23135 0.0309376716614
5956.031048 0.0316396554311
5958.793847 0.0311813354492
5961.593117 0.0318566163381
5964.353703 0.0309933026632
5967.156285 0.0424609184265
5969.945713 0.0508219401042
5972.784417 0.0313132603963
5975.510483 0.0316752592723
5978.269925 0.031672000885
5981.640118 0.030121088028
5984.399717 0.0310280323029
5987.15277 0.0313653151194
5989.887314 0.0305570761363
5992.716556 0.0314187208811
5995.461399 0.015429019928
5998.23667 0.0145519574483
6000.964723 0.031513373057
6003.71373 0.031090259552
6006.475958 0.0150101184845
6009.113005 0.0158866246541
6012.2372 0.0144063631694
6014.978851 0.0312120119731
6017.671446 0.0146493911743
6020.346081 0.0156044165293
6023.143708 0.0296113491058
6025.86997 0.0310439268748
6028.659154 0.0298596223195
6031.447202 0.0298100312551
6034.174569 0.0145953496297
6036.983954 0.0308576424917
6039.75825 0.0311369895935
6042.955652 0.0308496952057
6045.709727 0.0317850112915
6048.405128 0.0141946474711
6051.103115 0.0311970710754
6053.905643 0.0313153266907
6056.709861 0.0319096247355
6059.405403 0.0316726366679
6062.140889 0.0309298038483
6064.964677 0.0314547220866
6067.681355 0.0312414169312
6070.492992 0.0309116840363
6073.794507 0.0310986042023
6076.487556 0.0148588816325
6079.292134 0.0312228997548
6081.986459 0.0145710309347
6084.705775 0.0322604179382
6087.421318 0.030758301417
6090.135278 0.0311570167542
6092.908293 0.0314599672953
6095.675539 0.0153354008993
6098.472818 0.0309937000275
6101.179973 0.030420700709
6104.389801 0.0317200024923
6107.132247 0.0307069619497
6109.795812 0.01544769605
6112.559524 0.0327546596527
6115.317877 0.0310893853505
6118.160249 0.0320374170939
6120.975771 0.0317003726959
6123.668036 0.0311763286591
6126.380529 0.0154987176259
6129.203078 0.0315913359324
6131.966601 0.0314306418101
6135.265681 0.0308559735616
6138.029961 0.030607064565
6140.725593 0.0151589711507
6143.477912 0.0306707223256
6146.229186 0.030104637146
6148.918965 0.0160893599192
6151.687811 0.0310006936391
6154.455398 0.0311193466187
6157.201996 0.0307730833689
6159.9478 0.0355787277222
6162.647541 0.0145023663839
6165.950513 0.0311377048492
6168.690692 0.0307540098826
6171.44465 0.0309063593547
6174.187173 0.0306423505147
6177.001368 0.0314544041951
6180.017604 0.0321323871613
6182.811651 0.0323210557302
6185.504671 0.0152390797933
6188.442798 0.0142939885457
6191.265932 0.0322999954224
6194.060871 0.0162753264109
6197.371022 0.032401005427
6200.149365 0.0316079457601
6202.925025 0.0163770516713
6205.744146 0.0312477747599
6208.527365 0.0311581293742
6211.331027 0.0330876509349
6214.039395 0.031310637792
6216.761337 0.0313603878021
6219.502591 0.0321566263835
6222.266336 0.0324666500092
6225.020101 0.0318973859151
6228.376563 0.0316513379415
6231.20793 0.0323316256205
6234.037565 0.0314656893412
6236.738871 0.0307796796163
6239.465727 0.0317455927531
6242.271396 0.0321433544159
6245.04437 0.0331470171611
6247.854321 0.0322717825572
6250.614276 0.0315767129262
6253.408943 0.0326267878215
6256.105997 0.0155110359192
6259.399582 0.0332903067271
6262.243226 0.0321875413259
6264.982605 0.0319907665253
6267.619913 0.0145587126414
6270.341281 0.015685637792
6273.089433 0.0318746566772
6275.838475 0.0317236582438
6278.548752 0.0327173868815
6281.277017 0.0148352781932
6284.030563 0.0316112836202
6286.826514 0.0320536295573
6289.879621 0.0158626238505
6292.581818 0.0150865713755
6295.322194 0.0322513580322
6298.05959 0.0157192548116
6300.87677 0.033539613088
6303.632094 0.0320049921672
6306.498493 0.0412582556407
6309.241075 0.0160676638285
6311.97935 0.0322767098745
6314.715268 0.0319186846415
6317.430345 0.0317161083221
6320.72716 0.0316073894501
6323.541725 0.0333826541901
6326.287585 0.031521320343
6329.048804 0.0147156715393
6331.8268 0.0258750120799
6334.553535 0.0319906075795
6337.340438 0.0323736667633
6340.098813 0.0321907202403
6342.919325 0.032615741094
6345.710667 0.0327866872152
6348.419204 0.0323173205058
6351.539279 0.0157256126404
6354.350321 0.0314330259959
6357.176563 0.0453592141469
6359.957254 0.0324223041534
6362.672781 0.0320796966553
6365.43177 0.0319513479869
6368.166248 0.0323947270711
6370.87289 0.0315450032552
6373.649403 0.0311193466187
6376.501541 0.0314029852549
6379.272745 0.0323392550151
6382.276627 0.0150050322215
6384.996455 0.0324376424154
6387.782606 0.031235297521
6390.510428 0.0314259529114
6393.233057 0.0154666900635
6396.003619 0.0311264197032
6398.772179 0.030773639679
6401.543896 0.0310513973236
6404.257434 0.0310106277466
6407.031282 0.0324622790019
6409.751695 0.031723578771
6413.095457 0.0311570167542
6415.788551 0.0143916606903
6418.535857 0.0314280192057
6421.30836 0.0321933428446
6424.050577 0.0313773155212
6426.802004 0.0314916769663
6429.577168 0.0304463704427
6432.289803 0.0306139787038
6435.018248 0.0315469900767
6437.742518 0.0316943327586
6440.510027 0.0316585699717
6443.858253 0.0316106478373
6446.563897 0.0154274304708
6449.285826 0.0310833454132
6451.970635 0.0148970286051
6454.730594 0.0313550631205
6457.457017 0.0313343207041
6460.299265 0.0313429832458
6463.031927 0.0318326155345
6465.788658 0.0318866570791
6468.542932 0.0312437216441
6471.277097 0.0316424369812
6474.455909 0.0320639610291
6477.321399 0.0308225949605
6480.100276 0.03218126297
6482.837837 0.0315465927124
6485.58656 0.0315546194712
6488.359293 0.0144779682159
6491.157415 0.0301245848338
6493.892918 0.0323700904846
6496.64099 0.0156830946604
6499.456359 0.036451737086
6502.267265 0.0312386353811
6505.554651 0.030458688736
6508.339616 0.0313276449839
6511.096493 0.0322245756785
6513.806183 0.0317893028259
6516.493185 0.0148210525513
6519.181546 0.0312036673228
6522.029747 0.0313203334808
6524.745472 0.0324822266897
6527.489238 0.0156203111013
6530.208578 0.031743367513
6533.036443 0.0324097474416
6536.316158 0.0312946637472
6539.087524 0.031397263209
6541.781739 0.0315249760946
6544.48235 0.0315752824148
6547.271626 0.0309715270996
6550.078267 0.0339006582896
6552.80936 0.0325695673625
6555.561446 0.0305407047272
6558.279803 0.031485637029
6561.070357 0.0317893822988
6563.814424 0.0311319828033
6567.175443 0.0316460132599
6569.904292 0.0329486529032
6572.660436 0.0316579341888
6575.42247 0.0313473542531
6578.206297 0.0319663683573
6580.93203 0.0316383838654
6583.650687 0.0153737068176
6586.40914 0.0312982400258
6589.177354 0.0318459669749
6592.010886 0.0327486197154
6594.71951 0.0316263039907
6598.116289 0.0321180025736
6600.829432 0.0318910280863
6603.574698 0.0303968588511
6606.276837 0.0161956151326
6609.022403 0.0145819981893
6611.838673 0.0324135621389
6614.574227 0.0319630304972
6617.25315 0.0148663520813
6620.010685 0.0307575861613
6622.787642 0.0312732855479
6625.533672 0.0303853352865
6628.759473 0.0160582860311
6631.496824 0.0322322845459
6634.266433 0.0326977570852
6637.059518 0.0314559141795
6639.811388 0.0321803092957
6642.604584 0.0316892464956
6645.409239 0.0315482616425
6648.159117 0.0148592789968
6650.971685 0.0357757409414
6653.796421 0.0320312182109
6656.567654 0.0155770778656
6659.674827 0.0153110027313
6662.467126 0.0315666993459
6665.233928 0.0141843159993
6668.085653 0.030330657959
6670.908416 0.0321040153503
6673.67107 0.0321253935496
6676.518389 0.0319606463114
6679.277724 0.0155542691549
6681.997039 0.0154869556427
6684.747469 0.0317733287811
6687.556116 0.032114982605
6690.978433 0.0319663683573
6693.688838 0.0315799713135
6696.329642 0.016047557195
6699.067649 0.0318376223246
6701.894724 0.0319319566091
6704.664262 0.0322839419047
6707.365968 0.0159598986308
6710.077826 0.0314429601034
6712.895422 0.03040599823
6715.602536 0.0309822559357
6718.325363 0.0155245463053
6721.588979 0.0156562328339
6724.350668 0.0169920921326
6727.085146 0.0323450565338
6729.767655 0.0310773849487
6732.520799 0.0320789019267
6735.316478 0.0167620182037
6738.050236 0.0312106609344
6740.800771 0.0312520662944
6743.520394 0.0142846107483
6746.307774 0.0317986806234
6748.961714 0.0154430071513
6752.316422 0.031790415446
6755.101225 0.0326857566833
6757.884345 0.0331346988678
6760.608829 0.033166329066
6763.344516 0.0319120089213
6766.154002 0.0311673482259
6768.896775 0.0318233172099
6771.670719 0.0316116015116
6774.445129 0.032052675883
6777.235628 0.0383533636729
6779.961908 0.0315433343252
6783.125315 0.0315537452698
6785.922978 0.0322245756785
6788.628139 0.03178358078
6791.370864 0.0322176615397
6794.175933 0.0311814149221
6796.841223 0.0152153968811
6799.682474 0.0329682826996
6802.421935 0.031928062439
6805.168422 0.0147596995036
6807.915964 0.0329457124074
6810.650774 0.0328458944956
6813.968697 0.0314916769663
6816.784382 0.0324502786001
6819.453993 0.0166336695353
6822.237843 0.0317910512288
6824.989098 0.03218237559
6827.946073 0.0367582639058
6830.74023 0.0327521165212
6833.477403 0.0319600105286
6836.261818 0.0324223041534
6838.930273 0.0163163344065
6841.657731 0.0325719515483
6844.936699 0.0318102836609
6847.669798 0.0320766766866
6850.412127 0.0324613253276
6853.219531 0.0365183353424
6855.977119 0.0327260494232
6858.784559 0.0322742462158
6861.553346 0.016474088033
6864.333112 0.0318676630656
6867.037429 0.0315192540487
6869.832622 0.0320909818014
6872.597121 0.031374613444
6876.009529 0.0424476464589
6878.708467 0.0317706267039
6881.411815 0.0315020084381
6884.072822 0.0148277282715
6886.808921 0.0326247215271
6889.538572 0.0310720602671
6892.291902 0.0303903420766
6894.9886 0.0159869194031
6897.794266 0.0315365791321
6900.490842 0.0325206120809
6903.239447 0.0313246250153
6906.686503 0.0314136346181
6909.408152 0.0169432957967
6912.125382 0.032878001531
6914.844409 0.0160899957021
6917.605417 0.033313035965
6920.329794 0.0338552792867
6923.117603 0.031919558843
6925.950454 0.0318812529246
6928.684698 0.0317376454671
6931.445715 0.0316600004832
6934.113564 0.0163713296254
6937.394138 0.0313278834025
6940.156022 0.0150911013285
6942.908627 0.0332443714142
6945.657245 0.031892379125
6948.377002 0.0328990618388
6951.034046 0.0165026982625
6953.825517 0.0321033795675
6956.615441 0.0324077606201
6959.426444 0.015331029892
6962.093831 0.0148773988088
6964.843857 0.0312382380168
6968.135606 0.0148572921753
6970.960639 0.0309449831645
6973.686677 0.031317949295
6976.470179 0.0320313771566
6979.177457 0.0329906145732
6981.92154 0.0149563153585
6984.651085 0.0145512421926
6987.418869 0.0311141014099
6990.244233 0.0150899887085
6993.265331 0.0303750038147
6996.032112 0.032514890035
6999.314861 0.0315629641215
7002.234253 0.0306817690531
7005.14359 0.0309517383575
7008.130013 0.0308349927266
7011.090346 0.0316797097524
7013.844427 0.0316246350606
7016.560072 0.0153466860453
7019.385948 0.0321876207987
7022.143298 0.0310405890147
7025.084754 0.0468373298645
7027.943074 0.0306560198466
7031.306629 0.0304441452026
7034.035397 0.0143760045369
7036.858529 0.0322156747182
7039.610446 0.030469973882
7042.387345 0.0304516156514
7045.158754 0.0154193242391
7047.902496 0.0315293471018
7050.609448 0.0158316294352
7053.33583 0.0147442817688
7056.064173 0.0313944021861
7058.834634 0.0149570306142
7062.268143 0.0314257144928
7065.080143 0.0316433906555
7067.850338 0.0320110321045
7070.657467 0.041012207667
7073.424054 0.0315783818563
7076.176415 0.0306216080983
7078.900962 0.0314917564392
7081.673593 0.0315464337667
7084.499613 0.0319279829661
7087.202711 0.0318194230398
7089.889824 0.0306663513184
7092.962156 0.0316789944967
7095.806911 0.0316396554311
7098.625018 0.0302637418111
7101.387045 0.0317307313283
7104.135198 0.0313968658447
7106.902722 0.0151800314585
7109.645421 0.0325787862142
7112.410198 0.0321786403656
7115.184994 0.0304256280263
7117.975498 0.030507961909
7120.739633 0.0307563145955
7123.88684 0.0318446954091
7126.616664 0.0306891600291
7129.414781 0.0313405195872
7132.106629 0.0154473781586
7134.882794 0.0316646099091
7137.645442 0.031391064326
7140.368186 0.0315840244293
7143.142133 0.0316950480143
7145.873591 0.0155812899272
7148.702637 0.0324547290802
7151.4399 0.0323966344198
7154.629765 0.0309967199961
7157.38455 0.0310195287069
7160.100896 0.0146289666494
7162.922369 0.0309773286184
7165.740066 0.02991771698
7168.432222 0.0310009320577
7171.2523 0.030611594518
7173.976331 0.0301706790924
7176.624656 0.0142436822255
7179.406517 0.0321753819784
7182.139177 0.031333287557
7185.555589 0.0321601231893
7188.270251 0.0301956335704
7190.977351 0.0146922270457
7193.661379 0.0320950349172
7196.416737 0.0316123167674
7199.154584 0.0308199723562
7201.890027 0.0305519898733
