8.330589 9999
17.920564 7.4415781498
26.487223 6.47157001495
35.397426 6.78806900978
45.547193 7.96345877647
54.025825 6.36302804947
62.934991 6.79826807976
72.614673 7.55523395538
81.541915 6.7217438221
90.207413 9999
99.926662 9999
109.186067 7.18000006676
118.210296 6.79983186722
126.877986 6.54219102859
135.852735 6.84284186363
144.900649 6.93480205536
154.223042 9999
163.488098 7.13600206375
173.118992 7.48026990891
182.126638 6.89508008957
192.071887 7.71441102028
201.069357 6.8701069355
210.879433 7.69155311584
219.759122 6.75384020805
228.715988 6.72027015686
238.08003 9999
246.560718 6.3591029644
255.840297 9999.0
264.992372 9999
273.957441 6.81012296677
283.18422 7.08725905418
292.577552 9999.0
301.915554 7.10754203796
311.045653 7.02825117111
320.184205 7.05993580818
329.172895 9999.0
338.15744 6.75580406189
347.006276 6.7551150322
356.643671 7.51078486443
365.463969 9999.0
374.407785 9999
383.745887 7.22893190384
392.633978 6.7855348587
401.689173 7.05135011673
410.998604 7.10373210907
420.26906 7.15557909012
429.014352 6.62290787697
438.320493 7.20157694817
447.313727 6.78513216972
456.533777 7.0830950737
466.068018 7.44252705574
475.539461 7.34877705574
484.377984 6.59825015068
493.55412 9999
501.882698 6.24875688553
510.69231 6.70114398003
519.339675 6.40624213219
527.860757 6.41814804077
536.609466 6.66585898399
545.82721 7.13787412643
555.568851 7.484333992
564.784915 7.11560201645
574.05336 7.17652702332
583.273969 7.10555815697
592.626306 7.07114815712
601.810027 7.08874201775
611.031802 7.11736893654
620.735332 7.59548091888
629.78421 6.81148409843
639.386542 7.51756501198
648.692344 7.19854688644
657.498539 6.70270609856
666.834385 7.11563110352
675.746496 6.80894994736
684.710554 6.86985492706
693.578786 6.7524998188
703.159278 9999
712.325723 9999
721.468565 7.05592417717
730.684012 7.12383294106
739.59904 6.70968699455
748.811297 7.08839893341
757.828499 6.91633605957
766.603932 6.66267991066
775.57253 6.76277112961
785.131075 7.44451379776
793.67489 6.45878100395
802.480599 6.70256304741
811.503662 6.81308507919
820.37955 6.79482603073
829.197454 6.72251987457
838.870808 7.55981206894
847.776641 6.69489717484
856.926297 7.04079389572
866.084707 7.06400990486
875.281005 7.10731101036
884.198968 6.69242501259
892.978868 6.63371896744
901.82662 6.75702691078
911.028291 7.1140730381
920.330593 7.07597398758
928.778307 6.3523619175
938.11152 7.21956706047
946.916693 6.69465112686
956.157388 7.01616001129
965.410987 7.14836907387
973.995925 6.4900097847
983.149636 7.07795500755
991.737829 6.3597869873
1001.347061 7.48528504372
1010.170805 6.69313383102
1018.879342 6.5986969471
1028.209313 7.09134912491
1037.087291 9999
1045.95403 6.78326010704
1055.181346 7.12745904922
1064.106602 6.69031310081
1072.613263 6.40201687813
1081.317784 6.61093592644
1090.930496 7.50345492363
1100.482189 7.33721804619
1109.64798 9999
1118.170258 6.40103602409
1128.227156 7.94883203506
1137.103063 6.63343381882
1146.603688 7.4036719799
1155.784049 7.06799006462
1164.981649 7.10982990265
1173.845845 6.66541290283
1183.059916 9999
1191.756377 6.61841392517
1200.713557 6.86161708832
1209.982169 7.07354187965
1219.311071 7.21684002876
1228.538579 7.13128995895
1237.719308 7.09870791435
1247.196794 9999
1256.175372 9999
1265.43524 7.16987085342
1274.687056 9999.0
1283.396084 6.46831703186
1292.339049 6.84044194221
1301.081232 6.64216589928
1310.724059 7.53495812416
1320.085266 7.13889789581
1328.58034 6.38483285904
1337.892262 7.22016787529
1346.792199 6.79224300385
1355.617541 9999
1364.761173 7.03942298889
1372.806826 5.95255208015
1381.54995 6.65264797211
1390.852705 7.05514907837
1400.126534 7.19972896576
1408.722355 6.50079298019
1417.599792 6.79436683655
1426.126134 6.27382183075
1435.315766 7.10951900482
1444.503214 7.10074901581
1452.992337 6.39832305908
1462.315637 7.09952783585
1471.174932 6.75930690765
1480.477586 7.20046401024
1489.759881 7.18698406219
1498.793165 6.79662203789
1508.090884 7.20775103569
1517.703855 7.50635719299
1527.075407 7.28524303436
1536.306844 7.03221607208
1546.020026 7.62604188919
1555.305195 7.17474389076
1564.560477 7.13123297691
1573.447054 6.65650701523
1582.719563 7.18079900742
1591.52598 9999
1600.430818 6.81404685974
1610.018813 7.35833907127
1619.201589 7.06564307213
1628.003778 9999
1636.784245 6.67484402657
1645.739646 6.71733808517
1654.738615 6.89548110962
1663.596285 6.72990489006
1672.331389 9999.0
1681.780822 7.24010491371
1690.977292 7.0700969696
1699.796693 9999
1708.676651 6.80336713791
1717.277578 6.37365794182
1726.278364 6.89898991585
1734.853175 6.4841439724
1743.971591 9999.0
1752.493661 6.35651683807
1761.581002 6.9855890274
1770.792132 7.09886693954
1780.001502 7.10466194153
1789.260871 7.05952000618
1798.068604 6.70364403725
1807.670805 7.4799349308
1816.250493 6.44833779335
1825.604685 7.13266587257
1834.370282 9999
1843.141815 6.67776894569
1851.879835 6.62365198135
1860.876538 9999
1870.5807 7.58586096764
1879.011875 6.31358098984
1888.066119 6.92824697495
1897.754885 7.4165520668
1906.783283 6.92267799377
1915.847883 6.94671106339
1925.108882 7.17022109032
1933.991281 6.67029380798
1942.797837 6.70529413223
1951.959577 7.02177095413
1960.676454 6.60012388229
1969.911324 6.98758602142
1979.132091 7.1170129776
1988.520705 9999
1997.764424 7.09997987747
2007.161912 7.17748594284
2016.343438 7.10089492798
2025.72985 7.2682890892
2034.515307 6.67714214325
2043.891768 7.12677884102
2052.757517 6.7512512207
2061.883951 7.05194282532
2071.131373 7.16668391228
2080.054609 6.66993999481
2089.743978 7.56869506836
2098.983524 7.13306689262
2107.806804 6.73600792885
2117.261863 7.19196510315
2125.976293 6.60222196579
2135.222567 7.13784003258
2144.795173 7.46504282951
2153.681045 6.65540194511
2162.821446 9999
2171.934831 7.03511404991
2180.870173 9999.0
2190.370622 9999
2199.578648 7.09452605247
2208.465889 9999
2216.961058 6.36012816429
2225.966668 6.7828309536
2235.615604 7.54438900948
2244.77018 7.03024101257
2254.064118 7.18564200401
2263.274911 7.09100103378
2272.225797 6.84328985214
2281.423768 7.09347105026
2290.377654 9999.0
2299.80587 7.19235110283
2309.042316 9999
2318.119618 6.96143198013
2327.142646 9999.0
2336.491791 7.12765407562
2345.458655 6.86492991447
2354.789834 7.19410681725
2363.95456 7.06610298157
2372.8959 6.70118713379
2382.268404 7.26457500458
2391.755885 7.36843800545
2400.962327 7.08399701118
2410.316671 7.1194050312
2419.567349 7.1174659729
2428.866283 7.18672513962
2437.713633 9999.0
2446.740153 6.78151702881
2455.584145 6.70051002502
2464.279939 6.60497999191
2473.059501 6.6822180748
2482.396342 7.12484097481
2490.863548 6.36449599266
2500.361664 7.38084697723
2509.515575 7.06713914871
2519.19903 7.44340991974
2528.416309 7.12495017052
2537.619394 9999
2546.940115 7.21704697609
2556.041479 6.8871281147
2564.949334 6.80849504471
2574.246383 7.19076514244
2583.326357 6.97833490372
2592.639963 7.10780501366
2601.542375 6.81273889542
2611.370327 7.73334097862
2619.952758 6.49154305458
2629.303209 7.11031794548
2638.529355 7.10120081902
2647.293382 6.6638250351
2656.163069 6.76722097397
2665.396345 7.05121612549
2673.915345 6.43753194809
2682.674823 6.66784620285
2691.554034 6.75641202927
2700.887819 7.06773805618
2710.2323 7.22425103188
2718.964309 6.60648608208
2727.684772 6.60220599174
2737.304163 7.3868830204
2746.548679 7.11439013481
2755.376275 9999
2764.254223 6.74620890617
2773.984566 7.46347904205
2782.764423 6.67709302902
2791.712214 6.84203505516
2800.620876 9999.0
2809.983912 7.14765119553
2819.08216 7.01239395142
2828.372137 7.1686809063
2838.078858 9999.0
2846.833373 6.54124283791
2855.599014 6.67228102684
2864.135681 6.4363451004
2872.985663 9999.0
2881.885413 6.68030905724
2890.526328 6.50901412964
2899.331378 6.6914999485
2908.238806 6.79115009308
2917.004362 6.51906299591
2926.65093 7.52758479118
2935.717094 9999
2944.552223 6.73958301544
2953.934517 7.11644697189
2962.642719 9999
2972.269327 7.51898097992
2980.991356 9999.0
2989.864723 9999
2999.012004 7.04252004623
3008.249119 7.07494091988
3016.681247 9999.0
3025.818335 6.77253389359
3034.590777 6.66296982765
3043.832981 7.09330701828
3053.134051 7.20641899109
3062.513393 7.15608596802
3071.224618 6.59476304054
3080.690292 7.35229206085
3089.547284 6.73836803436
3098.205388 6.41940283775
3107.701456 7.40770983696
3116.869553 7.06187319756
3125.704734 6.74005413055
3134.84649 6.89141798019
3143.615911 6.68444895744
3153.214807 7.47748494148
3161.945449 9999.0
3171.293768 7.11341691017
3180.464577 7.07270789146
3189.651379 9999
3198.625724 6.87817192078
3207.279619 9999
3216.070297 6.67921614647
3225.282814 7.07584810257
3234.861465 7.44713497162
3244.082162 6.95546007156
3252.816011 6.61353588104
3261.627245 6.69573307037
3270.786477 7.08044815063
3280.555752 7.53507590294
3289.344813 6.68898797035
3298.541199 7.07977485657
3307.756665 7.12169599533
3316.66314 6.67380690575
3325.467011 6.69917201996
3335.075483 7.48114514351
3344.580617 9999.0
3353.576761 6.72346401215
3362.317408 6.6008579731
3371.164347 6.72633004189
3380.427182 7.09955000877
3390.122958 7.43385505676
3399.024263 6.79306602478
3407.934457 6.80005192757
3417.204592 7.17816305161
3426.068456 6.71809887886
3435.292857 9999
3444.556323 7.17026996613
3454.298168 7.61915683746
3462.885583 6.35844802856
3472.130749 9999
3481.671561 7.49340510368
3490.902681 7.11032414436
3499.989448 6.82026100159
3509.112542 7.01059603691
3518.356802 7.13802504539
3528.034571 7.58610200882
3536.956503 6.69728302956
3545.573143 9999
3554.540807 6.84803414345
3563.827209 9999.0
3572.795846 6.74243497849
3581.608848 6.70016717911
3590.052528 6.31875085831
3599.40462 7.22579097748
3608.436981 6.7973139286
