9.22347 1.37841463089
18.548306 1.39247306188
27.919906 1.40192763011
37.359487 1.37310663859
46.701656 1.37408304214
56.038949 1.38513525327
65.364796 1.36079565684
74.651282 1.36104440689
84.123341 1.37058075269
93.447247 1.38490629196
102.919562 1.38451298078
112.275871 1.37056469917
121.801002 1.37164402008
131.105489 1.36135999362
140.628668 1.40511870384
150.016944 1.37824257215
159.523801 1.38564491272
168.862743 1.38394172986
178.337666 1.38793293635
187.626103 1.36314670245
197.065156 1.39420723915
206.48725 1.37575737635
215.897904 1.39285874367
225.286767 1.36820832888
234.824775 1.36757739385
244.247793 1.39157001177
253.603568 1.37886961301
262.941716 1.38290135066
272.465152 1.37619932493
281.805957 1.38542437553
291.260761 1.39538820585
300.568118 1.36295135816
310.122678 1.36493404706
319.496393 1.37682104111
328.887587 1.40029295286
338.274798 1.38959129651
348.031412 1.38414096832
357.421198 1.39166132609
366.861689 1.36927199364
376.217535 1.3732017676
385.73998 1.37991333008
395.21321 1.39903831482
404.602453 1.37683256467
413.959524 1.37049563726
423.415805 1.37328100204
432.82188 1.363032341
442.193944 1.37116599083
451.569536 1.37998731931
461.056817 1.36503561338
470.495736 1.38132564227
479.785812 1.36980636915
489.175309 1.36959902445
498.714307 1.36505230268
508.171567 1.39284769694
517.544192 1.38648438454
526.966899 1.39104024569
536.406556 1.37851889928
545.780039 1.37286655108
555.088673 1.37751642863
564.491282 1.3885111014
573.981063 1.38162271182
583.354264 1.38694699605
592.70953 1.37146298091
602.166006 1.38472294807
611.77269 1.38697473208
621.212563 1.39818469683
630.719252 1.38823564847
640.075468 1.38259100914
649.480405 1.37074104945
658.853885 1.37720767657
668.293993 1.38685576121
677.699732 1.3654396534
687.15658 1.37621363004
696.49566 1.38148999214
705.935387 1.387636741
715.257428 1.38477834066
724.714585 1.37901743253
734.087898 1.37499165535
743.576207 1.39673233032
752.983497 1.39419603348
762.58978 1.40061465899
771.997395 1.36466431618
781.284218 1.3613670667
790.741578 1.3878253301
800.28164 1.37209971746
809.687302 1.36680801709
818.993926 1.37718208631
828.382883 1.36913569768
837.923622 1.38060498238
847.327944 1.39131657283
856.651323 1.37562235196
865.974135 1.36935297648
875.665692 1.38339702288
885.103775 1.38728729884
894.559089 1.39468065898
903.93245 1.37051733335
913.506202 1.37162772814
922.878908 1.36783035596
932.254306 1.38659238815
941.761219 1.38533433278
951.197595 1.36896793048
960.588389 1.38868188858
969.975851 1.39489165942
979.282307 1.37921031316
988.85508 1.37006862958
998.197455 1.37594159444
1007.568059 1.38355374336
1016.941519 1.38740499814
1026.497676 1.38486464818
1035.936831 1.38467033704
1045.392707 1.38066371282
1054.799668 1.37673830986
1064.339345 1.3649160862
1073.795039 1.38518834114
1083.385639 1.37988297145
1092.823755 1.38679607709
1102.413853 1.39031100273
1111.837612 1.39829206467
1121.213328 1.36722207069
1130.649532 1.39241957664
1140.155259 1.37877607346
1149.562374 1.37859074275
1159.022024 1.38228130341
1168.40707 1.39272936185
1177.915287 1.37412118912
1187.290032 1.37290994326
1196.676766 1.38548835119
1206.083237 1.39342403412
1215.655664 1.39416225751
1225.045141 1.396581014
1234.501485 1.37087663015
1243.806997 1.36494628588
1253.349687 1.38735294342
1262.719484 1.38499005636
1272.175919 1.38435490926
1281.583533 1.37346259753
1291.071965 1.36578067144
1300.49421 1.37926832835
1310.002444 1.39866828918
1319.373985 1.3729921182
1328.89678 1.36201969783
1338.287172 1.35955262184
1347.642741 1.37945048014
1356.916116 1.36694296201
1366.538804 1.39326262474
1375.844638 1.36670525869
1385.234604 1.37973491351
1394.590077 1.37996109327
1404.247349 1.40155537923
1413.586539 1.37014826139
1422.959024 1.37685100238
1432.465078 1.38663299878
1441.988986 1.36175727844
1451.444809 1.37637090683
1460.867655 1.38981032372
1470.241493 1.38016438484
1479.764102 1.37915929159
1489.222005 1.37698864937
1498.709771 1.37922199567
1508.048428 1.38778742154
1517.588792 1.36332527796
1526.946121 1.36315218608
1536.334613 1.37943871816
1545.77398 1.39358560244
1555.279605 1.37140305837
1564.787538 1.40822704633
1574.176084 1.36508099238
1583.599915 1.39409104983
1593.188094 1.38987970352
1602.51395 1.37057296435
1611.970339 1.38119967779
1621.374065 1.37600374222
1630.981253 1.38674497604
1640.33646 1.39027603467
1649.75904 1.38323545456
1659.084326 1.37013324102
1668.704768 1.38336936633
1678.02778 1.37623906136
1687.451313 1.39505330722
1696.840426 1.38496692975
1706.36339 1.37493228912
1715.819523 1.38222757975
1725.158723 1.37422935168
1734.531501 1.39199137688
1744.038355 1.37326741219
1753.512436 1.38766702016
1762.884956 1.37170728048
1772.358207 1.37214986483
1781.897016 1.39078704516
1791.220476 1.371571064
1800.675142 1.38992404938
1810.098557 1.37172873815
1819.688694 1.40098675092
1829.027719 1.38033636411
1838.451056 1.38225634893
1847.906356 1.40354029338
1857.548172 1.39911095301
1866.970014 1.39025640488
1876.392014 1.37909468015
1885.701472 1.37387196223
1895.25588 1.37357560794
1904.610259 1.37982233365
1913.984683 1.39200504621
1923.439706 1.39039627711
1932.962844 1.37013308207
1942.352397 1.38536564509
1951.70967 1.38499943415
1961.164882 1.37699977557
1970.754747 1.36667768161
1980.161072 1.38526328405
1989.533733 1.35921597481
1998.824786 1.37293744087
2008.496847 1.38209501902
2018.054078 1.40134501457
2027.391856 1.36858065923
2036.748474 1.37930035591
2046.355968 1.39271171888
2055.743954 1.37106164296
2065.184648 1.39210176468
2074.510048 1.36823534966
2084.012711 1.37541906039
2093.454263 1.37675762177
2102.842101 1.36727762222
2112.198409 1.37844538689
2121.721206 1.38314429919
2131.11107 1.37410402298
2140.47097 1.38291764259
2149.740425 1.36896165212
2159.329988 1.40629029274
2168.63553 1.36607511838
2177.99223 1.38482499123
2187.414811 1.37955935796
2197.087711 1.39530173937
2206.462567 1.38912638028
2215.900807 1.38690066338
2225.323307 1.37934525808
2234.946592 1.38966059685
2244.385113 1.38625534376
2253.808335 1.36707274119
2263.249216 1.39152741432
2272.83841 1.37515099843
2282.260739 1.38434370359
2291.650519 1.37760893504
2300.990807 1.37064433098
2310.629284 1.40515899658
2319.969332 1.36356806755
2329.391597 1.398315986
2338.847872 1.39131569862
2348.33728 1.36542336146
2357.711117 1.38516998291
2367.117899 1.39069358508
2376.539173 1.37822405497
2386.113779 1.37905335426
2395.51886 1.36302947998
2404.924571 1.38344534238
2414.430948 1.39204796155
2424.02118 1.38500261307
2433.461514 1.39422837893
2442.934121 1.39644495646
2452.323182 1.37947559357
2461.929104 1.39103531837
2471.386226 1.36810032527
2480.808517 1.38190126419
2490.265555 1.37282530467
2499.971007 1.39222868284
2509.297449 1.3679116567
2518.733598 1.40465537707
2528.040695 1.3832933108
2537.662862 1.38253331184
2547.021969 1.37756792704
2556.425953 1.38915228844
2565.747987 1.37267025312
2575.439697 1.38265562057
2584.828366 1.37138096491
2594.166231 1.36959338188
2603.57373 1.37764294942
2613.162146 1.37347459793
2622.535946 1.37446737289
2632.060127 1.39656639099
2641.499539 1.38317863146
2651.120932 1.38697369893
2660.527396 1.37449161212
2669.950904 1.37466700872
2679.439696 1.38168271383
2689.065845 1.39212767283
2698.436016 1.38521059354
2707.859994 1.38474194209
2717.316785 1.37976034482
2726.838188 1.39009936651
2736.210783 1.3849363327
2745.637086 1.388225317
2755.025162 1.38033699989
2764.612404 1.36163957914
2773.985531 1.37149635951
2783.442596 1.39228709539
2792.814177 1.39589929581
2802.474172 1.39554135005
2811.861117 1.38754240672
2821.300578 1.37510601679
2830.757186 1.37287863096
2840.379189 1.37895464897
2849.819222 1.38248769442
2859.160166 1.38089370728
2868.581322 1.37935471535
2878.171549 1.37555575371
2887.594704 1.37800423304
2897.084758 1.39728832245
2906.490528 1.39256676038
2916.029721 1.3651676178
2925.519197 1.40096497536
2934.908744 1.37737838427
2944.332553 1.37775071462
2953.905114 1.37378136317
2963.28113 1.3690756162
2972.770391 1.39986602465
2982.226295 1.38464609782
2991.913713 1.38594404856
3001.237573 1.37665168444
3010.509373 1.36513201396
3019.864629 1.38267938296
3029.487705 1.38411434491
3038.911264 1.38946874936
3048.283752 1.37111536662
3057.741163 1.38041726748
3067.380111 1.37854798635
3076.685944 1.37708536784
3086.058181 1.37720402082
3095.517557 1.38210360209
3105.12515 1.39286065102
3114.52744 1.38107506434
3123.884907 1.36710826556
3133.273967 1.40228533745
3142.996152 1.38657832146
3152.419289 1.38914434115
3161.779033 1.37720735868
3171.231626 1.38185795148
3180.837604 1.38586831093
3190.21126 1.39322773616
3199.600081 1.37471294403
3208.923804 1.36631091436
3218.730053 1.39856497447
3228.236002 1.38424269358
3237.575964 1.38246297836
3247.032762 1.38563068708
3256.605931 1.3767970403
3266.014198 1.38405736287
3275.383741 1.36666941643
3284.840841 1.38426669439
3294.463768 1.37571533521
3303.902242 1.37613407771
3313.229426 1.36465477943
3322.717758 1.39460206032
3332.27156 1.3688779672
3341.594845 1.37457402547
3351.017712 1.39255491892
3360.425721 1.39401173592
3369.981103 1.36820443471
3379.319594 1.36614425977
3388.642983 1.36745699247
3397.981513 1.38247410456
3407.721746 1.39121341705
3417.294783 1.38193766276
3426.68416 1.3791393439
3435.990053 1.36300436656
3445.562979 1.37006998062
3455.036737 1.37945969899
3464.475432 1.3875070413
3473.849146 1.38893469175
3483.540709 1.37965695063
3493.012983 1.39761400223
3502.501062 1.38539099693
3511.90674 1.37686403592
3521.563072 1.39353092511
3530.970212 1.37887803713
3540.410323 1.38642970721
3549.881976 1.39367143313
3559.472982 1.39868394534
3568.865132 1.39419261614
3578.184364 1.37397003174
3587.624055 1.37817200025
3597.213621 1.37439537048
3606.504206 1.35890094439
3615.926744 1.38347530365
3625.281988 1.38755695025
3634.922279 1.38206060727
3644.278508 1.39061673482
3653.683726 1.38542501132
3663.056978 1.37360858917
3672.679736 1.38032841682
3682.06971 1.37854576111
3691.445567 1.37953996658
3700.932207 1.369759957
3710.470966 1.36645968755
3719.878348 1.37503353755
3729.251368 1.37631932894
3738.624949 1.38346099854
3748.333405 1.38097103437
3757.704602 1.3742407163
3767.042484 1.36652533213
3776.48205 1.40189131101
3786.087994 1.38253672918
3795.461865 1.39008172353
3804.817233 1.36651833852
3814.193915 1.38677565257
3823.680593 1.36686134338
3833.119634 1.37162009875
3842.545874 1.37552762032
3851.865688 1.37301492691
3861.438567 1.36055866877
3870.827883 1.38550233841
3880.235309 1.40384968122
3889.590047 1.3808306853
3899.162744 1.37230300903
3908.685943 1.38436532021
3918.126091 1.37995656331
3927.549012 1.38797704379
3937.174642 1.37738196055
3946.578 1.37938960393
3956.067015 1.39441005389
3965.557471 1.37327226003
3975.21339 1.38410170873
3984.521238 1.36913967133
3993.959322 1.39818803469
4003.331688 1.39074730873
4012.888735 1.38128956159
4022.362289 1.39539734523
4031.701442 1.36811304092
4041.073681 1.37308470408
4050.648998 1.37958836555
4060.003359 1.36788407962
4069.443379 1.39098771413
4078.84875 1.38357464472
4088.489401 1.38113371531
4097.744638 1.35770360629
4107.11855 1.37979094187
4116.49232 1.36946439743
4126.11329 1.38685568174
4135.503246 1.37197597822
4144.842587 1.3596285979
4154.217716 1.38564570745
4163.839223 1.38465237617
4173.327711 1.39661447207
4182.684563 1.39372436206
4192.107263 1.39253099759
4201.71329 1.37890458107
4211.069709 1.37803371747
4220.49169 1.37038032214
4229.815323 1.37510212262
4239.489013 1.39906358719
4248.881555 1.39326190948
4258.183452 1.35908635457
4267.558736 1.37832760811
4277.29676 1.396494627
4286.752811 1.3827893734
4296.178742 1.38700135549
4305.648861 1.39600555102
4315.288042 1.39855599403
4324.764505 1.3863465786
4334.167006 1.3826444149
4343.592021 1.37645872434
4353.29794 1.37778957685
4362.736083 1.37852231661
4372.092745 1.37740238508
4381.469114 1.37714966138
4391.072277 1.37897539139
4400.528021 1.38185834885
4409.970458 1.38284627597
4419.406801 1.3861006101
4428.980093 1.37924488386
4438.453715 1.39504003525
4447.84464 1.36235761642
4457.315582 1.38740936915
4466.955901 1.37906869253
4476.379319 1.38194298744
4485.719044 1.37484169006
4495.090728 1.39021698634
4504.716774 1.39217066765
4514.037224 1.36756539345
4523.4094 1.36643568675
4532.91798 1.38688532511
4542.521559 1.37723135948
4551.844172 1.38836129506
4561.318277 1.37758708
4570.643194 1.36941798528
4580.263455 1.36416800817
4589.669594 1.38899882634
4598.96238 1.37395898501
4608.301362 1.37423960368
4617.905495 1.36179804802
4627.328485 1.36649696032
4636.767666 1.38335426648
4646.107638 1.3721250693
4655.830629 1.39722299576
4665.204422 1.38246568044
4674.659761 1.39513031642
4684.064761 1.38461796443
4693.72146 1.37382475535
4703.061637 1.37426169713
4712.517566 1.40789397558
4721.924419 1.39508763949
4731.59736 1.37256503105
4740.970293 1.37927301725
4750.326318 1.37880293528
4759.74873 1.37678869565
4769.458406 1.39267524083
4778.82897 1.37431971232
4788.317769 1.40338166555
4797.709866 1.38901011149
4807.418029 1.3827753067
4816.836828 1.38562321663
4826.276449 1.37320534388
4835.715553 1.3814347585
4845.50621 1.39529403051
4854.865521 1.37671804428
4864.318487 1.38526598612
4873.77619 1.39559952418
4883.497586 1.37494500478
4892.986851 1.39705665906
4902.410082 1.38991332054
4911.899797 1.38743861516
4921.638845 1.38029066722
4931.128797 1.39478898048
4940.554488 1.38987159729
4949.908464 1.36871131261
4959.648068 1.39270226161
4969.088772 1.38298265139
4978.493983 1.38159807523
4987.983456 1.39226500193
4997.806976 1.39008990924
5007.296278 1.39028930664
5016.63519 1.3756626447
5026.04174 1.39375670751
5035.681479 1.36414178212
5045.171808 1.37731663386
5054.677141 1.38861568769
5064.053145 1.37695535024
5073.740286 1.38286145528
5083.179966 1.39935270945
5092.553434 1.38518667221
5101.975438 1.40921632449
5111.532486 1.37647263209
5121.004633 1.39107720057
5130.376903 1.37444162369
5139.800033 1.38523038228
5149.540482 1.40077344577
5158.913472 1.39252138138
5168.336211 1.37583827972
5177.825765 1.39575036367
5187.36551 1.37600723902
5196.754904 1.38578565915
5206.213606 1.38909490903
5215.55064 1.3771109581
5225.140281 1.3789033095
5234.579439 1.40244332949
5243.969128 1.37183292707
5253.408329 1.38307801882
5263.01554 1.3859650294
5272.371068 1.3802690506
5281.71108 1.37048633893
5291.066818 1.37581308683
5300.790392 1.37392926216
5310.146072 1.37444504102
5319.569652 1.3688416481
5328.909165 1.37701869011
5338.550053 1.37882200877
5347.988454 1.38947041829
5357.445685 1.37502161662
5366.770411 1.36956803004
5376.540811 1.39629499118
5385.879439 1.37891300519
5395.335651 1.37859574954
5404.692511 1.3859574
5414.34906 1.3785238266
5423.73792 1.37818098068
5433.211172 1.36727833748
5442.583629 1.37709403038
5452.340496 1.39539114634
5461.613928 1.36249931653
5470.954253 1.37630534172
5480.409992 1.38611070315
5490.148558 1.39834340413
5499.588631 1.39181566238
5508.995057 1.38641436895
5518.266965 1.37070163091
5527.93961 1.37356328964
5537.329766 1.38769459724
5546.653071 1.37017099063
5556.010077 1.36529541016
5565.682313 1.39043998718
5575.055822 1.38346568743
5584.561399 1.40379603704
5593.917722 1.38268025716
5603.640135 1.39271434148
5612.99697 1.37519629796
5622.369781 1.38064837456
5631.893031 1.38202865918
5641.56595 1.37687365214
5650.938652 1.36669055621
5660.331487 1.38387099902
5669.835104 1.39377395312
5679.390227 1.35608259837
5688.766021 1.38438161214
5698.219732 1.39229536057
5707.50947 1.36202136676
5717.248335 1.37798102697
5726.622164 1.37970399857
5735.977678 1.38010692596
5745.367708 1.390797774
5755.057789 1.37427536647
5764.497621 1.37822699547
5773.906313 1.39093104998
5783.343074 1.37440403303
5792.9833 1.38855822881
5802.488027 1.39039270083
5811.845218 1.36981654167
5821.251491 1.39107465744
5830.958169 1.37553064028
5840.29713 1.37159792582
5849.669845 1.38015500704
5859.143447 1.38365872701
5868.849474 1.38110764821
5878.254784 1.39761400223
5887.67836 1.37626028061
5897.167593 1.38441173236
5906.791377 1.37465174993
5916.266499 1.39077401161
5925.673469 1.37338232994
5934.977073 1.37783900897
5944.616013 1.36031198502
5953.973459 1.38515528043
5963.347055 1.3862306277
5972.68383 1.36876734098
5982.424692 1.40507562955
5991.730799 1.37322966258
6001.187252 1.37294101715
6010.613111 1.38398448626
6020.302098 1.36260970434
6029.721641 1.39039373398
6039.211165 1.39223130544
6048.667976 1.40417830149
6058.458227 1.39479843775
6067.746722 1.37261835734
6077.171519 1.38120436668
6086.545347 1.38257400195
6096.282456 1.3654229641
6105.638667 1.38597734769
6115.112129 1.382411321
6124.468409 1.37643464406
6134.025001 1.3695379893
6143.396776 1.38245034218
6152.769993 1.38010668755
6162.176419 1.37685132027
6171.80206 1.38230911891
6181.242138 1.3930999438
6190.714496 1.39938672384
6200.105765 1.37882598241
6209.758165 1.37826824188
6219.114041 1.37530207634
6228.553416 1.39172999064
6237.893635 1.37797665596
6247.632809 1.37723596891
6257.089582 1.39455064138
6266.430559 1.40191229184
6275.804477 1.37553842862
6285.577215 1.38994495074
6294.981942 1.38203144073
6304.38652 1.37931338946
6313.660046 1.36109360059
6323.29975 1.37415027618
6332.789781 1.38653707504
6342.263125 1.39363272985
6351.651395 1.38159592946
6361.344591 1.38697703679
6370.631347 1.37292106946
6379.954083 1.3681166172
6389.393665 1.38781897227
6399.052592 1.38142331441
6408.42276 1.38261731466
6417.762391 1.36696871122
6427.168776 1.37249938647
6436.908659 1.38188393911
6446.298605 1.39301300049
6455.653473 1.39050396283
6464.993691 1.36263664563
6474.716905 1.40347822507
6484.106345 1.37648336093
6493.529036 1.39233636856
6502.918864 1.37530064583
6512.57511 1.36347929637
6522.014004 1.38617181778
6531.453991 1.39193264643
6540.87732 1.38071298599
6550.532735 1.36761339506
6559.990209 1.37834103902
6569.448154 1.391269207
6578.851436 1.36615165075
6588.574995 1.38029400508
6597.931108 1.39447760582
6607.337734 1.39960940679
6616.710021 1.37270840009
6626.366728 1.39717372259
6635.706527 1.37792277336
6645.145192 1.38803656896
6654.53538 1.36226463318
6664.242266 1.36426909765
6673.516034 1.36797595024
6682.937425 1.37095928192
6692.327601 1.38365403811
6702.032941 1.37879800797
6711.306406 1.36646604538
6720.762502 1.37883973122
6730.135705 1.36841996511
6739.791695 1.38768895467
6749.114599 1.38010144234
6758.404037 1.37458896637
6767.827317 1.38734022776
6777.500408 1.35894695918
6786.839861 1.38536898295
6796.213291 1.37127327919
6805.634621 1.39616759618
6815.326325 1.38540697098
6824.714316 1.37655075391
6834.104565 1.37139026324
6843.509898 1.37447269758
6853.13391 1.37278532982
6862.573405 1.3677722613
6871.965281 1.38155261676
6881.368633 1.38520304362
6891.07573 1.38035670916
6900.564687 1.39412895838
6909.941852 1.39284396172
6919.443307 1.40062268575
6929.133433 1.38745498657
6938.507209 1.38496192296
6947.946403 1.38497400284
6957.235596 1.38164258003
6966.974582 1.38245638212
6976.381952 1.38500404358
6985.721748 1.38241529465
6995.143408 1.36980199814
7004.851126 1.38146742185
7014.239894 1.3804816405
7023.629595 1.37928167979
7033.102756 1.39407070478
7042.808906 1.38256907463
7052.266336 1.39199503263
7061.721253 1.38039795558
7071.010411 1.36610865593
7080.78477 1.37844570478
7090.173195 1.38738942146
7099.513442 1.36768905322
7108.919262 1.36633022626
7118.54499 1.38880205154
7127.948313 1.39414763451
7137.303952 1.37448191643
7146.730918 1.37257774671
7156.450608 1.39540672302
7165.756752 1.36911392212
7175.213258 1.38575228055
7184.620356 1.37982233365
7194.278433 1.37281362216
7203.548206 1.36720267932
