17.509474 5.02434937159
21.074432 9999
35.065528 4.12873999278
51.358838 4.84743158023
65.390059 4.16232466698
79.224509 4.00677196185
93.357953 4.10624567668
106.88088 4.01357698441
110.831389 9999
124.397171 4.00227395693
138.356138 4.1074256897
152.435685 4.11195166906
165.965613 4.01358596484
180.048235 4.13069399198
193.847054 4.01594932874
210.081333 4.88350224495
223.622234 4.01308465004
240.132043 4.85098624229
254.038429 4.13679162661
267.884577 4.00867692629
271.488831 9999
287.926305 4.85258666674
302.333787 4.14239406586
316.235281 4.11076339086
332.304101 4.84621763229
346.892066 4.13773226738
362.975616 4.86085303624
379.483756 4.86348867416
393.380331 4.12176593145
407.315217 4.01760808627
421.390422 4.14997633298
424.90764 9999.0
439.103731 4.13165235519
453.129197 4.15952825546
466.729828 4.01040466626
483.73295 5.0179169178
497.585169 4.01934067408
511.914274 4.16213202477
525.802593 4.11052934329
539.596747 4.10612559319
553.919892 4.0136800607
567.418645 3.99320602417
570.929797 9999.0
584.593473 3.98670466741
598.568942 4.11018196742
612.024499 3.98959136009
625.830207 3.99355872472
639.310814 3.98441163699
653.079105 3.99577665329
666.685624 3.98484230042
680.165786 3.9933013916
683.753176 9999.0
697.496612 3.99292977651
710.989252 3.98679741224
714.610548 9999.0
728.822443 4.11011838913
743.103243 4.15318894386
759.310255 4.85256735484
763.072768 9999
777.063445 4.11357943217
780.562535 9999
794.089689 3.99712634087
810.589575 4.88155762355
824.818243 4.15685327848
838.767388 3.98181144396
852.397756 4.01015265783
865.998887 3.98408595721
879.74248 4.00586835543
883.232688 9999
896.755133 3.99102695783
910.476403 3.99504637718
924.026071 3.9842859904
940.603053 5.00474158923
944.517825 9999
958.488044 4.13465730349
971.930052 3.98616393407
985.936439 4.01739565531
1002.121329 4.87419295311
1015.613192 3.98970826467
1029.570823 3.99699401855
1043.080629 3.99592924118
1046.608033 9999.0
1060.424148 3.99447242419
1074.376078 4.13229195277
1087.859149 3.99376026789
1101.576694 3.99887998899
1115.176208 3.9861647288
1118.827232 9999.0
1132.701566 3.99660396576
1136.246999 9999
1149.809225 3.98633797963
1164.373896 4.15361801783
1178.494265 4.15921711922
1191.943065 3.98566937447
1206.265815 4.10176070531
1219.878189 4.01335199674
1233.775182 4.12673068047
1250.272484 4.85337861379
1253.852187 9999
1267.717313 4.11280504862
1281.589744 4.00545835495
1295.080454 3.99558536212
1298.713821 9999.0
1312.989544 4.10753464699
1326.482044 3.97842446963
1339.981962 3.99652401606
1343.925338 9999
1357.817548 4.11458190282
1371.732691 4.12944165866
1385.688741 4.00311430295
1399.156712 3.9864256382
1415.323593 4.88905207316
1429.743055 4.16114974022
1443.810745 4.14570601781
1460.387433 5.02748862902
1474.406414 3.98984026909
1487.897927 3.99674598376
1501.487733 4.01659202576
1515.215464 3.98277227084
1529.09948 4.10959068934
1532.611544 9999.0
1546.941964 4.11365874608
1563.123343 4.88695661227
1576.859765 3.98752395312
1591.157197 4.25088620186
1604.645616 3.99154162407
1618.550503 3.99301656087
1632.046922 3.99472999573
1645.940849 4.11196128527
1662.491076 4.88022875786
1676.025183 3.99812022845
1679.549852 9999.0
1693.355725 3.98849503199
1707.313546 4.1360613505
1720.942555 3.98314142227
1737.444165 4.87776756287
1750.964795 3.99213425318
1764.94014 4.13821164767
1778.87137 3.98719263077
1795.026751 4.8774916331
1808.521604 3.98527479172
1812.461332 9999
1826.408711 4.13238875071
1840.265909 4.12201396624
1857.019885 4.86496631304
1873.201119 4.88367366791
1887.567657 4.13258361816
1901.067673 3.98685836792
1914.574836 3.98249808947
1928.477393 3.99660825729
1932.14756 9999
1948.292238 4.88503170013
1964.76516 4.88397638003
1978.300328 3.98541029294
1992.473562 4.10758868853
2006.401805 4.01450864474
2019.904232 3.98771293958
2033.404233 3.99280508359
2047.623782 4.12016630173
2061.606436 4.14861702919
2075.098078 3.9955432415
2091.688428 4.88746500015
2105.605742 4.12778703372
2121.959477 4.88160324097
2138.280264 4.87200903893
2152.792132 4.13675363859
2166.355719 3.98963562648
2179.935423 4.02470374107
2194.306509 4.1357413133
2208.225869 4.1324356397
2221.733796 3.9889986515
2235.624749 3.98858030637
2251.680348 4.8510119915
2265.197625 3.9868923823
2279.093698 3.98971573512
2292.598349 3.99332078298
2306.427244 4.1095196406
2320.717251 3.98297627767
2334.494933 4.01104768117
2348.4385 4.1448674202
2362.802037 4.15936231613
2376.287644 3.98484396935
2392.429563 4.87909062703
2406.35687 3.99631603559
2420.272546 4.1223136584
2433.730196 3.98108998934
2447.547837 3.98945601781
2461.042713 3.98988970121
2475.028885 4.15692067146
2491.550109 4.87754400571
2505.057395 3.98186437289
2518.546527 3.99304572741
2522.711708 9999
2536.25967 3.98636364937
2539.786981 9999
2543.355478 9999
2556.841959 3.98693108559
2570.760282 3.99394869804
2584.764579 4.14989701907
2600.938774 4.87721625964
2604.791629 9999
2618.731737 4.1170686086
2635.069134 4.87467034658
2639.124903 9999
2652.658237 3.99428796768
2666.144182 3.98673288027
2680.373632 4.11248763402
2694.372911 4.15393837293
2708.297673 4.11783234278
2724.876569 4.88067992528
2741.111981 4.85056098302
2744.951288 9999
2759.003596 4.12976662318
2772.503613 3.98982890447
2786.436938 3.98582839966
2802.619716 4.88867298762
2816.251429 4.01751836141
2830.474748 4.11767832438
2844.443204 4.12597370148
2858.675703 4.23698695501
2875.033555 4.88309137026
2888.535566 3.99029970169
2902.561898 4.15754302343
2906.46714 9999
2923.14251 5.02561537425
2939.370555 4.88305703799
2953.180887 4.00089526176
2956.715815 9999
2972.835055 4.85071802139
2986.621048 3.99682402611
3000.099893 3.99081595739
3014.333063 4.2446966966
3030.846448 4.88048132261
3044.334316 3.99098467827
3057.854907 3.98894866308
3074.469763 4.8806142807
3090.687371 4.88389627139
3104.905412 3.99824460347
3118.416485 3.99043361346
3132.514778 4.15745242437
3146.67809 4.02433260282
3163.481653 5.08104403814
3167.50094 9999
3181.482653 4.12654097875
3194.943453 3.99002401034
3209.310048 4.15231831868
3225.470926 4.85012968381
3241.886012 4.87379860878
3255.877856 4.15286533038
3272.452677 4.85541160901
3288.591832 4.87699659665
3305.282219 4.88678367933
3319.610634 4.25583736102
3323.47243 9999
3337.564612 4.14019068082
3353.706559 4.88371562958
3367.508588 3.99388329188
3383.700004 4.87881326675
3397.204196 3.98713843028
3411.111201 3.98849368095
3424.623461 3.99012962977
3438.584532 4.1513449351
3452.723389 4.11107023557
3466.769536 4.13498584429
3480.252497 3.98833203316
3497.124309 5.00950137774
3510.682416 3.98811427752
3525.172555 4.21443319321
3538.782165 3.98747094472
3552.738298 4.11671598752
3566.685645 3.98868473371
3580.16687 3.98346130053
3593.782791 4.00810567538
3610.296808 4.88270632426
