19.264512 0.840914070606
38.627194 0.847911942005
58.22426 0.856007444859
78.037435 0.873645961285
97.584371 0.849974560738
117.01311 0.85151219368
136.875446 0.866844010353
156.254804 0.84817558527
176.267877 0.874569141865
195.764072 0.851690685749
215.343623 0.854662466049
234.973589 0.858890366554
254.403128 0.845753550529
274.035316 0.862027549744
293.631537 0.850916922092
313.611888 0.877140164375
333.341832 0.856849205494
353.135599 0.8700476408
373.115183 0.870021092892
392.497634 0.850636565685
412.491197 0.87291059494
432.404612 0.876336979866
452.137834 0.86296043396
471.463166 0.846103751659
491.309691 0.8641015172
510.989386 0.866628861427
530.652273 0.858460628986
549.984246 0.849610710144
569.414355 0.847981238365
588.860506 0.852910673618
608.556529 0.858223676682
628.049635 0.852943372726
647.78088 0.860625374317
667.596061 0.868871355057
687.409002 0.867475557327
706.869388 0.852023804188
726.632129 0.864895761013
746.164583 0.858766794205
766.10842 0.86425153017
785.504806 0.851078402996
805.518296 0.872899317741
824.967901 0.854075789452
844.627073 0.858276319504
864.210327 0.858536672592
884.103115 0.867518901825
903.499067 0.850446927547
923.195708 0.860954248905
942.725822 0.855899941921
962.738319 0.870767247677
982.134474 0.850515413284
1001.800512 0.860096263885
1021.627692 0.869583439827
1041.30702 0.853868424892
1060.672789 0.851330983639
1080.366504 0.856905961037
1099.865492 0.856431424618
1119.459053 0.850135099888
1139.322575 0.872107565403
1159.021391 0.85795789957
1178.649659 0.862548756599
1198.211161 0.85409642458
1217.709976 0.851971340179
1237.254332 0.852543115616
1256.599994 0.845645749569
1276.548295 0.869250798225
1295.894536 0.845747065544
1315.406134 0.848987972736
1334.801652 0.850752735138
1354.330909 0.849676096439
1373.644108 0.848058247566
1393.407227 0.864269995689
1412.936831 0.856818842888
1432.716168 0.862511754036
1452.23129 0.854353690147
1472.077582 0.869052255154
1491.655451 0.858515036106
1511.187483 0.850400209427
1530.734372 0.856988954544
1550.497585 0.863015162945
1569.793084 0.842882966995
1589.520249 0.858011472225
1609.319677 0.871530783176
1628.896 0.852893662453
1648.408982 0.856864702702
1667.941837 0.852052414417
1687.651774 0.865956532955
1707.38174 0.862573504448
1726.928419 0.859398329258
1746.56088 0.85509365797
1766.073367 0.855048727989
1785.916954 0.86737473011
1805.229985 0.84597145319
1824.928638 0.856867134571
1844.822541 0.873363113403
1864.268527 0.846943378448
1883.731173 0.854783272743
1903.661185 0.869363844395
1923.143451 0.85195838213
1942.973519 0.866124820709
1962.467518 0.853796303272
1982.448772 0.875077486038
2002.277094 0.873543834686
2022.159244 0.865816152096
2041.587677 0.852240204811
2061.232478 0.85260310173
2080.728986 0.85378869772
2100.493493 0.862221109867
2119.988371 0.855125355721
2139.719321 0.860705029964
2159.24683 0.855020022392
2179.126987 0.866607034206
2198.539869 0.852404379845
2218.187785 0.854547679424
2237.816153 0.861946260929
2257.678865 0.863114893436
2277.444768 0.865888345242
2297.055185 0.849870216846
2316.784619 0.867793571949
2336.498157 0.856866836548
2356.21368 0.867009699345
2375.957721 0.858038043976
2395.373068 0.850083208084
2415.116413 0.858361136913
2434.929878 0.871778702736
2454.99301 0.874735891819
2474.589995 0.860751116276
2494.435572 0.864463508129
2513.835119 0.849173259735
2533.628278 0.859712362289
2553.324725 0.864620280266
2573.070921 0.8578384161
2592.601258 0.857892072201
2612.283637 0.853504836559
2631.911145 0.86129655838
2651.40888 0.846316802502
2670.986018 0.858521533012
2690.699279 0.858441364765
2710.164348 0.852551674843
2730.058534 0.864197683334
2749.905098 0.871339583397
2769.437436 0.848334980011
2788.963934 0.854810786247
2808.712026 0.856553328037
2828.423177 0.863619709015
2848.453223 0.872773754597
2868.08381 0.85986508131
2887.84788 0.860274899006
2907.392293 0.857768499851
2927.040433 0.855760228634
2946.62152 0.859329640865
2966.067518 0.845539855957
2985.76096 0.865993762016
3005.407069 0.853962528706
3025.203306 0.871893918514
3045.217847 0.870113766193
3064.362677 0.838882374763
3083.826456 0.845753884315
3103.456063 0.862646579742
3123.15198 0.856267488003
3142.515208 0.850177836418
3162.027359 0.847757875919
3181.406754 0.850272941589
3201.220474 0.861464965343
3220.702471 0.854906082153
3240.162442 0.847541117668
3259.959132 0.870099139214
3279.424812 0.846797657013
3298.951116 0.854748213291
3318.533137 0.851353096962
3338.327782 0.869056332111
3357.957321 0.85263825655
3377.239421 0.843647646904
3397.032947 0.861006653309
3416.796209 0.868750298023
3436.5764 0.859047651291
3456.024242 0.853325796127
3475.585116 0.851470005512
3495.000661 0.85049072504
3514.86147 0.86259521246
3534.207534 0.848470270634
3553.639609 0.843873500824
3573.016202 0.848987519741
3592.564422 0.847128081322
3612.092426 0.855087959766
