13.839898 1.90912826856
23.9149 1.43725442886
35.222413 1.4846303463
55.304159 2.71045430501
65.461998 1.47659468651
84.609871 2.47100329399
99.586732 2.06169875463
112.149605 1.47466667493
124.90837 1.43436765671
137.565005 1.48289060593
147.956438 1.48646537463
160.736469 1.42484474182
174.360038 1.42705726624
186.869107 1.44299634298
199.597896 1.44509458542
212.410218 9999.0
226.765621 2.00972135862
239.424838 1.43190765381
249.469693 1.43998742104
263.276129 2.04618239403
274.684996 1.47864111265
287.293942 1.42078002294
300.220216 1.4531416893
312.89651 1.41896239916
325.23995 1.4191215833
338.083385 1.41212169329
350.824983 1.42153962453
363.551611 1.43154827754
376.394916 1.43034728368
389.220795 1.43353271484
402.964274 1.40954931577
415.790583 1.47275129954
428.770775 1.48854676882
446.515729 2.41716893514
460.44034 1.42315729459
473.350077 1.37075901031
485.993031 1.39550797145
498.769287 1.3914223512
511.399092 1.39336395264
526.756746 1.85777934392
539.583955 1.36672767003
553.660542 1.41428804398
566.269376 1.45570198695
577.800479 9999
589.303744 1.44491195679
601.862813 1.3373383681
612.087628 1.41160559654
625.315167 1.55856800079
637.893071 1.3696410656
652.78462 1.83175635338
665.960707 1.5410639445
678.636972 1.36852526665
688.92839 1.42392237981
702.190735 1.54682970047
714.947536 1.4105916818
728.508193 1.38642787933
742.037896 1.39233199755
757.148905 1.85749197006
770.640076 1.35977339745
783.365825 1.38471134504
797.343233 1.42432355881
816.106809 3.97462368011
830.687302 2.02426568667
843.462621 1.36724623044
856.036756 1.35305404663
867.19856 1.4211426576
880.00785 1.39419921239
892.66513 1.37691895167
906.508681 1.37737806638
917.766814 1.43447128932
930.310178 1.36511230469
944.602795 2.2045516173
954.687996 9999
967.387208 1.40890995661
979.895773 1.36714227994
993.006962 1.39841365814
1004.81843 1.56653459867
1023.32878 2.3959329923
1046.128912 5.0696609815
1058.738923 1.36580832799
1071.267342 1.47783199946
1083.876179 1.35417262713
1092.402341 9999.0
1104.823158 1.37586863836
1123.470671 2.46091532707
1145.136662 4.98652569453
1157.361742 1.46242459615
1170.224989 1.44587763151
1182.864587 1.39950005213
1195.377272 1.34485038122
1209.488574 2.03029036522
1222.078228 1.3716181914
1242.876617 3.79962770144
1255.503615 1.37160038948
1268.028195 1.40538660685
1280.756009 1.40054663022
1293.633985 1.66273228327
1303.672039 1.41451629003
1313.084029 9999.0
1320.853792 9999
1330.528614 9999
1340.204952 9999
1349.732895 9999.0
1358.967762 9999
1370.507789 9999
1378.349384 9999
1388.905537 9999.0
1398.368367 9999
1408.002883 9999
1417.682165 9999
1431.591173 9999.0
1441.365193 9999
1450.788192 9999
1459.926599 9999
1469.36533 9999.0
1479.792575 9999
1488.814323 9999
1499.238465 9999
1507.395333 9999.0
1515.253147 9999
1524.907705 9999
1531.980121 9999
1540.187706 9999.0
1549.652295 9999
1559.304368 9999
1569.759048 9999
1579.464719 9999.0
1587.854108 9999
1597.499515 9999
1604.484122 9999
1611.439039 9999.0
1622.600766 9999
1632.255861 9999
1641.885419 9999.0
1654.045867 9999
1663.598066 9999
1673.202721 9999.0
1682.858305 9999
1689.769919 9999
1703.462404 9999.0
1713.181067 9999
1722.139908 9999
1731.939684 9999
1741.702945 9999.0
1751.611207 9999
1762.551513 9999
1772.928036 9999.0
1782.767867 9999
1792.124128 9999
1800.948667 9999
1810.775856 9999.0
1818.976585 9999
1829.939597 9999
1840.515557 9999
1850.209286 9999.0
1860.209475 9999
1871.869018 9999
1879.643745 9999
1889.199826 9999.0
1898.987454 9999
1909.429502 9999
1919.077171 9999
1927.328927 9999.0
1935.488883 9999
1945.132937 9999
1954.649919 9999
1961.618778 9999.0
1972.795219 9999
1980.840281 9999
1990.422905 9999
1999.316456 9999.0
2008.804092 9999
2020.699276 9999
2030.436032 9999.0
2040.21162 9999
2049.570055 9999
2059.191234 9999
2068.898007 9999.0
2077.004901 9999
2086.943804 9999
2096.584512 9999
2104.095015 9999.0
2112.331371 9999
2122.037386 9999
2132.828838 9999
2140.768368 9999.0
2150.724847 9999
2161.783666 9999
2171.409182 9999.0
2181.18624 9999
2190.959517 9999
2200.218937 9999
2207.004545 9999.0
2216.774481 9999
2223.728839 9999
2233.304463 9999
2242.810673 9999.0
2252.818558 9999
2262.45927 9999
2272.06937 9999
2281.743757 9999.0
2291.54793 9999
2302.040416 9999
2312.621123 9999.0
2322.937669 9999
2332.82847 9999
2344.12069 9999.0
2354.032873 9999
2364.532601 9999
2374.243568 9999.0
2384.107537 9999
2394.484606 9999
2401.430789 9999
2411.036112 9999.0
2421.948617 9999
2432.370439 9999
2439.40789 9999
2449.114668 9999.0
2458.961832 9999
2468.846492 9999
2478.092328 9999
2487.727928 9999.0
2498.254318 9999
2509.130352 9999
2516.065014 9999
2523.954589 9999.0
2533.979491 9999
2549.072829 9999
2558.849806 9999.0
2570.057393 9999
2579.905096 9999
2589.708794 9999.0
2601.021146 9999
2612.838055 9999
2623.580731 9999.0
2634.022963 9999
2644.994823 9999
2654.483478 9999.0
2664.426654 9999
2672.515225 9999
2682.876294 9999
2692.483914 9999.0
2703.973505 9999
2712.479472 9999
2719.435711 9999
2728.777666 9999.0
2738.048491 9999
2747.23795 9999
2756.834184 9999
2767.357973 9999.0
2777.244636 9999
2787.619111 9999
2797.175914 9999
2807.861535 9999.0
2818.542621 9999
2829.679159 9999
2840.46065 9999.0
2850.315378 9999
2860.59329 9999
2867.651083 9999
2877.288422 9999.0
2887.334349 9999
2901.653537 9999
2911.280778 9999.0
2922.985463 9999
2936.292184 9999
2945.867637 9999.0
2953.544194 9999
2961.331353 9999
2971.76096 9999
2985.066831 9999.0
2994.472557 9999
3004.847365 9999
3015.664262 9999.0
3025.613988 9999
3032.663601 9999
3043.259361 9999
3053.86808 9999.0
3063.507652 9999
3073.467646 9999
3083.075276 9999
3094.644918 9999.0
3102.937444 9999
3112.563631 9999
3122.176469 9999
3131.842053 9999.0
3139.100349 9999
3150.108045 9999
3159.732341 9999
3169.540148 9999.0
3180.213351 9999
3189.602185 9999
3199.7781 9999.0
3209.409402 9999
3217.302299 9999
3228.031488 9999
3238.505934 9999.0
3248.930759 9999
3264.308098 9999
3272.820543 9999.0
3282.640373 9999
3292.361623 9999
3301.620606 9999
3310.935439 9999.0
3320.768135 9999
3329.139481 9999
3339.632108 9999
3349.539514 9999.0
3359.51249 9999
3370.341618 9999
3379.977288 9999.0
3389.602864 9999
3399.292206 9999
3407.219674 9999
3416.811556 9999.0
3426.613347 9999
3437.219652 9999
3446.983989 9999.0
3456.802476 9999
3467.976166 9999
3477.702093 9999.0
3487.583632 9999
3494.562843 9999
3505.007907 9999
3511.894928 9999.0
3523.017872 9999
3532.580003 9999
3542.752049 9999.0
3552.756972 9999
3559.728336 9999
3567.033834 9999
3576.473436 9999.0
3586.282643 9999
3596.32313 9999
3605.535673 9999
3615.151761 9999.0
3626.295664 9999
3633.243627 9999
3642.773219 9999
3652.331619 9999.0
3662.237747 9999
3669.150349 9999
3679.651462 9999
3690.409827 9999.0
3700.402513 9999
3710.027349 9999
3719.702596 9999
3730.17386 9999.0
3739.996098 9999
3755.641819 9999
3766.250805 9999.0
3776.077073 9999
3786.233855 9999
3796.60766 9999.0
3806.597217 9999
3817.755099 9999
3829.447759 9999.0
3837.704952 9999
3846.746318 9999
3854.635165 9999
3863.873904 9999.0
3873.816314 9999
3883.405525 9999
3893.031752 9999
3901.184731 9999.0
3914.580679 9999
3922.503108 9999
3931.069503 9999
3944.135885 9999.0
3954.757712 9999
3964.335426 9999
3973.993455 9999
3983.296222 9999.0
3993.188229 9999
4002.931358 9999
4016.912774 9999.0
4026.761304 9999
4037.365946 9999
4047.291136 9999.0
4055.591899 9999
4065.674015 9999
4073.697803 9999
4083.437169 9999.0
4090.65976 9999
4098.599334 9999
4107.030353 9999
4116.697038 9999.0
4126.068535 9999
4133.824204 9999
4143.517278 9999
4153.144494 9999.0
4163.9803 9999
4173.121609 9999
4183.427587 9999.0
4193.836125 1.40518299739
4207.546233 1.41424838702
4220.795737 1.52640899022
4234.863832 1.40341591835
4246.238871 1.45037563642
4260.115954 1.43523931503
4272.858957 1.42346747716
4286.485591 1.40307927132
4299.079196 1.37495438258
4312.104314 1.40482060115
4323.345735 1.48142369588
4335.939424 1.35953021049
4353.019604 2.52871958415
4365.778092 1.45788439115
4378.487951 1.40789135297
4392.632011 1.4221710364
4405.457771 1.45255057017
4418.18411 1.46267263095
4428.683201 9999
4442.352681 1.4117743969
4455.822834 1.38724168142
4472.62457 2.52881002426
4484.027482 9999
4496.925984 1.37053394318
4509.887044 1.39152733485
4522.495671 1.35977697372
4536.239812 1.43240594864
4548.815065 1.36721372604
4561.624633 1.53497695923
4574.35054 1.37327965101
4588.411828 1.4184896946
4601.137547 1.4083460172
4615.181705 1.40006065369
4628.175855 1.41215538979
4640.784093 1.39241552353
4653.392878 1.37357560794
4666.420118 1.40301068624
4683.236408 1.44221901894
4696.931621 1.4114929835
4709.619082 1.3389386336
4722.412184 1.52571702003
4734.804098 1.39854160945
4748.148254 1.42674366633
4759.239192 1.4184076786
4772.3161 1.52845271428
4786.444608 1.41310707728
4799.519317 1.52396559715
4813.04553 1.40936009089
4825.689514 1.44294937452
4838.315103 1.39194369316
4850.961095 1.38454731305
4864.334123 1.52477304141
4875.543597 1.4570842584
4889.806722 1.39123503367
4900.311872 1.41151769956
4913.138046 1.44924457868
4925.913397 1.39982398351
4940.097602 9999
4951.385272 1.41224837303
4964.009025 1.37242690722
4977.00212 1.39290467898
4993.599021 2.54313238462
5006.474122 1.5395989418
5019.286791 1.36711637179
5032.113568 1.43742537498
5045.386649 1.56015634537
5059.047538 1.60377502441
5071.891032 1.45417825381
5084.19928 1.38450797399
5094.574544 1.41203022003
5107.24966 1.3805530866
5120.00966 1.42281166712
5133.655645 1.47821323077
5146.229798 1.3658952713
5158.424424 1.48329297702
5175.151051 1.4930126667
5186.592622 1.64188098907
5199.488341 1.37487634023
5212.128177 1.43741496404
5225.921797 1.44089134534
5239.364918 1.36922669411
5253.243632 1.39596033096
5266.054708 1.42590689659
5276.125906 1.43429303169
5289.502418 1.48561000824
5302.331801 1.41983334223
5314.209435 9999.0
5325.914124 1.44716962179
5339.306746 1.39711674054
5353.100978 1.39205002785
5364.57612 1.46011177699
5377.738652 1.52320202192
5387.746362 1.40772430102
5400.685478 1.37214199702
5413.896608 1.48824930191
5427.622688 1.41557598114
5441.916522 1.4427476724
5454.459898 1.3750770092
5465.935493 1.45770494143
5479.828076 1.92223238945
5493.28847 1.37521600723
5504.534327 1.43895332019
5517.840138 1.41262372335
5527.748064 1.39206528664
5538.789096 1.41712268194
5552.016089 1.43884102503
5568.978247 1.45618796349
5580.504307 1.43607028325
5590.579508 1.41546773911
5602.45417 1.5783513387
5615.333666 1.37626481056
5634.828229 3.40058302879
5649.392573 1.36726935705
5666.2876 2.55184404055
5679.7646 1.53562831879
5690.505676 1.62554804484
5703.163412 1.37385368347
5716.4223 1.51000944773
5730.182713 1.43276230494
5742.910081 1.41090567907
5753.233292 1.41892401377
5765.996307 1.41175492605
5778.119192 1.43665687243
5791.561824 1.40183504423
5804.171376 1.4617515405
5825.804739 4.39446004232
5845.002575 2.19582573573
5861.681109 1.4795173804
5877.796609 2.60526593526
5890.819333 1.40994064013
5903.679422 1.54376928012
5914.659458 9999
5924.993559 9999
5935.83979 9999.0
5947.185844 9999
5955.754881 9999
5962.778382 9999
5972.652391 9999.0
5982.526283 9999
5990.517134 9999
6003.377654 9999.0
6013.318385 9999
6022.939557 9999
6033.601705 9999.0
6041.736057 9999
6051.477916 9999
6064.488811 9999.0
6077.64632 9999
6088.670747 9999
6098.512486 9999.0
6109.603867 9999
6118.912641 9999
6127.06982 9999
6135.205066 9999.0
6145.150185 9999
6152.035087 9999
6161.308378 9999
6170.650579 9999.0
6181.508556 9999
6191.067701 9999
6201.024345 9999.0
6212.047955 9999
6221.770775 9999
6228.759985 9999
6238.516616 9999.0
6249.509673 9999
6259.151648 9999
6267.139229 9999
6274.078787 9999.0
6285.23393 9999
6294.544885 9999
6305.515467 9999.0
6315.498531 9999
6325.147845 9999
6334.823229 9999
6345.845476 9999.0
6355.972377 9999
6365.603475 9999
6372.433262 9999
6379.390466 9999.0
6389.412497 9999
6404.823524 9999
6413.215412 9999.0
6423.791708 9999
6431.844263 9999
6443.288404 9999.0
6454.412698 9999
6465.477143 9999
6476.497958 9999.0
6488.127799 9999
6498.543594 9999
6508.405353 9999.0
6515.94126 9999
6527.319333 9999
6538.457901 9999.0
6548.832567 9999
6559.877415 9999
6573.303021 9999.0
6583.991341 9999
6594.084855 9999
6604.290093 9999.0
6614.967789 9999
6625.021496 9999
6635.119353 9999.0
6645.353429 9999
6656.162735 9999
6666.589503 9999.0
6678.064843 9999
6688.202417 9999
6699.362417 9999.0
6710.171918 9999
6718.742579 9999
6725.980923 9999
6735.738708 9999.0
6743.661362 9999
6753.918084 9999
6763.744107 9999
6773.653002 9999.0
6783.874419 9999
6792.913881 9999
6802.571626 9999
6809.626514 9999.0
6819.520171 9999
6826.694346 9999
6836.163825 9999
6844.367973 9999.0
6858.026497 9999
6867.809198 9999
6877.530926 9999.0
6888.05782 9999
6896.142635 9999
6904.563511 9999
6914.296804 9999.0
6928.131414 9999
6938.47231 9999
6948.197243 9999.0
6959.291143 9999
6968.979234 9999
6979.770228 9999.0
6989.979051 9999
7003.221848 9999
7012.816605 9999.0
7022.902635 9999
7033.665085 9999
7043.255669 9999.0
7050.743563 9999
7061.667482 9999
7071.406707 9999
7081.0008 9999.0
7091.103941 9999
7100.593745 9999
7111.204815 9999.0
7122.480538 9999
7130.833725 9999
7141.243922 9999.0
7152.402181 9999
7162.115818 9999
7170.062523 9999
7179.673113 9999.0
7188.920212 9999
7196.925063 9999
7206.542104 9999
