45.046174 2.16077619791
96.520825 2.48144880533
100.310295 9999
151.83377 2.49611433744
199.608895 2.30583475828
251.378547 2.4938300848
296.439656 2.16258138418
348.180688 2.49370135069
399.595887 2.4807825923
444.760693 2.16264288425
496.527034 2.49191765785
541.624209 2.16347138882
586.787358 2.1636954546
590.826526 9999
635.556655 2.15535986423
687.029756 2.48809207678
732.102027 2.15797154903
776.9617 2.1521672368
822.021595 2.15809327364
866.949244 2.15403156281
912.155824 2.17082544565
963.419909 2.47387193441
1011.764679 2.3205494523
1015.583028 9999
1019.199095 9999
1070.473473 2.48735939264
1115.403888 2.15655972958
1160.421943 2.1580370307
1212.188178 2.49234262705
1257.055943 2.15224467516
1302.01724 2.15669608116
1347.013002 2.15734320879
1398.371674 2.47714970112
1443.213788 2.15247823
1494.679973 2.4803835988
1539.749245 2.15454683304
1591.051305 2.47270874977
1642.45996 2.48123428822
1687.554143 2.16268849373
1738.981261 2.47870857716
1783.960411 2.15744606256
1835.325622 2.47805228233
1890.495059 2.66310027838
1935.484958 2.15675541162
1980.589576 2.15728912354
1984.458398 9999
2028.957548 2.14873365164
2080.363233 2.47617297173
2125.347588 2.15383626223
2176.680762 2.47688546181
2221.600262 2.15537189245
2272.950529 2.47789478302
2318.076141 2.16318202019
2369.384827 2.47448055744
2373.188827 9999
2418.734299 2.19797433615
2422.583113 9999
2470.395153 2.31730289459
2515.354363 2.15766422749
2560.375577 2.15830570459
2611.810224 2.47899700403
2615.687776 9999
2670.190768 2.64443852901
2714.952743 2.14759396315
2759.740875 2.145969522
2804.644226 2.15701600313
2849.43976 2.14772402048
2894.235285 2.14478461742
2939.039225 2.14795718193
2983.810858 2.14488247633
3028.868411 2.15677740574
3073.668993 2.14791578054
3118.495184 2.14779535532
3163.258038 2.14739568233
3214.647666 2.47797394991
3266.135768 2.47674120665
3310.948854 2.14643409252
3355.702444 2.14574773312
3400.432456 2.14632885456
3445.423847 2.1579259038
3490.144176 2.14715867043
3494.040257 9999
3538.551996 2.14746772051
3583.236408 2.14315428734
3627.909581 2.14571205378
