2.310341 9999
4.461141 9999
6.606553 9999
8.74142 9999
10.868386 9999
13.014292 9999
15.151411 9999
17.279364 9999
19.398585 9999
21.523526 9999
23.635607 9999
25.735499 9999
27.850673 9999
29.94584 9999
32.072739 9999.0
34.339193 9999
36.484749 9999
38.611769 9999
40.793845 9999
42.911354 9999
45.052136 9999
47.1816 9999
49.310858 9999
51.455195 9999
53.561784 9999
55.700915 9999
57.810833 9999
59.912616 9999
62.014319 9999
64.120201 9999.0
66.494081 9999
68.608734 9999
70.723823 9999
72.875492 9999
75.035168 9999
77.182521 9999
79.294462 9999
81.450719 9999
83.563417 9999
85.684916 9999
87.821682 9999
89.961164 9999
92.075677 9999
94.208718 9999
96.333621 9999.0
98.659341 9999
100.805394 9999
102.93959 9999
105.046394 9999
107.169759 9999
109.302229 9999
111.427617 9999
113.572531 9999
115.68728 9999
117.811611 9999
119.926111 9999
122.054788 9999
124.195643 9999
126.320203 9999
128.450229 9999.0
130.751284 9999
132.885918 9999
134.996248 9999
137.130317 9999
139.268057 9999
141.387392 9999
143.543107 9999
145.673419 9999
147.807014 9999
149.944606 9999
152.096779 9999
154.221359 9999
156.354835 9999
158.468623 9999
160.59831 9999.0
162.892736 9999
165.02911 9999
167.153247 9999
169.27061 9999
171.377949 9999
173.515904 9999
175.650296 9999
177.764361 9999
179.913315 9999
182.035574 9999
184.158779 9999
186.296149 9999
188.408704 9999
190.493785 9999
192.617373 9999.0
194.945055 9999
197.082701 9999
199.217424 9999
201.364952 9999
203.481857 9999
205.614561 9999
207.716927 9999
209.840876 9999
211.984878 9999
214.123177 9999
216.256674 9999
218.395211 9999
220.522219 9999
222.629451 9999
224.755764 9999.0
227.130497 9999
229.267377 9999
231.424301 9999
233.563637 9999
235.69942 9999
237.844985 9999
239.980348 9999
242.096175 9999
244.253928 9999
246.380924 9999
248.495183 9999
250.579678 9999
252.683269 9999
254.790364 9999
256.917061 9999.0
259.183861 9999
261.308316 9999
263.429853 9999
265.564581 9999
267.706086 9999
269.812173 9999
271.93717 9999
274.051225 9999
276.198939 9999
278.33574 9999
280.448304 9999
282.579718 9999
284.693607 9999
286.814282 9999
288.931399 9999.0
291.238885 9999
293.384217 9999
295.532546 9999
297.658752 9999
299.788908 9999
301.943039 9999
304.084171 9999
306.244793 9999
308.391889 9999
310.516674 9999
312.688632 9999
314.841003 9999
316.995876 9999
319.122206 9999.0
321.423318 9999
323.594377 9999
325.735657 9999
327.859911 9999
329.978842 9999
332.107381 9999
334.254439 9999
336.365159 9999
338.515094 9999
340.654277 9999
342.790102 9999
344.945681 9999
347.084611 9999
349.216947 9999
351.352652 9999.0
353.643914 9999
355.785547 9999
357.905274 9999
360.020322 9999
362.129374 9999
364.245173 9999
366.391715 9999
368.515783 9999
370.635284 9999
372.772817 9999
374.888601 9999
377.011988 9999
379.134761 9999
381.247944 9999
383.394584 9999.0
385.708468 9999
387.843857 9999
389.990733 9999
392.156815 9999
394.303053 9999
396.439541 9999
398.57898 9999
400.700247 9999
402.826083 9999
404.975175 9999
407.095715 9999
409.251437 9999
411.358821 9999
413.479318 9999
415.600104 9999.0
417.881784 9999
420.005916 9999
422.120361 9999
424.253045 9999
426.376962 9999
428.503736 9999
430.648753 9999
432.786538 9999
434.92391 9999
437.070271 9999
439.209087 9999
441.355978 9999
443.50063 9999
445.61162 9999
447.728963 9999.0
450.011855 9999
452.177376 9999
454.306664 9999
456.451885 9999
458.623715 9999
460.781583 9999
462.928905 9999
465.082996 9999
467.228355 9999
469.339396 9999
471.462868 9999
473.575263 9999
475.696289 9999
477.802053 9999
479.899506 9999.0
482.210804 9999
484.337291 9999
486.463689 9999
488.60921 9999
490.768929 9999
492.919345 9999
495.06591 9999
497.207458 9999
499.351263 9999
501.496534 9999
503.646094 9999
505.793964 9999
507.944557 9999
510.088645 9999.0
512.41719 9999
514.546296 9999
516.704177 9999
518.840436 9999
520.974234 9999
523.109185 9999
525.22436 9999
527.395325 9999
529.507575 9999
531.658373 9999
533.803399 9999
535.92877 9999
538.061365 9999
540.187118 9999
542.310527 9999.0
544.795915 9999
546.907987 9999
549.06494 9999
551.219 9999
553.343433 9999
555.473053 9999
557.611742 9999
559.724693 9999
561.863159 9999
563.995433 9999
566.106119 9999
568.256563 9999
570.403515 9999
572.541452 9999
574.649927 9999.0
576.944519 9999
579.080499 9999
581.201116 9999
583.33108 9999
585.454513 9999
587.593098 9999
589.710986 9999
591.835627 9999
593.949791 9999
596.079985 9999
598.194912 9999
600.328408 9999
602.446111 9999
604.564769 9999
606.671096 9999.0
608.993115 9999
611.127725 9999
613.286956 9999
615.416132 9999
617.524554 9999
619.649916 9999
621.800678 9999
623.950319 9999
626.105486 9999
628.228958 9999
630.355148 9999
632.477327 9999
634.616918 9999
636.731099 9999
638.84889 9999.0
641.156319 9999
643.276876 9999
645.453048 9999
647.572217 9999
649.744309 9999
651.859151 9999
653.969564 9999
656.084603 9999
658.209171 9999
660.358478 9999
662.489859 9999
664.603726 9999
666.716176 9999
668.819016 9999
670.975834 9999.0
673.325581 9999
675.475484 9999
677.609749 9999
679.756463 9999
681.906143 9999
684.031867 9999
686.167282 9999
688.291798 9999
690.429977 9999
692.536961 9999
694.67243 9999
696.798096 9999
698.925874 9999
701.072021 9999
703.23706 9999.0
705.524114 9999
707.671772 9999
709.795375 9999
711.920676 9999
714.04258 9999
716.213046 9999
718.337813 9999
720.472226 9999
722.603061 9999
724.721336 9999
726.86077 9999
729.008198 9999
731.156058 9999
733.293304 9999
735.418663 9999.0
737.753451 9999
739.893519 9999
742.037252 9999
744.187693 9999
746.32697 9999
748.457242 9999
750.607329 9999
752.746971 9999
754.866133 9999
757.00332 9999
759.11235 9999
761.24161 9999
763.375515 9999
765.511599 9999
767.635058 9999.0
769.991154 9999
772.114586 9999
774.272503 9999
776.382039 9999
778.523235 9999
780.634921 9999
782.734116 9999
784.879029 9999
787.012459 9999
789.147724 9999
791.273889 9999
793.40848 9999
795.545323 9999
797.684285 9999
799.810175 9999.0
802.106927 9999
804.239602 9999
806.349076 9999
808.503962 9999
810.616412 9999
812.720922 9999
814.86621 9999
817.031298 9999
819.172818 9999
821.324498 9999
823.450819 9999
825.559384 9999
827.72063 9999
829.879947 9999
832.016508 9999.0
834.356425 9999
836.501352 9999
838.643701 9999
840.787415 9999
842.947466 9999
845.096291 9999
847.241031 9999
849.400692 9999
851.563915 9999
853.699317 9999
855.847877 9999
857.987113 9999
860.14334 9999
862.306709 9999.0
864.632569 9999
866.792075 9999
868.936337 9999
871.088189 9999
873.233108 9999
875.348405 9999
877.458738 9999
879.596662 9999
881.722177 9999
883.852584 9999
885.873638 9999
887.980578 9999
890.107981 9999
892.232382 9999
894.36575 9999.0
896.670424 9999
898.783421 9999
900.897864 9999
903.01814 9999
905.135657 9999
907.271405 9999
909.427833 9999
911.548454 9999
913.68423 9999
915.82265 9999
917.971152 9999
920.09291 9999
922.240347 9999
924.358769 9999
926.476948 9999.0
928.809966 9999
930.917785 9999
933.044055 9999
935.164945 9999
937.290834 9999
939.415737 9999
941.549706 9999
943.69748 9999
945.836327 9999
947.874405 9999
950.009235 9999
952.112371 9999
954.209454 9999
956.335233 9999
958.463795 9999.0
960.787923 9999
962.909048 9999
965.008156 9999
967.110938 9999
969.223455 9999
971.347381 9999
973.459365 9999
975.570616 9999
977.680365 9999
979.79472 9999
981.918248 9999
984.032608 9999
986.154925 9999
988.278037 9999
990.389808 9999.0
992.743337 9999
994.864599 9999
997.003808 9999
999.124807 9999
1001.272334 9999
1003.421598 9999
1005.551309 9999
1007.657037 9999
1009.774766 9999
1011.905074 9999
1014.031441 9999
1016.154559 9999
1018.267158 9999
1020.389623 9999
1022.504305 9999.0
1024.876366 9999
1027.017936 9999
1029.124617 9999
1031.270117 9999
1033.397776 9999
1035.515112 9999
1037.67254 9999
1039.823225 9999
1041.956525 9999
1044.102133 9999
1046.261094 9999
1048.433184 9999
1050.571568 9999
1052.717017 9999.0
1055.140913 9999
1057.277476 9999
1059.393093 9999
1061.513717 9999
1063.66606 9999
1065.778197 9999
1067.935316 9999
1070.063229 9999
1072.184582 9999
1074.310785 9999
1076.456116 9999
1078.595119 9999
1080.736665 9999
1082.855032 9999
1084.999119 9999.0
1087.339577 9999
1089.473967 9999
1091.611744 9999
1093.748084 9999
1095.88185 9999
1098.022309 9999
1100.135118 9999
1102.219191 9999
1104.331155 9999
1106.458029 9999
1108.577797 9999
1110.688076 9999
1112.778704 9999
1114.925514 9999
1117.049515 9999.0
1119.391859 9999
1121.52553 9999
1123.664745 9999
1125.809076 9999
1127.962285 9999
1130.110307 9999
1132.232475 9999
1134.382508 9999
1136.537771 9999
1138.700246 9999
1140.843175 9999
1142.94704 9999
1145.095653 9999
1147.194685 9999
1149.3407 9999.0
1151.680931 9999
1153.812694 9999
1155.952959 9999
1158.080318 9999
1160.230599 9999
1162.337021 9999
1164.473036 9999
1166.59107 9999
1168.724047 9999
1170.860367 9999
1172.981917 9999
1175.107585 9999
1177.241354 9999
1179.367867 9999
1181.527388 9999.0
1183.855302 9999
1185.976013 9999
1188.137443 9999
1190.267124 9999
1192.387983 9999
1194.479287 9999
1196.612391 9999
1198.74523 9999
1200.901568 9999
1203.054156 9999
1205.180439 9999
1207.313464 9999
1209.412378 9999
1211.528951 9999
1213.650889 9999.0
1216.026982 9999
1218.173212 9999
1220.288015 9999
1222.459372 9999
1224.585789 9999
1226.72235 9999
1228.853043 9999
1231.012014 9999
1233.130812 9999
1235.260752 9999
1237.398337 9999
1239.557163 9999
1241.672045 9999
1243.792879 9999
1245.929487 9999.0
1248.293971 9999
1250.417343 9999
1252.531085 9999
1254.667809 9999
1256.804138 9999
1258.93676 9999
1261.060559 9999
1263.188221 9999
1265.300533 9999
1267.421384 9999
1269.545403 9999
1271.671954 9999
1273.816496 9999
1275.955438 9999
1278.066995 9999.0
1280.418316 9999
1282.555492 9999
1284.694135 9999
1286.818411 9999
1288.97599 9999
1291.098421 9999
1293.247902 9999
1295.395883 9999
1297.53932 9999
1299.692731 9999
1301.837009 9999
1303.990129 9999
1306.124534 9999
1308.284125 9999.0
1310.695577 9999
1312.84342 9999
1314.977769 9999
1317.104499 9999
1319.180089 9999
1321.328349 9999
1323.500648 9999
1325.649562 9999
1327.783205 9999
1329.89597 9999
1332.044577 9999
1334.164935 9999
1336.300288 9999
1338.431663 9999
1340.563572 9999.0
1342.905773 9999
1345.050527 9999
1347.199612 9999
1349.335309 9999
1351.457887 9999
1353.593186 9999
1355.710691 9999
1357.826095 9999
1359.948447 9999
1362.040705 9999
1364.152189 9999
1366.276739 9999
1368.401097 9999
1370.524506 9999
1372.660932 9999.0
1375.098742 9999
1377.219998 9999
1379.336589 9999
1381.471039 9999
1383.594446 9999
1385.754886 9999
1387.916284 9999
1390.063111 9999
1392.178759 9999
1394.311504 9999
1396.436086 9999
1398.559542 9999
1400.70815 9999
1402.830872 9999
1404.956035 9999.0
1407.306465 9999
1409.422075 9999
1411.566665 9999
1413.698232 9999
1415.835564 9999
1417.958434 9999
1420.109797 9999
1422.225233 9999
1424.338453 9999
1426.505737 9999
1428.652079 9999
1430.776223 9999
1432.894731 9999
1435.0399 9999
1437.187384 9999.0
1439.597665 9999
1441.746828 9999
1443.884619 9999
1446.017284 9999
1448.134563 9999
1450.277067 9999
1452.431582 9999
1454.534701 9999
1456.676266 9999
1458.800142 9999
1460.9223 9999
1463.047584 9999
1465.197152 9999
1467.330827 9999
1469.469203 9999.0
1471.831169 9999
1473.9568 9999
1476.092581 9999
1478.242267 9999
1480.373902 9999
1482.495636 9999
1484.607267 9999
1486.733602 9999
1488.856348 9999
1490.973954 9999
1493.128431 9999
1495.221685 9999
1497.345683 9999
1499.482812 9999
1501.582824 9999.0
1503.988871 9999
1506.127999 9999
1508.260166 9999
1510.366357 9999
1512.501037 9999
1514.646403 9999
1516.783491 9999
1518.919138 9999
1521.052549 9999
1523.190166 9999
1525.371811 9999
1527.488375 9999
1529.611353 9999
1531.737297 9999
1533.859656 9999.0
1536.268817 9999
1538.41923 9999
1540.555609 9999
1542.689036 9999
1544.82706 9999
1546.973097 9999
1549.137971 9999
1551.269595 9999
1553.420463 9999
1555.557961 9999
1557.695242 9999
1559.877881 9999
1562.012262 9999
1564.158499 9999.0
1566.507795 9999
1568.638364 9999
1570.771569 9999
1572.905485 9999
1575.052488 9999
1577.19202 9999
1579.327494 9999
1581.443175 9999
1583.541916 9999
1585.709649 9999
1587.846179 9999
1589.993729 9999
1592.155886 9999
1594.279321 9999
1596.424972 9999.0
1598.821672 9999
1600.972664 9999
1603.088568 9999
1605.209306 9999
1607.308806 9999
1609.436935 9999
1611.571524 9999
1613.707618 9999
1615.834469 9999
1618.014938 9999
1620.128458 9999
1622.252497 9999
1624.385171 9999
1626.522768 9999
1628.634186 9999.0
1631.000684 9999
1633.124106 9999
1635.236593 9999
1637.344544 9999
1639.462612 9999
1641.556915 9999
1643.704666 9999
1645.867105 9999
1648.000677 9999
1650.124628 9999
1652.276018 9999
1654.410458 9999
1656.551653 9999
1658.672374 9999
1660.783477 9999.0
1663.170417 9999
1665.330753 9999
1667.455399 9999
1669.575926 9999
1671.725794 9999
1673.84173 9999
1675.94058 9999
1678.075077 9999
1680.177015 9999
1682.330678 9999
1684.469515 9999
1686.617921 9999
1688.780105 9999
1690.892343 9999
1693.030304 9999.0
1695.389498 9999
1697.519063 9999
1699.630193 9999
1701.758505 9999
1703.895024 9999
1706.023309 9999
1708.162089 9999
1710.305461 9999
1712.466252 9999
1714.602041 9999
1716.750862 9999
1718.922117 9999
1721.058679 9999
1723.181556 9999
1725.329646 9999.0
1727.728296 9999
1729.880224 9999
1732.013514 9999
1734.17403 9999
1736.321662 9999
1738.457448 9999
1740.581892 9999
1742.695105 9999
1744.819327 9999
1746.955871 9999
1749.090858 9999
1751.238191 9999
1753.327057 9999
1755.451592 9999
1757.575755 9999.0
1760.00024 9999
1762.124464 9999
1764.271401 9999
1766.404479 9999
1768.559025 9999
1770.690113 9999
1772.813537 9999
1774.928882 9999
1777.060553 9999
1779.202941 9999
1781.326076 9999
1783.468666 9999
1785.584193 9999
1787.684744 9999
1789.784747 9999.0
1792.168973 9999
1794.311274 9999
1796.430775 9999
1798.555544 9999
1800.712621 9999
1802.85199 9999
1805.012181 9999
1807.158047 9999
1809.260582 9999
1811.357051 9999
1813.507385 9999
1815.664574 9999
1817.794349 9999
1819.927758 9999
1822.061095 9999.0
1824.390595 9999
1826.56414 9999
1828.709823 9999
1830.859755 9999
1832.986647 9999
1835.127223 9999
1837.281125 9999
1839.410642 9999
1841.53908 9999
1843.694714 9999
1845.823993 9999
1847.948967 9999
1850.068234 9999
1852.193803 9999
1854.317965 9999.0
1856.717587 9999
1858.831606 9999
1860.964763 9999
1863.065921 9999
1865.178386 9999
1867.300929 9999
1869.425208 9999
1871.540244 9999
1873.651278 9999
1875.760573 9999
1877.888031 9999
1880.034856 9999
1882.178828 9999
1884.305528 9999
1886.453065 9999.0
1888.784228 9999
1890.918654 9999
1893.060041 9999
1895.215165 9999
1897.365827 9999
1899.50792 9999
1901.680351 9999
1903.806811 9999
1905.928664 9999
1908.056207 9999
1910.201516 9999
1912.234863 9999
1914.347379 9999
1916.465846 9999
1918.580416 9999.0
1920.950026 9999
1923.064925 9999
1925.195156 9999
1927.349712 9999
1929.498257 9999
1931.632411 9999
1933.756809 9999
1935.884473 9999
1938.022228 9999
1940.154358 9999
1942.299388 9999
1944.441328 9999
1946.561922 9999
1948.697806 9999
1950.85787 9999.0
1953.245651 9999
1955.38436 9999
1957.5536 9999
1959.681911 9999
1961.840337 9999
1964.014345 9999
1966.157733 9999
1968.307955 9999
1970.431942 9999
1972.567645 9999
1974.688921 9999
1976.800708 9999
1978.904011 9999
1981.03768 9999
1983.177837 9999.0
1985.540533 9999
1987.687216 9999
1989.823165 9999
1991.97447 9999
1994.119588 9999
1996.269359 9999
1998.427994 9999
2000.56063 9999
2002.686154 9999
2004.83657 9999
2006.983571 9999
2009.131021 9999
2011.265226 9999
2013.412939 9999.0
2015.802185 9999
2017.949723 9999
2020.074528 9999
2022.20718 9999
2024.334446 9999
2026.46968 9999
2028.579444 9999
2030.704252 9999
2032.828204 9999
2034.976886 9999
2037.101985 9999
2039.25137 9999
2041.408348 9999
2043.534857 9999
2045.682359 9999.0
2048.047869 9999
2050.168934 9999
2052.29371 9999
2054.446508 9999
2056.579232 9999
2058.700431 9999
2060.839634 9999
2062.972513 9999
2065.127503 9999
2067.260644 9999
2069.396199 9999
2071.542085 9999
2073.728817 9999
2075.863017 9999
2078.022994 9999.0
2080.411359 9999
2082.567971 9999
2084.717012 9999
2086.864995 9999
2089.003987 9999
2091.149641 9999
2093.279509 9999
2095.397964 9999
2097.532203 9999
2099.659988 9999
2101.793531 9999
2103.919473 9999
2106.079094 9999
2108.192506 9999
2110.336206 9999.0
2112.718916 9999
2114.829752 9999
2116.962339 9999
2119.125353 9999
2121.271294 9999
2123.408202 9999
2125.543985 9999
2127.715494 9999
2129.860695 9999
2132.001655 9999
2134.136133 9999
2136.282381 9999
2138.43161 9999
2140.559451 9999
2142.700716 9999.0
2145.066736 9999
2147.234055 9999
2149.36592 9999
2151.506751 9999
2153.659828 9999
2155.815553 9999
2157.954786 9999
2160.067978 9999
2162.211665 9999
2164.336911 9999
2166.490351 9999
2168.639158 9999
2170.771347 9999
2172.886909 9999
2175.019824 9999.0
2177.443732 9999
2179.556545 9999
2181.694692 9999
2183.849961 9999
2185.975785 9999
2188.124815 9999
2190.27477 9999
2192.41728 9999
2194.565497 9999
2196.694181 9999
2198.839598 9999
2200.976791 9999
2203.147844 9999
2205.310432 9999.0
2207.715626 9999
2209.864542 9999
2212.011729 9999
2214.17542 9999
2216.347231 9999
2218.496226 9999
2220.6794 9999
2222.788701 9999
2224.912337 9999
2227.00467 9999
2229.139907 9999
2231.275866 9999
2233.413165 9999
2235.556769 9999
2238.027901 9999
2240.15589 9999
2242.298576 9999
2244.428046 9999
2246.549836 9999
2248.708383 9999
2250.871379 9999
2253.006787 9999
2255.168127 9999
2257.299358 9999
2259.440237 9999
2261.576298 9999
2263.709026 9999
2265.848513 9999
2267.996814 9999.0
2270.439993 9999
2272.566383 9999
2274.709882 9999
2276.836354 9999
2278.978219 9999
2281.131308 9999
2283.24775 9999
2285.391842 9999
2287.528108 9999
2289.666678 9999
2291.776153 9999
2293.900358 9999
2296.048219 9999
2298.198774 9999
2300.321648 9999.0
2302.700511 9999
2304.823726 9999
2306.958018 9999
2309.085051 9999
2311.231879 9999
2313.399812 9999
2315.513247 9999
2317.627927 9999
2319.762978 9999
2321.899666 9999
2324.046982 9999
2326.192542 9999
2328.322509 9999
2330.430713 9999
2332.528463 9999.0
2334.894782 9999
2337.083146 9999
2339.251583 9999
2341.409876 9999
2343.574404 9999
2345.732681 9999
2347.891966 9999
2350.051998 9999
2352.21316 9999
2354.368701 9999
2356.507383 9999
2358.646002 9999
2360.756168 9999
2362.924945 9999.0
2365.350277 9999
2367.512601 9999
2369.67236 9999
2371.808283 9999
2373.955896 9999
2376.106282 9999
2378.272407 9999
2380.412185 9999
2382.551086 9999
2384.680756 9999
2386.818207 9999
2388.956294 9999
2391.091557 9999
2393.251137 9999.0
2395.591404 9999
2397.753559 9999
2399.879299 9999
2401.976773 9999
2404.111543 9999
2406.233179 9999
2408.394846 9999
2410.517249 9999
2412.667498 9999
2414.7708 9999
2416.903292 9999
2419.051496 9999
2421.175733 9999
2423.332164 9999
2425.448517 9999.0
2427.79754 9999
2429.922858 9999
2432.048509 9999
2434.159446 9999
2436.261329 9999
2438.394301 9999
2440.507131 9999
2442.620036 9999
2444.74234 9999
2446.882868 9999
2449.037142 9999
2451.17483 9999
2453.31093 9999
2455.423061 9999
2457.536201 9999.0
2459.937973 9999
2462.082557 9999
2464.227233 9999
2466.364505 9999
2468.480305 9999
2470.614914 9999
2472.724523 9999
2474.8504 9999
2476.97845 9999
2479.11115 9999
2481.235574 9999
2483.369838 9999
2485.495983 9999
2487.667865 9999
2489.802066 9999.0
2492.18194 9999
2494.317008 9999
2496.442895 9999
2498.575702 9999
2500.735497 9999
2502.884768 9999
2505.04402 9999
2507.176919 9999
2509.304488 9999
2511.440573 9999
2513.563578 9999
2515.69907 9999
2517.847809 9999
2519.995896 9999
2522.143823 9999.0
2524.543405 9999
2526.664826 9999
2528.813286 9999
2530.943499 9999
2533.110514 9999
2535.25797 9999
2537.395783 9999
2539.543998 9999
2541.691771 9999
2543.839958 9999
2545.996783 9999
2548.144911 9999
2550.294275 9999
2552.444349 9999.0
2554.83106 9999
2556.983025 9999
2559.113241 9999
2561.250779 9999
2563.375304 9999
2565.518846 9999
2567.668183 9999
2569.804966 9999
2571.916574 9999
2574.064974 9999
2576.228373 9999
2578.376207 9999
2580.513041 9999
2582.660317 9999
2584.77495 9999.0
2587.14513 9999
2589.262635 9999
2591.403257 9999
2593.522978 9999
2595.653623 9999
2597.792259 9999
2599.912879 9999
2602.051621 9999
2604.199858 9999
2606.312694 9999
2608.445772 9999
2610.558136 9999
2612.731584 9999
2614.856436 9999
2616.991637 9999.0
2619.374872 9999
2621.50137 9999
2623.637937 9999
2625.779148 9999
2627.902504 9999
2630.022886 9999
2632.146839 9999
2634.275246 9999
2636.39654 9999
2638.494731 9999
2640.620186 9999
2642.743909 9999
2644.84637 9999
2646.971392 9999
2649.080934 9999.0
2651.421511 9999
2653.53796 9999
2655.663991 9999
2657.790791 9999
2659.896154 9999
2662.013116 9999
2664.130371 9999
2666.27555 9999
2668.432566 9999
2670.580089 9999
2672.704861 9999
2674.814868 9999
2676.942938 9999
2679.100789 9999
2681.240358 9999.0
2683.70995 9999
2685.848404 9999
2687.971204 9999
2690.120592 9999
2692.268263 9999
2694.388723 9999
2696.512904 9999
2698.635586 9999
2700.77379 9999
2702.9246 9999
2705.080679 9999
2707.244671 9999
2709.403535 9999
2711.572912 9999.0
2713.973482 9999
2716.115158 9999
2718.23824 9999
2720.385992 9999
2722.520798 9999
2724.666937 9999
2726.835507 9999
2728.966178 9999
2731.12006 9999
2733.258344 9999
2735.407395 9999
2737.543699 9999
2739.706768 9999
2741.837225 9999.0
2744.154772 9999
2746.318645 9999
2748.463937 9999
2750.565945 9999
2752.703162 9999
2754.820907 9999
2756.944393 9999
2759.072755 9999
2761.184908 9999
2763.317178 9999
2765.480768 9999
2767.606855 9999
2769.72859 9999
2771.875105 9999
2774.003312 9999.0
2776.400651 9999
2778.544526 9999
2780.695293 9999
2782.831424 9999
2784.976485 9999
2787.129609 9999
2789.274938 9999
2791.419 9999
2793.555642 9999
2795.702692 9999
2797.850897 9999
2799.966095 9999
2802.127769 9999
2804.252328 9999.0
2806.696806 9999
2808.850347 9999
2810.996162 9999
2813.130646 9999
2815.259876 9999
2817.437342 9999
2819.576565 9999
2821.724382 9999
2823.869519 9999
2826.028622 9999
2828.156306 9999
2830.27965 9999
2832.44043 9999
2834.576236 9999.0
2836.987337 9999
2839.127449 9999
2841.261544 9999
2843.384749 9999
2845.529915 9999
2847.701233 9999
2849.848965 9999
2851.954191 9999
2854.078127 9999
2856.222115 9999
2858.37473 9999
2860.520194 9999
2862.676669 9999
2864.837154 9999
2867.212912 9999
2869.338753 9999
2871.485645 9999
2873.609307 9999
2875.754744 9999
2877.894991 9999
2880.02228 9999
2882.200425 9999
2884.347201 9999
2886.496762 9999
2888.632568 9999
2890.77795 9999
2892.944082 9999
2895.092614 9999.0
2897.477947 9999
2899.649748 9999
2901.816997 9999
2903.939341 9999
2906.062712 9999
2908.211117 9999
2910.35349 9999
2912.498542 9999
2914.623952 9999
2916.752415 9999
2918.85132 9999
2920.973676 9999
2923.085649 9999
2925.200349 9999
2927.332621 9999.0
2929.689575 9999
2931.832624 9999
2933.987442 9999
2936.120422 9999
2938.253886 9999
2940.378751 9999
2942.516211 9999
2944.640917 9999
2946.78718 9999
2948.911439 9999
2951.060324 9999
2953.170965 9999
2955.287207 9999
2957.408613 9999
2959.530267 9999.0
2961.932422 9999
2964.090323 9999
2966.252799 9999
2968.397475 9999
2970.532101 9999
2972.692664 9999
2974.844588 9999
2977.001164 9999
2979.153576 9999
2981.298093 9999
2983.456912 9999
2985.593049 9999
2987.746046 9999
2989.927857 9999.0
2992.350544 9999
2994.487954 9999
2996.632357 9999
2998.773762 9999
3000.944117 9999
3003.07814 9999
3005.222535 9999
3007.334641 9999
3009.47681 9999
3011.633407 9999
3013.793725 9999
3015.931137 9999
3018.089025 9999
3020.230395 9999.0
3022.627685 9999
3024.797077 9999
3026.9253 9999
3029.072281 9999
3031.21744 9999
3033.366136 9999
3035.51946 9999
3037.66159 9999
3039.787965 9999
3041.927348 9999
3044.072067 9999
3046.212791 9999
3048.34599 9999
3050.492317 9999.0
3052.856195 9999
3055.001245 9999
3057.128352 9999
3059.248668 9999
3061.373417 9999
3063.500017 9999
3065.644655 9999
3067.772775 9999
3069.892713 9999
3072.011398 9999
3074.167154 9999
3076.315828 9999
3078.428009 9999
3080.56669 9999
3082.684803 9999.0
3085.036299 9999
3087.212168 9999
3089.35678 9999
3091.507488 9999
3093.640287 9999
3095.801098 9999
3097.959797 9999
3100.085423 9999
3102.222829 9999
3104.359945 9999
3106.507966 9999
3108.656666 9999
3110.788248 9999
3112.924966 9999.0
3115.325311 9999
3117.463689 9999
3119.591741 9999
3121.744665 9999
3123.884056 9999
3126.05593 9999
3128.200595 9999
3130.36381 9999
3132.525552 9999
3134.658632 9999
3136.792182 9999
3138.952293 9999
3141.103541 9999
3143.272534 9999.0
3145.691574 9999
3147.83102 9999
3149.959872 9999
3152.105635 9999
3154.23208 9999
3156.402553 9999
3158.575341 9999
3160.712589 9999
3162.868763 9999
3165.028711 9999
3167.162853 9999
3169.317617 9999
3171.495343 9999
3173.671423 9999.0
3176.047483 9999
3178.195512 9999
3180.33313 9999
3182.475362 9999
3184.592451 9999
3186.713398 9999
3188.849008 9999
3190.985857 9999
3193.144577 9999
3195.287251 9999
3197.432445 9999
3199.545998 9999
3201.67967 9999
3203.810526 9999
3205.971631 9999.0
3208.326769 9999
3210.497384 9999
3212.648367 9999
3214.735759 9999
3216.870729 9999
3219.018864 9999
3221.176745 9999
3223.327417 9999
3225.478138 9999
3227.623203 9999
3229.760695 9999
3231.874582 9999
3234.00497 9999
3236.15385 9999
3238.53926 9999
3240.676925 9999
3242.924467 9999
3245.048672 9999
3247.184654 9999
3249.317373 9999
3251.463763 9999
3253.588356 9999
3255.724631 9999
3257.87357 9999
3260.024164 9999
3262.144082 9999
3264.291777 9999
3266.444495 9999.0
3268.889121 9999
3271.001934 9999
3273.115556 9999
3275.278635 9999
3277.409551 9999
3279.549037 9999
3281.695235 9999
3283.760088 9999
3285.906394 9999
3288.031755 9999
3290.141995 9999
3292.279963 9999
3294.416942 9999
3296.539666 9999
3298.688715 9999.0
3301.07326 9999
3303.223315 9999
3305.3487 9999
3307.517666 9999
3309.655395 9999
3311.792127 9999
3313.949583 9999
3316.110364 9999
3318.272593 9999
3320.416413 9999
3322.541938 9999
3324.689864 9999
3326.823795 9999
3328.975289 9999.0
3331.415082 9999
3333.57082 9999
3335.714923 9999
3337.862764 9999
3340.006336 9999
3342.126549 9999
3344.272956 9999
3346.42071 9999
3348.568577 9999
3350.70557 9999
3352.860253 9999
3355.001234 9999
3357.137089 9999
3359.297431 9999.0
3361.702901 9999
3363.83299 9999
3365.970112 9999
3368.116537 9999
3370.244378 9999
3372.379618 9999
3374.50351 9999
3376.65149 9999
3378.800122 9999
3380.946427 9999
3383.071205 9999
3385.216314 9999
3387.331392 9999
3389.470994 9999
3391.613935 9999.0
3394.049514 9999
3396.176711 9999
3398.300562 9999
3400.455975 9999
3402.62857 9999
3404.805913 9999
3406.964631 9999
3409.124917 9999
3411.276109 9999
3413.410219 9999
3415.583387 9999
3417.725542 9999
3419.873099 9999
3422.037015 9999.0
3424.423825 9999
3426.568914 9999
3428.728011 9999
3430.879748 9999
3433.050179 9999
3435.197817 9999
3437.357433 9999
3439.518287 9999
3441.655989 9999
3443.788053 9999
3445.878953 9999
3448.025316 9999
3450.190347 9999
3452.33293 9999.0
3454.719124 9999
3456.856432 9999
3458.996354 9999
3461.131511 9999
3463.267756 9999
3465.42747 9999
3467.564386 9999
3469.721286 9999
3471.847862 9999
3473.995739 9999
3476.153492 9999
3478.301086 9999
3480.424712 9999
3482.5619 9999
3485.020569 9999
3487.14728 9999
3489.274111 9999
3491.418076 9999
3493.582601 9999
3495.727452 9999
3497.849367 9999
3499.975654 9999
3502.124718 9999
3504.24458 9999
3506.383924 9999
3508.48653 9999
3510.608422 9999
3512.719289 9999
3514.840963 9999.0
3517.207765 9999
3519.345775 9999
3521.481274 9999
3523.591557 9999
3525.703791 9999
3527.855428 9999
3529.996003 9999
3532.142725 9999
3534.285565 9999
3536.407683 9999
3538.580622 9999
3540.725633 9999
3542.854157 9999
3544.988704 9999
3547.137067 9999.0
3549.523297 9999
3551.659877 9999
3553.794083 9999
3555.940824 9999
3558.092671 9999
3560.21543 9999
3562.33969 9999
3564.476351 9999
3566.597386 9999
3568.746865 9999
3570.906039 9999
3573.046596 9999
3575.204691 9999
3577.338228 9999
3579.497257 9999.0
3581.92428 9999
3584.059145 9999
3586.202836 9999
3588.341852 9999
3590.47909 9999
3592.602257 9999
3594.714067 9999
3596.829076 9999
3598.974519 9999
3601.098127 9999
