46.545266 2.22574076653
50.720321 9999
96.66033 2.21864427328
142.972739 2.22870619297
189.556643 2.23055288792
236.054403 2.22455154657
282.845076 2.24315829277
329.35674 2.23342959881
375.752396 2.22400230169
422.132562 2.22559468746
468.753912 2.2359405756
515.317128 2.23213744164
561.698531 2.22606468201
608.086119 2.22498599291
654.557655 2.232739079
701.303178 2.23717026711
748.104243 2.23353685141
794.389253 2.22327808142
841.125809 2.24477299452
887.489311 2.22444125414
933.873493 2.22535232306
980.426167 2.22792308331
1027.110415 2.23412444592
1073.513952 2.23093962669
1119.925375 2.22647776604
1166.357459 2.22562521696
1170.549768 9999
1216.888257 2.23124847412
1263.356201 2.22481880188
1309.945304 2.23870134354
1356.711864 2.23813621998
1403.092233 2.22703461647
1449.550238 2.22686589956
1496.099309 2.2298563242
1542.573218 2.22516231537
1589.168453 2.22925504446
1635.628294 2.2286464572
1682.1456 2.23005964756
1728.679297 2.23010576963
1775.267171 2.22962571383
1821.763774 2.22802146673
1868.313431 2.23122171164
1914.626759 2.22465922832
1961.176001 2.22981745005
2007.666179 2.22773653269
2054.174303 2.22868628502
2100.635893 2.22476086617
2147.125917 2.2260052681
2151.325017 9999
2197.364241 2.22618156672
2243.52911 2.22300804853
2289.920083 2.22737206221
2336.536577 2.23639695644
2383.134753 2.2314443469
2387.349087 9999
2433.456477 2.23033587933
2480.007975 2.23954149485
2526.558371 2.22599099874
2572.995443 2.23035458326
2619.775927 2.23870428801
2666.223742 2.23087515831
2712.697509 2.22941625118
2759.359421 2.23462952375
2805.759489 2.22428745031
2852.309783 2.22645150423
2898.634974 2.22588149309
2945.104853 2.22352588177
2991.59562 2.23056081533
3038.125368 2.23320074081
3084.711857 2.23262597322
3131.238802 2.23248285055
3177.70459 2.23011617661
3224.107615 2.22606825829
3270.436537 2.22531086206
3316.868421 2.22688782215
3320.99043 9999
3367.040467 2.22446285486
3371.127168 9999
3417.201823 2.22636580467
3463.90915 2.23612037897
3468.061912 9999
3514.359526 2.23748412132
3560.606206 2.22670874596
3564.724361 9999
3610.880738 2.22900630236
