4.79285 9999
6.710071 9999
8.573226 9999
10.441538 9999
12.316471 9999
14.296546 9999
16.180606 9999
18.050428 9999
19.912991 9999
21.842192 9999
23.70521 9999
25.583382 9999
27.443918 9999
29.331424 9999
31.201872 9999.0
33.23154 9999
35.092331 9999
36.964333 9999
38.835716 9999
40.738073 9999
42.61548 9999
44.500656 9999
46.396131 9999
48.302965 9999
50.175839 9999
52.084633 9999
53.934145 9999
55.814073 9999
57.653599 9999
59.510109 9999
61.333207 9999
63.382403 9999
65.247831 9999
67.132078 9999
69.013415 9999
70.872683 9999
72.723443 9999
74.582435 9999
76.448257 9999
78.291274 9999
80.163162 9999
82.021186 9999
83.876983 9999
85.728288 9999
87.578547 9999
89.426343 9999
91.281305 9999
93.111963 9999.0
95.188467 9999
97.085378 9999
98.961586 9999
100.803163 9999
102.672671 9999
104.536823 9999
106.375231 9999
108.229754 9999
110.114138 9999
111.991482 9999
113.852042 9999
115.687754 9999
117.554164 9999
119.437171 9999
121.312671 9999
123.181228 9999
125.04056 9999.0
127.060039 9999
128.917262 9999
130.794627 9999
132.653443 9999
134.491111 9999
136.370611 9999
138.25584 9999
140.123213 9999
141.979414 9999
143.843991 9999
145.693153 9999
147.559654 9999
149.405764 9999
151.254132 9999
153.121014 9999
154.973782 9999
156.856956 9999.0
158.906282 9999
160.802961 9999
162.701386 9999
164.573376 9999
166.455671 9999
168.341279 9999
170.241599 9999
172.093663 9999
173.934034 9999
175.818873 9999
177.674391 9999
179.572595 9999
181.465993 9999
183.329348 9999
185.19856 9999
187.045125 9999.0
189.076331 9999
190.962753 9999
192.84537 9999
194.715149 9999
196.610703 9999
198.518607 9999
200.411647 9999
202.264375 9999
204.123207 9999
206.007788 9999
207.89299 9999
209.775574 9999
211.636401 9999
213.508353 9999
215.406343 9999
217.288087 9999.0
219.302481 9999
221.155547 9999
223.034005 9999
224.928666 9999
226.829536 9999
228.700656 9999
230.563443 9999
232.428587 9999
234.330769 9999
236.236147 9999
238.10974 9999
239.990266 9999
241.864674 9999
243.736079 9999
245.5732 9999
247.434793 9999.0
249.449393 9999
251.332422 9999
253.194696 9999
255.0369 9999
256.899549 9999
258.796003 9999
260.667145 9999
262.541676 9999
264.461554 9999
266.331759 9999
268.183505 9999
270.040879 9999
271.899435 9999
273.747542 9999
275.617439 9999
277.493876 9999
279.352693 9999.0
281.433213 9999
283.303013 9999
285.181905 9999
287.0683 9999
288.937555 9999
290.920002 9999
292.801102 9999
294.661403 9999
296.537359 9999
298.408099 9999
300.302717 9999
302.212198 9999
304.105655 9999
305.969875 9999
307.852359 9999
309.697628 9999.0
311.750897 9999
313.636984 9999
315.772453 9999
317.631068 9999
319.487428 9999
321.365493 9999
323.270048 9999
325.168926 9999
327.040659 9999
328.887634 9999
330.785972 9999
332.676375 9999
334.550121 9999
336.457526 9999
338.339524 9999
340.220023 9999.0
342.294778 9999
344.162095 9999
346.045975 9999
347.907658 9999
349.808586 9999
351.690599 9999
353.560651 9999
355.42112 9999
357.290533 9999
359.152353 9999
360.986044 9999
362.872078 9999
364.732457 9999
366.628333 9999
368.53346 9999
370.417819 9999
372.496498 9999
374.364277 9999
376.240647 9999
378.135414 9999
380.027911 9999
381.917167 9999
383.796699 9999
385.686572 9999
387.568968 9999
389.449497 9999
391.346113 9999
393.230477 9999
395.127996 9999
397.02035 9999
398.888022 9999
400.787028 9999.0
402.842773 9999
404.729034 9999
406.600978 9999
408.473649 9999
410.307727 9999
412.155906 9999
414.019519 9999
415.886485 9999
417.767307 9999
419.626881 9999
421.46624 9999
423.318279 9999
425.203149 9999
427.099076 9999
428.954449 9999
430.841254 9999
432.698216 9999.0
434.760099 9999
436.644507 9999
438.508516 9999
440.390305 9999
442.28616 9999
444.146579 9999
445.994764 9999
447.883267 9999
449.737815 9999
451.601143 9999
453.48153 9999
455.357986 9999
457.224743 9999
459.081912 9999
460.933903 9999
462.791628 9999
464.661862 9999.0
466.719233 9999
468.568908 9999
470.454079 9999
472.299934 9999
474.158856 9999
476.037879 9999
477.928125 9999
479.79968 9999
481.662962 9999
483.517692 9999
485.380877 9999
487.264322 9999
489.148856 9999
491.00904 9999
492.905352 9999
494.795323 9999
496.653083 9999.0
498.689626 9999
500.569138 9999
502.43341 9999
504.301771 9999
506.17961 9999
508.0392 9999
509.923918 9999
511.793704 9999
513.650077 9999
515.536951 9999
517.398631 9999
519.281325 9999
521.164591 9999
523.047796 9999
524.916693 9999
526.771241 9999
528.626469 9999.0
530.681715 9999
532.537859 9999
534.37624 9999
536.260083 9999
538.120991 9999
539.993471 9999
541.864663 9999
543.762108 9999
545.642247 9999
547.529093 9999
549.425159 9999
551.306713 9999
553.1775 9999
555.054019 9999
556.912357 9999
558.769109 9999
560.608059 9999.0
562.678361 9999
564.512001 9999
566.379842 9999
568.24253 9999
570.12631 9999
571.991501 9999
573.856479 9999
575.718549 9999
577.576888 9999
579.431673 9999
581.278853 9999
583.168079 9999
585.049532 9999
586.899457 9999
588.782934 9999
590.646704 9999
592.50558 9999.0
594.504445 9999
596.351269 9999
598.237265 9999
600.135231 9999
602.007965 9999
603.86693 9999
605.741147 9999
607.661865 9999
609.544898 9999
611.431549 9999
613.310758 9999
615.192257 9999
617.053849 9999
618.917153 9999
620.775672 9999
622.672682 9999.0
624.750859 9999
626.464774 9999
628.338399 9999
630.195445 9999
632.055619 9999
633.96334 9999
635.788448 9999
637.637539 9999
639.477924 9999
641.341407 9999
643.192 9999
645.060718 9999
646.951109 9999
648.813587 9999
650.68372 9999
652.551368 9999
654.421792 9999.0
656.47257 9999
658.383101 9999
660.242108 9999
662.136339 9999
664.003776 9999
665.872363 9999
667.758008 9999
669.605209 9999
671.484525 9999
673.334433 9999
675.208514 9999
677.06746 9999
678.925445 9999
680.788562 9999
682.660604 9999
684.552646 9999
686.435887 9999.0
688.579672 9999
690.422155 9999
692.293388 9999
694.169429 9999
696.040172 9999
697.911505 9999
699.772093 9999
701.632934 9999
703.488867 9999
705.346019 9999
707.215346 9999
709.05504 9999
710.903753 9999
712.758944 9999
714.628169 9999
716.497597 9999
718.356351 9999.0
720.416201 9999
722.260697 9999
724.140613 9999
726.000389 9999
727.863996 9999
729.734904 9999
731.597378 9999
733.44243 9999
735.318848 9999
737.164032 9999
739.039236 9999
740.910899 9999
742.801444 9999
744.718526 9999
746.593663 9999
748.473949 9999
750.341857 9999.0
752.38652 9999
754.251291 9999
756.099622 9999
757.955503 9999
759.829169 9999
761.726206 9999
763.612579 9999
765.497631 9999
767.370608 9999
769.263579 9999
771.117613 9999
772.961037 9999
774.845178 9999
776.715949 9999
778.584613 9999
780.445665 9999
782.319669 9999.0
784.392418 9999
786.278063 9999
788.152184 9999
790.034856 9999
791.933001 9999
793.813752 9999
795.71268 9999
797.59629 9999
799.478623 9999
801.341067 9999
803.222248 9999
805.094868 9999
807.004391 9999
808.899141 9999
810.798899 9999
812.665857 9999.0
814.753579 9999
816.614486 9999
818.502753 9999
820.383205 9999
822.257642 9999
824.164987 9999
826.094164 9999
827.971331 9999
829.852044 9999
831.709487 9999
833.555411 9999
835.419818 9999
837.282522 9999
839.116524 9999
840.991451 9999
842.861356 9999
844.718864 9999.0
846.78126 9999
848.678694 9999
850.582643 9999
852.442172 9999
854.296357 9999
856.143834 9999
858.003185 9999
859.858972 9999
861.708701 9999
863.551007 9999
865.401344 9999
867.253596 9999
869.09174 9999
870.950977 9999
872.810199 9999
874.681364 9999
876.550914 9999.0
878.63276 9999
880.520261 9999
882.396548 9999
884.246546 9999
886.097719 9999
887.966976 9999
889.839096 9999
891.696944 9999
893.572463 9999
895.467406 9999
897.328635 9999
899.190733 9999
901.058181 9999
902.9321 9999
904.779727 9999
906.626377 9999
908.500184 9999.0
910.537888 9999
912.431019 9999
914.296237 9999
916.198579 9999
918.074542 9999
919.939603 9999
921.821035 9999
923.719145 9999
925.60968 9999
927.506634 9999
929.347437 9999
931.225156 9999
933.110186 9999
934.973148 9999
936.844717 9999
938.725799 9999.0
940.779976 9999
942.661887 9999
944.558557 9999
946.427374 9999
948.307634 9999
950.186121 9999
952.07097 9999
953.907721 9999
955.756813 9999
957.613369 9999
959.520712 9999
961.418377 9999
963.302081 9999
965.174045 9999
967.036612 9999
968.88534 9999
970.745622 9999.0
972.850753 9999
974.706535 9999
976.576418 9999
978.434468 9999
980.317372 9999
982.225878 9999
984.091052 9999
985.959621 9999
987.826863 9999
989.697809 9999
991.574043 9999
993.435727 9999
995.285348 9999
997.17744 9999
999.025585 9999
1000.935743 9999
1002.8412 9999.0
1004.943976 9999
1006.841452 9999
1008.684527 9999
1010.546803 9999
1012.429366 9999
1014.276493 9999
1016.142558 9999
1018.084069 9999
1019.944829 9999
1021.79008 9999
1023.646374 9999
1025.512365 9999
1027.385478 9999
1029.246733 9999
1031.116906 9999
1032.996007 9999
1034.835346 9999.0
1036.932741 9999
1038.790314 9999
1040.645995 9999
1042.536949 9999
1044.399273 9999
1046.258231 9999
1048.144764 9999
1050.001797 9999
1051.872387 9999
1053.760636 9999
1055.635299 9999
1057.513269 9999
1059.376361 9999
1061.260002 9999
1063.169203 9999
1065.065422 9999
1066.946844 9999.0
1069.070088 9999
1070.908627 9999
1072.747314 9999
1074.616071 9999
1076.465803 9999
1078.332997 9999
1080.200306 9999
1082.080044 9999
1083.937281 9999
1085.822813 9999
1087.685457 9999
1089.54408 9999
1091.405594 9999
1093.225573 9999
1095.096611 9999
1096.983964 9999
1098.857374 9999.0
1100.978313 9999
1102.863955 9999
1104.749077 9999
1106.632797 9999
1108.527987 9999
1110.400107 9999
1112.262996 9999
1114.154196 9999
1116.026242 9999
1117.898758 9999
1119.80685 9999
1121.69025 9999
1123.576301 9999
1125.453704 9999
1127.32356 9999
1129.205603 9999.0
1131.303416 9999
1133.200204 9999
1135.083141 9999
1136.954765 9999
1138.84021 9999
1140.703494 9999
1142.570887 9999
1144.445274 9999
1146.314489 9999
1148.175702 9999
1150.046348 9999
1151.909092 9999
1153.802744 9999
1155.674245 9999
1157.525161 9999
1159.394487 9999.0
1161.482375 9999
1163.344388 9999
1165.248353 9999
1167.100852 9999
1168.995966 9999
1170.87755 9999
1172.726525 9999
1174.641558 9999
1176.521248 9999
1178.379365 9999
1180.265442 9999
1182.136215 9999
1184.021445 9999
1185.866346 9999
1187.739245 9999
1189.598933 9999
1191.439418 9999.0
1193.54712 9999
1195.419211 9999
1197.278501 9999
1199.198646 9999
1201.072309 9999
1202.955594 9999
1204.816133 9999
1206.673744 9999
1208.532426 9999
1210.418782 9999
1212.294863 9999
1214.356384 9999
1216.182763 9999
1218.049899 9999
1219.877828 9999
1221.771458 9999.0
1223.886891 9999
1225.730418 9999
1227.581647 9999
1229.430136 9999
1231.298182 9999
1233.148998 9999
1235.041836 9999
1236.895138 9999
1238.752953 9999
1240.622065 9999
1242.487165 9999
1244.343774 9999
1246.204406 9999
1248.063987 9999
1249.959814 9999
1251.823298 9999
1253.681049 9999.0
1255.741422 9999
1257.599565 9999
1259.475214 9999
1261.330632 9999
1263.196163 9999
1265.079708 9999
1266.937273 9999
1268.80164 9999
1270.663035 9999
1272.54262 9999
1274.462095 9999
1276.35889 9999
1278.256928 9999
1280.140616 9999
1282.009883 9999
1283.862729 9999
1285.73253 9999.0
1287.799388 9999
1289.705423 9999
1291.575973 9999
1293.460718 9999
1295.345291 9999
1297.229402 9999
1299.130224 9999
1300.995686 9999
1302.85859 9999
1304.691759 9999
1306.535919 9999
1308.414477 9999
1310.283341 9999
1312.137901 9999
1314.017263 9999
1315.889058 9999
1317.785734 9999.0
1319.939805 9999
1321.825883 9999
1323.724164 9999
1325.573767 9999
1327.464043 9999
1329.343881 9999
1331.233715 9999
1333.095704 9999
1334.955393 9999
1336.813819 9999
1338.592595 9999
1340.497939 9999
1342.355925 9999
1344.205686 9999
1346.10417 9999
1347.972504 9999
1349.860944 9999.0
1351.977228 9999
1353.844831 9999
1355.73711 9999
1357.610344 9999
1359.470174 9999
1361.355144 9999
1363.226071 9999
1365.059917 9999
1366.911658 9999
1368.781239 9999
1370.655407 9999
1372.531216 9999
1374.388718 9999
1376.284423 9999
1378.15313 9999
1380.040537 9999
1381.907933 9999.0
1384.024542 9999
1385.873616 9999
1387.741305 9999
1389.614221 9999
1391.522387 9999
1393.374488 9999
1395.216602 9999
1397.071378 9999
1398.952998 9999
1400.810278 9999
1402.705995 9999
1404.580924 9999
1406.501194 9999
1408.394526 9999
1410.259891 9999
1412.161498 9999
1414.324377 9999
1416.217368 9999
1418.072128 9999
1419.941556 9999
1421.822493 9999
1423.661448 9999
1425.517601 9999
1427.366294 9999
1429.225963 9999
1431.099516 9999
1432.916866 9999
1434.769724 9999
1436.639293 9999
1438.503925 9999
1440.388178 9999
1442.250808 9999
1444.11672 9999.0
1446.267092 9999
1448.174493 9999
1450.049181 9999
1451.945126 9999
1453.829145 9999
1455.700359 9999
1457.59694 9999
1459.504958 9999
1461.44339 9999
1463.320713 9999
1465.1905 9999
1467.10065 9999
1468.981794 9999
1470.892378 9999
1472.801359 9999
1474.660357 9999.0
1476.700876 9999
1478.572591 9999
1480.459793 9999
1482.354766 9999
1484.249126 9999
1486.144153 9999
1488.019077 9999
1489.889421 9999
1491.795069 9999
1493.66891 9999
1495.543154 9999
1497.446792 9999
1499.313634 9999
1501.169089 9999
1503.050024 9999
1504.939399 9999.0
1507.063459 9999
1508.943992 9999
1510.817979 9999
1512.735113 9999
1514.619772 9999
1516.500957 9999
1518.386611 9999
1520.283736 9999
1522.132725 9999
1523.992321 9999
1525.851679 9999
1527.712424 9999
1529.57496 9999
1531.418183 9999
1533.302408 9999
1535.189074 9999
1537.385803 9999
1539.24347 9999
1541.106429 9999
1542.964344 9999
1544.785265 9999
1546.650971 9999
1548.517233 9999
1550.415473 9999
1552.297685 9999
1554.185486 9999
1556.032134 9999
1557.889864 9999
1559.751659 9999
1561.62098 9999
1563.484364 9999
1565.38053 9999
1567.226203 9999.0
1569.334105 9999
1571.180362 9999
1573.035535 9999
1574.882596 9999
1576.745563 9999
1578.626326 9999
1580.49514 9999
1582.37475 9999
1584.244825 9999
1586.153103 9999
1588.038578 9999
1589.935743 9999
1591.803719 9999
1593.688526 9999
1595.584646 9999
1597.421156 9999
1599.294937 9999.0
1601.41876 9999
1603.262427 9999
1605.12436 9999
1607.007596 9999
1608.870773 9999
1610.724237 9999
1612.602383 9999
1614.460635 9999
1616.320247 9999
1618.18532 9999
1620.03938 9999
1621.8767 9999
1623.734233 9999
1625.598082 9999
1627.467273 9999
1629.332059 9999
1631.174504 9999.0
1633.303183 9999
1635.145936 9999
1637.02049 9999
1638.877883 9999
1640.762485 9999
1642.625925 9999
1644.507718 9999
1646.356296 9999
1648.204601 9999
1650.073666 9999
1651.913008 9999
1653.761328 9999
1655.61771 9999
1657.488308 9999
1659.355535 9999
1661.201174 9999
1663.057156 9999.0
1665.168415 9999
1667.044176 9999
1668.911857 9999
1670.775034 9999
1672.615242 9999
1674.472529 9999
1676.370954 9999
1678.274812 9999
1680.182162 9999
1682.079078 9999
1683.964524 9999
1685.839632 9999
1687.706875 9999
1689.579537 9999
1691.462875 9999
1693.3602 9999.0
1695.521647 9999
1697.391404 9999
1699.263987 9999
1701.134769 9999
1702.986845 9999
1704.869981 9999
1706.716904 9999
1708.584043 9999
1710.501523 9999
1712.377174 9999
1714.240503 9999
1716.088494 9999
1717.956942 9999
1719.843354 9999
1721.718896 9999
1723.623756 9999
1725.506792 9999.0
1727.712469 9999
1729.612556 9999
1731.535566 9999
1733.419331 9999
1735.31251 9999
1737.217525 9999
1739.079157 9999
1740.95322 9999
1742.858408 9999
1744.773468 9999
1746.664747 9999
1748.54964 9999
1750.435421 9999
1752.313516 9999
1754.221327 9999
1756.097192 9999.0
1758.196598 9999
1760.066134 9999
1761.939449 9999
1763.813169 9999
1765.719858 9999
1767.580164 9999
1769.416386 9999
1771.281834 9999
1773.151537 9999
1775.042241 9999
1776.902228 9999
1778.779607 9999
1780.657647 9999
1782.554193 9999
1784.438102 9999
1786.339721 9999.0
1788.529573 9999
1790.412665 9999
1792.298042 9999
1794.183235 9999
1795.923872 9999
1797.785181 9999
1799.642087 9999
1801.564043 9999
1803.414737 9999
1805.258556 9999
1807.131638 9999
1809.002588 9999
1810.864009 9999
1812.724585 9999
1814.590928 9999
1816.450588 9999
1818.351305 9999.0
1820.426166 9999
1822.27457 9999
1824.147499 9999
1826.031541 9999
1827.907317 9999
1829.762158 9999
1831.613013 9999
1833.471239 9999
1835.351545 9999
1837.227774 9999
1839.074365 9999
1840.936749 9999
1842.788992 9999
1844.66002 9999
1846.51536 9999
1848.366732 9999
1850.235822 9999.0
1852.396968 9999
1854.267306 9999
1856.129721 9999
1857.986622 9999
1859.866416 9999
1861.750473 9999
1863.604359 9999
1865.462528 9999
1867.345634 9999
1869.218048 9999
1871.101387 9999
1872.953452 9999
1874.856117 9999
1876.719103 9999
1878.590006 9999
1880.450371 9999
1882.320642 9999.0
1884.422867 9999
1886.281974 9999
1888.144849 9999
1890.038558 9999
1891.915574 9999
1893.8088 9999
1895.661571 9999
1897.529881 9999
1899.385707 9999
1901.247309 9999
1903.118443 9999
1904.956108 9999
1906.840886 9999
1908.674593 9999
1910.550778 9999
1912.43118 9999
1914.291952 9999.0
1916.449855 9999
1918.334362 9999
1920.194146 9999
1921.984569 9999
1923.888902 9999
1925.728604 9999
1927.600472 9999
1929.519149 9999
1931.422336 9999
1933.277931 9999
1935.146431 9999
1937.020091 9999
1938.896055 9999
1940.750236 9999
1942.657694 9999
1944.532047 9999
1946.411951 9999.0
1948.588967 9999
1950.470184 9999
1952.365889 9999
1954.237863 9999
1956.129721 9999
1957.985915 9999
1959.844403 9999
1961.704996 9999
1963.565325 9999
1965.400557 9999
1967.272784 9999
1969.145051 9999
1971.026343 9999
1972.914235 9999
1974.773251 9999
1976.652998 9999
1978.538881 9999.0
1980.636339 9999
1982.512611 9999
1984.362214 9999
1986.231757 9999
1988.091091 9999
1989.940502 9999
1991.822404 9999
1993.682758 9999
1995.569393 9999
1997.43768 9999
1999.288963 9999
2001.172303 9999
2003.029534 9999
2004.891741 9999
2006.763894 9999
2008.647035 9999
2010.498178 9999.0
2012.645434 9999
2014.515964 9999
2016.35242 9999
2018.247899 9999
2020.110918 9999
2022.012641 9999
2023.901199 9999
2025.78193 9999
2027.632966 9999
2029.502437 9999
2031.365403 9999
2033.245458 9999
2035.14415 9999
2037.0382 9999
2038.921257 9999
2040.781225 9999.0
2042.949913 9999
2044.815553 9999
2046.687786 9999
2048.5727 9999
2050.444954 9999
2052.313501 9999
2054.198601 9999
2056.048898 9999
2057.920679 9999
2059.828411 9999
2061.698125 9999
2063.587577 9999
2065.469582 9999
2067.33697 9999
2069.174545 9999
2071.048938 9999.0
2073.219457 9999
2075.068438 9999
2076.938808 9999
2078.834408 9999
2080.721027 9999
2082.593638 9999
2084.437871 9999
2086.310895 9999
2088.18432 9999
2090.05671 9999
2091.895047 9999
2093.761808 9999
2095.611726 9999
2097.482692 9999
2099.390583 9999
2101.239276 9999
2103.09056 9999.0
2105.22303 9999
2107.085424 9999
2108.969793 9999
2110.83521 9999
2112.696835 9999
2114.58057 9999
2116.457171 9999
2118.322847 9999
2120.18448 9999
2122.081078 9999
2123.956894 9999
2125.827966 9999
2127.701024 9999
2129.567184 9999
2131.454344 9999
2133.307082 9999
2135.436015 9999
2137.299467 9999
2139.194712 9999
2141.089877 9999
2142.986547 9999
2144.857459 9999
2146.717719 9999
2148.603518 9999
2150.509849 9999
2152.368631 9999
2154.239685 9999
2156.129374 9999
2158.020089 9999
2159.928434 9999
2161.812879 9999
2163.708651 9999.0
2165.872719 9999
2167.740059 9999
2169.590469 9999
2171.449153 9999
2173.321407 9999
2175.219474 9999
2177.10296 9999
2178.997971 9999
2180.872196 9999
2182.746767 9999
2184.616083 9999
2186.464072 9999
2188.321906 9999
2190.22022 9999
2192.081137 9999
2193.940958 9999
2195.836509 9999.0
2197.984095 9999
2199.854992 9999
2201.716633 9999
2203.601815 9999
2205.482818 9999
2207.390643 9999
2209.260526 9999
2211.158418 9999
2213.021083 9999
2214.933302 9999
2216.812524 9999
2218.692816 9999
2220.570778 9999
2222.438211 9999
2224.299868 9999
2226.207155 9999.0
2228.390115 9999
2230.310079 9999
2232.149397 9999
2234.01778 9999
2235.929486 9999
2237.83502 9999
2239.718599 9999
2241.604129 9999
2243.633557 9999
2245.552171 9999
2247.425826 9999
2249.309326 9999
2251.217585 9999
2253.101095 9999
2254.960651 9999
2256.828512 9999.0
2258.930349 9999
2260.803559 9999
2262.663496 9999
2264.537143 9999
2266.418337 9999
2268.318943 9999
2270.175379 9999
2272.070004 9999
2273.988975 9999
2275.883118 9999
2277.747654 9999
2279.645398 9999
2281.526336 9999
2283.403239 9999
2285.284117 9999
2287.153886 9999.0
2289.282603 9999
2291.16723 9999
2293.02676 9999
2294.898806 9999
2296.757451 9999
2298.640347 9999
2300.534934 9999
2302.396886 9999
2304.293531 9999
2306.206336 9999
2308.10865 9999
2310.001613 9999
2311.895625 9999
2313.781542 9999
2315.666129 9999
2317.525836 9999.0
2319.639799 9999
2321.52507 9999
2323.396474 9999
2325.226468 9999
2327.089912 9999
2328.949625 9999
2330.822516 9999
2332.717347 9999
2334.589924 9999
2336.462249 9999
2338.334519 9999
2340.204253 9999
2342.092176 9999
2343.972452 9999
2345.870734 9999
2347.707981 9999
2349.569683 9999.0
2351.716862 9999
2353.576896 9999
2355.438119 9999
2357.329745 9999
2359.183509 9999
2361.063738 9999
2362.944601 9999
2364.817861 9999
2366.711387 9999
2368.539894 9999
2370.389198 9999
2372.257491 9999
2374.122409 9999
2375.971396 9999
2377.842098 9999
2379.701613 9999
2381.557903 9999.0
2383.744077 9999
2385.636633 9999
2387.511236 9999
2389.381175 9999
2391.24366 9999
2393.137157 9999
2395.025004 9999
2396.903743 9999
2398.77978 9999
2400.662146 9999
2402.550153 9999
2404.417491 9999
2406.337854 9999
2408.22386 9999
2410.122973 9999
2412.034013 9999.0
2414.174727 9999
2416.0582 9999
2417.941923 9999
2419.825817 9999
2421.712966 9999
2423.596224 9999
2425.477995 9999
2427.339221 9999
2429.199028 9999
2431.102724 9999
2433.001662 9999
2434.867906 9999
2436.759784 9999
2438.63305 9999
2440.478162 9999
2442.362848 9999.0
2444.55823 9999
2446.444695 9999
2448.322885 9999
2450.20178 9999
2452.073461 9999
2453.943804 9999
2455.793077 9999
2457.66305 9999
2459.535341 9999
2461.430278 9999
2463.279591 9999
2465.148591 9999
2467.047549 9999
2468.942249 9999
2470.792996 9999
2472.642359 9999
2474.509191 9999.0
2476.650141 9999
2478.538521 9999
2480.452505 9999
2482.334067 9999
2484.257218 9999
2486.151683 9999
2488.030297 9999
2489.897049 9999
2491.754982 9999
2493.639859 9999
2495.533889 9999
2497.399211 9999
2499.254282 9999
2501.128748 9999
2503.023142 9999
2504.942337 9999.0
2507.092197 9999
2508.985471 9999
2510.846055 9999
2512.716474 9999
2514.586203 9999
2516.440586 9999
2518.301522 9999
2520.172182 9999
2522.078759 9999
2523.963394 9999
2525.832307 9999
2527.704494 9999
2529.57092 9999
2531.462908 9999
2533.354373 9999
2535.254105 9999.0
2537.44179 9999
2539.309992 9999
2541.160574 9999
2543.033501 9999
2544.914936 9999
2546.807698 9999
2548.669848 9999
2550.556977 9999
2552.439342 9999
2554.334291 9999
2556.217493 9999
2558.114154 9999
2559.999842 9999
2561.834372 9999
2563.72122 9999
2565.590956 9999.0
2567.761322 9999
2569.648755 9999
2571.530246 9999
2573.377113 9999
2575.242695 9999
2577.129386 9999
2578.993209 9999
2580.849723 9999
2582.719646 9999
2584.576515 9999
2586.472092 9999
2588.357425 9999
2590.22986 9999
2592.117852 9999
2594.012528 9999
2595.911388 9999.0
2598.075592 9999
2599.962578 9999
2601.841383 9999
2603.739983 9999
2605.623413 9999
2607.497447 9999
2609.390594 9999
2611.242735 9999
2613.148015 9999
2615.022308 9999
2616.928302 9999
2618.835997 9999
2620.730241 9999
2622.599598 9999
2624.471584 9999
2626.358749 9999.0
2628.483334 9999
2630.368785 9999
2632.243658 9999
2634.114355 9999
2635.996149 9999
2637.87105 9999
2639.753731 9999
2641.622535 9999
2643.492505 9999
2645.359077 9999
2647.250139 9999
2649.132456 9999
2651.040547 9999
2652.882751 9999
2654.763936 9999
2656.621755 9999.0
2658.82782 9999
2660.717947 9999
2662.617127 9999
2664.487378 9999
2666.380707 9999
2668.250009 9999
2670.115039 9999
2671.985306 9999
2673.867702 9999
2675.762514 9999
2677.627154 9999
2679.628653 9999
2681.50238 9999
2683.37225 9999
2685.276401 9999
2687.154616 9999.0
2689.310437 9999
2691.193828 9999
2693.101595 9999
2694.976966 9999
2696.84908 9999
2698.708779 9999
2700.589835 9999
2702.449543 9999
2704.298941 9999
2706.194703 9999
2708.091023 9999
2709.962966 9999
2711.858278 9999
2713.713002 9999
2715.623969 9999
2717.473323 9999.0
2719.624991 9999
2721.520816 9999
2723.38015 9999
2725.287773 9999
2727.166534 9999
2729.02153 9999
2730.883332 9999
2732.77474 9999
2734.637209 9999
2736.53147 9999
2738.438164 9999
2740.310427 9999
2742.209164 9999
2744.104864 9999
2746.008366 9999
2747.874998 9999.0
2749.984544 9999
2751.844002 9999
2753.729323 9999
2755.610168 9999
2757.54227 9999
2759.403587 9999
2761.313566 9999
2763.184133 9999
2765.090895 9999
2766.999052 9999
2768.869693 9999
2770.746632 9999
2772.639155 9999
2774.50161 9999
2776.385432 9999
2778.278384 9999.0
2780.401865 9999
2782.301353 9999
2784.196076 9999
2786.09561 9999
2787.986767 9999
2789.860939 9999
2791.733987 9999
2793.591274 9999
2795.474857 9999
2797.360622 9999
2799.246175 9999
2801.126923 9999
2803.005176 9999
2804.88069 9999
2806.751895 9999
2808.615654 9999.0
2810.764626 9999
2812.662748 9999
2814.556834 9999
2816.475716 9999
2818.373499 9999
2820.241068 9999
2822.135473 9999
2824.010612 9999
2825.872068 9999
2827.74531 9999
2829.626074 9999
2831.525999 9999
2833.405981 9999
2835.278492 9999
2837.141377 9999
2839.023183 9999.0
2841.206741 9999
2843.078643 9999
2844.961458 9999
2846.854402 9999
2848.731116 9999
2850.60369 9999
2852.477728 9999
2854.358628 9999
2856.21973 9999
2858.101927 9999
2860.001782 9999
2861.881551 9999
2863.771264 9999
2865.629755 9999
2867.507464 9999
2869.362101 9999.0
2871.529641 9999
2873.418579 9999
2875.297587 9999
2877.182754 9999
2879.079996 9999
2880.952455 9999
2882.846544 9999
2884.719834 9999
2886.577761 9999
2888.476168 9999
2890.358225 9999
2892.243961 9999
2894.137869 9999
2896.000943 9999
2897.90914 9999
2899.789736 9999.0
2902.013304 9999
2903.905916 9999
2905.791051 9999
2907.674899 9999
2909.584067 9999
2911.468544 9999
2913.342301 9999
2915.21259 9999
2917.108137 9999
2918.99183 9999
2920.890155 9999
2922.797025 9999
2924.704349 9999
2926.576038 9999
2928.462854 9999
2930.301308 9999.0
2932.444335 9999
2934.343016 9999
2936.226546 9999
2938.111398 9999
2939.954048 9999
2941.864526 9999
2943.727539 9999
2945.632472 9999
2947.550492 9999
2949.457698 9999
2951.344102 9999
2953.21894 9999
2955.096182 9999
2956.96089 9999
2958.866121 9999
2960.725941 9999.0
2962.84943 9999
2964.748122 9999
2966.617694 9999
2968.529906 9999
2970.424656 9999
2972.307637 9999
2974.210048 9999
2976.096828 9999
2977.900828 9999
2979.781011 9999
2981.694156 9999
2983.574202 9999
2985.46074 9999
2987.345008 9999
2989.252609 9999
2991.197046 9999.0
2993.359435 9999
2995.24148 9999
2997.124182 9999
2999.007806 9999
3000.916105 9999
3002.809259 9999
3004.704865 9999
3006.566 9999
3008.476997 9999
3010.373916 9999
3012.222091 9999
3014.10795 9999
3016.015886 9999
3017.88443 9999
3019.774387 9999
3021.652221 9999.0
3023.764359 9999
3025.68302 9999
3027.589607 9999
3029.478072 9999
3031.336518 9999
3033.229361 9999
3035.13473 9999
3037.007964 9999
3038.882483 9999
3040.768341 9999
3042.675611 9999
3044.58154 9999
3046.456883 9999
3048.355141 9999
3050.25476 9999
3052.135355 9999.0
3054.258072 9999
3056.126252 9999
3058.010098 9999
3059.870304 9999
3061.74054 9999
3063.605896 9999
3065.478199 9999
3067.345394 9999
3069.24717 9999
3071.209456 9999
3073.110353 9999
3075.014644 9999
3076.900463 9999
3078.772504 9999
3080.685828 9999
3082.56444 9999.0
3084.758694 9999
3086.668 9999
3088.576413 9999
3090.460462 9999
3092.356428 9999
3094.244327 9999
3096.109751 9999
3097.976259 9999
3099.860362 9999
3101.750505 9999
3103.636355 9999
3105.531615 9999
3107.428651 9999
3109.321647 9999
3111.194831 9999
3113.102366 9999.0
3115.240971 9999
3117.133445 9999
3119.03264 9999
3120.903216 9999
3122.788218 9999
3124.648898 9999
3126.550292 9999
3128.427831 9999
3130.32464 9999
3132.211997 9999
3134.056335 9999
3135.941037 9999
3137.823984 9999
3139.697613 9999
3141.622317 9999
3143.514598 9999.0
3145.65191 9999
3147.54362 9999
3149.404188 9999
3151.26194 9999
3153.148769 9999
3155.043905 9999
3156.911383 9999
3158.810959 9999
3160.684376 9999
3162.616798 9999
3164.519467 9999
3166.405679 9999
3168.277756 9999
3170.139327 9999
3171.976041 9999
3173.849499 9999.0
3176.047321 9999
3177.908935 9999
3179.776756 9999
3181.625131 9999
3183.484619 9999
3185.347359 9999
3187.203756 9999
3189.052827 9999
3190.899741 9999
3192.773819 9999
3194.656741 9999
3196.517537 9999
3198.389916 9999
3200.260505 9999
3202.106855 9999
3203.977182 9999
3205.836835 9999.0
3208.056601 9999
3209.966191 9999
3211.86242 9999
3213.77158 9999
3215.655045 9999
3217.540393 9999
3219.435082 9999
3221.298619 9999
3223.19877 9999
3225.055309 9999
3226.957629 9999
3228.85685 9999
3230.726158 9999
3232.611111 9999
3234.499784 9999
3236.393135 9999.0
3238.576569 9999
3240.47974 9999
3242.343769 9999
3244.242257 9999
3246.149056 9999
3248.023606 9999
3249.889132 9999
3251.788562 9999
3253.702471 9999
3255.607405 9999
3257.491368 9999
3259.409356 9999
3261.280354 9999
3263.17486 9999
3265.085378 9999
3266.945215 9999.0
3269.12941 9999
3270.978003 9999
3272.827111 9999
3274.733323 9999
3276.604936 9999
3278.501793 9999
3280.396615 9999
3282.294623 9999
3284.216967 9999
3286.106857 9999
3287.991885 9999
3289.925294 9999
3291.821514 9999
3293.705495 9999
3295.597553 9999
3297.506075 9999.0
3299.762966 9999
3301.660015 9999
3303.544979 9999
3305.438457 9999
3307.311109 9999
3309.19335 9999
3311.092597 9999
3312.997978 9999
3314.87886 9999
3316.770689 9999
3318.64167 9999
3320.496216 9999
3322.324642 9999
3324.229081 9999
3326.138553 9999
3327.978755 9999.0
3330.214274 9999
3332.10509 9999
3334.015283 9999
3335.932038 9999
3337.816301 9999
3339.724184 9999
3341.607396 9999
3343.495121 9999
3345.361269 9999
3347.284198 9999
3349.179853 9999
3351.086738 9999
3352.973773 9999
3354.857612 9999
3356.754783 9999
3358.644977 9999.0
3360.787017 9999
3362.671534 9999
3364.567159 9999
3366.457265 9999
3368.314863 9999
3370.205501 9999
3372.10013 9999
3373.970911 9999
3375.869629 9999
3377.776863 9999
3379.657233 9999
3381.567047 9999
3383.464911 9999
3385.351539 9999
3387.233387 9999
3389.112465 9999.0
3391.274285 9999
3393.145899 9999
3395.047451 9999
3396.920202 9999
3398.813305 9999
3400.69585 9999
3402.582592 9999
3404.492135 9999
3406.368944 9999
3408.2626 9999
3410.127883 9999
3412.058051 9999
3413.957865 9999
3415.837311 9999
3417.703343 9999
3419.585686 9999.0
3421.826749 9999
3423.713409 9999
3425.594646 9999
3427.492842 9999
3429.387483 9999
3431.309181 9999
3433.200026 9999
3435.062014 9999
3436.948744 9999
3438.796538 9999
3440.655062 9999
3442.550745 9999
3444.413458 9999
3446.252284 9999
3448.147959 9999
3450.029758 9999.0
3452.22385 9999
3454.093058 9999
3455.965281 9999
3457.848403 9999
3459.749837 9999
3461.645774 9999
3463.541673 9999
3465.350334 9999
3467.27476 9999
3469.165619 9999
3471.074034 9999
3472.987327 9999
3474.864493 9999
3476.731069 9999
3478.636468 9999
3480.568941 9999.0
3482.716015 9999
3484.597854 9999
3486.486144 9999
3488.377587 9999
3490.296381 9999
3492.171444 9999
3494.068607 9999
3495.963379 9999
3497.843034 9999
3499.721816 9999
3501.602744 9999
3503.489369 9999
3505.358621 9999
3507.232301 9999
3509.119221 9999
3511.003991 9999.0
3513.220817 9999
3515.092026 9999
3517.010764 9999
3518.93254 9999
3520.839145 9999
3522.71002 9999
3524.596261 9999
3526.471138 9999
3528.337902 9999
3530.224898 9999
3532.133729 9999
3534.016688 9999
3535.921949 9999
3537.79677 9999
3539.714118 9999
3541.624834 9999.0
3543.81825 9999
3545.681838 9999
3547.596366 9999
3549.491584 9999
3551.415865 9999
3553.28913 9999
3555.195551 9999
3557.102592 9999
3559.031045 9999
3560.930824 9999
3562.801234 9999
3564.710192 9999
3566.587649 9999
3568.444758 9999
3570.326485 9999
3572.196049 9999.0
3574.334588 9999
3576.207544 9999
3578.086887 9999
3579.939017 9999
3581.784396 9999
3583.621032 9999
3585.470162 9999
3587.342487 9999
3589.252187 9999
3591.115748 9999
3592.974763 9999
3594.860198 9999
3596.693192 9999
3598.562004 9999
3600.471396 9999
