0.432416 9999
0.672016 9999
1.026915 9999
1.253871 9999
1.482856 9999
1.73893 9999
2.007348 9999
2.256269 9999
2.481491 9999
2.704296 9999
2.926922 9999
3.183109 9999
3.429573 9999
3.654209 9999
3.881565 9999
4.11485 9999
4.417299 9999
4.652488 9999
4.880776 9999
5.10816 9999
5.335826 9999
5.561214 9999
5.784722 9999
6.011778 9999
6.245286 9999
6.465562 9999
6.696168 9999
6.928545 9999
7.155691 9999
7.393459 9999
7.634123 9999
7.854964 9999
8.082902 9999
8.300574 9999
8.525151 9999
8.751552 9999
8.976039 9999
9.19991 9999
9.432212 9999
9.660209 9999
9.893324 9999
10.118373 9999
10.35849 9999
10.580032 9999
10.812741 9999
11.05255 9999
11.289763 9999
11.515645 9999
11.744805 9999
11.973717 9999
12.19741 9999
12.428983 9999
12.656208 9999
12.883596 9999
13.109486 9999
13.344319 9999
13.574995 9999
13.800859 9999
14.043164 9999
14.269101 9999
14.497099 9999
14.727576 9999
14.960543 9999
15.186587 9999
15.417429 9999
15.638186 9999
15.869015 9999
16.106995 9999
16.335633 9999
16.565109 9999
16.799312 9999
17.025382 9999
17.26146 9999
17.483203 9999
17.710062 9999
17.942219 9999
18.164121 9999
18.40457 9999
18.625978 9999
18.85381 9999
19.07905 9999
19.297861 9999
19.521501 9999
19.748809 9999
19.973119 9999
20.200323 9999
20.431222 9999
20.65921 9999
20.889026 9999
21.130497 9999
21.370982 9999
21.604077 9999
21.832518 9999
22.07618 9999
22.315623 9999
22.547924 9999
22.778359 9999
23.018239 9999
23.286953 9999
23.518678 9999
23.749244 9999
23.979618 9999
24.209957 9999
24.44816 9999
24.677776 9999
24.90898 9999
25.148888 9999
25.393015 9999
25.623182 9999
25.85699 9999
26.090851 9999
26.324355 9999
26.561717 9999
26.796383 9999
27.029739 9999
27.26101 9999
27.495362 9999
27.720869 9999
27.979808 9999
28.218025 9999
28.457921 9999
28.685804 9999
28.930808 9999
29.160602 9999
29.386499 9999
29.614123 9999
29.856577 9999
30.092982 9999.0
30.555366 9999
30.803258 9999
31.036982 9999
31.280129 9999
31.532566 9999
31.769674 9999
32.01053 9999
32.247623 9999
32.480138 9999
32.723669 9999
32.97175 9999
33.225242 9999
33.455112 9999
33.696644 9999
33.934285 9999
34.1634 9999
34.395766 9999
34.635659 9999
34.868454 9999
35.121369 9999
35.354759 9999
35.590291 9999
35.825553 9999
36.062773 9999
36.346756 9999
36.571629 9999
36.800009 9999
37.034025 9999
37.284071 9999
37.532114 9999
37.761511 9999
38.00513 9999
38.241359 9999
38.496306 9999
38.733785 9999
38.960816 9999
39.19243 9999
39.429818 9999
39.674661 9999
39.93261 9999
40.182441 9999
40.432652 9999
40.691149 9999
40.934693 9999
41.186036 9999
41.431036 9999
41.673521 9999
41.926057 9999
42.189821 9999
42.431199 9999
42.670629 9999
42.910415 9999
43.160203 9999
43.405275 9999
43.650862 9999
43.900151 9999
44.16507 9999
44.414294 9999
44.68292 9999
44.930672 9999
45.175023 9999
45.421539 9999
45.6747 9999
45.91815 9999
46.162798 9999
46.410752 9999
46.661628 9999
46.909891 9999
47.154413 9999
47.405707 9999
47.652301 9999
47.901032 9999
48.138138 9999
48.409509 9999
48.655921 9999
48.89424 9999
49.155184 9999
49.398661 9999
49.652926 9999
49.936318 9999
50.18449 9999
50.43081 9999
50.700333 9999
50.939717 9999
51.180268 9999
51.431544 9999
51.692371 9999
51.940613 9999
52.184232 9999
52.429928 9999
52.673871 9999
52.930505 9999
53.177019 9999
53.437123 9999
53.685407 9999
53.940489 9999
54.211626 9999
54.45752 9999
54.711732 9999
54.973519 9999
55.225275 9999
55.463088 9999
55.715185 9999
55.958168 9999
56.202241 9999
56.441696 9999
56.691694 9999
56.944462 9999
57.21463 9999
57.464418 9999
57.711745 9999
57.954331 9999
58.203665 9999
58.447026 9999
58.700606 9999
58.942676 9999
59.188195 9999
59.461348 9999
59.738964 9999
60.017559 9999
