8.567519 6.58097887039
16.830427 6.15174603462
24.709815 5.72465109825
32.735329 5.90617513657
41.593932 9999
49.863626 6.16878795624
58.406528 9999
66.622014 6.09813809395
75.163887 9999
83.478741 6.19424295425
92.10929 6.53719687462
100.435286 6.22450089455
109.289742 6.57412600517
117.057296 5.67346811295
125.271192 6.09999084473
133.897635 6.51835393906
142.928158 9999
151.132696 6.08014297485
159.866464 6.63906502724
168.21217 6.22198605537
176.58353 9999
184.968408 6.26844000816
193.296172 6.21924495697
201.169743 5.75898694992
209.689732 6.28145098686
218.284318 6.4927611351
226.809604 6.4192738533
235.587268 9999.0
243.584369 5.73963284492
251.867613 6.19488191605
260.115862 6.1307489872
268.408067 6.18615221977
276.813975 6.15074086189
285.195215 6.26376199722
294.182113 6.88790798187
302.895696 6.59676408768
311.381351 6.27224183083
319.738566 6.15910792351
327.672343 5.82520318031
336.33763 6.57262015343
344.664493 6.11315584183
353.23373 6.46918797493
361.438192 6.09472179413
369.222508 5.69616413116
377.790271 6.34007906914
386.098311 6.18710017204
394.819903 6.62346410751
403.119693 6.19446897507
411.715493 6.36105298996
419.894888 9999
428.321701 6.31588315964
436.902609 9999.0
445.256141 6.13668608665
453.477847 6.14876508713
461.650795 9999
469.970762 6.22237110138
477.845562 5.65130996704
486.254431 6.2933280468
494.48266 6.11043596268
503.142243 6.56764411926
511.61825 6.27536201477
519.669896 5.9660179615
528.674858 6.89534211159
537.0483 6.27623295784
545.466351 6.17615699768
554.684145 9999
563.097728 6.30278301239
571.519721 6.32137203217
579.476696 5.72585201263
587.726886 6.14260697365
595.914123 6.08364605904
604.587478 6.58697199821
613.010774 6.17840409279
621.735776 6.62351179123
630.433229 6.60336399078
638.390218 5.86014795303
647.106257 6.49393796921
655.856675 6.66095590591
663.639122 5.69186091423
671.508597 5.76231718063
679.952989 6.20373797417
688.185975 6.13659310341
696.589459 6.31023907661
705.270399 6.58817911148
713.664638 6.17342305183
721.559605 5.80375790596
729.814373 6.17746591568
738.368892 6.46075797081
747.056557 6.46072292328
755.413585 6.25649499893
763.520796 6.00169706345
772.032631 9999.0
780.47763 6.20696592331
788.992885 9999
797.223631 6.13669300079
806.502021 9999.0
814.922137 6.13461399078
823.601547 6.58996319771
831.228696 5.55524492264
839.794756 6.4928381443
848.489738 6.47633600235
856.372529 5.78291487694
864.281695 5.79379796982
872.028965 5.65147209167
879.935678 5.6844060421
888.278033 6.22263002396
896.846781 6.47309994698
905.212206 6.28188610077
913.209944 5.75550794601
921.623424 6.31569910049
929.870795 6.1249358654
938.084217 6.11519289017
946.41045 6.10002493858
955.278099 6.77575016022
963.951584 6.57160496712
971.91931 9999.0
979.962052 5.79205799103
988.380706 6.3279299736
997.041667 6.55862212181
1005.252342 6.11005401611
1013.606553 6.11085104942
1021.378679 5.65851616859
1029.917778 9999
1038.618923 6.59529590607
1046.522324 5.66789603233
1054.239267 5.59150886536
1062.271524 5.93686199188
1070.103593 5.7411980629
1078.079711 5.74357414246
1086.385213 6.19500589371
1095.044841 6.56151199341
1103.021422 5.87935900688
1111.59508 6.34095001221
1120.009859 6.27815508842
1128.283593 6.19023418427
1136.147709 5.76993393898
1144.57267 6.17933607101
1152.521578 5.86331510544
1161.164441 6.52110505104
1169.482377 6.2109079361
1177.907111 6.1891078949
1186.127708 6.09977579117
1194.074959 5.84913611412
1202.749757 6.55750894547
1210.749258 5.73350405693
1218.513623 5.66397690773
1227.009486 9999
1235.315889 6.17535090446
1243.942309 9999
1252.223088 6.20065999031
1260.415093 6.09065508842
1269.195792 6.68508195877
1277.326119 5.91392207146
1285.682248 6.24522519112
1294.300681 6.49909496307
1302.58496 6.19055509567
1311.4485 6.60291099548
1319.888146 6.3486828804
1327.766173 5.76649188995
1335.246249 5.38729000092
1343.667034 6.18104815483
1351.863186 6.09662604332
1360.214782 6.25194501877
1368.11264 5.81309700012
1376.578301 6.21760797501
1384.479299 5.79857397079
1392.356114 5.77316713333
1400.122281 9999.0
1408.662914 6.29727506638
1417.236283 6.47221708298
1425.232687 5.87982392311
1433.89889 6.56829190254
1443.038856 9999
1451.875732 9999
1460.187373 6.19613099098
1468.916716 6.62348413467
1477.479632 9999
1485.915466 9999
1493.852319 5.80683803558
1502.067881 6.11812210083
1510.839133 6.51036310196
1519.421397 6.46679115295
1527.230282 5.69879198074
1535.439833 6.10228514671
1543.368091 5.7001709938
1551.230731 5.77202486992
1559.93841 6.58045196533
1568.196512 6.15912604332
1576.584314 6.14209294319
1584.366011 5.69780898094
1592.31027 5.82928299904
1600.74158 6.33513092995
1609.601174 6.60030603409
1617.399538 5.66910195351
1625.339977 5.81778907776
1633.595912 6.1582660675
1641.975474 6.15657401085
1649.774217 5.7080309391
1658.463653 6.60576605797
1666.32818 5.76462006569
1674.465251 5.89288520813
1683.166289 6.59371590614
1691.459364 6.17477893829
1699.520601 5.94564390182
1708.001581 6.24366211891
1716.742829 6.63449811935
1724.73622 5.88030481339
1733.434702 6.58858180046
1741.41853 5.76882600784
1749.641896 6.12598896027
1758.221471 6.48319101334
1766.439366 9999.0
1775.309926 6.62362504005
1782.882022 5.46992993355
1791.52846 9999
1800.098682 6.46255898476
1808.739443 9999
1816.528303 5.68001794815
1825.211814 6.58179593086
1833.138331 5.79096603394
1841.193266 5.79301691055
1849.439388 6.10871696472
1857.269276 5.72250390053
1865.171651 5.78147816658
1873.283327 5.86718797684
1881.198835 5.79387116432
1889.416552 6.1293399334
1898.061375 6.54696512222
1906.045871 5.82313299179
1914.499604 6.36351394653
1922.937538 6.3165769577
1931.629035 6.56094694138
1939.689993 5.8187789917
1947.939898 6.16600394249
1956.2661 6.21818089485
1964.542786 6.16991591454
1972.69697 5.90823698044
1981.731683 9999
1989.730923 5.90251708031
1998.013986 6.19472312927
2006.946145 6.66932106018
2015.534418 6.49088120461
2024.233342 6.57262992859
2032.034811 5.70327210426
2040.066224 5.77674007416
2048.519608 6.33194088936
2056.34018 5.70298910141
2064.178201 5.75068306923
2073.037908 6.59499001503
2080.815787 5.68869590759
2089.534158 6.62137508392
2098.130517 6.50525999069
2106.075733 5.70629787445
2114.266395 6.09602212906
2123.363242 6.99388217926
2131.991075 6.52196097374
2140.433458 6.2019340992
2149.525654 6.98287987709
2157.810575 6.17833590508
2165.880567 5.95223498344
2174.713487 6.60046315193
2182.600977 5.79250717163
2191.134602 6.3991189003
2199.434289 6.19878816605
2208.715605 6.98976278305
2217.004567 6.1763548851
2225.275726 6.16918897629
2233.930315 6.56460595131
2242.118121 9999
2250.567377 6.34402894974
2258.698959 6.02952694893
2266.996556 6.18498897552
2275.370899 6.09505391121
2284.247889 9999
2292.098004 5.7246568203
2300.594745 9999.0
2308.681529 5.84116697311
2316.94036 6.15005922318
2325.593478 6.54835295677
2333.842279 6.15191507339
2342.332394 6.2579190731
2350.087076 5.67189502716
2358.858891 9999
2367.305151 6.34053206444
2375.812097 6.2715280056
2384.150797 6.2289788723
2392.066857 5.78463888168
2400.40996 6.23504519463
2408.558759 5.92616891861
2416.396626 5.73334693909
2424.845598 9999
2432.666865 5.69428396225
2441.274411 9999
2449.717159 9999
2457.955887 6.1186850071
2466.032605 9999.0
2474.458872 6.17604804039
2482.299646 5.69487786293
2490.924346 6.51889300346
2499.68837 6.67873382568
2508.310142 9999
2516.527324 6.10784006119
2524.671541 6.05063605309
2533.569315 9999.0
2542.022471 6.21057915688
2550.919272 6.75248908997
2559.644554 6.57730102539
2567.822315 6.01441907883
2576.609824 6.50118708611
2584.405367 5.69844698906
2592.417067 5.89289093018
2600.283362 5.76644182205
2608.236171 5.70627117157
2616.603432 6.21266889572
2624.902427 6.15997004509
2632.476233 5.4835319519
2640.981889 6.27500081062
2649.4179 6.30225801468
2657.750373 6.22084593773
2665.798534 5.90645003319
2674.212929 6.1719930172
2682.708492 9999
2691.096521 6.25456094742
2699.18038 5.95095014572
2707.645021 6.18909192085
2716.04722 6.30725693703
2724.727558 6.55818796158
2733.15643 9999.0
2741.959029 6.56452393532
2750.22739 6.17591381073
2758.096802 5.76929998398
2766.458235 6.26385784149
2775.110692 6.40337586403
2783.308919 6.08596992493
2791.601133 6.17808103561
2800.28062 6.5271089077
2808.638318 6.14530587196
2816.655981 5.89679718018
2825.04996 6.25436210632
2833.485692 6.34402704239
2841.962794 6.22074890137
2850.214443 6.11385893822
2858.281711 9999
2866.186637 5.79827785492
2874.737186 6.26222801208
2883.432996 6.55807709694
2891.676064 6.11225795746
2899.835556 6.06337499619
2908.233714 6.11221003532
2916.45559 6.11128520966
2924.84742 6.29127120972
2932.738106 5.77524495125
2941.011423 9999
2948.835481 5.69633698463
2956.947345 5.99698591232
2964.756655 5.72382307053
2973.110387 6.11964797974
2981.291481 9999
2989.986154 6.58615589142
2998.537038 6.44332790375
3006.951568 6.16746401787
3015.208634 6.14983510971
3023.641064 6.32012987137
3032.303322 6.56817698479
3040.872282 6.21297597885
3048.998578 6.03483581543
3057.03836 9999
3065.670965 6.48258709908
3073.766434 5.77190995216
3082.330896 6.48847913742
3090.168043 5.71813011169
3098.011282 5.7239151001
3106.562365 6.28394603729
3114.513386 5.845307827
3122.771478 6.15134382248
3131.066009 6.19704318047
3139.617504 6.2737019062
3147.961949 6.22454285622
3156.321556 6.2531940937
3163.889216 5.43973612785
3172.30685 6.1485388279
3180.122266 5.68154788017
3188.533443 6.30717992783
3196.718513 6.09186816216
3204.703574 5.7043671608
3213.290055 6.47467207909
3222.290882 6.90622615814
3230.218679 5.76371002197
3238.604855 6.14927005768
3247.294304 6.55660700798
3256.33528 9999
3264.169909 5.69916510582
3272.74407 6.23239302635
3280.672529 5.82932400703
3289.472395 6.64703416824
3297.826026 6.25491714478
3305.878979 5.77640485764
3314.244462 6.24358296394
3322.998187 6.60284996033
3331.742655 6.63557004929
3340.13606 6.13198804855
3348.434672 6.20371603966
3356.741587 6.16948509216
3365.387328 6.51465916634
3373.42086 5.72575879097
3382.064851 6.54504704475
3390.507652 6.33897614479
3399.096459 6.50500106812
3407.496747 6.16389703751
3415.880279 6.24271178246
3424.07833 6.10623598099
3432.54519 6.27224302292
3441.358662 6.58465909958
3450.089089 6.62253785133
3458.511859 6.2713739872
3467.227334 6.61204600334
3475.18904 5.71695685387
3483.800008 6.47656488419
3492.417989 6.49743199348
3500.795271 6.26547598839
3508.904657 5.85896611214
3517.504538 6.51279211044
3525.745613 6.11439990997
3534.040566 6.1874859333
3542.698453 6.40653991699
3550.617122 5.81143784523
3558.554589 5.78972482681
3567.00564 9999.0
3575.610615 6.30322384834
3583.818984 6.10636901855
3592.415091 6.50483703613
3600.762034 6.23364496231
