26.910988 1.19750521183
80.062112 2.53801227808
106.797553 1.20971158743
125.658714 0.817219400406
144.538767 0.819712483883
163.254404 0.815233695507
189.584217 1.19498753548
215.969346 1.20008064508
234.982427 0.823801481724
266.019335 1.4328802824
292.603378 1.20161533356
311.516484 0.823070669174
342.652698 1.43523368835
361.648537 0.820984625816
414.734309 2.53529752493
446.072482 1.43347257376
465.066988 0.820841610432
496.254838 1.4391759038
515.185303 0.818200564384
546.38788 1.43927773237
573.139569 1.20927625895
592.218873 0.829621291161
619.002343 1.20805897713
650.056354 1.43329589367
669.137587 0.824829924107
700.20678 1.43361792564
727.007133 1.21016942263
753.507886 1.20290261507
807.010781 2.54761503935
826.122482 0.823861777782
852.707547 1.20916354656
879.558916 1.20877075195
906.058796 1.20328637362
925.022247 0.817817175388
956.342246 1.43823649883
975.487704 0.826579093933
1006.659797 1.43750498295
1025.592283 0.8193608284
1044.466907 0.822393476963
1097.769729 2.54203324318
1116.898451 0.825467729568
1135.678864 0.815390491486
1188.862562 2.53848134279
1207.976915 0.824222671986
1234.511177 1.2070610404
1265.830723 1.43373303413
1284.928792 0.823630666733
1303.773154 0.822906470299
1330.257252 1.19966579676
1349.084986 0.817840719223
1380.223152 1.43182300329
1399.385263 0.826141858101
1418.118207 0.818055546284
1471.283618 2.53436354399
1498.050706 1.20811072588
1524.585585 1.20418463945
1555.889682 1.43539383411
1574.951753 0.824320614338
1601.403688 1.20245081186
1632.657073 1.43600326777
1651.686158 0.821756196022
1678.353531 1.21093269587
1709.557834 1.4344306469
1728.605094 0.820276284218
1747.432888 0.822812128067
1766.298826 0.819276893139
1785.241094 0.828410816193
1804.05372 0.816410326958
1857.205091 2.54015333652
1876.318207 0.826353800297
1902.885237 1.20996388197
1921.898115 0.820941567421
1948.366468 1.20222967863
1967.378402 0.823245203495
1986.207529 0.820215260983
2005.119483 0.822110021114
2031.453787 1.19669783115
2057.940812 1.19853298664
2076.716999 0.81578040123
2095.680446 0.823232328892
2114.545934 0.822387444973
2133.421176 0.820035886765
2152.167764 0.8175984025
2171.063497 0.820320475101
2197.530934 1.20571719408
2216.46011 0.817883503437
2242.746527 1.19655897617
2269.394727 1.20441553593
2295.962679 1.20775094032
2314.974963 0.823917078972
2345.861931 1.42519199848
2399.364524 2.54477058649
2418.443282 0.8257625103
2444.897933 1.20283952951
2463.857196 0.818677663803
2517.091873 2.54347801208
2536.238789 0.824627327919
2555.133849 0.82569617033
2608.419424 2.53823554516
2627.598738 0.821583724022
2680.867802 2.54139261246
2712.372002 1.44216347933
2765.973766 2.54653992653
2785.002534 0.819846665859
2816.056488 1.43297005892
2835.085939 0.821147382259
2853.947829 0.821970057487
2885.219476 1.43616113663
2916.559416 1.43720072508
2935.569404 0.820509314537
2988.986954 2.55107492208
3020.442137 1.43876937628
3039.738424 0.832053136826
3058.449881 0.815843391418
3089.688634 1.43308217525
3108.800205 0.824993681908
3140.004079 1.44015151262
3193.522831 2.54552227259
3220.391563 1.20759321451
3239.386883 0.825939917564
3266.054125 1.20477110147
3319.323129 2.54297329187
3338.385625 0.818797147274
3357.2343 0.823221027851
3410.53348 2.53759906292
3442.038166 1.43798387051
3468.82229 1.2063739419
3487.801326 0.823526418209
3506.950114 0.825993824005
3525.693353 0.817940783501
3556.980494 1.43369859457
3610.582779 2.54429135323
