7.652572 9999
15.025162 9999
27.082872 2.28964893023
39.1172 2.28953576088
46.546574 9999
53.749419 9999
65.653299 2.23982938131
77.396518 2.21352402369
89.589431 2.21142339706
101.423089 2.20550902685
113.259354 2.21703966459
125.368649 2.21413334211
132.660818 9999
144.408265 2.21172897021
156.694868 2.25033569336
168.594541 2.25918078423
180.362897 2.20837569237
187.828299 9999
199.702894 2.20965401332
211.69127 2.25517702103
223.756079 2.21446824074
235.51139 2.2161359787
247.358723 2.21521162987
259.958582 2.21811469396
271.90973 2.25726874669
283.827992 2.20985468229
295.808938 2.2060786883
308.030177 2.26809708277
319.893259 2.25802063942
331.954076 2.21241267522
343.813512 2.24932130178
355.714513 2.2355149587
367.937732 2.21043117841
379.652592 2.20865829786
391.750944 2.21312967936
404.043556 2.26400200526
415.900011 2.21317164103
427.852585 2.21039628983
439.916916 2.21688365936
451.727486 2.20920769374
458.898105 9999.0
471.340716 2.21995997429
483.216055 2.20434308052
494.987652 2.21103398005
507.085563 2.21158130964
518.873268 2.20871869723
530.981699 2.25724935532
543.083211 2.20969144503
554.859582 2.21133565903
566.729188 2.22017765045
578.901166 2.21316639582
590.818334 2.25503929456
603.10476 2.21290636063
615.215921 2.21628904343
627.219201 2.23004492124
639.003231 2.21994312604
651.265669 2.22947096825
663.198315 2.22163367271
675.122485 2.22175335884
687.332577 2.21683565776
699.135426 2.23003458977
710.925153 2.22244636218
723.115961 2.21903673808
734.908322 2.20914896329
746.902287 2.21863802274
758.914069 2.20443765322
770.676363 2.21945134799
782.53642 2.21028327942
794.754456 2.23821600278
806.567372 2.2166185379
818.282276 2.2071103255
830.377133 2.21451663971
842.124122 2.20257465045
853.82365 2.21504092216
865.898225 2.21387465795
877.81101 2.208122015
889.727158 2.2114973863
902.211333 2.20950468381
913.953468 2.2144613266
925.898321 2.21666669846
938.050294 2.2229150931
949.797413 2.21044913928
961.737664 2.21166237195
973.809816 2.22108999888
985.654426 2.21294093132
997.594308 2.20658699671
1009.762133 2.21723604202
1021.528232 2.21194132169
1033.535782 2.2070016861
1045.679026 2.20565668742
1057.503934 2.21169495583
1069.540298 2.20568466187
1081.799951 2.21392393112
1093.734728 2.21348166466
1100.932808 9999.0
1113.209898 2.20995036761
1125.243615 2.21799739202
1132.36794 9999.0
1144.446345 2.21357035637
1156.297263 2.21410568555
1168.089743 2.21831464767
1180.160156 2.20851270358
1191.928716 2.22073690097
1203.70716 2.21767099698
1215.725148 2.21454040209
1227.658012 2.20811708768
1239.575874 2.22979958852
1251.672979 2.23495737712
1258.944727 9999
1270.728905 2.20800018311
1282.755874 2.21213595072
1294.578268 2.21686975161
1306.482591 2.20817796389
1314.000131 9999
1325.865331 2.20962206523
1337.861565 2.25848094622
1349.918855 2.21614599228
1361.847407 2.21937823296
1373.833716 2.21557132403
1386.047611 2.22780776024
1397.850026 2.21365960439
1410.049243 2.2115213871
1417.393713 9999
1429.213367 2.21148363749
1440.992775 2.21178293228
1453.272151 2.24543126424
1465.361527 2.25246278445
1477.227194 2.22010310491
1489.384498 2.2119196256
1501.325426 2.22091134389
1508.581224 9999.0
1520.739752 2.22480297089
1528.101935 9999
1535.279791 9999
1547.292135 2.21950030327
1559.352737 2.21253625552
1571.336974 2.21407302221
1583.201372 2.21299425761
1595.28379 2.2143406868
1607.179228 2.20833023389
1614.340932 9999.0
1626.574653 2.23427621524
1638.513756 2.21936194102
1650.527943 2.20683876673
1662.562149 2.21335697174
1674.696168 2.23885925611
1686.646185 2.20949824651
1698.765695 2.21897300084
1710.665041 2.21078332265
1722.429962 2.21109469732
1734.554406 2.20585330327
1746.413886 2.20925362905
1758.218032 2.20866235097
1770.290726 2.20795098941
1782.250748 2.21021739642
1794.0808 2.20404966672
1806.107536 2.21125936508
1817.853521 2.21376395226
1829.750651 2.23038665454
1841.878298 2.22126785914
1853.834747 2.20821873347
1861.118515 9999.0
1873.404313 2.21676341693
1885.265684 2.21014293035
1897.139522 2.22298034032
1909.262501 2.20711708069
1920.994651 2.20992763837
1928.262989 9999.0
1940.510541 2.22103230158
1952.34762 2.20957930883
1964.364413 2.21439266205
1976.512044 2.21353403727
1988.235228 2.20862166087
2000.398712 2.21765263875
2012.558964 2.21382856369
2024.802881 2.22121636073
2032.030135 9999.0
2044.110138 2.21749734879
2056.030785 2.21528323491
2067.870352 2.21008237203
2080.033043 2.23958992958
2091.941486 2.20560701688
2103.83234 2.21668203672
2115.831779 2.20232566198
2127.75282 2.21242976189
2139.517297 2.21314469973
2151.571837 2.21825933456
2163.369572 2.22947661082
2175.231978 2.20280694962
2187.435457 2.21958422661
2199.297878 2.21761242549
2211.087997 2.21731440226
2223.257577 2.22670729955
2235.070999 2.20731433233
2246.96295 2.21014968554
2259.02921 2.21625669797
2270.894588 2.21807750066
2282.744406 2.21237111092
2295.027668 2.20887239774
2306.786078 2.21380503972
2318.655107 2.2127242883
2330.642307 2.21174899737
2342.651829 2.23818969727
2354.501072 2.21087026596
2361.953115 9999
2373.787653 2.23872327805
2385.536851 2.20970503489
2397.74236 2.21161937714
2409.619699 2.21379899979
2421.486535 2.21085770925
2433.557626 2.20976869265
2445.383819 2.2099053065
2457.549657 2.20878307025
2469.726551 2.20743497213
2481.621783 2.20773704847
2493.406999 2.21512301763
2505.417417 2.20612764359
2512.838118 9999
2524.744307 2.21277228991
2537.157081 2.21412690481
2549.025018 2.22699435552
2560.809572 2.21153068542
2573.031843 2.25761453311
2584.917621 2.21696639061
2596.756031 2.20561464628
2604.605658 9999
2616.421056 2.20478494962
2628.451282 2.20622960726
2640.588306 2.20897364616
2652.35274 2.21286876996
2664.224845 2.24719977379
2676.568071 2.21195268631
2688.439243 2.21389102936
2700.410918 2.22664729754
2712.332234 2.20889631907
2724.30962 2.21946628888
2736.167723 2.20813091596
2748.455159 2.21690559387
2760.297861 2.22092310588
2772.080117 2.21371499697
2784.119418 2.2107000351
2791.288399 9999
2803.131752 2.21231563886
2815.255489 2.22378404935
2827.516586 2.3053372701
2839.386873 2.20932761828
2851.593616 2.2534023126
2863.683984 2.21776556969
2875.424463 2.21042116483
2887.79661 2.21909364065
2900.048452 2.21535563469
2912.120419 2.21263202031
2924.403388 2.24045697848
2936.278068 2.21519668897
2943.443888 9999.0
2955.858237 2.22302865982
2963.124687 9999
2974.971264 2.22127230962
2987.041797 2.22049164772
2994.218613 9999
3005.996798 2.22885799408
3018.379 2.27809119225
3030.339383 2.20924266179
3042.072836 2.21494698524
3054.071284 2.21749162674
3066.065216 2.20387434959
3078.160112 2.21716268857
3090.680449 2.21274638176
3102.454509 2.21169996262
3114.566734 2.21602503459
3126.659536 2.21362098058
3138.731323 2.21967260043
3150.508002 2.2111026446
3162.623105 2.23980164528
3174.69547 2.21926832199
3186.45234 2.22258472443
3198.613886 2.21517499288
3210.403786 2.20559930801
3217.685886 9999.0
3229.918051 2.20701169968
3241.832324 2.23926059405
3253.647622 2.20070036252
3265.896496 2.20846867561
3273.310738 9999
3285.425433 2.22896162669
3293.452361 9999
3305.284797 2.21313897769
3312.579097 9999
3319.8439 9999.0
3331.882431 2.20385662715
3344.039523 2.21534498533
3355.747018 2.20138859749
3367.829535 2.21641039848
3379.611949 2.21091731389
3391.529909 2.21493204435
3403.813975 2.21058901151
3415.77084 2.21796266238
3427.642249 2.21032102903
3439.865507 2.21847772598
3451.71917 2.21181774139
3463.487578 2.21891729037
3475.781319 2.23954669635
3487.663461 2.21314907074
3499.443078 2.21244390806
3511.696717 2.20954736074
3523.660148 2.21527608236
3535.667886 2.23983430862
3548.109334 2.21034304301
3560.046481 2.21260325114
3571.851019 2.20565493902
3583.863509 2.20695265134
3591.16524 9999
3598.34903 9999
3610.179958 2.20161167781
