183.818522 9.09796136618
367.498181 9.08980851173
592.499664 11.1555301428
822.053404 11.3807368875
1045.185659 11.0672468543
1132.800151 4.28771812916
1136.636088 9999
1319.974675 9.08377610445
1407.329695 4.27574368715
1590.861487 9.08963763714
1773.984921 9.06380050182
1777.984734 9999
1781.524098 9999
1906.020022 6.14926319122
2131.381646 11.175992763
2218.355156 4.25357943773
2305.879063 4.29053248167
2392.917968 4.2594430685
2479.95295 4.26042388678
2566.967294 4.25940666199
2691.914303 6.15662173033
2778.911819 4.2582425952
2866.148417 4.2635316968
2991.298451 6.16209539175
3078.331005 4.2622723341
3163.182875 4.15021774769
3247.97227 4.15067204237
3333.439293 4.1787527442
3418.186633 4.14236953259
3502.931992 4.14308714867
3686.956545 9.10738579035
