2.048315 9999
3.947951 9999
5.856808 9999
7.705193 9999
9.562972 9999
11.454476 9999
13.330079 9999
15.191518 9999
17.077028 9999
18.951572 9999
20.871499 9999
22.751134 9999
24.6311 9999
26.482631 9999
28.377068 9999
30.243881 9999.0
32.377041 9999
34.233355 9999
36.10586 9999
37.971556 9999
39.837347 9999
41.780421 9999
43.664523 9999
45.530167 9999
47.406231 9999
49.24499 9999
51.121896 9999
52.967362 9999
54.838815 9999
56.703829 9999
58.549385 9999
60.41714 9999
62.302369 9999.0
64.366168 9999
66.203535 9999
68.078949 9999
69.924832 9999
71.798365 9999
73.681973 9999
75.565988 9999
77.435614 9999
79.31021 9999
81.178357 9999
83.052365 9999
84.913424 9999
86.771728 9999
88.600083 9999
90.447901 9999
92.326576 9999
94.189026 9999.0
96.286542 9999
98.147636 9999
100.011837 9999
101.896214 9999
103.775448 9999
105.639225 9999
107.496435 9999
109.366747 9999
111.227915 9999
113.110532 9999
114.94609 9999
116.820685 9999
118.692423 9999
120.529891 9999
122.401755 9999
124.258711 9999
126.133971 9999.0
128.23073 9999
130.115755 9999
131.976585 9999
133.842772 9999
135.722051 9999
137.618816 9999
139.489633 9999
141.421228 9999
143.268679 9999
145.154056 9999
147.004644 9999
148.885121 9999
150.747978 9999
152.620373 9999
154.503021 9999
156.375645 9999.0
158.481974 9999
160.342563 9999
162.192903 9999
164.05346 9999
165.925149 9999
167.775582 9999
169.645412 9999
171.527276 9999
173.398778 9999
175.272165 9999
177.146278 9999
179.0196 9999
180.875331 9999
182.72878 9999
184.598982 9999
186.493759 9999
188.384525 9999.0
190.498612 9999
192.371667 9999
194.229407 9999
196.069421 9999
197.925648 9999
199.791132 9999
201.646261 9999
203.519893 9999
205.408054 9999
207.26559 9999
209.140042 9999
211.024142 9999
212.88364 9999
214.751433 9999
216.62567 9999
218.500245 9999
220.381558 9999.0
222.505588 9999
224.357018 9999
226.244199 9999
228.119299 9999
229.977533 9999
231.851918 9999
233.754459 9999
235.598341 9999
237.481564 9999
239.360962 9999
241.24874 9999
243.118912 9999
244.992024 9999
246.865909 9999
248.736203 9999
250.599025 9999
252.483213 9999.0
254.678926 9999
256.560105 9999
258.396817 9999
260.259968 9999
262.140984 9999
264.002904 9999
265.859281 9999
267.741651 9999
269.612074 9999
271.477428 9999
273.340101 9999
275.227103 9999
277.087324 9999
278.939896 9999
280.808435 9999
282.663876 9999
284.554249 9999.0
286.718149 9999
288.619792 9999
290.499206 9999
292.336824 9999
294.228378 9999
296.123113 9999
297.991355 9999
299.821985 9999
301.702849 9999
303.577752 9999
305.427528 9999
307.315197 9999
309.177545 9999
311.054302 9999
312.951422 9999
314.810008 9999
316.705302 9999.0
318.83949 9999
320.722668 9999
322.597769 9999
324.475819 9999
326.365419 9999
328.230972 9999
330.087553 9999
331.952011 9999
333.823438 9999
335.712571 9999
337.611518 9999
339.491841 9999
341.375547 9999
343.248067 9999
345.095252 9999
346.942088 9999
349.089238 9999
350.962503 9999
352.818917 9999
354.683017 9999
356.55747 9999
358.440785 9999
360.319264 9999
362.19807 9999
364.084823 9999
365.955975 9999
367.819011 9999
369.687907 9999
371.569609 9999
373.512075 9999
375.422413 9999
377.322022 9999.0
379.422358 9999
381.290532 9999
383.161201 9999
385.046406 9999
386.938009 9999
388.813724 9999
390.690788 9999
392.544709 9999
394.418815 9999
396.292412 9999
398.149909 9999
400.023716 9999
401.885048 9999
403.766311 9999
405.641181 9999
407.500165 9999
409.368402 9999.0
411.527022 9999
413.411144 9999
415.312002 9999
417.181162 9999
419.066237 9999
420.969179 9999
422.845399 9999
424.718352 9999
426.603685 9999
428.475937 9999
430.36134 9999
432.218578 9999
434.078532 9999
435.960669 9999
437.800518 9999
439.715574 9999.0
441.853805 9999
443.751205 9999
445.551496 9999
447.433781 9999
449.307196 9999
451.177935 9999
453.046692 9999
454.943591 9999
456.826683 9999
458.714188 9999
460.585535 9999
462.460108 9999
464.366968 9999
466.24024 9999
468.131004 9999
470.014573 9999.0
472.141028 9999
474.016382 9999
475.921981 9999
477.80284 9999
479.68673 9999
481.578727 9999
483.468651 9999
485.342242 9999
487.260729 9999
489.133889 9999
491.030807 9999
492.914884 9999
494.808204 9999
496.693251 9999
498.57664 9999
500.486657 9999.0
502.558825 9999
504.454735 9999
506.326876 9999
508.204414 9999
510.049188 9999
511.915705 9999
513.771 9999
515.630602 9999
517.524092 9999
519.397469 9999
521.269866 9999
523.173243 9999
525.013548 9999
526.895186 9999
528.782901 9999
530.690753 9999.0
532.777124 9999
534.664099 9999
536.557588 9999
538.407732 9999
540.279409 9999
542.123332 9999
543.994275 9999
545.833559 9999
547.682389 9999
549.553553 9999
551.413384 9999
553.286149 9999
555.100481 9999
556.969368 9999
558.838102 9999
560.703117 9999
562.59334 9999.0
564.674407 9999
566.539642 9999
568.428864 9999
570.309311 9999
572.206768 9999
574.074005 9999
575.943619 9999
577.803816 9999
579.681788 9999
581.546683 9999
583.428663 9999
585.299646 9999
587.163494 9999
589.062105 9999
590.946325 9999
592.817592 9999.0
594.907176 9999
596.742198 9999
598.599487 9999
600.482101 9999
602.352945 9999
604.210965 9999
606.087093 9999
607.909002 9999
609.801104 9999
611.651205 9999
613.486036 9999
615.325977 9999
617.175157 9999
619.022943 9999
620.86958 9999
622.720526 9999
624.60275 9999.0
626.740404 9999
628.613538 9999
630.469797 9999
632.34404 9999
634.197381 9999
636.074554 9999
637.935879 9999
639.802218 9999
641.677866 9999
643.514972 9999
645.394148 9999
647.258565 9999
649.114296 9999
651.034179 9999
652.896999 9999
654.775814 9999
656.667181 9999.0
658.813393 9999
660.709115 9999
662.595519 9999
664.478038 9999
666.34982 9999
668.244775 9999
670.128373 9999
671.975556 9999
673.872284 9999
675.781585 9999
677.667561 9999
679.548482 9999
681.432005 9999
683.339489 9999
685.236482 9999
687.109036 9999.0
689.229377 9999
691.116531 9999
692.990159 9999
694.89705 9999
696.772109 9999
698.641624 9999
700.525721 9999
702.411554 9999
704.2799 9999
706.163915 9999
708.03761 9999
709.921168 9999
711.805988 9999
713.713412 9999
715.566098 9999
717.446297 9999.0
719.543413 9999
721.442394 9999
723.323509 9999
725.197422 9999
727.114101 9999
729.011385 9999
730.862045 9999
732.700722 9999
734.579061 9999
736.514843 9999
738.398586 9999
740.26971 9999
742.15023 9999
744.025576 9999
745.886088 9999
747.745508 9999.0
749.886512 9999
751.779651 9999
753.683169 9999
755.555189 9999
757.407016 9999
759.256471 9999
761.150962 9999
763.009594 9999
764.880485 9999
766.752654 9999
768.614682 9999
770.475662 9999
772.345135 9999
774.214698 9999
776.077656 9999
777.964067 9999
780.082087 9999
781.969961 9999
783.865527 9999
785.737848 9999
787.610116 9999
789.469283 9999
791.341465 9999
793.20151 9999
795.085869 9999
796.933971 9999
798.781585 9999
800.651112 9999
802.525829 9999
804.387447 9999
806.265962 9999
808.140091 9999
810.013409 9999.0
812.106623 9999
813.971903 9999
815.831896 9999
817.729151 9999
819.588941 9999
821.449386 9999
823.34359 9999
825.218689 9999
827.075021 9999
828.949486 9999
830.797821 9999
832.690879 9999
834.565524 9999
836.437705 9999
838.310572 9999
840.193296 9999
842.051612 9999.0
844.151015 9999
846.037211 9999
847.905348 9999
849.754985 9999
851.619501 9999
853.476334 9999
855.315265 9999
857.185107 9999
859.063353 9999
860.901723 9999
862.790233 9999
864.687 9999
866.524163 9999
868.39088 9999
870.263251 9999
872.124718 9999
874.021467 9999.0
876.18293 9999
878.058808 9999
879.91585 9999
881.775215 9999
883.624446 9999
885.505322 9999
887.36557 9999
889.236785 9999
891.088387 9999
892.957366 9999
894.831214 9999
896.696624 9999
898.563126 9999
900.420595 9999
902.36522 9999
904.246508 9999
906.106214 9999.0
908.22663 9999
910.088388 9999
911.944848 9999
913.800105 9999
915.696578 9999
917.547483 9999
919.437598 9999
921.30372 9999
923.173129 9999
925.035784 9999
926.890753 9999
928.77833 9999
930.648136 9999
932.533689 9999
934.380167 9999
936.25513 9999
938.115298 9999.0
940.224999 9999
942.096146 9999
943.956774 9999
945.865966 9999
947.759126 9999
949.628564 9999
951.530091 9999
953.434083 9999
955.311049 9999
957.210485 9999
959.078786 9999
960.981427 9999
962.864599 9999
964.73797 9999
966.651704 9999
968.531131 9999.0
970.657312 9999
972.540849 9999
974.446479 9999
976.337661 9999
978.21558 9999
980.094431 9999
981.948052 9999
983.840179 9999
985.707093 9999
987.608142 9999
989.472434 9999
991.384748 9999
993.244064 9999
995.123792 9999
997.010565 9999
998.890814 9999.0
1000.921607 9999
1002.796511 9999
1004.654847 9999
1006.550068 9999
1008.421498 9999
1010.318692 9999
1012.165435 9999
1014.046054 9999
1015.895267 9999
1017.760601 9999
1019.637637 9999
1021.528351 9999
1023.397753 9999
1025.279213 9999
1027.153098 9999
1029.028057 9999
1030.906002 9999.0
1033.039719 9999
1034.94631 9999
1036.809811 9999
1038.665481 9999
1040.510046 9999
1042.372594 9999
1044.244232 9999
1046.138163 9999
1048.012499 9999
1049.893584 9999
1051.751069 9999
1053.611685 9999
1055.473292 9999
1057.343334 9999
1059.216214 9999
1061.069183 9999
1062.914204 9999.0
1065.052563 9999
1066.9221 9999
1068.826657 9999
1070.70973 9999
1072.561257 9999
1074.480944 9999
1076.358747 9999
1078.246268 9999
1080.132534 9999
1082.003797 9999
1083.896153 9999
1085.772239 9999
1087.599195 9999
1089.470383 9999
1091.315706 9999
1093.177767 9999.0
1095.349508 9999
1097.219732 9999
1099.093105 9999
1100.986932 9999
1102.850865 9999
1104.727772 9999
1106.606628 9999
1108.478903 9999
1110.373903 9999
1112.257459 9999
1114.108003 9999
1115.979481 9999
1117.862617 9999
1119.75979 9999
1121.639678 9999
1123.535572 9999.0
1125.694209 9999
1127.561477 9999
1129.419743 9999
1131.310873 9999
1133.19986 9999
1135.076757 9999
1136.941393 9999
1138.799038 9999
1140.698498 9999
1142.580032 9999
1144.417405 9999
1146.27951 9999
1148.134949 9999
1149.98797 9999
1151.847513 9999
1153.707981 9999
1155.591424 9999.0
1157.742395 9999
1159.597973 9999
1161.48058 9999
1163.343449 9999
1165.242055 9999
1167.072758 9999
1168.93317 9999
1170.801086 9999
1172.686676 9999
1174.558231 9999
1176.400151 9999
1178.256371 9999
1180.1308 9999
1182.00179 9999
1183.894501 9999
1185.76076 9999
1187.631218 9999.0
1189.762695 9999
1191.668132 9999
1193.535102 9999
1195.413718 9999
1197.300219 9999
1199.197398 9999
1201.066194 9999
1202.92708 9999
1204.810211 9999
1206.664764 9999
1208.51848 9999
1210.395514 9999
1212.228711 9999
1214.116383 9999
1215.974801 9999
1217.846418 9999
1219.708044 9999.0
1221.812476 9999
1223.65315 9999
1225.516247 9999
1227.372994 9999
1229.242963 9999
1231.115219 9999
1232.992392 9999
1234.895833 9999
1236.769198 9999
1238.675305 9999
1240.574333 9999
1242.483765 9999
1244.342923 9999
1246.219641 9999
1248.109346 9999
1249.984671 9999.0
1252.078002 9999
1253.950817 9999
1255.815159 9999
1257.670175 9999
1259.522503 9999
1261.391758 9999
1263.280885 9999
1265.147521 9999
1267.020892 9999
1268.846936 9999
1270.714476 9999
1272.578229 9999
1274.414897 9999
1276.26239 9999
1278.09747 9999
1279.93296 9999
1281.730623 9999.0
1283.836942 9999
1285.694023 9999
1287.592028 9999
1289.461541 9999
1291.332672 9999
1293.205454 9999
1295.065221 9999
1296.949087 9999
1298.794803 9999
1300.693155 9999
1302.601673 9999
1304.485954 9999
1306.335387 9999
1308.21955 9999
1310.056148 9999
1311.93736 9999
1313.808995 9999.0
1315.944537 9999
1317.838851 9999
1319.714665 9999
1321.574196 9999
1323.423525 9999
1325.318283 9999
1327.20784 9999
1329.086476 9999
1330.954337 9999
1332.828265 9999
1334.703969 9999
1336.570285 9999
1338.448236 9999
1340.304659 9999
1342.151401 9999
1344.038202 9999
1346.198534 9999
1348.1142 9999
1350.001472 9999
1351.883173 9999
1353.753776 9999
1355.654688 9999
1357.543171 9999
1359.410849 9999
1361.391356 9999
1363.289624 9999
1365.161712 9999
1367.040952 9999
1368.92258 9999
1370.809962 9999
1372.712442 9999
1374.5888 9999.0
1376.724676 9999
1378.626039 9999
1380.496574 9999
1382.390533 9999
1384.251813 9999
1386.098775 9999
1387.985307 9999
1389.838556 9999
1391.686418 9999
1393.567476 9999
1395.423889 9999
1397.281164 9999
1399.159727 9999
1400.985776 9999
1402.856504 9999
1404.722333 9999
1406.590785 9999.0
1408.726702 9999
1410.577653 9999
1412.466359 9999
1414.307624 9999
1416.167509 9999
1418.030717 9999
1419.914055 9999
1421.774977 9999
1423.645459 9999
1425.537801 9999
1427.464672 9999
1429.332906 9999
1431.228609 9999
1433.106992 9999
1434.998908 9999
1436.861449 9999.0
1439.032452 9999
1440.923074 9999
1442.824086 9999
1444.689752 9999
1446.563671 9999
1448.442311 9999
1450.302922 9999
1452.173482 9999
1454.065757 9999
1455.966274 9999
1457.833917 9999
1459.717497 9999
1461.587726 9999
1463.471069 9999
1465.363976 9999
1467.254563 9999.0
1469.416106 9999
1471.306896 9999
1473.194968 9999
1475.113967 9999
1476.986039 9999
1478.881244 9999
1480.775939 9999
1482.635462 9999
1484.499485 9999
1486.418526 9999
1488.313797 9999
1490.219699 9999
1492.094221 9999
1493.977678 9999
1495.870091 9999
1497.755256 9999.0
1499.857506 9999
1501.730434 9999
1503.627764 9999
1505.519166 9999
1507.381147 9999
1509.25536 9999
1511.152241 9999
1513.081786 9999
1514.972551 9999
1516.871166 9999
1518.770541 9999
1520.679471 9999
1522.577052 9999
1524.457838 9999
1526.350707 9999
1528.262009 9999.0
1530.49151 9999
1532.378333 9999
1534.262635 9999
1536.157653 9999
1538.078302 9999
1539.970646 9999
1541.856229 9999
1543.763644 9999
1545.654711 9999
1547.558827 9999
1549.468572 9999
1551.361917 9999
1553.257444 9999
1555.139805 9999
1557.02297 9999
1558.920427 9999.0
1561.081389 9999
1562.977586 9999
1564.863597 9999
1566.803543 9999
1568.72423 9999
1570.612503 9999
1572.497647 9999
1574.410277 9999
1576.317241 9999
1578.22418 9999
1580.109976 9999
1581.99402 9999
1583.883332 9999
1585.739811 9999
1587.613319 9999
1589.521764 9999.0
1591.678706 9999
1593.562156 9999
1595.447662 9999
1597.333726 9999
1599.217227 9999
1601.122868 9999
1603.010995 9999
1604.895226 9999
1606.773676 9999
1608.639781 9999
1610.532572 9999
1612.429291 9999
1614.323003 9999
1616.208876 9999
1618.080033 9999
1619.97823 9999.0
1622.102096 9999
1623.964241 9999
1625.834258 9999
1627.69132 9999
1629.575851 9999
1631.435414 9999
1633.324285 9999
1635.194197 9999
1637.068146 9999
1638.933476 9999
1640.79717 9999
1642.716775 9999
1644.647873 9999
1646.557311 9999
1648.451854 9999
1650.327296 9999.0
1652.440272 9999
1654.345507 9999
1656.241395 9999
1658.136875 9999
1660.03134 9999
1661.929013 9999
1663.81259 9999
1665.710946 9999
1667.611943 9999
1669.490888 9999
1671.363835 9999
1673.270602 9999
1675.165995 9999
1677.045222 9999
1679.198604 9999
1681.083606 9999.0
1683.205244 9999
1685.101109 9999
1686.973093 9999
1688.86975 9999
1690.732649 9999
1692.610128 9999
1694.493007 9999
1696.350404 9999
1698.226519 9999
1700.110063 9999
1701.981693 9999
1703.904842 9999
1705.790262 9999
1707.649834 9999
1709.531493 9999
1711.422718 9999.0
1713.580583 9999
1715.470639 9999
1717.35853 9999
1719.251259 9999
1721.135279 9999
1723.039124 9999
1724.9282 9999
1726.816673 9999
1728.721776 9999
1730.616085 9999
1732.502066 9999
1734.397625 9999
1736.272031 9999
1738.160768 9999
1740.023009 9999
1741.887762 9999.0
1744.02163 9999
1745.916417 9999
1747.798958 9999
1749.709089 9999
1751.581683 9999
1753.483948 9999
1755.346668 9999
1757.213973 9999
1759.10839 9999
1761.00217 9999
1762.909609 9999
1764.77296 9999
1766.653802 9999
1768.513388 9999
1770.410153 9999
1772.278636 9999.0
1774.431707 9999
1776.304068 9999
1778.176207 9999
1780.033077 9999
1781.89339 9999
1783.788575 9999
1785.661985 9999
1787.536391 9999
1789.444248 9999
1791.314064 9999
1793.210202 9999
1795.100553 9999
1796.955445 9999
1798.810868 9999
1800.927525 9999
1802.783076 9999.0
1804.919451 9999
1806.836895 9999
1808.713398 9999
1810.585768 9999
1812.421878 9999
1814.281977 9999
1816.131123 9999
1818.022756 9999
1819.881379 9999
1821.711896 9999
1823.580912 9999
1825.755889 9999
1827.61654 9999
1829.476674 9999
1831.370358 9999
1833.250879 9999.0
1835.378579 9999
1837.2861 9999
1839.18361 9999
1841.080774 9999
1842.970149 9999
1844.871514 9999
1846.748432 9999
1848.637712 9999
1850.532267 9999
1852.439679 9999
1854.326017 9999
1856.198085 9999
1858.057944 9999
1859.904973 9999
1861.755257 9999
1863.625012 9999.0
1865.811619 9999
1867.670189 9999
1869.541233 9999
1871.438961 9999
1873.32205 9999
1875.212353 9999
1877.111499 9999
1879.018749 9999
1880.895836 9999
1882.767478 9999
1884.637506 9999
1886.656195 9999
1888.5358 9999
1890.421416 9999
1892.312252 9999
1894.197339 9999.0
1896.36557 9999
1898.271171 9999
1900.165691 9999
1902.072823 9999
1903.946174 9999
1905.816988 9999
1907.686168 9999
1909.557256 9999
1911.434484 9999
1913.272268 9999
1915.132156 9999
1917.148633 9999
1919.005434 9999
1920.888742 9999
1922.747916 9999
1924.630403 9999.0
1926.746672 9999
1928.618631 9999
1930.503543 9999
1932.409494 9999
1934.285 9999
1936.117928 9999
1937.999082 9999
1939.863567 9999
1941.721129 9999
1943.619342 9999
1945.504575 9999
1947.352738 9999
1949.19736 9999
1951.066777 9999
1953.004196 9999
1954.875438 9999.0
1957.003945 9999
1958.892204 9999
1960.806438 9999
1962.676616 9999
1964.569829 9999
1966.484211 9999
1968.384786 9999
1970.293099 9999
1972.188221 9999
1974.0811 9999
1975.990731 9999
1978.082758 9999
1979.988138 9999
1981.909586 9999
1983.830307 9999
1985.762313 9999.0
1987.896019 9999
1989.769287 9999
1991.652885 9999
1993.549729 9999
1995.45765 9999
1997.363768 9999
1999.250221 9999
2001.150447 9999
2003.042587 9999
2004.938501 9999
2006.827863 9999
2008.731635 9999
2010.637089 9999
2012.521575 9999
2014.406065 9999
2016.301154 9999.0
2018.438266 9999
2020.355921 9999
2022.259428 9999
2024.15983 9999
2026.070142 9999
2027.927799 9999
2029.778498 9999
2031.636082 9999
2033.522 9999
2035.417634 9999
2037.32103 9999
2039.458496 9999
2041.338402 9999
2043.21396 9999
2045.09711 9999
2046.971135 9999.0
2049.147547 9999
2051.014617 9999
2052.89364 9999
2054.765695 9999
2056.62945 9999
2058.514667 9999
2060.423078 9999
2062.285204 9999
2064.165761 9999
2066.053122 9999
2067.94356 9999
2070.082874 9999
2071.966697 9999
2073.882842 9999
2075.78901 9999
2077.670151 9999.0
2079.828394 9999
2081.719891 9999
2083.604956 9999
2085.486264 9999
2087.378963 9999
2089.263907 9999
2091.167663 9999
2093.064142 9999
2095.043061 9999
2096.918222 9999
2098.821149 9999
2100.6878 9999
2102.547829 9999
2104.444569 9999
2106.310983 9999
2108.173752 9999.0
2110.345236 9999
2112.232206 9999
2114.112399 9999
2116.032468 9999
2117.918979 9999
2119.816565 9999
2121.707118 9999
2123.597182 9999
2125.525431 9999
2127.423261 9999
2129.32441 9999
2131.204483 9999
2133.086334 9999
2134.979478 9999
2136.866262 9999
2138.772241 9999.0
2140.97973 9999
2142.878217 9999
2144.769226 9999
2146.645148 9999
2148.493985 9999
2150.411061 9999
2152.262627 9999
2154.144048 9999
2156.254307 9999
2158.141277 9999
2160.004168 9999
2161.864451 9999
2163.736176 9999
2165.614694 9999
2167.489666 9999
2169.340378 9999.0
2171.476394 9999
2173.390933 9999
2175.299261 9999
2177.17298 9999
2179.024576 9999
2180.890101 9999
2182.754295 9999
2184.63545 9999
2186.494798 9999
2188.367121 9999
2190.267353 9999
2192.138092 9999
2194.03434 9999
2195.929631 9999
2197.825703 9999
2199.697704 9999.0
2201.857149 9999
2203.763584 9999
2205.66352 9999
2207.579556 9999
2209.487262 9999
2211.397426 9999
2213.293978 9999
2215.201737 9999
2217.098479 9999
2218.981012 9999
2220.884407 9999
2222.792685 9999
2224.679444 9999
2226.576375 9999
2228.464399 9999
2230.370623 9999.0
2232.579609 9999
2234.476615 9999
2236.370997 9999
2238.254832 9999
2240.162529 9999
2242.045616 9999
2243.9414 9999
2245.79925 9999
2247.652405 9999
2249.554562 9999
2251.471795 9999
2253.34789 9999
2255.210102 9999
2257.101983 9999
2258.989107 9999
2260.87157 9999.0
2263.011076 9999
2264.918208 9999
2266.816544 9999
2268.689415 9999
2270.572487 9999
2272.452128 9999
2274.336705 9999
2276.245629 9999
2278.161165 9999
2280.03128 9999
2281.939977 9999
2283.820278 9999
2285.702088 9999
2287.597724 9999
2289.491389 9999
2291.36554 9999.0
2293.490252 9999
2295.37603 9999
2297.268991 9999
2299.16539 9999
2301.050431 9999
2302.958376 9999
2304.851126 9999
2306.735069 9999
2308.838064 9999
2310.709016 9999
2312.61519 9999
2314.465972 9999
2316.350298 9999
2318.237014 9999
2320.108475 9999
2322.001231 9999.0
2324.200407 9999
2326.093893 9999
2327.996631 9999
2329.888152 9999
2331.776613 9999
2333.691009 9999
2335.585298 9999
2337.448925 9999
2339.536947 9999
2341.432378 9999
2343.313126 9999
2345.209917 9999
2347.085483 9999
2348.95657 9999
2350.825716 9999
2352.7324 9999.0
2354.871649 9999
2356.77608 9999
2358.668227 9999
2360.545946 9999
2362.432891 9999
2364.331595 9999
2366.23315 9999
2368.122736 9999
2370.006644 9999
2371.898143 9999
2373.768664 9999
2375.654137 9999
2377.547951 9999
2379.432491 9999
2381.314316 9999
2383.235215 9999.0
2385.365242 9999
2387.261379 9999
2389.196006 9999
2391.086193 9999
2392.969715 9999
2394.869637 9999
2396.747177 9999
2398.608985 9999
2400.519105 9999
2402.403672 9999
2404.282217 9999
2406.178342 9999
2408.064253 9999
2409.974643 9999
2411.857002 9999
2413.725751 9999.0
2415.850124 9999
2417.724162 9999
2419.598019 9999
2421.489224 9999
2423.387396 9999
2425.281691 9999
2427.135297 9999
2429.014246 9999
2430.902255 9999
2432.752157 9999
2434.635726 9999
2436.5172 9999
2438.38753 9999
2440.28917 9999
2442.169018 9999
2444.05086 9999.0
2446.182327 9999
2448.055395 9999
2449.902928 9999
2451.770343 9999
2453.642402 9999
2455.516037 9999
2457.422695 9999
2459.343963 9999
2461.23661 9999
2463.145664 9999
2465.017821 9999
2466.886954 9999
2468.798123 9999
2470.701993 9999
2472.580123 9999
2474.449217 9999.0
2476.664575 9999
2478.567986 9999
2480.416349 9999
2482.312324 9999
2484.229101 9999
2486.114182 9999
2487.99325 9999
2489.868975 9999
2491.981728 9999
2493.857275 9999
2495.762115 9999
2497.659522 9999
2499.540128 9999
2501.426193 9999
2503.308945 9999
2505.20546 9999.0
2507.399924 9999
2509.308786 9999
2511.208176 9999
2513.099832 9999
2514.999778 9999
2516.884391 9999
2518.755868 9999
2520.629421 9999
2522.724726 9999
2524.595187 9999
2526.518195 9999
2528.387079 9999
2530.294677 9999
2532.203896 9999
2534.092396 9999
2535.962242 9999.0
2538.130235 9999
2540.001499 9999
2541.876192 9999
2543.76212 9999
2545.644137 9999
2547.534146 9999
2549.401657 9999
2551.283935 9999
2553.142273 9999
2555.007044 9999
2556.865111 9999
2558.735631 9999
2560.595037 9999
2562.458942 9999
2564.353241 9999
2566.22597 9999
2568.088282 9999.0
2570.256171 9999
2572.109712 9999
2574.001597 9999
2575.864361 9999
2577.73043 9999
2579.595953 9999
2581.46856 9999
2583.351344 9999
2585.233817 9999
2587.11309 9999
2588.989314 9999
2590.873541 9999
2592.815747 9999
2594.726356 9999
2596.602336 9999
2598.494163 9999.0
2600.642388 9999
2602.51587 9999
2604.418148 9999
2606.293796 9999
2608.195366 9999
2610.034977 9999
2611.922906 9999
2613.799169 9999
2615.676932 9999
2617.547993 9999
2619.445149 9999
2621.331508 9999
2623.282678 9999
2625.174087 9999
2627.032807 9999
2628.901759 9999.0
2631.018684 9999
2632.896394 9999
2634.793216 9999
2636.690064 9999
2638.584175 9999
2640.501931 9999
2642.386412 9999
2644.239363 9999
2646.127687 9999
2647.994191 9999
2649.885764 9999
2651.769617 9999
2653.667199 9999
2655.531086 9999
2657.397689 9999
2659.270157 9999.0
2661.421108 9999
2663.342301 9999
2665.238676 9999
2667.131211 9999
2669.012731 9999
2670.910945 9999
2672.782103 9999
2674.696025 9999
2676.566226 9999
2678.471189 9999
2680.358326 9999
2682.227934 9999
2684.102867 9999
2686.001434 9999
2687.869874 9999
2689.754237 9999.0
2691.874015 9999
2693.771556 9999
2695.647468 9999
2697.541437 9999
2699.413406 9999
2701.320571 9999
2703.180866 9999
2705.080386 9999
2706.9861 9999
2708.894206 9999
2710.763192 9999
2712.647715 9999
2714.545612 9999
2716.431459 9999
2718.338828 9999
2720.234961 9999.0
2722.337962 9999
2724.229086 9999
2726.127417 9999
2728.020631 9999
2729.918039 9999
2731.79238 9999
2733.673798 9999
2735.535673 9999
2737.405057 9999
2739.26606 9999
2741.149054 9999
2743.035571 9999
2744.955349 9999
2746.825498 9999
2748.685986 9999
2750.584387 9999.0
2752.71589 9999
2754.602954 9999
2756.46339 9999
2758.297221 9999
2760.166523 9999
2762.030068 9999
2763.88615 9999
2765.767029 9999
2767.701532 9999
2769.609699 9999
2771.473247 9999
2773.3591 9999
2775.220451 9999
2777.104114 9999
2778.993165 9999
2780.842156 9999.0
2782.982839 9999
2784.856228 9999
2786.758602 9999
2788.645354 9999
2790.504115 9999
2792.413263 9999
2794.310177 9999
2796.168587 9999
2798.078345 9999
2799.979732 9999
2801.843482 9999
2803.728313 9999
2805.623575 9999
2807.5348 9999
2809.414713 9999
2811.323369 9999.0
2813.446517 9999
2815.368382 9999
2817.26668 9999
2819.158995 9999
2821.081752 9999
2822.999742 9999
2824.870677 9999
2826.80412 9999
2828.676894 9999
2830.57899 9999
2832.468573 9999
2834.390549 9999
2836.286034 9999
2838.156035 9999
2840.054951 9999
2841.93729 9999.0
2844.086439 9999
2845.958129 9999
2847.84963 9999
2849.750525 9999
2851.645269 9999
2853.516756 9999
2855.388576 9999
2857.246576 9999
2859.141943 9999
2861.03653 9999
2862.904283 9999
2864.809203 9999
2866.704182 9999
2868.598686 9999
2870.497588 9999
2872.425208 9999.0
2874.554208 9999
2876.440137 9999
2878.335879 9999
2880.218346 9999
2882.1036 9999
2884.000388 9999
2885.857144 9999
2887.735131 9999
2889.639993 9999
2891.534585 9999
2893.41715 9999
2895.311533 9999
2897.200241 9999
2899.102793 9999
2900.977646 9999
2902.87297 9999.0
2904.986166 9999
2906.883091 9999
2908.751875 9999
2910.649673 9999
2912.509428 9999
2914.402775 9999
2916.289309 9999
2918.162125 9999
2920.070895 9999
2921.972077 9999
2923.871288 9999
2925.767994 9999
2927.656466 9999
2929.528406 9999
2931.376552 9999
2933.245885 9999.0
2935.390833 9999
2937.289003 9999
2939.14643 9999
2941.021865 9999
2942.893738 9999
2944.789707 9999
2946.661766 9999
2948.548991 9999
2950.431113 9999
2952.301208 9999
2954.188357 9999
2956.10352 9999
2958.011423 9999
2959.89982 9999
2961.780566 9999
2963.66778 9999.0
2965.826277 9999
2967.708867 9999
2969.605728 9999
2971.523326 9999
2973.410495 9999
2975.291169 9999
2977.164758 9999
2979.025613 9999
2980.898127 9999
2982.781688 9999
2984.651939 9999
2986.511084 9999
2988.393427 9999
2990.260171 9999
2992.118764 9999
2994.013271 9999.0
2996.197197 9999
2998.095206 9999
2999.955742 9999
3001.851422 9999
3003.769966 9999
3005.653315 9999
3007.571745 9999
3009.467306 9999
3011.353601 9999
3013.250226 9999
3015.130799 9999
3017.002718 9999
3018.904622 9999
3020.784171 9999
3022.660264 9999
3024.551257 9999.0
3026.734658 9999
3028.606575 9999
3030.506106 9999
3032.391254 9999
3034.306603 9999
3036.178606 9999
3038.088668 9999
3039.982794 9999
3041.870365 9999
3043.758392 9999
3045.634238 9999
3047.523476 9999
3049.403914 9999
3051.304006 9999
3053.183558 9999
3055.07053 9999.0
3057.239878 9999
3059.140068 9999
3061.010842 9999
3062.894922 9999
3064.776935 9999
3066.663977 9999
3068.534162 9999
3070.443417 9999
3072.278606 9999
3074.130693 9999
3076.006889 9999
3077.89112 9999
3079.754134 9999
3081.649977 9999
3083.557453 9999
3085.441229 9999.0
3087.596775 9999
3089.459245 9999
3091.355359 9999
3093.266397 9999
3095.135553 9999
3097.009995 9999
3098.879079 9999
3100.764009 9999
3102.662948 9999
3104.563586 9999
3106.453448 9999
3108.361166 9999
3110.270697 9999
3112.150592 9999
3114.060035 9999
3115.933447 9999.0
3118.114833 9999
3120.022365 9999
3121.912852 9999
3123.792098 9999
3125.701305 9999
3127.598964 9999
3129.495744 9999
3131.368099 9999
3133.259492 9999
3135.140397 9999
3137.018147 9999
3138.899575 9999
3140.818086 9999
3142.704088 9999
3144.574837 9999
3146.435941 9999.0
3148.527206 9999
3150.4193 9999
3152.282968 9999
3154.165106 9999
3156.049539 9999
3157.922386 9999
3159.788944 9999
3161.653749 9999
3163.834289 9999
3165.75741 9999
3167.638258 9999
3169.518243 9999
3171.35111 9999
3173.211625 9999
3175.095992 9999
3176.96132 9999.0
3179.099092 9999
3181.02919 9999
3182.930125 9999
3184.814985 9999
3186.68284 9999
3188.593196 9999
3190.490079 9999
3192.347354 9999
3194.23181 9999
3196.106524 9999
3197.979443 9999
3199.852644 9999
3201.748893 9999
3203.638067 9999
3205.546451 9999
3207.469377 9999.0
3209.638024 9999
3211.536816 9999
3213.409085 9999
3215.291001 9999
3217.187718 9999
3219.064287 9999
3220.942565 9999
3222.831042 9999
3224.697957 9999
3226.585697 9999
3228.490223 9999
3230.365673 9999
3232.283064 9999
3234.178863 9999
3236.043448 9999
3237.914558 9999.0
3240.067462 9999
3241.979264 9999
3243.863632 9999
3245.750192 9999
3247.635738 9999
3249.518737 9999
3251.404 9999
3253.277926 9999
3255.142582 9999
3257.074291 9999
3258.958399 9999
3260.845536 9999
3262.754871 9999
3264.640075 9999
3266.534802 9999
3268.427583 9999.0
3270.616562 9999
3272.537009 9999
3274.427934 9999
3276.299345 9999
3278.188274 9999
3280.062617 9999
3281.93089 9999
3283.77893 9999
3285.886635 9999
3287.7832 9999
3289.654354 9999
3291.52315 9999
3293.401831 9999
3295.319946 9999
3297.183773 9999
3299.070941 9999.0
3301.189412 9999
3303.095422 9999
3305.01477 9999
3306.891255 9999
3308.771081 9999
3310.642723 9999
3312.528055 9999
3314.423559 9999
3316.286874 9999
3318.169714 9999
3320.042985 9999
3321.927231 9999
3323.833029 9999
3325.732358 9999
3327.598294 9999
3329.510236 9999.0
3331.694006 9999
3333.59941 9999
3335.497794 9999
3337.398702 9999
3339.263976 9999
3341.160597 9999
3343.048041 9999
3344.915527 9999
3346.793974 9999
3348.687847 9999
3350.559196 9999
3352.455879 9999
3354.349556 9999
3356.235283 9999
3358.133279 9999
3360.021444 9999.0
3362.147546 9999
3364.047169 9999
3365.925019 9999
3367.813145 9999
3369.683829 9999
3371.584088 9999
3373.463151 9999
3375.339133 9999
3377.218669 9999
3379.105208 9999
3380.996121 9999
3382.934727 9999
3384.8311 9999
3386.717452 9999
3388.608053 9999
3390.502766 9999.0
3392.711263 9999
3394.591668 9999
3396.458639 9999
3398.330951 9999
3400.226644 9999
3402.1067 9999
3404.003492 9999
3405.90221 9999
3407.812068 9999
3409.723811 9999
3411.63442 9999
3413.496576 9999
3415.382521 9999
3417.253688 9999
3419.136925 9999
3421.04477 9999.0
3423.168171 9999
3425.062923 9999
3426.937487 9999
3428.811071 9999
3430.681576 9999
3432.542892 9999
3434.436887 9999
3436.308498 9999
3438.20277 9999
3440.08459 9999
3441.951523 9999
3443.832695 9999
3445.717677 9999
3447.589188 9999
3449.46182 9999
3451.381427 9999.0
3453.565432 9999
3455.446059 9999
3457.319909 9999
3459.191885 9999
3461.103414 9999
3462.96197 9999
3464.833372 9999
3466.704915 9999
3468.566458 9999
3470.435444 9999
3472.308505 9999
3474.19386 9999
3476.063059 9999
3477.937585 9999
3479.848608 9999
3481.744194 9999.0
3483.856975 9999
3485.784824 9999
3487.704327 9999
3489.633681 9999
3491.521343 9999
3493.427786 9999
3495.32673 9999
3497.293072 9999
3499.176963 9999
3501.051151 9999
3502.978168 9999
3504.843808 9999
3506.725966 9999
3508.607301 9999
3510.506122 9999
3512.380448 9999.0
3514.587652 9999
3516.495699 9999
3518.390151 9999
3520.263963 9999
3522.15419 9999
3524.051281 9999
3525.901233 9999
3527.78319 9999
3529.677039 9999
3531.599434 9999
3533.471073 9999
3535.333376 9999
3537.205072 9999
3539.065678 9999
3540.959347 9999
3542.893649 9999.0
3545.027609 9999
3546.901053 9999
3548.779446 9999
3550.660619 9999
3552.565678 9999
3554.486003 9999
3556.370879 9999
3558.278991 9999
3560.175319 9999
3562.040222 9999
3563.90635 9999
3565.803711 9999
3567.686371 9999
3569.556979 9999
3571.419449 9999
3573.304776 9999.0
3575.408528 9999
3577.310759 9999
3579.208137 9999
3581.097657 9999
3583.011164 9999
3584.918455 9999
3586.809972 9999
3588.708275 9999
3590.606316 9999
3592.495666 9999
3594.384081 9999
3596.260014 9999
3598.150679 9999
3600.037781 9999
