2.141029 9999
4.000956 9999
5.9182 9999
7.76586 9999
9.639696 9999
11.513891 9999
13.409232 9999
15.291835 9999
17.17439 9999
19.056792 9999
20.931273 9999
22.829023 9999
24.702828 9999
26.570032 9999
28.468571 9999
30.353992 9999.0
32.35718 9999
34.260852 9999
36.175259 9999
38.071512 9999
39.952774 9999
41.821879 9999
43.708225 9999
45.557733 9999
47.415654 9999
49.325333 9999
51.19652 9999
53.10201 9999
55.013296 9999
56.92122 9999
58.804281 9999
60.666402 9999.0
62.691818 9999
64.549493 9999
66.449429 9999
68.303372 9999
70.185559 9999
72.077086 9999
73.938443 9999
75.840345 9999
77.731589 9999
79.584839 9999
81.475493 9999
83.335773 9999
85.273367 9999
87.150252 9999
89.055758 9999
90.937006 9999.0
92.978063 9999
94.85207 9999
96.708016 9999
98.585032 9999
100.48002 9999
102.370118 9999
104.2445 9999
106.129743 9999
108.038396 9999
109.923154 9999
111.79662 9999
113.657389 9999
115.517886 9999
117.39679 9999
119.284106 9999
121.1686 9999.0
123.208678 9999
125.116865 9999
127.023612 9999
128.908695 9999
130.8301 9999
132.700776 9999
134.584379 9999
136.469663 9999
138.352793 9999
140.221705 9999
142.116822 9999
144.002694 9999
145.908045 9999
147.814841 9999
149.691766 9999
151.588579 9999.0
153.621288 9999
155.473966 9999
157.395782 9999
159.291456 9999
161.203358 9999
163.100272 9999
164.978201 9999
166.88958 9999
168.76172 9999
170.641976 9999
172.55456 9999
174.47379 9999
176.344939 9999
178.246437 9999
180.108843 9999
181.993185 9999.0
184.05745 9999
185.957574 9999
187.86505 9999
189.725474 9999
191.620638 9999
193.499456 9999
195.386953 9999
197.248641 9999
199.176317 9999
201.085869 9999
202.939002 9999
204.84378 9999
206.70943 9999
208.611451 9999
210.460876 9999
212.343782 9999.0
214.385124 9999
216.27844 9999
218.164576 9999
220.07317 9999
221.982169 9999
223.874418 9999
225.797188 9999
227.690914 9999
229.576273 9999
231.473362 9999
233.365562 9999
235.275418 9999
237.171669 9999
239.076638 9999
240.989272 9999
242.902756 9999.0
244.981524 9999
246.84261 9999
248.690426 9999
250.587747 9999
252.484772 9999
254.376319 9999
256.249308 9999
258.135038 9999
260.047765 9999
261.891207 9999
263.762679 9999
265.620586 9999
267.489304 9999
269.377078 9999
271.273518 9999
273.158597 9999.0
275.234158 9999
277.120802 9999
278.980746 9999
280.885783 9999
282.781854 9999
284.677531 9999
286.552872 9999
288.425662 9999
290.321019 9999
292.201181 9999
294.114349 9999
296.023564 9999
297.917751 9999
299.810505 9999
301.696936 9999
303.579594 9999.0
305.587255 9999
307.473519 9999
309.326209 9999
311.188756 9999
313.071406 9999
314.974309 9999
316.865462 9999
318.738147 9999
320.607846 9999
322.480607 9999
324.324238 9999
326.210365 9999
328.120978 9999
330.01396 9999
331.935319 9999
333.833252 9999.0
335.917669 9999
337.825611 9999
339.722507 9999
341.597062 9999
343.453876 9999
345.327828 9999
347.222347 9999
349.118419 9999
351.053007 9999
352.960191 9999
354.858048 9999
356.752672 9999
358.636356 9999
360.514223 9999
362.405355 9999
364.313207 9999.0
366.338137 9999
368.248186 9999
370.144841 9999
372.052583 9999
373.950574 9999
375.859037 9999
377.741469 9999
379.623085 9999
381.509508 9999
383.402036 9999
385.298462 9999
387.172746 9999
389.03091 9999
390.917238 9999
392.812076 9999
394.706648 9999.0
396.724237 9999
398.594325 9999
400.49288 9999
402.386953 9999
404.264179 9999
406.174745 9999
408.049874 9999
409.921921 9999
411.842085 9999
413.732177 9999
415.634974 9999
417.530824 9999
419.440008 9999
421.352315 9999
423.267516 9999
425.162678 9999.0
427.229132 9999
429.109778 9999
430.975672 9999
432.85808 9999
434.763235 9999
436.67016 9999
438.567214 9999
440.463876 9999
442.380139 9999
444.256412 9999
446.129465 9999
448.000486 9999
449.905905 9999
451.785029 9999
453.653264 9999
455.571257 9999.0
457.636559 9999
459.521012 9999
461.429152 9999
463.308819 9999
465.207895 9999
467.130329 9999
469.058729 9999
470.954702 9999
472.838006 9999
474.748279 9999
476.645437 9999
478.537974 9999
480.4466 9999
482.351713 9999
484.25165 9999
486.122413 9999.0
488.486157 9999
490.383059 9999
492.254719 9999
494.15186 9999
496.046602 9999
497.967825 9999
499.8624 9999
501.710092 9999
503.632862 9999
505.533006 9999
507.399678 9999
509.292651 9999
511.176505 9999
513.077646 9999
514.959363 9999
516.855111 9999.0
518.955671 9999
520.849177 9999
522.732418 9999
524.62931 9999
526.489867 9999
528.388742 9999
530.306037 9999
532.20397 9999
534.113242 9999
536.006132 9999
537.905806 9999
539.772797 9999
541.658384 9999
543.564614 9999
545.403831 9999
547.286523 9999.0
549.389549 9999
551.275782 9999
553.168899 9999
555.050221 9999
556.935881 9999
558.865647 9999
560.767805 9999
562.660924 9999
564.50661 9999
566.369664 9999
568.226357 9999
570.096876 9999
571.976776 9999
573.827955 9999
575.715755 9999
577.602367 9999.0
579.651161 9999
581.537809 9999
583.455331 9999
585.35525 9999
587.237281 9999
589.157559 9999
591.042397 9999
592.926987 9999
594.844748 9999
596.752469 9999
598.658102 9999
600.541663 9999
602.465183 9999
604.358219 9999
606.2559 9999
608.151278 9999.0
610.237692 9999
612.120991 9999
613.986156 9999
615.859058 9999
617.752609 9999
619.65596 9999
621.558649 9999
623.435092 9999
625.337131 9999
627.221166 9999
629.102838 9999
630.997237 9999
632.921326 9999
634.829349 9999
636.715477 9999
638.587704 9999.0
640.673495 9999
642.54183 9999
644.442487 9999
646.334623 9999
648.205514 9999
650.112132 9999
651.99722 9999
653.874329 9999
655.756312 9999
657.64873 9999
659.540859 9999
661.395359 9999
663.269594 9999
665.162165 9999
667.057908 9999
668.968989 9999.0
671.054146 9999
672.927529 9999
674.834837 9999
676.742857 9999
678.637788 9999
680.545855 9999
682.445705 9999
684.339092 9999
686.249161 9999
688.154669 9999
690.026395 9999
691.922543 9999
693.830582 9999
695.704409 9999
697.589966 9999
699.459827 9999.0
701.53556 9999
703.456661 9999
705.339537 9999
707.222354 9999
709.115811 9999
711.024183 9999
712.912714 9999
714.804787 9999
716.705787 9999
718.623768 9999
720.539496 9999
722.414569 9999
724.287647 9999
726.182231 9999
728.078855 9999
729.972549 9999.0
732.072467 9999
733.956921 9999
735.861958 9999
737.736615 9999
739.622879 9999
741.494689 9999
743.38916 9999
745.273982 9999
747.146075 9999
749.069405 9999
750.941063 9999
752.858033 9999
754.783128 9999
756.689374 9999
758.574631 9999
760.475654 9999.0
762.557084 9999
764.440931 9999
766.289972 9999
768.160542 9999
770.056379 9999
771.966115 9999
773.883345 9999
775.776445 9999
777.652518 9999
779.53786 9999
781.407242 9999
783.259011 9999
785.137591 9999
787.051074 9999
788.96695 9999
790.85003 9999.0
792.950848 9999
794.845076 9999
796.755542 9999
798.638388 9999
800.524783 9999
802.420677 9999
804.302167 9999
806.164075 9999
808.045873 9999
809.929284 9999
811.684566 9999
813.567434 9999
815.460972 9999
817.356879 9999
819.264926 9999
821.167521 9999.0
823.285484 9999
825.197728 9999
827.085396 9999
828.998001 9999
830.906925 9999
832.816277 9999
834.680119 9999
836.571209 9999
838.455724 9999
840.372483 9999
842.27323 9999
844.1573 9999
846.014586 9999
847.898119 9999
849.757395 9999
851.646907 9999.0
853.780525 9999
855.676939 9999
857.571975 9999
859.457922 9999
861.32998 9999
863.245941 9999
865.130026 9999
867.01424 9999
868.915719 9999
870.807029 9999
872.682018 9999
874.567264 9999
876.429914 9999
878.307776 9999
880.20322 9999
882.065295 9999.0
884.218353 9999
886.096053 9999
887.990742 9999
889.879134 9999
891.783048 9999
893.670091 9999
895.573904 9999
897.45611 9999
899.344031 9999
901.241516 9999
903.11371 9999
905.010722 9999
906.892961 9999
908.787965 9999
910.652196 9999
912.500887 9999.0
914.627092 9999
916.489286 9999
918.398003 9999
920.281961 9999
922.168202 9999
924.05304 9999
925.936673 9999
927.791714 9999
929.707208 9999
931.621779 9999
933.497396 9999
935.399971 9999
937.336643 9999
939.229644 9999
941.149717 9999
943.03822 9999.0
945.141588 9999
947.022626 9999
948.935032 9999
950.790541 9999
952.670601 9999
954.583468 9999
956.465194 9999
958.371006 9999
960.278185 9999
962.186558 9999
964.074354 9999
965.956874 9999
967.873822 9999
969.771008 9999
971.668374 9999
973.564871 9999.0
975.658834 9999
977.524991 9999
979.419382 9999
981.315358 9999
983.200939 9999
985.084536 9999
986.953706 9999
988.839921 9999
990.747279 9999
992.654607 9999
994.570944 9999
996.481673 9999
998.390341 9999
1000.291127 9999
1002.161065 9999
1004.046384 9999.0
1006.139469 9999
1008.05952 9999
1010.183938 9999
1012.086302 9999
1013.979368 9999
1015.889156 9999
1017.78164 9999
1019.678372 9999
1021.564153 9999
1023.462534 9999
1025.35394 9999
1027.239451 9999
1029.122295 9999
1031.020833 9999
1032.903599 9999
1034.788864 9999.0
1036.87458 9999
1038.760815 9999
1040.66689 9999
1042.550351 9999
1044.445148 9999
1046.340635 9999
1048.239251 9999
1050.158349 9999
1052.092412 9999
1053.991005 9999
1055.883772 9999
1057.79372 9999
1059.615678 9999
1061.493523 9999
1063.361681 9999
1065.24743 9999.0
1067.364442 9999
1069.275526 9999
1071.182492 9999
1073.068648 9999
1074.989425 9999
1076.904878 9999
1078.777983 9999
1080.628601 9999
1082.502268 9999
1084.377472 9999
1086.283575 9999
1088.140611 9999
1090.008964 9999
1091.887264 9999
1093.793305 9999
1095.662984 9999.0
1097.811279 9999
1099.683367 9999
1101.557296 9999
1103.427058 9999
1105.309935 9999
1107.185987 9999
1109.068166 9999
1110.942442 9999
1112.845183 9999
1114.722147 9999
1116.602776 9999
1118.509926 9999
1120.372832 9999
1122.257428 9999
1124.138261 9999
1126.011425 9999.0
1128.184095 9999
1130.087266 9999
1131.999356 9999
1133.905973 9999
1135.788482 9999
1137.701984 9999
1139.585731 9999
1141.494626 9999
1143.39848 9999
1145.261705 9999
1147.145705 9999
1149.029316 9999
1150.909238 9999
1152.818001 9999
1154.715977 9999
1156.602709 9999.0
1158.700914 9999
1160.558933 9999
1162.433226 9999
1164.305585 9999
1166.207977 9999
1168.069774 9999
1169.944245 9999
1171.805135 9999
1173.698201 9999
1175.564557 9999
1177.434776 9999
1179.328489 9999
1181.209908 9999
1183.087148 9999
1184.945342 9999
1186.850989 9999.0
1188.940753 9999
1190.835972 9999
1192.713863 9999
1194.583569 9999
1196.45223 9999
1198.357352 9999
1200.220275 9999
1202.084581 9999
1203.998973 9999
1205.8961 9999
1207.769064 9999
1209.664301 9999
1211.572682 9999
1213.492369 9999
1215.376192 9999
1217.284233 9999.0
1219.430587 9999
1221.30556 9999
1223.201225 9999
1225.106021 9999
1226.993111 9999
1228.900631 9999
1230.796457 9999
1232.693412 9999
1234.587061 9999
1236.47101 9999
1238.354571 9999
1240.251917 9999
1242.16023 9999
1244.066855 9999
1246.014311 9999
1247.917153 9999.0
1250.030131 9999
1251.9286 9999
1253.823728 9999
1255.708395 9999
1257.628757 9999
1259.546476 9999
1261.436023 9999
1263.349263 9999
1265.259068 9999
1267.168874 9999
1269.106268 9999
1270.983146 9999
1272.881335 9999
1274.776703 9999
1276.670489 9999
1278.555625 9999.0
1280.738564 9999
1282.623468 9999
1284.506111 9999
1286.388635 9999
1288.30007 9999
1290.223002 9999
1292.127601 9999
1294.021836 9999
1295.918491 9999
1297.826407 9999
1299.721666 9999
1301.621168 9999
1303.552514 9999
1305.467856 9999
1307.426533 9999
1309.344451 9999.0
1311.521443 9999
1313.427884 9999
1315.327106 9999
1317.207118 9999
1319.081342 9999
1320.953645 9999
1322.845292 9999
1324.73132 9999
1326.628126 9999
1328.524672 9999
1330.419784 9999
1332.304122 9999
1334.202579 9999
1336.096931 9999
1337.967699 9999
1339.86004 9999.0
1341.963112 9999
1343.874691 9999
1345.742182 9999
1347.654449 9999
1349.548963 9999
1351.418018 9999
1353.315685 9999
1355.213303 9999
1357.131533 9999
1359.025559 9999
1360.910561 9999
1362.810464 9999
1364.703479 9999
1366.588467 9999
1368.470771 9999
1370.383444 9999.0
1372.507995 9999
1374.37629 9999
1376.267448 9999
1378.165069 9999
1380.050548 9999
1381.957406 9999
1383.843672 9999
1385.761245 9999
1387.646958 9999
1389.517965 9999
1391.401671 9999
1393.284541 9999
1395.183403 9999
1397.072396 9999
1398.916764 9999
1400.811798 9999.0
1402.911041 9999
1404.853266 9999
1406.763551 9999
1408.662364 9999
1410.553482 9999
1412.440035 9999
1414.337638 9999
1416.25651 9999
1418.127441 9999
1419.997373 9999
1421.906963 9999
1423.814145 9999
1425.698346 9999
1427.572165 9999
1429.441892 9999
1431.316186 9999.0
1433.476063 9999
1435.395968 9999
1437.276873 9999
1439.167875 9999
1441.049106 9999
1442.966344 9999
1444.887276 9999
1446.781971 9999
1448.687674 9999
1450.564473 9999
1452.459234 9999
1454.36888 9999
1456.255578 9999
1458.139834 9999
1460.029111 9999
1461.939967 9999.0
1464.073083 9999
1465.961321 9999
1467.855606 9999
1469.73787 9999
1471.634699 9999
1473.529513 9999
1475.440775 9999
1477.348369 9999
1479.220071 9999
1481.078665 9999
1482.980067 9999
1484.873404 9999
1486.782191 9999
1488.664283 9999
1490.559977 9999
1492.446012 9999.0
1494.588803 9999
1496.513665 9999
1498.411827 9999
1500.305569 9999
1502.186118 9999
1504.094478 9999
1506.002733 9999
1507.865367 9999
1509.77133 9999
1511.642216 9999
1513.538226 9999
1515.436019 9999
1517.32278 9999
1519.238398 9999
1521.161126 9999
1523.041948 9999.0
1525.227678 9999
1527.11358 9999
1529.036519 9999
1530.926734 9999
1532.799506 9999
1534.729014 9999
1536.625517 9999
1538.497529 9999
1540.409265 9999
1542.305392 9999
1544.223218 9999
1546.145179 9999
1548.041418 9999
1549.958621 9999
1551.872278 9999
1553.73136 9999.0
1555.911006 9999
1557.808083 9999
1559.707373 9999
1561.661681 9999
1563.560469 9999
1565.453209 9999
1567.359327 9999
1569.267328 9999
1571.17474 9999
1573.071993 9999
1574.966096 9999
1576.850002 9999
1578.74113 9999
1580.667642 9999
1582.57401 9999
1584.46092 9999.0
1586.666735 9999
1588.58666 9999
1590.508497 9999
1592.413591 9999
1594.295291 9999
1596.205808 9999
1598.119683 9999
1600.023913 9999
1601.945084 9999
1603.814831 9999
1605.70339 9999
1607.58518 9999
1609.488766 9999
1611.388659 9999
1613.284007 9999
1615.153538 9999.0
1617.354061 9999
1619.223163 9999
1621.11749 9999
1622.978039 9999
1624.851131 9999
1626.72156 9999
1628.597741 9999
1630.479846 9999
1632.336485 9999
1634.22233 9999
1636.105472 9999
1638.000746 9999
1639.865831 9999
1641.732462 9999
1643.599779 9999
1645.465752 9999.0
1647.60444 9999
1649.463972 9999
1651.36852 9999
1653.27951 9999
1655.200221 9999
1657.142558 9999
1659.037643 9999
1660.961793 9999
1662.853954 9999
1664.740921 9999
1666.649727 9999
1668.553264 9999
1670.46391 9999
1672.383068 9999
1674.280941 9999
1676.176172 9999.0
1678.324237 9999
1680.183839 9999
1682.077969 9999
1683.965601 9999
1685.836406 9999
1687.753157 9999
1689.648922 9999
1691.545298 9999
1693.43108 9999
1695.308357 9999
1697.186377 9999
1699.107504 9999
1701.003176 9999
1702.922834 9999
1704.818923 9999
1706.722856 9999.0
1708.837126 9999
1710.712581 9999
1712.605546 9999
1714.505172 9999
1716.397984 9999
1718.30942 9999
1720.203604 9999
1722.09798 9999
1724.029583 9999
1725.917987 9999
1727.798737 9999
1729.658886 9999
1731.553976 9999
1733.460438 9999
1735.344621 9999
1737.233088 9999.0
1739.342813 9999
1741.23916 9999
1743.138846 9999
1745.017604 9999
1746.864092 9999
1748.738644 9999
1750.622795 9999
1752.487533 9999
1754.41797 9999
1756.31113 9999
1758.185508 9999
1760.058184 9999
1761.951982 9999
1763.860341 9999
1765.731381 9999
1767.615144 9999.0
1769.701947 9999
1771.598646 9999
1773.527108 9999
1775.423198 9999
1777.313709 9999
1779.194885 9999
1781.105053 9999
1782.998833 9999
1784.898498 9999
1786.754697 9999
1788.67498 9999
1790.574403 9999
1792.489612 9999
1794.414192 9999
1796.322155 9999
1798.184352 9999.0
1800.337009 9999
1802.209284 9999
1804.105519 9999
1805.990418 9999
1807.886026 9999
1809.757868 9999
1811.66679 9999
1813.527104 9999
1815.402431 9999
1817.285417 9999
1819.158412 9999
1821.061105 9999
1822.958993 9999
1824.844743 9999
1826.729658 9999
1828.61091 9999.0
1830.758615 9999
1832.668905 9999
1834.553029 9999
1836.448865 9999
1838.322113 9999
1840.189933 9999
1842.086193 9999
1843.969935 9999
1845.905059 9999
1847.802386 9999
1849.694261 9999
1851.575232 9999
1853.475617 9999
1855.381129 9999
1857.272215 9999
1859.163184 9999.0
1861.28136 9999
1863.17384 9999
1865.079044 9999
1866.99995 9999
1868.895022 9999
1870.793115 9999
1872.678627 9999
1874.587503 9999
1876.505213 9999
1878.361674 9999
1880.272524 9999
1882.157032 9999
1884.02878 9999
1885.947692 9999
1887.866233 9999
1889.764063 9999.0
1891.88909 9999
1893.784325 9999
1895.669906 9999
1897.552298 9999
1899.48239 9999
1901.382849 9999
1903.226219 9999
1905.108803 9999
1907.006567 9999
1908.895588 9999
1910.773768 9999
1912.720227 9999
1914.613566 9999
1916.496272 9999
1918.405582 9999
1920.267425 9999.0
1922.413429 9999
1924.302157 9999
1926.206407 9999
1928.10049 9999
1930.01241 9999
1931.928909 9999
1933.81523 9999
1935.688095 9999
1937.569835 9999
1939.444957 9999
1941.361395 9999
1943.262189 9999
1945.181788 9999
1947.076892 9999
1948.949942 9999
1950.816522 9999.0
1952.947634 9999
1954.855123 9999
1956.749067 9999
1958.624333 9999
1960.481488 9999
1962.389647 9999
1964.271637 9999
1966.17819 9999
1968.064853 9999
1969.935814 9999
1971.796479 9999
1973.692209 9999
1975.610579 9999
1977.522216 9999
1979.425739 9999
1981.323476 9999.0
1983.423827 9999
1985.330717 9999
1987.252124 9999
1989.126156 9999
1991.010023 9999
1993.000066 9999
1994.908242 9999
1996.802604 9999
1998.689103 9999
2000.606773 9999
2002.527016 9999
2004.426224 9999
2006.342725 9999
2008.277545 9999
2010.170001 9999
2012.056801 9999.0
2014.250597 9999
2016.147764 9999
2018.034518 9999
2019.917268 9999
2021.84909 9999
2023.741072 9999
2025.61421 9999
2027.508862 9999
2029.384779 9999
2031.257324 9999
2033.139024 9999
2035.015785 9999
2036.92026 9999
2038.818429 9999
2040.712387 9999
2042.61074 9999.0
2044.732855 9999
2046.652495 9999
2048.548967 9999
2050.435311 9999
2052.302366 9999
2054.188503 9999
2056.070158 9999
2057.935663 9999
2059.841616 9999
2061.712619 9999
2063.619067 9999
2065.503835 9999
2067.413337 9999
2069.330816 9999
2071.205533 9999
2073.104188 9999.0
2075.200484 9999
2077.081749 9999
2078.980318 9999
2080.874462 9999
2082.751261 9999
2084.633027 9999
2086.527313 9999
2088.397827 9999
2090.282099 9999
2092.168906 9999
2094.04137 9999
2095.949318 9999
2097.820951 9999
2099.703123 9999
2101.612992 9999
2103.497625 9999.0
2105.676462 9999
2107.599132 9999
2109.508243 9999
2111.395095 9999
2113.285467 9999
2115.195547 9999
2117.080021 9999
2118.973797 9999
2120.868597 9999
2122.745021 9999
2124.613983 9999
2126.524107 9999
2128.429464 9999
2130.304325 9999
2132.188037 9999
2134.083093 9999.0
2136.232796 9999
2138.114361 9999
2139.961462 9999
2141.834568 9999
2143.686255 9999
2145.568928 9999
2147.45403 9999
2149.369886 9999
2151.268779 9999
2153.153796 9999
2155.02487 9999
2156.920301 9999
2158.784258 9999
2160.686364 9999
2162.571152 9999
2164.465883 9999.0
2166.595583 9999
2168.502845 9999
2170.37191 9999
2172.280932 9999
2174.209722 9999
2176.145786 9999
2178.016976 9999
2179.911421 9999
2181.843979 9999
2183.765962 9999
2185.673504 9999
2187.578005 9999
2189.427575 9999
2191.3164 9999
2193.197351 9999
2195.081561 9999.0
2197.22689 9999
2199.139159 9999
2201.020793 9999
2202.925748 9999
2204.801881 9999
2206.699484 9999
2208.583681 9999
2210.478146 9999
2212.381877 9999
2214.268208 9999
2216.15291 9999
2218.037748 9999
2219.935313 9999
2221.849662 9999
2223.759963 9999
2225.653927 9999.0
2227.847863 9999
2229.735442 9999
2231.646135 9999
2233.526373 9999
2235.42426 9999
2237.342642 9999
2239.252656 9999
2241.158381 9999
2243.071036 9999
2244.953369 9999
2246.849689 9999
2248.753916 9999
2250.661723 9999
2252.560942 9999
2254.442021 9999
2256.352499 9999.0
2258.525733 9999
2260.397972 9999
2262.306103 9999
2264.198361 9999
2266.097305 9999
2267.997461 9999
2269.900002 9999
2271.82017 9999
2273.741456 9999
2275.633211 9999
2277.556558 9999
2279.45076 9999
2281.337286 9999
2283.269511 9999
2285.178199 9999
2287.048595 9999.0
2289.20914 9999
2291.0837 9999
2292.966105 9999
2294.872602 9999
2296.732099 9999
2298.603629 9999
2300.498086 9999
2302.393927 9999
2304.304267 9999
2306.203522 9999
2308.104749 9999
2309.991802 9999
2311.886184 9999
2313.796446 9999
2315.677402 9999
2317.590268 9999.0
2319.745847 9999
2321.658687 9999
2323.567449 9999
2325.460971 9999
2327.352814 9999
2329.265423 9999
2331.149674 9999
2333.045395 9999
2334.928835 9999
2336.823685 9999
2338.724041 9999
2340.614956 9999
2342.525793 9999
2344.453109 9999
2346.361828 9999
2348.259832 9999.0
2350.385132 9999
2352.306153 9999
2354.186208 9999
2356.10008 9999
2357.993437 9999
2359.885975 9999
2361.82206 9999
2363.717818 9999
2365.683532 9999
2367.568727 9999
2369.49011 9999
2371.384155 9999
2373.325765 9999
2375.247066 9999
2377.130034 9999
2379.005452 9999.0
2381.153295 9999
2383.059491 9999
2384.953949 9999
2386.877348 9999
2388.771591 9999
2390.65666 9999
2392.591567 9999
2394.459964 9999
2396.369335 9999
2398.28545 9999
2400.161109 9999
2402.069209 9999
2403.97564 9999
2405.875867 9999
2407.764291 9999
2409.652317 9999.0
2411.764638 9999
2413.661884 9999
2415.586312 9999
2417.488012 9999
2419.404808 9999
2421.30177 9999
2423.202017 9999
2425.130009 9999
2427.048355 9999
2428.921006 9999
2430.796969 9999
2432.664816 9999
2434.550485 9999
2436.444511 9999
2438.340764 9999
2440.254029 9999.0
2442.42238 9999
2444.309443 9999
2446.210398 9999
2448.120017 9999
2450.04627 9999
2451.943346 9999
2453.849545 9999
2455.766413 9999
2457.678246 9999
2459.571195 9999
2461.493236 9999
2463.433536 9999
2465.318351 9999
2467.255691 9999
2469.197597 9999
2471.082129 9999.0
2473.263161 9999
2475.131415 9999
2477.033101 9999
2478.904752 9999
2480.789325 9999
2482.681808 9999
2484.583388 9999
2486.477839 9999
2488.329549 9999
2490.22077 9999
2492.102351 9999
2493.999103 9999
2495.899626 9999
2497.81282 9999
2499.746438 9999
2501.642868 9999.0
2503.823003 9999
2505.722616 9999
2507.645899 9999
2509.539914 9999
2511.449161 9999
2513.345071 9999
2515.238402 9999
2517.049574 9999
2518.881482 9999
2520.76107 9999
2522.644689 9999
2524.495375 9999
2526.385551 9999
2528.266742 9999
2530.155796 9999
2532.017123 9999.0
2534.155796 9999
2536.025629 9999
2537.897536 9999
2539.802352 9999
2541.725473 9999
2543.63292 9999
2545.540396 9999
2547.45809 9999
2549.345799 9999
2551.24062 9999
2553.140915 9999
2555.043686 9999
2556.896266 9999
2558.801173 9999
2560.695529 9999
2562.580955 9999.0
2564.706939 9999
2566.602152 9999
2568.514221 9999
2570.425094 9999
2572.333534 9999
2574.230437 9999
2576.116896 9999
2578.034503 9999
2579.941341 9999
2581.853835 9999
2583.738042 9999
2585.63037 9999
2587.538829 9999
2589.447993 9999
2591.340789 9999
2593.227164 9999.0
2595.413696 9999
2597.309354 9999
2599.206491 9999
2601.112316 9999
2602.998369 9999
2604.93624 9999
2606.849538 9999
2608.74581 9999
2610.641468 9999
2612.549419 9999
2614.467849 9999
2616.438399 9999
2618.330114 9999
2620.264049 9999
2622.169463 9999
2624.056759 9999.0
2626.213204 9999
2628.102431 9999
2629.984229 9999
2631.868014 9999
2633.763792 9999
2635.672883 9999
2637.59013 9999
2639.47446 9999
2641.347629 9999
2643.246943 9999
2645.138231 9999
2647.034389 9999
2648.955756 9999
2650.849287 9999
2652.723964 9999
2654.593984 9999.0
2656.728286 9999
2658.604056 9999
2660.490574 9999
2662.385264 9999
2664.276297 9999
2666.173935 9999
2668.081892 9999
2669.969495 9999
2671.853202 9999
2673.729287 9999
2675.608822 9999
2677.723345 9999
2679.62609 9999
2681.547041 9999
2683.44411 9999
2685.341408 9999.0
2687.467317 9999
2689.371288 9999
2691.259804 9999
2693.127657 9999
2695.01291 9999
2696.907814 9999
2698.793105 9999
2700.679815 9999
2702.556202 9999
2704.420191 9999
2706.306978 9999
2708.186033 9999
2710.045195 9999
2711.932442 9999
2713.840263 9999
2715.736807 9999.0
2717.860138 9999
2719.738972 9999
2721.67242 9999
2723.584599 9999
2725.469565 9999
2727.363155 9999
2729.233094 9999
2731.128803 9999
2733.049974 9999
2734.963404 9999
2736.881849 9999
2738.776573 9999
2740.650512 9999
2742.546891 9999
2744.451778 9999
2746.33459 9999.0
2748.546355 9999
2750.42753 9999
2752.313347 9999
2754.229444 9999
2756.12702 9999
2758.036654 9999
2759.943877 9999
2761.863608 9999
2763.785424 9999
2765.680226 9999
2767.588287 9999
2769.483048 9999
2771.383382 9999
2773.274738 9999
2775.157833 9999
2777.044421 9999.0
2779.217606 9999
2781.135477 9999
2783.043415 9999
2784.930675 9999
2786.828136 9999
2788.706199 9999
2790.569289 9999
2792.453158 9999
2794.348915 9999
2796.245862 9999
2798.154021 9999
2800.082395 9999
2801.981477 9999
2803.925089 9999
2805.841582 9999
2807.74152 9999.0
2809.88676 9999
2811.785201 9999
2813.666833 9999
2815.58602 9999
2817.494037 9999
2819.440227 9999
2821.333461 9999
2823.230358 9999
2825.156089 9999
2827.057899 9999
2828.944099 9999
2830.851248 9999
2832.744861 9999
2834.644618 9999
2836.550696 9999
2838.427001 9999.0
2840.571671 9999
2842.441255 9999
2844.327178 9999
2846.223692 9999
2848.12175 9999
2850.076705 9999
2851.983576 9999
2853.905382 9999
2855.809728 9999
2857.726199 9999
2859.613332 9999
2861.497187 9999
2863.395491 9999
2865.303966 9999
2867.180986 9999
2869.086266 9999.0
2871.241229 9999
2873.140301 9999
2875.037149 9999
2876.944284 9999
2878.836304 9999
2880.749913 9999
2882.653217 9999
2884.560559 9999
2886.497421 9999
2888.379511 9999
2890.287257 9999
2892.171494 9999
2894.050315 9999
2895.927201 9999
2897.801413 9999
2899.719104 9999.0
2901.926257 9999
2903.820909 9999
2905.707651 9999
2907.591142 9999
2909.473269 9999
2911.381704 9999
2913.265178 9999
2915.162435 9999
2917.093747 9999
2918.979272 9999
2920.887617 9999
2922.793807 9999
2924.700269 9999
2926.600603 9999
2928.47093 9999
2930.377153 9999.0
2932.499323 9999
2934.398882 9999
2936.28256 9999
2938.191885 9999
2940.085832 9999
2941.985963 9999
2943.879489 9999
2945.77899 9999
2947.683695 9999
2949.603113 9999
2951.50639 9999
2953.397407 9999
2955.295971 9999
2957.176605 9999
2959.063973 9999
2960.942469 9999.0
2963.11406 9999
2964.994697 9999
2966.884543 9999
2968.792936 9999
2970.698111 9999
2972.610375 9999
2974.514534 9999
2976.383702 9999
2978.294503 9999
2980.193388 9999
2982.065731 9999
2983.971889 9999
2985.880155 9999
2987.8013 9999
2989.708858 9999
2991.606717 9999.0
2993.822667 9999
2995.732667 9999
2997.603979 9999
2999.510411 9999
3001.435126 9999
3003.350953 9999
3005.233826 9999
3007.143077 9999
3009.052088 9999
3010.911147 9999
3012.760276 9999
3014.631676 9999
3016.514974 9999
3018.377369 9999
3020.271574 9999
3022.179232 9999.0
3024.316749 9999
3026.246949 9999
3028.109647 9999
3030.028632 9999
3031.902177 9999
3033.842791 9999
3035.738123 9999
3037.632787 9999
3039.512603 9999
3041.39253 9999
3043.291254 9999
3045.185902 9999
3047.091694 9999
3048.974533 9999
3050.895832 9999
3052.75765 9999.0
3054.90575 9999
3056.812583 9999
3058.690816 9999
3060.592497 9999
3062.452877 9999
3064.367408 9999
3066.242392 9999
3068.129604 9999
3070.04902 9999
3071.941516 9999
3073.844713 9999
3075.723231 9999
3077.606349 9999
3079.488919 9999
3081.375819 9999
3083.224646 9999.0
3085.380667 9999
3087.270357 9999
3089.161798 9999
3091.048025 9999
3092.954091 9999
3094.873779 9999
3096.768995 9999
3098.692294 9999
3100.576563 9999
3102.469146 9999
3104.386125 9999
3106.252944 9999
3108.157512 9999
3110.067936 9999
3111.965699 9999
3113.858266 9999.0
3116.021712 9999
3117.927181 9999
3119.798353 9999
3121.670792 9999
3123.558375 9999
3125.456178 9999
3127.361478 9999
3129.265444 9999
3131.138244 9999
3133.035826 9999
3134.930541 9999
3136.842937 9999
3138.735141 9999
3140.64638 9999
3142.52636 9999
3144.392233 9999.0
3146.572241 9999
3148.503854 9999
3150.409433 9999
3152.284267 9999
3154.169501 9999
3156.06432 9999
3157.940315 9999
3159.82127 9999
3161.712996 9999
3163.609391 9999
3165.515546 9999
3167.420185 9999
3169.337019 9999
3171.242711 9999
3173.150859 9999
3175.073736 9999.0
3177.230734 9999
3179.10464 9999
3181.00978 9999
3182.897007 9999
3184.75702 9999
3186.641933 9999
3188.52586 9999
3190.411361 9999
3192.301781 9999
3194.205044 9999
3196.110602 9999
3198.013994 9999
3199.927088 9999
3201.832541 9999
3203.726406 9999
3205.658524 9999.0
3207.7952 9999
3209.666617 9999
3211.56793 9999
3213.474878 9999
3215.33409 9999
3217.239244 9999
3219.135073 9999
3221.031392 9999
3222.941364 9999
3224.860949 9999
3226.717459 9999
3228.641392 9999
3230.535926 9999
3232.430228 9999
3234.326691 9999
3236.2366 9999.0
3238.384858 9999
3240.292597 9999
3242.206811 9999
3244.106324 9999
3246.018417 9999
3247.887769 9999
3249.784351 9999
3251.681468 9999
3253.577613 9999
3255.438025 9999
3257.321251 9999
3259.178129 9999
3261.077719 9999
3262.937141 9999
3264.831671 9999
3266.728787 9999.0
3268.873669 9999
3270.794258 9999
3272.726771 9999
3274.586455 9999
3276.486223 9999
3278.373806 9999
3280.25034 9999
3282.160763 9999
3284.07764 9999
3285.95111 9999
3287.84944 9999
3289.733019 9999
3291.623649 9999
3293.546448 9999
3295.478482 9999
3297.435939 9999.0
3299.630613 9999
3301.528816 9999
3303.435379 9999
3305.332318 9999
3307.217459 9999
3309.111691 9999
3310.995504 9999
3312.872117 9999
3314.777099 9999
3316.633158 9999
3318.544899 9999
3320.43027 9999
3322.310163 9999
3324.208318 9999
3326.068909 9999
3327.9515 9999.0
3330.165298 9999
3332.056815 9999
3333.940872 9999
3335.816086 9999
3337.669194 9999
3339.539798 9999
3341.439244 9999
3343.323066 9999
3345.222814 9999
3347.132042 9999
3349.022481 9999
3350.896866 9999
3352.790825 9999
3354.715596 9999
3356.630913 9999
3358.553827 9999.0
3360.647927 9999
3362.545147 9999
3364.416043 9999
3366.318286 9999
3368.237015 9999
3370.146772 9999
3372.050239 9999
3373.957063 9999
3375.873738 9999
3377.774768 9999
3379.710072 9999
3381.603425 9999
3383.522934 9999
3385.430179 9999
3387.329686 9999
3389.237692 9999.0
3391.348697 9999
3393.221004 9999
3395.126222 9999
3397.014726 9999
3398.908911 9999
3400.812001 9999
3402.736108 9999
3404.642867 9999
3406.562894 9999
3408.461306 9999
3410.356272 9999
3412.262394 9999
3414.185292 9999
3416.10484 9999
3417.976001 9999
3419.874686 9999.0
3422.021397 9999
3423.905487 9999
3425.814648 9999
3427.733003 9999
3429.639551 9999
3431.558646 9999
3433.478812 9999
3435.355761 9999
3437.249349 9999
3439.144704 9999
3441.051256 9999
3442.957101 9999
3444.883075 9999
3446.766868 9999
3448.646465 9999
3450.542402 9999.0
3452.710889 9999
3454.624666 9999
3456.544132 9999
3458.453071 9999
3460.359296 9999
3462.278375 9999
3464.171376 9999
3466.08302 9999
3467.967319 9999
3469.856625 9999
3471.781793 9999
3473.68397 9999
3475.572457 9999
3477.472803 9999
3479.342181 9999
3481.239955 9999.0
3483.434734 9999
3485.335591 9999
3487.250951 9999
3489.163112 9999
3491.055495 9999
3492.952814 9999
3494.856823 9999
3496.76742 9999
3498.697555 9999
3500.595041 9999
3502.505316 9999
3504.422102 9999
3506.334886 9999
3508.214213 9999
3510.124125 9999
3512.030744 9999.0
3514.215507 9999
3516.121739 9999
3518.005916 9999
3519.89058 9999
3521.765903 9999
3523.65773 9999
3525.553913 9999
3527.455456 9999
3529.373449 9999
3531.30214 9999
3533.204059 9999
3535.085372 9999
3537.013849 9999
3538.934035 9999
3540.828312 9999
3542.715668 9999.0
3544.889322 9999
3546.783135 9999
3548.667505 9999
3550.561601 9999
3552.446493 9999
3554.33164 9999
3556.236977 9999
3558.13305 9999
3560.197653 9999
3562.094617 9999
3564.015905 9999
3565.89135 9999
3567.809815 9999
3569.729748 9999
3571.62246 9999
3573.495763 9999.0
3575.668951 9999
3577.565358 9999
3579.438702 9999
3581.323285 9999
3583.196636 9999
3585.097822 9999
3586.998715 9999
3588.866374 9999
3590.77437 9999
3592.69762 9999
3594.590661 9999
3596.500124 9999
3598.385878 9999
3600.303488 9999
