8.014704 6.01716780663
16.43976 6.32149219513
25.327507 6.74611878395
34.233146 6.7875828743
43.401848 6.97175502777
51.950098 6.42439889908
60.265882 6.2061419487
68.70299 6.30908703804
76.859309 5.9263780117
85.661417 6.66357803345
94.451675 6.66555500031
103.546483 6.9738907814
112.5186 6.72214698792
121.547428 9999
130.025684 6.34386706352
138.493886 6.36252689362
147.482423 6.85282683372
156.377553 6.76261997223
165.262879 6.7631149292
174.33654 6.99218297005
182.912144 6.31944990158
190.452446 5.45192480087
199.193572 6.62952589989
207.660124 6.36373400688
216.625187 6.74183011055
225.051182 6.34226489067
233.974434 6.76714205742
242.709854 6.62742590904
251.181645 6.24087905884
259.567746 6.28668689728
268.38518 6.66745686531
277.070512 6.56322312355
285.866479 6.53409600258
294.794223 9999
302.79821 5.87214899063
310.780844 5.90736103058
319.771077 6.7393591404
328.280669 6.41818785667
336.647693 6.24736595154
344.711641 5.92700600624
353.328893 9999
361.769507 6.3385219574
370.193404 6.26332402229
378.986022 6.6931180954
387.113864 5.8867418766
396.003474 6.67622995377
404.515901 6.38764405251
413.324216 6.67657995224
422.156224 6.59772491455
431.078411 6.79861617088
439.843966 6.65452694893
448.989945 7.02366089821
457.976927 6.75926589966
466.501938 6.43558311462
475.243247 6.60979199409
483.852155 6.48034286499
492.373246 6.28512692451
500.785944 6.31861805916
509.306809 6.39873194695
518.055403 6.64304995537
526.611637 6.29241704941
535.486276 6.77317094803
544.278264 6.67954802513
553.043404 6.66189002991
562.484276 9999
570.38663 5.81118488312
579.150629 6.65661621094
587.510269 6.24069213867
596.463175 6.71463298798
604.522904 5.89787602425
613.218911 9999
622.154488 9999.0
631.052405 6.66699099541
639.353897 6.21174907684
647.992635 6.54120707512
656.900383 6.8048210144
665.779167 6.6451690197
674.130563 6.24543094635
683.031354 6.78387379646
691.366577 6.23302197456
699.987102 6.35986089706
708.469979 9999
717.257193 6.66371703148
726.079305 6.72495293617
735.493118 7.19368004799
744.380109 6.77092909813
752.344815 5.81562590599
761.168391 6.73041296005
769.413912 6.02195310593
777.827298 6.2764749527
786.688693 6.75560617447
794.700324 5.89493393898
803.489413 9999
812.574352 6.99274516106
821.012004 6.30642795563
828.987677 5.87978100777
838.110602 6.89403104782
846.8561 6.63813400269
855.443905 6.47914814949
864.384676 9999.0
873.731136 7.10578393936
882.228424 6.39742398262
891.386627 7.04437088966
899.887707 6.41440296173
908.57475 9999
917.422235 6.74422597885
926.317817 9999
934.791688 6.38493418694
942.955348 5.92532300949
951.362909 6.29388403893
960.591014 7.09305906296
969.047278 6.3253030777
978.013883 6.69567584991
986.841171 6.73164987564
995.703176 6.74322509766
1003.742257 5.91494989395
1011.93042 5.92611408234
1020.722137 6.66368603706
1029.294718 9999
1037.729681 6.32775998116
1046.315109 6.33779907227
1055.130644 6.70383000374
1064.229825 7.00305986404
1073.166955 6.83581900597
1082.071866 6.65118312836
1090.111054 5.92720890045
1098.494283 6.28014111519
1107.269326 6.64247393608
1115.516968 5.99838590622
1124.243943 6.62256288528
1133.058307 6.68165111542
1141.789206 6.63375401497
1150.211071 6.1728219986
1159.325243 7.0279519558
1167.706802 6.26316189766
1176.559066 6.72255992889
1185.530364 6.71040391922
1194.217581 6.54568505287
1203.214217 6.83974003792
1211.94485 6.64693689346
1221.186123 7.00175714493
1230.079464 6.78021407127
1238.905387 6.69584512711
1247.825413 6.79458594322
1256.751076 6.68076705933
1265.882133 7.00658512115
1274.519885 6.52775788307
1282.64 6.00628519058
1291.749441 9999
1300.521551 6.65952110291
1309.349581 6.69718790054
1317.734045 6.2697031498
1326.345148 6.35311794281
1334.811873 6.36308789253
1343.332083 6.40071988106
1352.102845 6.67479300499
1360.994907 6.64484190941
1369.734993 6.61132502556
1379.0014 9999
1387.765091 6.64465403557
1396.769471 6.75293111801
1405.206226 6.32310986519
1414.256992 6.95007395744
1423.124147 6.7345468998
1431.670373 6.30226612091
1440.138903 6.38939785957
1448.566199 6.31135201454
1457.371222 6.69416809082
1466.28867 6.66813993454
1474.712865 6.31324195862
1483.203943 6.38158798218
1491.456621 9999.0
1499.956591 6.25213193893
1508.688711 6.64169692993
1517.437596 6.62343192101
1526.081614 6.54449081421
1535.049373 6.68411302567
1543.537144 6.39959597588
1551.98293 6.33920097351
1560.914873 6.80284285545
1569.929413 6.82073998451
1578.747979 6.69545888901
1586.705902 5.84936594963
1595.089632 6.26714897156
1603.298388 5.94815397263
1611.811482 9999
1620.255812 6.33232498169
1629.073106 6.68732905388
1638.044399 6.6986758709
1646.846633 6.67235589027
1655.664847 6.70461511612
1664.19943 6.3964509964
1673.537285 7.06561112404
1682.489555 9999
1691.337196 6.73676800728
1700.199491 6.74607014656
1708.72861 6.30245184898
1717.08954 6.25344395638
1725.868993 6.64168405533
1734.289715 6.29893493652
1742.797162 6.23808717728
1751.413551 9999
1759.460265 5.88953590393
1768.264327 6.72064089775
1777.50979 6.97194504738
1786.024225 6.37968587875
1794.435583 6.30539679527
1803.197301 6.64237093925
1811.194744 5.73677587509
1819.97804 6.68745613098
1828.090905 5.98869800568
1836.43104 6.24153208733
1845.399137 6.70569109917
1854.078413 6.53809499741
1862.073512 9999
1870.843816 6.64784312248
1879.434049 6.32362222672
1888.249952 6.69294810295
1896.710387 6.34393692017
1905.662067 6.79492998123
1914.435078 9999
1923.166312 6.62505316734
1931.971701 6.69219493866
1941.047077 6.9588508606
1949.55208 6.27149581909
1958.443933 6.77727794647
1967.27703 6.7003660202
1975.805391 6.40669608116
1984.311297 6.26253390312
1992.924027 6.51515102386
2002.058214 6.98896884918
2011.082233 9999.0
2019.610513 6.26298093796
2028.401911 6.65457701683
2037.249006 6.73362112045
2046.066247 6.68573999405
2054.994113 6.69281005859
2063.730228 6.62075686455
2072.11025 6.25105714798
2081.167119 9999.0
2089.647235 6.28012990952
2098.393196 6.6383061409
2107.207295 6.70331311226
2115.734158 6.38225483894
2124.626618 6.66484308243
2133.672991 9999
2142.182338 6.37236309052
2150.957828 6.65575003624
2159.903506 6.71953201294
2168.73373 6.70482492447
2177.497985 6.64857196808
2186.008209 6.42306900024
2194.890251 6.64458394051
2203.647847 6.64536213875
2212.758631 6.97897601128
2221.476234 6.60585188866
2229.5973 5.86602687836
2238.433778 6.72784900665
2246.904567 6.3143389225
2255.567079 6.5901119709
2264.188383 6.34404301643
2272.933899 6.61677289009
2281.437239 6.36580395699
2290.167194 6.62073802948
2299.102582 6.68912816048
2307.536955 6.32000780106
2315.520148 5.86853408813
2324.223871 6.59588694572
2333.126477 6.62925100327
2341.460533 6.23211193085
2350.25082 6.66524410248
2359.030368 6.64566206932
2367.956898 6.69645786285
2376.70572 6.62963604927
2385.557833 6.69471001625
2393.669597 5.97111701965
2402.664591 6.74407720566
2411.48919 6.73870897293
2420.320721 6.72988510132
2429.018709 6.59375691414
2438.084081 6.79149699211
2446.84393 6.63496589661
2455.598175 6.63652181625
2463.998703 6.28079199791
2472.98036 6.74688506126
2481.447529 6.34141492844
2489.878225 6.31207704544
2498.262432 6.26250696182
2507.174626 6.64260697365
2515.32817 6.021515131
2523.831044 6.36384296417
2532.456016 6.49472379684
2541.257921 9999
2549.966825 6.62372612953
2559.110455 7.00389099121
2567.547074 6.31444191933
2576.091771 6.29942011833
2584.437199 6.22556304932
2593.214483 6.64157390594
2601.836 9999.0
2610.582664 6.4796640873
2619.435336 6.72842288017
2628.199079 6.64644002914
2636.575754 6.26431107521
2645.379753 6.52944898605
2654.062834 6.58640599251
2662.728436 6.53679490089
2671.135499 6.29642486572
2679.937306 6.5146150589
2689.198923 7.12225604057
2697.99312 6.66016101837
2706.672098 9999.0
2715.158113 6.23293805122
2723.681559 6.38540101051
2732.530733 6.73263907433
2741.726078 7.06735491753
2750.690858 6.70514798164
2759.44114 9999
2768.227705 6.63535809517
2776.310468 9999.0
2785.23587 6.67937803268
2793.996139 6.63967895508
2802.763515 6.638048172
2810.786839 5.88534212112
2819.903635 9999
2828.062061 6.06248307228
2836.85857 6.65192389488
2845.901817 6.93851995468
2854.842669 6.64426088333
2863.753045 6.71070599556
2872.551382 6.67913413048
2881.384217 6.71347308159
2890.011326 6.39537000656
2898.863051 6.75275087357
2907.242409 6.23657298088
2916.014129 6.6549270153
2924.373368 9999
2933.282575 6.75715184212
2942.160656 6.73583817482
2950.950731 6.67143416405
2960.049343 6.84927010536
2968.511357 9999
2977.348317 6.7108399868
2985.903251 6.44392800331
2995.404257 7.23287796974
3004.151547 6.63692188263
3012.641137 6.3344669342
3021.50769 6.74339008331
3030.523835 6.72735285759
3039.230881 6.59405303001
3048.095955 6.74361205101
3056.903409 6.68865513802
3065.704126 6.55085802078
3074.046141 6.27202796936
3083.202341 6.99829888344
3091.969112 6.64749693871
3100.912671 6.68093299866
3110.267124 9999
3117.894826 5.58270812035
3126.346703 6.32897806168
3135.499863 6.88041687012
3143.88622 6.26331686974
3152.632583 6.62671399117
3161.385666 6.62639594078
3170.340019 6.70110917091
3178.931373 9999
3187.575626 6.52813601494
3196.438776 6.70186400414
3205.374977 6.64193296432
3214.282388 6.79175376892
3222.981204 6.55421113968
3231.446457 6.36450004578
3240.358036 6.65117716789
3248.424265 5.94229698181
3256.983416 6.43076896667
3265.779721 9999.0
3275.238902 7.15144205093
3283.74023 6.37807106972
3292.599042 6.7391500473
3300.72741 6.03898787498
3309.305654 6.28654098511
3318.352143 6.9359331131
3327.158237 6.66233682632
3335.991339 6.71235895157
3345.064879 6.76770997047
3353.930827 6.74496388435
3362.859912 6.79733896255
3370.892042 5.92459201813
3379.034882 5.88397598267
3387.78861 6.63537788391
3396.197708 6.28388500214
3404.15363 5.82716298103
3412.313893 5.91753005981
3421.418645 6.96898913383
3430.169614 6.62652587891
3438.564059 6.28585100174
3447.176322 6.28489995003
3456.03231 6.742664814
3463.953784 5.80474686623
3472.599995 6.49662184715
3481.109277 6.24627900124
3489.175462 5.94563508034
3498.046237 6.70530796051
3506.694214 6.53613495827
3515.674788 6.68401813507
3524.055116 6.24133586884
3532.6658 6.4827940464
3541.038768 6.24371695518
3549.952664 6.64936494827
3558.817516 6.74076414108
3567.173376 6.22891902924
3575.620406 6.34303593636
3584.553021 6.65442180634
3593.753319 7.06859493256
3601.687201 5.79491305351
