7.930233 1.99988365173
15.63702 1.99165431658
17.471393 9999
25.08702 1.98984400431
33.17817 1.99345032374
41.216912 1.99464956919
48.831819 1.99065073331
50.665088 9999
52.394107 9999
54.177892 9999
61.871186 1.99473881721
63.586941 9999.0
71.758852 1.99278402328
79.55071 1.99101098378
87.280077 1.99113933245
95.019079 1.99259503682
97.043152 9999
98.966324 9999
106.706715 1.99679104487
114.49301 1.99732605616
122.172339 1.9914197127
123.919827 9999
131.609665 1.99609780312
133.844425 9999
135.532289 9999
139.416949 9999
147.060307 1.99386032422
148.980056 9999
156.780699 1.99129637082
158.638358 9999
160.328007 9999
162.066859 9999.0
170.386005 1.99021156629
178.098603 1.99019535383
179.842583 9999
187.654486 1.99364328384
195.356816 1.99117803574
199.275827 9999
200.969905 9999
202.681688 9999
210.314365 1.99121101697
218.046369 1.9963807265
225.744494 1.99770840009
233.808405 1.99068872134
235.636885 9999
243.338299 1.99350134532
251.062591 1.99193231265
254.733279 9999
262.383861 1.98994040489
270.780552 1.99559020996
272.603097 9999
280.264211 1.99818738302
287.931009 1.99182971319
295.569049 1.99302268028
303.464334 1.9931456248
311.203466 1.99402626355
312.914702 9999
320.628061 1.99475542704
328.353383 1.98983263969
336.644728 1.99375661214
344.535853 2.00063832601
352.187538 1.99009426435
355.95473 9999
363.685744 1.99110865593
365.768544 9999
373.455091 1.99648634593
381.104892 1.99074260394
388.83856 1.99766731262
396.510247 1.99821297328
404.575895 1.99149171511
412.311377 1.99693910281
419.955286 1.9902809461
427.967338 1.99075762431
436.011021 1.99839234352
443.677709 1.99205684662
451.403215 1.98960200946
459.313615 1.99693584442
467.558113 1.98951069514
469.482708 9999
477.229742 1.98907001813
485.161783 1.99014075597
486.960352 9999
494.947329 1.99458098412
502.940446 1.99012168248
510.675329 1.99349490801
518.472893 1.99119901657
526.225957 1.98973258336
534.421867 1.98949066798
542.145187 1.9926832517
550.010106 1.99928037326
557.734278 1.99273371696
559.9717 9999
567.634893 1.99031098684
575.36585 1.99127435684
583.204784 1.9943087101
590.873471 1.99293994904
592.947185 9999
600.688213 1.99109991391
608.401468 1.99628130595
616.30657 1.99112590154
624.120738 1.99353233973
632.335424 1.99511098862
635.993539 9999
643.627401 1.99236424764
651.408461 1.99274833997
655.254322 9999.0
657.345584 9999
665.075791 1.99058302244
672.880131 2.00307758649
680.571584 1.99106868108
688.243737 1.9915339152
696.421466 1.99416502317
704.103902 1.99209594727
705.812349 9999
713.475161 1.99153335889
721.375196 1.99962369601
729.398876 1.98953302701
737.054192 1.99103864034
744.875723 1.9894712766
752.606039 1.99009275436
760.584598 1.99235232671
768.459919 1.99023199081
776.115226 1.99152565002
783.844266 1.99155950546
792.18345 1.99251159032
794.161269 9999
801.855036 1.98969841003
809.611496 1.99067608515
817.274388 1.99050299327
819.301374 9999
827.097055 1.99198301633
828.886344 9999
836.567091 1.99511170387
844.208351 1.99191276232
851.957192 1.99220736821
859.994808 1.99607435862
867.660445 1.99207401276
869.375018 9999
873.218958 9999
874.991308 9999
882.84269 1.99340136846
890.812102 1.99197371801
892.735779 9999
894.584524 9999
902.3011 1.99478069941
910.048379 1.99156475067
911.826187 9999
919.523129 1.99448935191
927.736088 1.99147637685
935.667845 1.99414801598
943.678077 1.98991799355
945.798603 9999
953.455475 1.99241169294
955.431065 9999
963.224533 1.99233897527
964.998819 9999
973.005531 1.9931760629
980.884948 1.99018740654
982.637118 9999
984.3797 9999.0
992.729697 1.99286731084
994.561818 9999
996.387035 9999
1004.123121 1.99206837018
1008.03277 9999
1016.012122 1.99914034208
1024.080851 1.99313871066
1031.719431 1.99017675718
1035.395405 9999
1043.285441 1.9932466348
1051.068478 1.99064429601
1059.267859 1.99093834559
1067.081917 1.99281072617
1068.986489 9999
1076.801439 1.99198643366
1078.755552 9999
1086.907739 1.99184028308
1094.731603 1.98935270309
1096.699638 9999
1098.451375 9999
1106.23871 1.99291133881
1113.887906 1.99214935303
1121.630802 1.99552734693
1129.76255 1.99131234487
1131.511878 9999
1139.404073 1.99351930618
1141.123568 9999
1148.898325 1.99083097776
1150.619073 9999
1152.438858 9999.0
1161.042583 1.99542196592
1164.787253 9999
1166.705948 9999
1174.554902 1.99157293638
1176.311929 9999
1184.499303 1.99361896515
1192.695345 1.99542911847
1200.566787 1.99199430148
1202.378912 9999
1210.095322 1.99478467306
1217.927513 2.00128801664
1219.922995 9999
1221.67258 9999
1223.600751 9999
1225.445924 9999
1229.208465 9999
1232.876597 9999
1236.518644 9999
1244.326486 1.99404295286
1252.035777 1.99026266734
1254.093216 9999
1261.749753 1.99093429248
1269.531663 1.9952387015
1277.173923 1.99077701569
1278.947134 9999
1286.687466 1.99366633097
1290.95932 9999
1292.82607 9999
1294.637225 9999
1302.351514 1.9922504425
1310.240174 1.99166329702
1317.91355 1.99235598246
1325.848614 1.99578992526
1333.51123 1.98894929886
1341.18533 1.99087206523
1348.949708 1.99519666036
1356.879714 1.99714525541
1358.659129 9999
1366.341505 1.99278211594
1370.047924 9999
1371.758287 9999
1379.510435 2.00021966298
1381.607019 9999
1389.254319 1.99104070663
1391.061129 9999
1398.737033 1.99388742447
1406.556389 1.99114894867
1414.462982 1.9913713932
1422.554616 1.99269040426
1430.565622 1.99192039172
1438.328037 1.99125504494
1446.085897 1.98953898748
1454.106186 1.99237298965
1461.847732 1.99659268061
1469.497824 1.98996194204
1477.237183 1.99546098709
1479.199813 9999
1486.900742 1.99198706945
1488.629511 9999
1492.335485 9999
1500.236145 1.99653037389
1508.070725 1.9957040151
1516.035022 1.99101336797
1523.929664 1.99746330579
1531.649047 1.99487837156
1539.500958 1.98955098788
1547.388633 1.99238634109
1555.119223 1.99187366168
1562.901177 1.9912173748
1570.685415 1.99287939072
1572.922097 9999
1574.877366 9999
1578.591614 9999
1580.303391 9999
1588.406338 1.99500664075
1592.131443 9999
1593.825842 9999
1595.678279 9999
1603.370707 1.99106931686
1611.549288 1.98930335045
1613.254242 9999
1616.974591 9999
1618.776075 9999
1620.570644 9999
1622.33482 9999
1630.026356 1.99353289604
1631.793473 9999
1639.760982 1.99296665192
1647.8185 1.99034031232
1655.504193 1.99245198568
1663.187375 1.9888010025
1670.991064 1.99291825294
1679.038968 1.99043774605
1686.789565 1.99533168475
1694.497159 1.99077534676
1696.579995 9999
1698.248395 9999
1705.96878 1.99186340968
1713.97722 1.99444405238
1721.824962 1.99131464958
1723.556723 9999
1725.388394 9999
1727.327727 9999
1734.987974 1.99177273115
1738.678509 9999.0
1740.678812 9999
1744.51028 9999
1746.506659 9999
1754.17182 1.98964397113
1755.978107 9999
1757.73389 9999
1759.615451 9999
1767.276687 1.99267371496
1769.089256 9999.0
1777.121343 1.99188407262
1784.801772 1.98888969421
1792.555237 1.99324425062
1794.522551 9999
1796.410403 9999
1798.14926 9999
1805.865737 1.99156570435
1814.152154 1.99216628075
1821.799615 1.99107670784
1829.432257 1.99649135272
1837.074404 1.99183003108
1839.34089 9999
1841.07445 9999
1849.13198 1.99248242378
1857.484747 1.99210564295
1865.27761 1.99178735415
1866.949171 9999
1868.719362 9999.0
1870.916223 9999
1878.783233 1.99094438553
1880.466299 9999
1882.484282 9999
1886.312657 9999
1888.098647 9999
1895.992477 1.99030502637
1897.863786 9999
1899.560601 9999.0
1901.793949 9999
1909.525472 1.99009267489
1911.342454 9999
1919.139778 1.99185260137
1926.816211 1.99644629161
1934.532613 1.99777491887
1936.676919 9999
1938.368922 9999
1940.100656 9999
1941.946673 9999
1949.633238 1.99441297849
1957.323613 1.99055123329
1965.172449 1.99131266276
1967.506206 9999
1975.380107 1.99046039581
1983.132913 1.98960741361
1984.887399 9999
1993.062325 1.99053732554
2000.763633 1.99180237452
2008.948346 1.9956296285
2016.652862 1.99202807744
2024.377605 1.99608635902
2032.161008 1.99010801315
2034.269562 9999
2041.927283 1.9911813736
2044.059851 9999
2051.838066 1.99158167839
2053.524005 9999
2061.258177 1.99113901456
2065.117804 9999.0
2067.311267 9999
2074.957276 1.99276900291
2082.822253 1.99011341731
2086.675279 9999
2094.336925 1.99117636681
2102.037004 2.00376200676
2110.065982 1.99354743958
2117.735485 1.99862233798
2125.527528 1.99599909782
2133.446376 1.99349236488
2135.536228 9999
2143.325631 1.99109164874
2151.077593 1.9910393556
2152.970394 9999
2160.75523 1.99821988742
2168.587512 1.99267570178
2170.530339 9999
2178.380936 1.99268905322
2180.166897 9999
2187.863765 1.98992363612
2189.660874 9999
2191.392739 9999
2199.169188 1.99702533086
2207.211562 1.99184966087
2214.982882 1.99237974485
2216.89525 9999
2219.111266 9999
2227.018407 2.00179298719
2228.76721 9999
2236.518521 1.99241431554
2244.515067 1.99034667015
2248.273682 9999
2255.984355 1.99713039398
2263.737544 1.99605035782
2271.489249 1.99570361773
2273.603011 9999
2281.407441 1.98971907298
2289.03602 1.99175659815
2296.76955 1.99479095141
2304.430047 1.99071304003
2312.440834 1.99402157466
2314.21371 9999
2318.0639 9999
2320.084387 9999
2321.925162 9999
2329.667744 1.99370559057
2337.42549 1.99251755079
2339.712179 9999
2347.363635 1.99169564247
2355.066869 1.99985003471
2362.776976 1.99154488246
2370.458785 1.99636832873
2372.358144 9999
2379.986032 1.98989097277
2381.695816 9999
2383.65044 9999
2391.51287 1.99746974309
2399.261423 1.99875195821
2407.047954 1.98898394903
2414.989904 1.99617187182
2418.696108 9999
2420.44114 9999
2428.301397 1.99276940028
2430.198079 9999
2437.921913 1.99211597443
2440.175971 9999
2447.951879 1.99062101046
2455.74369 1.99227579435
2457.511739 9999
2465.185543 1.99172798793
2472.938539 1.99055123329
2475.35339 9999
2477.37671 9999
2485.117279 1.99375303586
2492.874413 1.99221277237
2500.575207 1.99197904269
2508.348785 1.99233301481
2516.494009 1.9922059377
2524.241133 1.99351374308
2531.981555 1.99811863899
2533.674001 9999
2535.496413 9999
2543.228701 1.99198500315
2551.350122 1.99428065618
2553.077138 9999
2560.94762 1.99495561918
2562.978475 9999
2570.773898 1.99133094152
2572.557154 9999
2580.25278 1.99331641197
2582.268897 9999
2589.998526 1.99026727676
2597.782696 1.99277162552
2605.511228 1.99437999725
2613.263901 1.99400520325
2621.40052 1.99150602023
2629.189339 1.99016237259
2630.952008 9999
2638.729209 1.99321722984
2646.502613 1.99456357956
2650.553222 9999
2652.351672 9999
2660.176514 1.99371894201
2662.006209 9999
2669.947027 1.99159733454
2677.687961 1.99614103635
2679.837879 9999
2681.661045 9999
2689.466812 2.00294431051
2697.323857 1.99048431714
2699.051342 9999
2706.881577 1.99531324704
2714.56094 1.99525531133
2722.588559 1.99102099737
2724.617971 9999
2726.518819 9999
2734.172009 1.99248035749
2741.928643 1.99070064227
2749.648441 1.99153232574
2751.92194 9999
2759.618815 1.98995995522
2761.339436 9999
2769.060427 1.99274261793
2770.885404 9999
2774.775975 9999
2782.486921 1.99028897285
2790.646478 1.99149092038
2792.3469 9999
2796.187532 9999
2803.908297 1.9924902916
2811.585426 1.9918153286
2819.302279 1.99072233836
2827.354913 1.99919462204
2835.263729 1.98979028066
2836.962922 9999
2844.738316 1.99014560382
2846.460482 9999
2854.15405 1.99069627126
2856.502732 9999
2864.241534 1.98994890849
2871.985499 1.99395044645
2879.645465 1.9948870341
2887.283113 1.9942565759
2895.302689 1.99520770709
2903.079592 1.99054702123
2904.820741 9999
2912.609659 1.99388964971
2920.477521 1.99047398567
2928.814659 1.99135661125
2936.675446 1.99564909935
2944.592885 1.99437030156
2952.310083 1.98990766207
2960.530038 2.00284989675
2962.405349 9999
2970.064368 1.99359734853
2977.836556 1.99122969309
2985.726257 2.00084408124
2993.797694 1.99211295446
3001.410969 1.99294026693
3003.426051 9999
3011.340036 1.99089900653
3019.265425 1.99452400208
3027.448214 1.99626525243
3029.232606 9999
3036.99452 1.99086999893
3044.652576 1.9905090332
3052.560624 1.99157730738
3054.599572 9999
3062.536559 1.99510598183
3064.512467 9999
3072.153968 1.9916759332
3080.123766 1.99359170596
3081.829058 9999
3089.857965 1.99915703138
3098.108772 1.99604034424
3105.755833 1.99216636022
3113.652862 1.99090305964
3121.387602 1.99512402217
3123.702178 9999
3125.499845 9999
3133.213741 1.9927183787
3141.087864 1.99170899391
3148.958184 1.99403810501
3151.205834 9999
3158.943653 1.99630832672
3167.051802 1.99596269925
3168.791301 9999
3170.846467 9999
3174.852652 9999
3182.534355 1.99128190676
3190.240504 1.99494036039
3198.39123 1.9941590627
3202.279803 9999
3210.027914 1.99359027545
3211.756608 9999
3219.56963 1.99024891853
3221.253827 9999.0
3223.670283 9999
3231.404368 1.99406790733
3233.352145 9999
3241.222351 1.99327667554
3249.097866 1.98909401894
3256.776064 1.99126633008
3258.892716 9999
3266.809209 1.99380675952
3274.587136 1.9915796121
3276.633091 9999
3284.395538 1.99199604988
3292.322932 1.98961591721
3300.220015 1.99292008082
3307.925297 1.99181262652
3315.611409 1.99108393987
3323.547834 1.99242599805
3331.572902 1.99305788676
3339.271531 1.9971426328
3346.963248 1.99403436979
3349.060208 9999
3357.068564 1.99774710337
3365.044427 1.99010300636
3366.843905 9999
3374.523037 1.99769171079
3382.224751 2.00957934062
3384.067319 9999
3385.907525 9999
3393.654047 1.98968068759
3401.700828 1.9924112161
3405.420381 9999
3413.162552 1.99273761113
3416.940701 9999
3424.671843 1.99568716685
3432.698335 1.99244435628
3440.393254 1.99112200737
3448.140826 1.99608071645
3456.035916 1.9951283137
3464.583454 1.99307099978
3472.35864 1.99739209811
3474.091229 9999
3482.079635 1.99068570137
3483.843473 9999
3491.912132 1.99217891693
3499.891324 1.99409532547
3501.730007 9999
3509.957353 1.99155561129
3517.852798 1.99122134844
3525.604074 1.99250268936
3533.642765 1.99748365084
3535.425814 9999
3543.196819 1.99139197667
3551.007565 1.99045435588
3558.778146 2.001710097
3567.023755 1.99241876602
3574.722857 1.9941043059
3582.395783 1.99102290471
3590.06438 1.99040993055
3592.46943 9999
3600.254954 1.99262595177
