2.024186 9999
3.907678 9999
5.791146 9999
7.723523 9999
9.562032 9999
11.441999 9999
13.324301 9999
15.212283 9999
17.094056 9999
18.975994 9999
20.845766 9999
22.723946 9999
24.604504 9999
26.454179 9999
28.314932 9999
30.195273 9999.0
32.237669 9999
34.09578 9999
35.958957 9999
37.842451 9999
39.725192 9999
41.588959 9999
43.456815 9999
45.342659 9999
47.201197 9999
49.059781 9999
50.919361 9999
52.781575 9999
54.638914 9999
56.501209 9999
58.372406 9999
60.226017 9999
62.094352 9999.0
64.10888 9999
65.968157 9999
67.843073 9999
69.702986 9999
71.58613 9999
73.448562 9999
75.3172 9999
77.192384 9999
79.050856 9999
80.9117 9999
82.75641 9999
84.615552 9999
86.475229 9999
88.335395 9999
90.187731 9999
92.056583 9999
93.904549 9999.0
95.925158 9999
97.805691 9999
99.675425 9999
101.539687 9999
103.399326 9999
105.281764 9999
107.133948 9999
109.010729 9999
110.886113 9999
112.76829 9999
114.643519 9999
116.512698 9999
118.397754 9999
120.280216 9999
122.157704 9999
124.024231 9999
125.896823 9999.0
128.070706 9999
129.929773 9999
131.802554 9999
133.673385 9999
135.533806 9999
137.392707 9999
139.230472 9999
141.075871 9999
142.914192 9999
144.759575 9999
146.612315 9999
148.4903 9999
150.357884 9999
152.201765 9999
154.031347 9999
155.897651 9999
157.743237 9999.0
159.820265 9999
161.67892 9999
163.540444 9999
165.402281 9999
167.264168 9999
169.122946 9999
171.005582 9999
172.85428 9999
174.737435 9999
176.59513 9999
178.469265 9999
180.319217 9999
182.179709 9999
184.049621 9999
185.910917 9999
187.781029 9999
189.666403 9999.0
191.693213 9999
193.590659 9999
195.451558 9999
197.321591 9999
199.193091 9999
201.043149 9999
202.911869 9999
204.762664 9999
206.647518 9999
208.509823 9999
210.376494 9999
212.249938 9999
214.135518 9999
216.029128 9999
217.879336 9999
219.725149 9999
221.596676 9999.0
223.636996 9999
225.51113 9999
227.391402 9999
229.265788 9999
231.122542 9999
232.994735 9999
234.847328 9999
236.718538 9999
238.604037 9999
240.484235 9999
242.356982 9999
244.264181 9999
246.136342 9999
248.02155 9999
249.916757 9999
251.788104 9999.0
253.816993 9999
255.678681 9999
257.562445 9999
259.435542 9999
261.318929 9999
263.205656 9999
265.053197 9999
266.923284 9999
268.770464 9999
270.643175 9999
272.501732 9999
274.412823 9999
276.29589 9999
278.154389 9999
280.05246 9999
281.925893 9999.0
284.190107 9999
286.060299 9999
287.943569 9999
289.80835 9999
291.678869 9999
293.528766 9999
295.412023 9999
297.273649 9999
299.152997 9999
301.016073 9999
302.873522 9999
304.770896 9999
306.655938 9999
308.525362 9999
310.458201 9999
312.339187 9999.0
314.407793 9999
316.302138 9999
318.200556 9999
320.048924 9999
321.929849 9999
323.800404 9999
325.673322 9999
327.543257 9999
329.449986 9999
331.324148 9999
333.20936 9999
335.0925 9999
336.939616 9999
338.825866 9999
340.697229 9999
342.561222 9999.0
344.570359 9999
346.449086 9999
348.319303 9999
350.166491 9999
352.027377 9999
353.923056 9999
355.779933 9999
357.647948 9999
359.503608 9999
361.342117 9999
363.207665 9999
365.06902 9999
366.93941 9999
368.798801 9999
370.660319 9999
372.53226 9999
374.395496 9999.0
376.464314 9999
378.341272 9999
380.239632 9999
382.132468 9999
384.015653 9999
385.910121 9999
387.771865 9999
389.646256 9999
391.520621 9999
393.378881 9999
395.263768 9999
397.14591 9999
399.030539 9999
400.901574 9999
402.786123 9999
404.655211 9999.0
406.685861 9999
408.544444 9999
410.418814 9999
412.286597 9999
414.160173 9999
416.057527 9999
417.947581 9999
419.812111 9999
421.675532 9999
423.531839 9999
425.390778 9999
427.274322 9999
429.148849 9999
431.013069 9999
432.86008 9999
434.730746 9999
436.586391 9999.0
438.629709 9999
440.478002 9999
442.372579 9999
444.260222 9999
446.130712 9999
447.99848 9999
449.865974 9999
451.759705 9999
453.642654 9999
455.515587 9999
457.387296 9999
459.25779 9999
461.108527 9999
462.962283 9999
464.850696 9999
466.731754 9999
468.607839 9999.0
470.726621 9999
472.55458 9999
474.400414 9999
476.277579 9999
478.137221 9999
480.015925 9999
481.854653 9999
483.704472 9999
485.549181 9999
487.446827 9999
489.330787 9999
491.21455 9999
493.106002 9999
494.96075 9999
496.84409 9999
498.72613 9999
500.599604 9999.0
502.659525 9999
504.546702 9999
506.441507 9999
508.320435 9999
510.186992 9999
512.079932 9999
513.943703 9999
515.79194 9999
517.660123 9999
519.595624 9999
521.490424 9999
523.365865 9999
525.244068 9999
527.133239 9999
529.01635 9999
530.885271 9999.0
532.939435 9999
534.811879 9999
536.70419 9999
538.565392 9999
540.439047 9999
542.322485 9999
544.214877 9999
546.096878 9999
547.960262 9999
549.831468 9999
551.717845 9999
553.591924 9999
555.449016 9999
557.298076 9999
559.133419 9999
560.996801 9999
562.867525 9999.0
564.952878 9999
566.852587 9999
568.726042 9999
570.606656 9999
572.487013 9999
574.353855 9999
576.19753 9999
578.0786 9999
579.951223 9999
581.82805 9999
583.697477 9999
585.583213 9999
587.441648 9999
589.281682 9999
591.162681 9999
593.025037 9999
594.899215 9999.0
596.959494 9999
598.830901 9999
600.713642 9999
602.570479 9999
604.43261 9999
606.330678 9999
608.201206 9999
610.059046 9999
611.956884 9999
613.840535 9999
615.72517 9999
617.618338 9999
619.482411 9999
621.341759 9999
623.211066 9999
625.085764 9999.0
627.186969 9999
629.069364 9999
630.963936 9999
632.863582 9999
634.723155 9999
636.606282 9999
638.46764 9999
640.33899 9999
642.234567 9999
644.119565 9999
646.003455 9999
647.922279 9999
649.820026 9999
651.721405 9999
653.594881 9999
655.469191 9999.0
657.525217 9999
659.395259 9999
661.2454 9999
663.108276 9999
664.983611 9999
666.844747 9999
668.718969 9999
670.61553 9999
672.498217 9999
674.355157 9999
676.218749 9999
678.103533 9999
680.011151 9999
681.868462 9999
683.765814 9999
685.649176 9999.0
687.717213 9999
689.589196 9999
691.486283 9999
693.368164 9999
695.238196 9999
697.098095 9999
698.972617 9999
700.842519 9999
702.726032 9999
704.659579 9999
706.540155 9999
708.403095 9999
710.288061 9999
712.155754 9999
714.030459 9999
715.915588 9999.0
717.991543 9999
719.859477 9999
721.714458 9999
723.569965 9999
725.449744 9999
727.30249 9999
729.152113 9999
731.01277 9999
732.882989 9999
734.758 9999
736.586898 9999
738.452684 9999
740.320692 9999
742.183674 9999
744.050693 9999
745.935927 9999
747.807892 9999.0
749.950759 9999
751.818586 9999
753.70576 9999
755.571799 9999
757.428547 9999
759.283351 9999
761.168249 9999
763.005556 9999
764.888397 9999
766.767449 9999
768.644631 9999
770.536975 9999
772.423353 9999
774.285209 9999
776.145757 9999
778.015859 9999
779.882108 9999.0
781.965001 9999
783.846449 9999
785.694994 9999
787.55247 9999
789.440998 9999
791.285341 9999
793.156696 9999
795.018868 9999
796.866991 9999
798.734362 9999
800.620995 9999
802.470991 9999
804.328839 9999
806.212281 9999
808.071295 9999
809.946259 9999
811.809516 9999.0
813.903542 9999
815.780049 9999
817.652395 9999
819.547634 9999
821.392548 9999
823.257577 9999
825.153289 9999
827.033614 9999
828.895863 9999
830.745742 9999
832.626077 9999
834.474575 9999
836.325269 9999
838.194899 9999
840.042006 9999
841.901147 9999
843.753382 9999.0
845.825955 9999
847.70863 9999
849.594059 9999
851.466332 9999
853.303616 9999
855.160395 9999
857.027685 9999
858.929949 9999
860.799708 9999
862.664549 9999
864.546886 9999
866.396749 9999
868.265033 9999
870.116578 9999
872.001197 9999
873.859086 9999
875.708055 9999.0
877.747473 9999
879.640776 9999
881.54187 9999
883.398468 9999
885.304107 9999
887.19944 9999
889.060131 9999
890.926015 9999
892.792262 9999
894.661456 9999
896.547196 9999
898.42163 9999
900.280908 9999
902.117324 9999
903.977624 9999
905.87634 9999
907.935502 9999
909.841357 9999
911.716102 9999
913.602982 9999
915.50154 9999
917.380431 9999
919.266976 9999
921.149366 9999
923.034078 9999
924.924762 9999
926.826497 9999
928.707699 9999
930.607952 9999
932.488017 9999
934.350447 9999
936.221299 9999.0
938.288179 9999
940.161277 9999
942.018865 9999
943.879023 9999
945.774427 9999
947.606832 9999
949.472005 9999
951.318314 9999
953.166411 9999
955.038044 9999
956.899147 9999
958.777695 9999
960.678409 9999
962.53977 9999
964.414522 9999
966.294126 9999
968.177673 9999.0
970.329129 9999
972.208735 9999
974.091678 9999
975.976624 9999
977.851836 9999
979.733643 9999
981.60692 9999
983.472241 9999
985.350348 9999
987.245663 9999
989.115387 9999
990.989324 9999
992.885385 9999
994.75702 9999
996.617487 9999
998.479215 9999.0
1000.552233 9999
1002.414942 9999
1004.301613 9999
1006.371866 9999
1008.221941 9999
1010.107508 9999
1011.97686 9999
1013.876885 9999
1015.741674 9999
1017.581254 9999
1019.442153 9999
1021.314417 9999
1023.17309 9999
1025.036672 9999
1026.907978 9999
1028.764653 9999.0
1030.820112 9999
1032.712586 9999
1034.600847 9999
1036.48093 9999
1038.355984 9999
1040.237863 9999
1042.102316 9999
1043.956481 9999
1045.827762 9999
1047.687514 9999
1049.541024 9999
1051.425233 9999
1053.293369 9999
1055.153314 9999
1057.025016 9999
1058.898263 9999
1060.77191 9999.0
1062.834629 9999
1064.682786 9999
1066.540334 9999
1068.379009 9999
1070.240882 9999
1072.120856 9999
1073.984027 9999
1075.830494 9999
1077.681298 9999
1079.527944 9999
1081.399423 9999
1083.27243 9999
1085.141058 9999
1087.01072 9999
1088.861428 9999
1090.70912 9999
1092.58379 9999.0
1094.689599 9999
1096.57251 9999
1098.471094 9999
1100.357333 9999
1102.266286 9999
1104.138055 9999
1106.010724 9999
1107.870296 9999
1109.755052 9999
1111.627591 9999
1113.535673 9999
1115.433682 9999
1117.324299 9999
1119.211395 9999
1121.092275 9999
1122.976134 9999.0
1125.086559 9999
1126.937412 9999
1128.784936 9999
1130.646058 9999
1132.506512 9999
1134.381392 9999
1136.261335 9999
1138.13695 9999
1139.96989 9999
1141.848909 9999
1143.701394 9999
1145.560575 9999
1147.443571 9999
1149.283884 9999
1151.151099 9999
1152.993011 9999
1154.886287 9999.0
1156.972499 9999
1158.845712 9999
1160.732036 9999
1162.641259 9999
1164.520071 9999
1166.402824 9999
1168.315603 9999
1170.186418 9999
1172.05988 9999
1173.903188 9999
1175.751964 9999
1177.604844 9999
1179.481125 9999
1181.35365 9999
1183.206467 9999
1185.074239 9999
1187.142995 9999
1189.026684 9999
1190.909216 9999
1192.773368 9999
1194.652474 9999
1196.527652 9999
1198.384784 9999
1200.248571 9999
1202.118627 9999
1203.982441 9999
1205.846184 9999
1207.710728 9999
1209.569361 9999
1211.411481 9999
1213.301048 9999
1215.177945 9999
1217.059724 9999.0
1219.1334 9999
1221.012703 9999
1222.891556 9999
1224.76368 9999
1226.656419 9999
1228.531413 9999
1230.428014 9999
1232.312744 9999
1234.207959 9999
1236.100068 9999
1237.982991 9999
1239.869313 9999
1241.757895 9999
1243.637592 9999
1245.509064 9999
1247.379818 9999.0
1249.495717 9999
1251.357699 9999
1253.215122 9999
1255.083992 9999
1256.984041 9999
1258.87567 9999
1260.747383 9999
1262.611903 9999
1264.492392 9999
1266.355593 9999
1268.223381 9999
1270.086869 9999
1271.969137 9999
1273.867698 9999
1275.717219 9999
1277.596318 9999
1279.781797 9999
1281.700656 9999
1283.55084 9999
1285.448068 9999
1287.334287 9999
1289.238665 9999
1291.124409 9999
1293.000241 9999
1294.890504 9999
1296.773844 9999
1298.669114 9999
1300.56959 9999
1302.464046 9999
1304.334712 9999
1306.227743 9999
1308.107824 9999.0
1310.174981 9999
1312.062017 9999
1313.968959 9999
1315.817807 9999
1317.691001 9999
1319.572708 9999
1321.442783 9999
1323.348275 9999
1325.201789 9999
1327.088334 9999
1328.956691 9999
1330.854506 9999
1332.739461 9999
1334.624092 9999
1336.55496 9999
1338.429286 9999.0
1340.54807 9999
1342.419724 9999
1344.27998 9999
1346.154949 9999
1348.064005 9999
1349.95866 9999
1351.843468 9999
1353.733432 9999
1355.597512 9999
1357.47343 9999
1359.3694 9999
1361.246593 9999
1363.122733 9999
1365.007509 9999
1366.912935 9999
1368.778765 9999.0
1370.847056 9999
1372.732972 9999
1374.644969 9999
1376.504117 9999
1378.384681 9999
1380.282987 9999
1382.166441 9999
1384.056142 9999
1385.912574 9999
1387.786184 9999
1389.666855 9999
1391.539028 9999
1393.423364 9999
1395.316126 9999
1397.188798 9999
1399.080396 9999.0
1401.175382 9999
1403.055055 9999
1404.955518 9999
1406.827542 9999
1408.683908 9999
1410.596483 9999
1412.491887 9999
1414.367428 9999
1416.262337 9999
1418.117829 9999
1419.979745 9999
1421.841485 9999
1423.745536 9999
1425.609247 9999
1427.501908 9999
1429.378275 9999.0
1431.56144 9999
1433.445243 9999
1435.302073 9999
1437.175747 9999
1439.009961 9999
1440.863577 9999
1442.719014 9999
1444.612961 9999
1446.473141 9999
1448.331611 9999
1450.202499 9999
1452.092372 9999
1453.984752 9999
1455.831495 9999
1457.678098 9999
1459.530538 9999
1461.404112 9999.0
1463.524975 9999
1465.39819 9999
1467.2842 9999
1469.166862 9999
1471.051254 9999
1472.935876 9999
1474.80937 9999
1476.703731 9999
1478.582643 9999
1480.481812 9999
1482.346251 9999
1484.20283 9999
1486.062675 9999
1487.922564 9999
1489.943699 9999
1491.80164 9999.0
1493.910996 9999
1495.806799 9999
1497.691908 9999
1499.573298 9999
1501.459183 9999
1503.346286 9999
1505.227233 9999
1507.11997 9999
1509.007066 9999
1510.879273 9999
1512.773848 9999
1514.866292 9999
1516.748911 9999
1518.628192 9999
1520.500013 9999
1522.39619 9999.0
1524.525242 9999
1526.433147 9999
1528.312494 9999
1530.172104 9999
1532.046441 9999
1533.930996 9999
1535.802925 9999
1537.671988 9999
1539.549948 9999
1541.432263 9999
1543.3124 9999
1545.174617 9999
1547.057846 9999
1548.919599 9999
1550.811801 9999
1552.686242 9999.0
1554.84742 9999
1556.730935 9999
1558.590764 9999
1560.471412 9999
1562.366592 9999
1564.253144 9999
1566.113872 9999
1567.986494 9999
1569.857503 9999
1571.757602 9999
1573.625388 9999
1575.509444 9999
1577.388732 9999
1579.252183 9999
1581.138772 9999
1582.986098 9999.0
1585.060417 9999
1586.926836 9999
1588.804664 9999
1590.702705 9999
1592.593527 9999
1594.465619 9999
1596.308963 9999
1598.21543 9999
1600.064298 9999
1601.942658 9999
1603.80687 9999
1605.835414 9999
1607.683737 9999
1609.548276 9999
1611.414691 9999
1613.295717 9999.0
1615.470151 9999
1617.343548 9999
1619.223201 9999
1621.102151 9999
1622.993242 9999
1624.866584 9999
1626.736642 9999
1628.646364 9999
1630.541892 9999
1632.402074 9999
1634.295555 9999
1636.252391 9999
1638.129101 9999
1639.98972 9999
1641.868749 9999
1643.7798 9999.0
1645.89208 9999
1647.761664 9999
1649.660022 9999
1651.530337 9999
1653.440247 9999
1655.333548 9999
1657.209528 9999
1659.067283 9999
1660.9522 9999
1662.825496 9999
1664.717107 9999
1666.749331 9999
1668.618853 9999
1670.511624 9999
1672.398215 9999
1674.248179 9999.0
1676.40589 9999
1678.288745 9999
1680.176455 9999
1682.044657 9999
1683.916456 9999
1685.790383 9999
1687.672076 9999
1689.558049 9999
1691.429833 9999
1693.302562 9999
1695.199122 9999
1697.112997 9999
1698.99983 9999
1700.858356 9999
1702.701793 9999
1704.557547 9999.0
1706.707158 9999
1708.557668 9999
1710.439618 9999
1712.299075 9999
1714.155525 9999
1716.030249 9999
1717.877808 9999
1719.753565 9999
1721.623165 9999
1723.492881 9999
1725.390643 9999
1727.274703 9999
1729.183271 9999
1731.042227 9999
1732.926944 9999
1734.831584 9999.0
1736.944525 9999
1738.844948 9999
1740.724869 9999
1742.571419 9999
1744.454818 9999
1746.33168 9999
1748.199266 9999
1750.074174 9999
1751.959958 9999
1753.827456 9999
1755.678652 9999
1757.561662 9999
1759.433556 9999
1761.295096 9999
1763.165132 9999
1765.06519 9999
1767.190059 9999
1769.09515 9999
1770.95796 9999
1772.835851 9999
1774.701539 9999
1776.605408 9999
1778.475254 9999
1780.375642 9999
1782.224417 9999
1784.119313 9999
1786.014703 9999
1787.901056 9999
1789.758059 9999
1791.679742 9999
1793.584182 9999
1795.493454 9999.0
1797.585838 9999
1799.443363 9999
1801.323393 9999
1803.186706 9999
1805.058109 9999
1806.931731 9999
1808.824887 9999
1810.687834 9999
1812.629979 9999
1814.522558 9999
1816.408694 9999
1818.294193 9999
1820.210964 9999
1822.050274 9999
1823.91018 9999
1825.795797 9999.0
1827.885844 9999
1829.763762 9999
1831.630137 9999
1833.482335 9999
1835.354009 9999
1837.227347 9999
1839.080084 9999
1840.937757 9999
1842.778261 9999
1844.669123 9999
1846.530891 9999
1848.643064 9999
1850.49111 9999
1852.340489 9999
1854.21971 9999
1856.094459 9999.0
1858.192227 9999
1860.05564 9999
1861.916481 9999
1863.79909 9999
1865.701841 9999
1867.564154 9999
1869.439158 9999
1871.31059 9999
1873.208248 9999
1875.078806 9999
1876.948398 9999
1878.821732 9999
1880.721672 9999
1882.611912 9999
1884.526605 9999
1886.39554 9999.0
1888.586816 9999
1890.474717 9999
1892.344999 9999
1894.242169 9999
1896.111265 9999
1898.011247 9999
1899.889227 9999
1901.764659 9999
1903.649692 9999
1905.543441 9999
1907.415819 9999
1909.286802 9999
1911.18599 9999
1913.057808 9999
1914.960464 9999
1916.847082 9999.0
1918.972096 9999
1920.871382 9999
1922.732873 9999
1924.628207 9999
1926.545952 9999
1928.444812 9999
1930.34047 9999
1932.208847 9999
1934.092058 9999
1935.958679 9999
1937.80474 9999
1939.937051 9999
1941.831591 9999
1943.704923 9999
1945.620263 9999
1947.486639 9999.0
1949.654042 9999
1951.538025 9999
1953.415127 9999
1955.305813 9999
1957.218219 9999
1959.068201 9999
1960.937806 9999
1962.822403 9999
1964.717761 9999
1966.624447 9999
1968.498904 9999
1970.378248 9999
1972.262765 9999
1974.122681 9999
1975.983428 9999
1977.845129 9999.0
1979.945703 9999
1981.803913 9999
1983.676799 9999
1985.56014 9999
1987.453673 9999
1989.339525 9999
1991.211909 9999
1993.073603 9999
1994.965793 9999
1996.879792 9999
1998.759899 9999
2000.622696 9999
2002.49241 9999
2004.353469 9999
2006.228086 9999
2008.111778 9999.0
2010.20719 9999
2012.065933 9999
2013.966917 9999
2015.829538 9999
2017.734813 9999
2019.866496 9999
2021.754213 9999
2023.626132 9999
2025.5194 9999
2027.418805 9999
2029.290098 9999
2031.17076 9999
2033.050297 9999
2034.915359 9999
2036.792774 9999
2038.65091 9999.0
2040.784155 9999
2042.682871 9999
2044.567243 9999
2046.476268 9999
2048.351858 9999
2050.241311 9999
2052.134417 9999
2054.036526 9999
2055.897885 9999
2057.775764 9999
2059.664146 9999
2061.568162 9999
2063.451664 9999
2065.341402 9999
2067.211631 9999
2069.074321 9999.0
2071.209249 9999
2073.090306 9999
2074.975712 9999
2076.880484 9999
2078.763687 9999
2080.637942 9999
2082.54099 9999
2084.431251 9999
2086.281183 9999
2088.185433 9999
2090.059111 9999
2091.943263 9999
2093.836964 9999
2095.709782 9999
2097.598451 9999
2099.499929 9999.0
2101.601909 9999
2103.497999 9999
2105.568787 9999
2107.460112 9999
2109.354584 9999
2111.234787 9999
2113.101053 9999
2114.970994 9999
2116.864661 9999
2118.727642 9999
2120.583302 9999
2122.471127 9999
2124.352625 9999
2126.226481 9999
2128.118791 9999
2129.971894 9999.0
2132.095627 9999
2133.975464 9999
2135.837616 9999
2137.723661 9999
2139.608318 9999
2141.491302 9999
2143.376365 9999
2145.268865 9999
2147.128508 9999
2149.024035 9999
2150.912637 9999
2152.782335 9999
2154.665156 9999
2156.528407 9999
2158.423069 9999
2160.329033 9999.0
2162.465444 9999
2164.349573 9999
2166.239878 9999
2168.095833 9999
2169.988147 9999
2171.869573 9999
2173.748677 9999
2175.63116 9999
2177.529402 9999
2179.38147 9999
2181.256136 9999
2183.105128 9999
2185.003938 9999
2186.872553 9999
2188.759613 9999
2190.647736 9999.0
2192.82634 9999
2194.710232 9999
2196.810425 9999
2198.661796 9999
2200.552488 9999
2202.448765 9999
2204.287228 9999
2206.154487 9999
2208.043575 9999
2209.948349 9999
2211.823657 9999
2213.729802 9999
2215.618333 9999
2217.498667 9999
2219.368214 9999
2221.23936 9999.0
2223.576691 9999
2225.447252 9999
2227.339517 9999
2229.220067 9999
2231.117852 9999
2232.982138 9999
2234.872831 9999
2236.738511 9999
2238.619525 9999
2240.523853 9999
2242.386147 9999
2244.256425 9999
2246.127875 9999
2248.016179 9999
2249.911924 9999
2251.786568 9999.0
2253.967708 9999
2255.846958 9999
2257.721455 9999
2259.592972 9999
2261.455802 9999
2263.353325 9999
2265.260956 9999
2267.131614 9999
2269.012339 9999
2270.8967 9999
2272.771841 9999
2274.667348 9999
2276.524648 9999
2278.395503 9999
2280.237606 9999
2282.115919 9999.0
2284.23565 9999
2286.115238 9999
2288.03141 9999
2289.919202 9999
2291.779279 9999
2293.662602 9999
2295.522479 9999
2297.397752 9999
2299.254458 9999
2301.137315 9999
2303.008384 9999
2304.884221 9999
2306.776519 9999
2308.649369 9999
2310.513901 9999
2312.394229 9999.0
2314.663439 9999
2316.535469 9999
2318.440751 9999
2320.298896 9999
2322.152454 9999
2324.030579 9999
2325.905824 9999
2327.789197 9999
2329.650241 9999
2331.496569 9999
2333.368689 9999
2335.206422 9999
2337.067277 9999
2338.917587 9999
2340.797374 9999
2342.658022 9999
2344.505983 9999.0
2346.657037 9999
2348.527208 9999
2350.40786 9999
2352.305437 9999
2354.192147 9999
2356.089813 9999
2357.937886 9999
2359.806675 9999
2361.673782 9999
2363.541068 9999
2365.399867 9999
2367.261331 9999
2369.152285 9999
2371.037761 9999
2372.933831 9999
2374.819032 9999.0
2376.895673 9999
2378.744781 9999
2380.602047 9999
2382.475693 9999
2384.334813 9999
2386.198459 9999
2388.055318 9999
2389.915012 9999
2391.788092 9999
2393.695744 9999
2395.567004 9999
2397.423454 9999
2399.308291 9999
2401.152339 9999
2403.033493 9999
2404.937337 9999
2406.820493 9999.0
2408.933211 9999
2410.820084 9999
2412.689629 9999
2414.575266 9999
2416.442779 9999
2418.327301 9999
2420.17851 9999
2422.062795 9999
2423.934552 9999
2425.791648 9999
2427.679327 9999
2429.574165 9999
2431.445676 9999
2433.316266 9999
2435.169892 9999
2437.038277 9999
2439.126769 9999
2440.992989 9999
2442.873219 9999
2444.749519 9999
2446.606948 9999
2448.496254 9999
2450.334862 9999
2452.229035 9999
2454.103452 9999
2455.97348 9999
2457.837889 9999
2459.765267 9999
2461.625558 9999
2463.511397 9999
2465.366528 9999
2467.254834 9999
2469.411816 9999
2471.296016 9999
2473.175679 9999
2475.054447 9999
2476.935138 9999
2478.859802 9999
2480.737698 9999
2482.624801 9999
2484.51199 9999
2486.397328 9999
2488.276442 9999
2490.18745 9999
2492.077276 9999
2493.975599 9999
2495.863334 9999
2497.772737 9999.0
2499.880433 9999
2501.764343 9999
2503.654062 9999
2505.55571 9999
2507.430895 9999
2509.315045 9999
2511.21215 9999
2513.123222 9999
2515.005616 9999
2516.91033 9999
2518.780826 9999
2520.667135 9999
2522.54129 9999
2524.431912 9999
2526.330507 9999
2528.235679 9999.0
2530.34868 9999
2532.210563 9999
2534.383586 9999
2536.253924 9999
2538.163606 9999
2540.071741 9999
2541.954948 9999
2543.901113 9999
2545.781128 9999
2547.670215 9999
2549.561414 9999
2551.481857 9999
2553.376845 9999
2555.297922 9999
2557.168938 9999
2559.057508 9999.0
2561.121899 9999
2563.012172 9999
2564.886051 9999
2566.735136 9999
2568.605654 9999
2570.469299 9999
2572.328193 9999
2574.20868 9999
2576.068719 9999
2577.952181 9999
2579.838241 9999
2581.725326 9999
2583.6182 9999
2585.5484 9999
2587.44467 9999
2589.329762 9999.0
2591.4524 9999
2593.328378 9999
2595.221581 9999
2597.10544 9999
2599.008167 9999
2600.883903 9999
2602.758698 9999
2604.643308 9999
2606.518932 9999
2608.399513 9999
2610.286004 9999
2612.166927 9999
2614.049895 9999
2615.949818 9999
2617.8334 9999
2619.71319 9999.0
2621.837746 9999
2623.710536 9999
2625.597131 9999
2627.455841 9999
2629.32682 9999
2631.187632 9999
2633.070145 9999
2634.971043 9999
2636.863456 9999
2638.744675 9999
2640.615225 9999
2642.503917 9999
2644.381613 9999
2646.245162 9999
2648.142955 9999
2650.051896 9999.0
2652.200688 9999
2654.081542 9999
2655.978538 9999
2657.828928 9999
2659.695627 9999
2661.571178 9999
2663.433815 9999
2665.329386 9999
2667.220444 9999
2669.118491 9999
2671.025156 9999
2672.922573 9999
2674.68471 9999
2676.583938 9999
2678.455069 9999
2680.350501 9999.0
2682.451313 9999
2684.358191 9999
2686.240135 9999
2688.089291 9999
2689.95536 9999
2691.789149 9999
2693.649947 9999
2695.527675 9999
2697.405861 9999
2699.271629 9999
2701.183619 9999
2703.066322 9999
2704.950805 9999
2706.811541 9999
2708.681077 9999
2710.565764 9999
2712.677881 9999
2714.553973 9999
2716.455967 9999
2718.355686 9999
2720.243988 9999
2722.143366 9999
2724.007787 9999
2725.905414 9999
2727.784538 9999
2729.656636 9999
2731.540352 9999
2733.427937 9999
2735.316627 9999
2737.196556 9999
2739.054063 9999
2740.985726 9999.0
2743.083665 9999
2744.995746 9999
2746.869566 9999
2748.763493 9999
2750.628641 9999
2752.533336 9999
2754.436708 9999
2756.323099 9999
2758.206399 9999
2760.078561 9999
2761.951097 9999
2763.806658 9999
2765.671382 9999
2767.566603 9999
2769.463554 9999
2771.359824 9999.0
2773.531956 9999
2775.418652 9999
2777.311234 9999
2779.190758 9999
2781.093336 9999
2782.972095 9999
2784.859993 9999
2786.765005 9999
2788.628558 9999
2790.507823 9999
2792.395817 9999
2794.280027 9999
2796.148468 9999
2798.019416 9999
2799.903127 9999
2801.805104 9999.0
2803.880001 9999
2805.777133 9999
2807.659835 9999
2809.528058 9999
2811.420021 9999
2813.296457 9999
2815.168694 9999
2817.07979 9999
2818.973105 9999
2820.857605 9999
2822.752284 9999
2824.60495 9999
2826.473542 9999
2828.356947 9999
2830.254368 9999
2832.172002 9999.0
2834.31215 9999
2836.184699 9999
2838.055791 9999
2839.914452 9999
2841.773784 9999
2843.649153 9999
2845.518909 9999
2847.414059 9999
2849.27452 9999
2851.156091 9999
2853.032348 9999
2854.899894 9999
2856.739152 9999
2858.593703 9999
2860.482743 9999
2862.375059 9999
2864.263785 9999.0
2866.359565 9999
2868.25934 9999
2870.157016 9999
2872.040987 9999
2873.943719 9999
2875.829548 9999
2877.723942 9999
2879.626562 9999
2881.528496 9999
2883.40575 9999
2885.271765 9999
2887.132055 9999
2888.993553 9999
2890.867225 9999
2892.741849 9999
2894.597146 9999.0
2896.756084 9999
2898.655362 9999
2900.561681 9999
2902.45652 9999
2904.367186 9999
2906.27305 9999
2908.173362 9999
2910.056278 9999
2911.973306 9999
2913.87896 9999
2915.756972 9999
2917.626115 9999
2919.52417 9999
2921.384246 9999
2923.264797 9999
2925.111983 9999.0
2927.265326 9999
2929.161361 9999
2931.053006 9999
2932.936627 9999
2934.81908 9999
2936.691054 9999
2938.576053 9999
2940.440742 9999
2942.331016 9999
2944.240121 9999
2946.136474 9999
2948.020514 9999
2949.893333 9999
2951.778849 9999
2953.680166 9999
2955.534957 9999.0
2957.623216 9999
2959.540497 9999
2961.418029 9999
2963.272274 9999
2965.173722 9999
2967.034538 9999
2968.9171 9999
2970.784875 9999
2972.646038 9999
2974.519346 9999
2976.406221 9999
2978.264423 9999
2980.129789 9999
2981.97621 9999
2983.838422 9999
2985.735358 9999
2987.624209 9999.0
2989.761851 9999
2991.619683 9999
2993.505372 9999
2995.369719 9999
2997.287031 9999
2999.153775 9999
3001.00875 9999
3002.881473 9999
3004.769377 9999
3006.637674 9999
3008.5004 9999
3010.40998 9999
3012.273784 9999
3014.136742 9999
3015.995409 9999
3017.855605 9999
3020.009334 9999
3021.8908 9999
3023.785542 9999
3025.65767 9999
3027.522634 9999
3029.40631 9999
3031.275309 9999
3033.162747 9999
3035.027605 9999
3036.876068 9999
3038.729799 9999
3040.593835 9999
3042.460756 9999
3044.344763 9999
3046.220588 9999
3048.090373 9999
3049.975173 9999.0
3052.082462 9999
3053.983526 9999
3055.852457 9999
3057.796888 9999
3059.668952 9999
3061.565228 9999
3063.460692 9999
3065.310908 9999
3067.194305 9999
3069.076489 9999
3070.9637 9999
3072.848702 9999
3074.728576 9999
3076.601618 9999
3078.51129 9999
3080.412072 9999.0
3082.568257 9999
3084.461373 9999
3086.357642 9999
3088.235546 9999
3090.125781 9999
3092.006449 9999
3093.890412 9999
3095.779858 9999
3097.830014 9999
3099.705135 9999
3101.56175 9999
3103.471427 9999
3105.365172 9999
3107.2501 9999
3109.131865 9999
3110.996926 9999.0
3113.191964 9999
3115.087009 9999
3116.971787 9999
3118.852578 9999
3120.736102 9999
3122.614046 9999
3124.492304 9999
3126.380645 9999
3128.26004 9999
3130.146772 9999
3132.021703 9999
3133.900181 9999
3135.775886 9999
3137.647277 9999
3139.543507 9999
3141.447371 9999.0
3143.57596 9999
3145.434666 9999
3147.330114 9999
3149.199454 9999
3151.087605 9999
3152.983705 9999
3154.84877 9999
3156.704003 9999
3158.596711 9999
3160.470282 9999
3162.366294 9999
3164.260882 9999
3166.137306 9999
3168.08067 9999
3169.97674 9999
3171.891526 9999.0
3174.020661 9999
3175.912379 9999
3177.810962 9999
3179.716301 9999
3181.551377 9999
3183.450848 9999
3185.347761 9999
3187.219614 9999
3189.084027 9999
3190.964387 9999
3192.834506 9999
3194.682282 9999
3196.578299 9999
3198.475261 9999
3200.369532 9999
3202.253184 9999.0
3204.405724 9999
3206.273757 9999
3208.195201 9999
3210.062437 9999
3211.959499 9999
3213.844674 9999
3215.744072 9999
3217.613689 9999
3219.487779 9999
3221.369843 9999
3223.25569 9999
3225.124915 9999
3227.011528 9999
3228.921559 9999
3230.815292 9999
3232.67307 9999.0
3234.786583 9999
3236.684233 9999
3238.577683 9999
3240.37832 9999
3242.249402 9999
3244.294176 9999
3246.174562 9999
3248.037312 9999
3249.928965 9999
3251.791612 9999
3253.651989 9999
3255.512796 9999
3257.394933 9999
3259.274999 9999
3261.141423 9999
3262.996157 9999.0
3265.190145 9999
3267.076699 9999
3268.96278 9999
3270.833982 9999
3272.6953 9999
3274.579975 9999
3276.442223 9999
3278.296541 9999
3280.208106 9999
3282.056386 9999
3283.939728 9999
3285.823613 9999
3287.686615 9999
3289.56468 9999
3291.438738 9999
3293.320217 9999.0
3295.465899 9999
3297.352494 9999
3299.539859 9999
3301.420063 9999
3303.272749 9999
3305.146625 9999
3307.052965 9999
3308.923114 9999
3310.7933 9999
3312.675869 9999
3314.600457 9999
3316.505989 9999
3318.378743 9999
3320.288679 9999
3322.181308 9999
3324.088985 9999.0
3326.213086 9999
3328.096256 9999
3329.993337 9999
3331.890525 9999
3333.749714 9999
3335.590466 9999
3337.468429 9999
3339.318922 9999
3341.212948 9999
3343.076881 9999
3344.970964 9999
3346.860878 9999
3348.751958 9999
3350.644819 9999
3352.567735 9999
3354.46596 9999.0
3356.611306 9999
3358.504152 9999
3360.401395 9999
3362.300085 9999
3364.171029 9999
3366.057406 9999
3367.937707 9999
3369.820002 9999
3371.707057 9999
3373.601786 9999
3375.4992 9999
3377.407333 9999
3379.277254 9999
3381.152772 9999
3383.020031 9999
3384.885328 9999.0
3387.023547 9999
3388.867213 9999
3390.73957 9999
3392.597603 9999
3394.480482 9999
3396.342293 9999
3398.211651 9999
3400.109339 9999
3402.015411 9999
3403.911603 9999
3405.769085 9999
3407.612064 9999
3409.496192 9999
3411.367169 9999
3413.214489 9999
3415.084445 9999
3416.955598 9999.0
3419.099343 9999
3420.97886 9999
3422.835512 9999
3424.710418 9999
3426.592072 9999
3428.476698 9999
3430.348939 9999
3432.246994 9999
3434.123293 9999
3436.03863 9999
3437.88737 9999
3439.770817 9999
3441.631114 9999
3443.489943 9999
3445.359365 9999
3447.233379 9999
3449.347416 9999
3451.231784 9999
3453.108294 9999
3455.011811 9999
3456.909502 9999
3458.800142 9999
3460.705183 9999
3462.582885 9999
3464.465526 9999
3466.362643 9999
3468.245327 9999
3470.15557 9999
3472.013303 9999
3473.922758 9999
3475.81602 9999
3477.703209 9999.0
3479.821591 9999
3481.687858 9999
3483.562321 9999
3485.479024 9999
3487.399132 9999
3489.309658 9999
3491.215016 9999
3493.076229 9999
3494.981216 9999
3496.886346 9999
3498.784857 9999
3500.660062 9999
3502.543463 9999
3504.424102 9999
3506.479524 9999
3508.348111 9999.0
3510.451854 9999
3512.336011 9999
3514.231249 9999
3516.079468 9999
3517.976229 9999
3519.858443 9999
3521.752312 9999
3523.650963 9999
3525.53305 9999
3527.419202 9999
3529.29594 9999
3531.174918 9999
3533.057411 9999
3534.953172 9999
3536.925408 9999
3538.804144 9999.0
3540.931509 9999
3542.788019 9999
3544.65038 9999
3546.524769 9999
3548.395135 9999
3550.289717 9999
3552.167288 9999
3554.037423 9999
3555.915533 9999
3557.804811 9999
3559.688107 9999
3561.559764 9999
3563.443896 9999
3565.328152 9999
3567.342696 9999
3569.238434 9999.0
3571.375862 9999
3573.29899 9999
3575.189951 9999
3577.074125 9999
3578.973524 9999
3580.915122 9999
3582.833559 9999
3584.731748 9999
3586.627139 9999
3588.525168 9999
3590.391456 9999
3592.250798 9999
3594.123764 9999
3596.022212 9999
3597.928797 9999
3599.849899 9999.0
