9.919935 2.08924333254
19.734613 2.08049074809
29.025794 2.0847029686
38.469036 2.07748905818
48.094745 2.07716671626
57.487668 2.07598598798
66.977043 2.08975362778
76.34637 2.08686526616
86.206893 2.07752728462
95.662225 2.08482432365
105.06967 2.07419164975
114.39911 2.0789706707
123.995468 2.07854390144
133.709277 2.08247200648
143.094597 2.08198602994
152.476799 2.07775497437
162.057028 2.07440630595
171.463802 2.08059930801
180.795669 2.08047310511
190.218501 2.07745067279
199.857605 2.0835053126
209.103575 2.08230829239
218.444902 2.0724263986
227.771121 2.07481829325
237.322066 2.09000301361
246.659666 2.07776697477
255.942438 2.07600975037
265.71576 2.07682037354
275.353088 2.075045983
284.818706 2.07393757502
294.222248 2.07907605171
303.706554 2.08057196935
313.533252 2.07935206095
322.886706 2.08345127106
332.349525 2.07687274615
341.669877 2.08046030998
351.24185 2.07973106702
360.647288 2.08233229319
370.112279 2.08940505981
379.473146 2.07642801603
389.028885 2.07452329
398.307445 2.07723402977
408.105423 2.08587431908
417.501073 2.07774615288
427.13768 2.08339532216
436.581762 2.07810910543
445.853478 2.07593576113
455.240782 2.0753112634
464.811596 2.07984558741
474.183439 2.0747777621
483.670379 2.0791200002
493.227242 2.07624959946
502.83239 2.07942310969
512.579383 2.08006588618
521.901862 2.08126831055
531.261186 2.07718610764
540.967991 2.08831628164
550.312669 2.08490665754
559.785083 2.07657066981
569.361721 2.07876992226
578.972455 2.07966899872
588.35812 2.07848954201
597.914741 2.08214171727
607.415042 2.08692638079
617.187231 2.08924031258
626.467098 2.07776959737
636.067689 2.07824269931
645.404715 2.08508404096
655.522087 2.07744542758
665.009559 2.07961328824
674.335572 2.07370901108
683.642778 2.07413601875
693.348395 2.08065795898
702.624175 2.07918628057
711.973624 2.08723370234
721.222554 2.07486971219
731.005618 2.08338340123
740.412405 2.07931367556
749.822908 2.07738924026
759.273131 2.08966994286
768.814783 2.07697796822
778.101225 2.07265265783
787.625789 2.09622708956
796.869602 2.07863513629
806.477787 2.08288367589
816.287623 2.0826253891
825.704535 2.0854473114
835.059068 2.07610964775
844.671002 2.08028833071
854.052002 2.08260234197
863.30079 2.075766325
872.715177 2.08911069234
882.292939 2.07872637113
891.694025 2.07630467415
901.000924 2.07943161329
910.340111 2.07434368134
919.90086 2.08829903603
929.392012 2.07256666819
938.873066 2.08538277944
948.195847 2.08084909121
957.80493 2.0803548495
967.150064 2.07823093732
976.475152 2.08054931959
985.741879 2.07740267118
995.3602 2.08003632228
1004.781435 2.0850742658
1014.116572 2.08718101184
1023.427252 2.08435161908
1032.988602 2.07928872108
1042.411645 2.07743867238
1051.716249 2.07728099823
1061.18331 2.08753728867
1070.784537 2.07947055499
1080.084628 2.08013542493
1089.396733 2.07822601
1098.691015 2.07267332077
1108.485707 2.08582202593
1117.831722 2.07362993558
1127.18117 2.07487106323
1136.624516 2.07924437523
1146.337 2.0796546936
1155.6541 2.07790732384
1164.99141 2.0828166008
1174.287544 2.08130407333
1184.003064 2.08495672544
1193.437308 2.08389194806
1203.650034 2.09199531873
1212.998215 2.07831867536
1222.719276 2.07626438141
1232.157061 2.0777083238
1241.603205 2.08125559489
1251.343586 2.07773208618
1260.896337 2.08080236117
1270.660831 2.08095661799
1279.964637 2.08199969927
1289.376286 2.07939060529
1299.102539 2.07645869255
1308.503566 2.08437736829
1317.976966 2.08928926786
1327.23376 2.07387868563
1336.942109 2.08831834793
1346.365187 2.08030255636
1355.84342 2.09013946851
1365.500838 2.07905300458
1375.044066 2.08625237147
1384.384094 2.07909838359
1393.79398 2.07584357262
1403.301035 2.08476368586
1413.018799 2.08529965083
1422.416688 2.07374461492
1432.239576 2.08716829618
1441.539978 2.07671674093
1451.138274 2.07380326589
1460.516019 2.07969196637
1470.216023 2.08168490728
1480.179888 2.07207234701
1489.90337 2.08344133695
1499.561598 2.0750096639
1508.842433 2.08551796277
1518.314027 2.0828183492
1528.15971 2.0824453036
1537.492419 2.07689468066
1546.87357 2.07531833649
1556.318386 2.08251301448
1565.972996 2.08087603251
1575.276958 2.08990128835
1584.829466 2.07587607702
1594.641182 2.07330433528
1604.274517 2.08138744036
1614.284898 2.07646902402
1623.669762 2.07574907939
1633.053015 2.07516256968
1643.541983 2.08359829585
1652.999346 2.07588926951
1662.649084 2.08598264058
1672.077687 2.08036470413
1681.992283 2.08171828588
1691.420172 2.07748230298
1700.786479 2.08097465833
1710.058404 2.07914066315
1719.691555 2.07757170995
1729.082274 2.08542394638
1738.401928 2.07988365491
1747.862604 2.07516566912
1757.522557 2.08001804352
1766.993529 2.0794737339
1776.414196 2.07596333822
1786.021626 2.09584259987
1795.977795 2.08358105024
1805.423198 2.07879734039
1814.786659 2.07288630803
1824.102259 2.07761271795
1833.644981 2.07337299983
1843.499121 2.07618896166
1852.785483 2.07818698883
1862.023981 2.07363128662
1871.676475 2.07787275314
1881.176495 2.09157292048
1891.067937 2.09036540985
1900.589259 2.08571163813
1910.601538 2.08134667079
1920.06517 2.09678737322
1929.433268 2.08903566996
1938.85196 2.08675408363
1948.389715 2.07691192627
1957.686765 2.07352630297
1967.155652 2.0789244175
1976.504559 2.08074831963
1986.275525 2.08885701497
1995.835166 2.08108393351
2005.198128 2.08508793513
2014.748907 2.07912333806
2024.66955 2.08101542791
2034.104502 2.07565395037
2043.472869 2.07278998693
2052.876133 2.07545725505
2062.726326 2.0763835907
2072.405986 2.08639001846
2081.928044 2.07676331202
2091.937331 2.075122118
2101.559679 2.08302934964
2110.959122 2.07898608843
2120.412736 2.08077931404
2129.747627 2.07503533363
2139.664535 2.07781267166
2149.015334 2.07441838582
2158.411654 2.07540567716
2167.841112 2.0757466952
2177.515798 2.08781035741
2186.805654 2.07725040118
2196.142255 2.09196305275
2205.668632 2.08013876279
2215.419166 2.07693330447
2224.772462 2.08700871468
2234.11359 2.08072741826
2243.590869 2.08462572098
2253.520654 2.08568096161
2262.913381 2.07710663478
2272.328989 2.07406274478
2281.840796 2.0830163161
2291.408064 2.08341256777
2300.765705 2.08009235064
2310.180722 2.07806070646
2319.58047 2.07558099429
2329.318535 2.08745622635
2338.641836 2.08435336749
2347.973789 2.08330909411
2357.389682 2.07600792249
2367.039311 2.07654007276
2376.473768 2.07688466708
2385.952374 2.07510932287
2395.427634 2.08717004458
2405.128954 2.08722933133
2414.587433 2.07880314191
2424.02029 2.08541663488
2433.693488 2.08536569277
2443.465589 2.08337330818
2452.915908 2.07265400887
2462.384166 2.08699035645
2471.654039 2.07285833359
2481.282808 2.08644207319
2490.692922 2.0811436971
2500.103478 2.07699131966
2509.431831 2.08814104398
2519.047063 2.08062362671
2528.437861 2.07293709119
2537.878479 2.07726502419
2547.474794 2.08154940605
2557.267588 2.07919096947
2566.778246 2.07640894254
2576.360181 2.07695968946
2585.86106 2.08166797956
2595.439967 2.07444032033
2604.746555 2.07552806536
2614.447571 2.07746537526
2623.897376 2.08705560366
2633.945968 2.08068275452
2643.457929 2.07992569606
2652.883568 2.07358368238
2662.262285 2.0815103054
2671.983594 2.08002503713
2682.063796 2.07995994886
2691.453258 2.07780305545
2700.818781 2.07844368617
2710.486372 2.08406575521
2719.843778 2.08656962713
2729.282702 2.08632961909
2738.728003 2.07737970352
2748.352778 2.07672993342
2757.732802 2.08308426539
2767.270882 2.07102592786
2776.627839 2.08830102285
2786.239651 2.0782383283
2795.876366 2.08708222707
2805.344026 2.08859666189
2814.624744 2.08073925972
2824.253107 2.08765244484
2833.641574 2.07740370433
2843.407024 2.10516810417
2852.818827 2.07916402817
2862.630727 2.09288366636
2871.958879 2.08106168111
2881.389809 2.08286166191
2890.96224 2.08229470253
2900.736474 2.08419966698
2910.180496 2.07966335615
2919.717871 2.09025899569
2929.039402 2.07405900955
2938.725178 2.08342997233
2948.048438 2.07883898417
2957.420545 2.07623402278
2966.788409 2.08485802015
2976.331504 2.0783033371
2985.730761 2.07407633464
2995.162784 2.08107034365
3004.696161 2.07362167041
3014.261944 2.0804336071
3023.638261 2.07578468323
3033.062774 2.08154686292
3042.481662 2.07787028948
3052.092166 2.07991862297
3061.520325 2.07526866595
3071.028764 2.07994707425
3080.403281 2.08155139287
3090.328636 2.07559426626
3099.72329 2.08453337351
3109.122318 2.07723768552
3118.627563 2.07749795914
3128.530458 2.0756436189
3137.85736 2.07747133573
3147.260046 2.08290807406
3156.626568 2.08760269483
3166.522904 2.07400465012
3175.862024 2.07271361351
3185.206743 2.07988993327
3194.521386 2.07823061943
3204.035203 2.07488361994
3213.352435 2.07528122266
3222.866619 2.07499710719
3232.438402 2.08743707339
3242.049252 2.0777759552
3251.429993 2.07979830106
3261.128019 2.07880894343
3270.515298 2.07582235336
3280.243901 2.07425332069
3289.618227 2.07588505745
3299.030217 2.08294963837
3308.484225 2.07896558444
3318.106448 2.0851697127
3328.217356 2.07263302803
3337.572521 2.08709478378
3346.887644 2.07778302828
3356.642711 2.07756638527
3366.111347 2.07704599698
3375.601751 2.07702469826
3385.156667 2.08358502388
3394.753878 2.08657757441
3404.110123 2.08501450221
3413.566738 2.09816789627
3423.004469 2.08874297142
3432.655527 2.0850417614
3441.958305 2.0772476991
3451.462728 2.07471307119
3461.436747 2.07966693242
3471.084653 2.07659029961
3480.578748 2.08342051506
3490.01648 2.08876729012
3499.449044 2.08333126704
3509.246609 2.07326539358
3518.614719 2.09090240796
3527.998269 2.0830403169
3537.392908 2.07885710398
3547.111843 2.07365504901
3556.611629 2.08093428612
3566.064656 2.08108862241
3575.49722 2.08182525635
3585.093125 2.0738846461
3594.684458 2.08264557521
3604.079716 2.08435789744
3613.509412 2.076161623
3623.608974 2.08213599523
3633.039034 2.07741530736
3642.460777 2.08235430717
3651.793615 2.08437657356
3661.424398 2.07945473989
3670.798863 2.08607506752
3680.327913 2.09465964635
3689.709588 2.08352231979
3699.497112 2.07420873642
3708.958571 2.07712022463
3718.422387 2.07308761279
3728.169284 2.07847396533
3737.831187 2.07734004656
3747.307614 2.08716424306
3756.684434 2.07636706034
3766.003763 2.07890820503
3775.569983 2.07908646266
3784.958855 2.07389442126
3794.33148 2.07823761304
3803.644667 2.07307338715
3813.403878 2.07634043694
3822.749557 2.08174864451
3832.445252 2.08717306455
3841.937308 2.08586573601
3851.704492 2.08250141144
3861.121747 2.09180434545
3870.559742 2.08441233635
3879.837447 2.08165383339
3889.376705 2.07716838519
3898.736759 2.07572921117
3908.144555 2.07892433802
3917.599754 2.07723609606
3927.172656 2.07609470685
3936.458583 2.07671896617
3945.733092 2.07088406881
3955.040718 2.0775996844
3964.558268 2.08219194412
3974.058446 2.08695141474
3983.483213 2.07817864418
3992.926872 2.08177558581
4002.593555 2.07611831029
4011.914062 2.07236893972
4021.156807 2.07358376185
4030.673337 2.07864705722
4040.384269 2.08573571841
4049.764726 2.07749970754
4059.452959 2.07955066363
4068.927062 2.0810786883
4078.850035 2.07952896754
4088.15759 2.08193993568
4097.542594 2.07576560974
4106.902315 2.08434144656
4116.491966 2.08157229424
4125.948173 2.07733194033
4135.38818 2.08328000704
4144.861886 2.09089064598
4154.673024 2.08236169815
4163.961733 2.07884836197
4173.39178 2.08196393649
4182.804135 2.08467205365
4192.628022 2.08700275421
4201.97863 2.07904362679
4211.327 2.08082771301
4220.7558 2.08744001389
4230.28681 2.07590063413
4239.589135 2.08340803782
4248.921308 2.07498796781
4258.245635 2.08052865664
4267.903218 2.07651130358
4277.296125 2.07898505529
4286.716956 2.07774591446
4296.046581 2.07558393478
4305.911858 2.08174602191
4315.303637 2.07395474116
4324.55732 2.07453330358
4333.926747 2.09500066439
4343.618347 2.07986704508
4353.033665 2.08006493251
4362.533052 2.07775958379
4372.30634 2.08624800046
4381.907667 2.08322223028
4391.45978 2.09370835622
4400.877508 2.07662200928
4410.250866 2.0764734745
4420.106905 2.08551828067
4429.447465 2.07928490639
4439.314623 2.08379069964
4448.828669 2.08441766103
4458.518734 2.07731898626
4467.818812 2.08089995384
4477.161322 2.07210230827
4486.73255 2.083741347
4496.303138 2.07432436943
4505.756217 2.07325665156
4515.198773 2.08217104276
4524.636542 2.07977390289
4534.353615 2.08147493998
4543.71449 2.09319559733
4553.143427 2.08114202817
4562.674604 2.07914376259
4572.284491 2.08014170329
4581.646595 2.0783516566
4591.243961 2.08045196533
4600.655274 2.07824993134
4610.305042 2.07539129257
4619.648063 2.07736603419
4628.934806 2.08269739151
4638.326015 2.08162339528
4648.080742 2.08889532089
4657.43076 2.0781870683
4666.791237 2.07953500748
4676.109499 2.07536260287
4685.745002 2.07306329409
4695.147298 2.08718188604
4704.505852 2.08405367533
4713.954086 2.07834307353
4723.653758 2.07841865222
4733.065078 2.08062934875
4742.356157 2.0755683581
4751.746906 2.07646965981
4761.339151 2.08716742198
4770.753565 2.0753947099
4780.11278 2.09243027369
4789.621734 2.07981499036
4799.238882 2.07954041163
4808.680824 2.082726717
4818.306694 2.08442266782
4827.751833 2.07762296995
4837.550792 2.0876326561
4847.03784 2.07614731789
4856.551478 2.09286673864
4865.873201 2.09189271927
4875.673199 2.07713890076
4885.174391 2.07746473948
4894.581069 2.08204261462
4903.976525 2.08911474546
4913.642916 2.08129731814
4923.027018 2.07538374265
4932.37118 2.08107407888
4941.689576 2.07694737116
4951.351573 2.08063896497
4960.779654 2.0803223451
4970.113657 2.07986966769
4979.435669 2.07527931531
4988.97926 2.07694705327
4998.258913 2.07728258769
5007.631799 2.07978828748
5017.63966 2.08063538869
5027.441617 2.07371131579
5036.812103 2.07864332199
5046.211778 2.07892068227
5055.657695 2.08134706815
5065.273695 2.08111619949
5074.776911 2.08417669932
5084.709983 2.07885996501
5094.102212 2.07935667038
5103.924497 2.07848000526
5113.33753 2.08193206787
5122.654586 2.08004721006
5132.021605 2.07191665967
5141.685299 2.08537729581
5151.333966 2.08527239164
5160.766324 2.08342170715
5170.25777 2.07551519076
5179.884197 2.07676657041
5189.327126 2.07851163546
5198.770365 2.08925525347
5208.075659 2.08564710617
5217.661617 2.07849097252
5227.19908 2.08879828453
5236.560559 2.08263603846
5246.275934 2.07601849238
5255.990782 2.08185338974
5265.34692 2.08637833595
5274.832238 2.07283639908
5284.256874 2.08003393809
5293.965297 2.08224662145
5303.395621 2.08217660586
5312.881528 2.07982889811
5322.310798 2.08425561587
5331.907562 2.08160964648
5341.953283 2.07936636607
5351.362727 2.08017961184
5360.712622 2.07924501101
5370.525229 2.08519538244
5379.986835 2.07734672228
5389.587018 2.08513236046
5399.00973 2.09075427055
5408.621276 2.08729934692
5418.132281 2.08986266454
5427.563889 2.07727305094
5437.003785 2.07572372754
5446.668196 2.08655675252
5456.455001 2.07531094551
5465.814565 2.07737104098
5475.477811 2.08277233442
5485.162958 2.07756868998
5494.495872 2.07354640961
5503.89958 2.07978502909
5513.319276 2.08489863078
5523.527097 2.08181842168
5532.946673 2.0826643308
5542.448478 2.07496237755
5551.827289 2.08129398028
5561.785604 2.08757607142
5571.584868 2.0774787267
5581.005229 2.08366163572
5590.399007 2.08137933413
5599.977167 2.07502667109
5609.422627 2.0833123525
5619.047215 2.08299303055
5628.389184 2.0910513401
5638.273571 2.07814391454
5647.730594 2.08553560575
5657.137481 2.09069800377
5667.042711 2.09466266632
5676.693547 2.11052926381
5686.163715 2.08533557256
5696.017467 2.07968695958
5705.548829 2.08949232101
5715.266868 2.07802232107
5724.782121 2.08613801003
5734.131696 2.07694268227
5743.570496 2.0748000145
5753.215414 2.07771396637
5762.6226 2.07470901807
5771.900864 2.07332396507
5781.503479 2.07438063622
5791.129222 2.08034269015
5800.510772 2.0853656133
5810.189659 2.07740362485
5819.528943 2.08125329018
5829.393288 2.07854564985
5838.912677 2.07541863124
5848.320148 2.08154622714
5857.670761 2.07533939679
5867.384057 2.08321762085
5876.760027 2.08222866058
5886.302392 2.08166702588
5895.848858 2.07538731893
5905.579727 2.08674097061
5915.099965 2.08170978228
5925.402778 2.08568294843
5934.78715 2.07926567396
5944.406582 2.0758793354
5953.794531 2.08257436752
5963.202883 2.08064810435
5972.54123 2.07684667905
5982.233284 2.08603239059
5992.270007 2.08286929131
6001.675011 2.07780265808
6011.052498 2.07978367805
6020.678226 2.08698058128
6030.14842 2.07920122147
6039.529094 2.07780702909
6048.992244 2.08426920573
6058.796416 2.07567842801
6068.235685 2.07945768038
6077.557672 2.08084058762
6087.081054 2.0883316199
6096.949785 2.07433334986
6106.447475 2.08676973979
6115.849555 2.09273934364
6125.409102 2.09651970863
6135.276257 2.07569320997
6144.640533 2.07623561223
6154.073981 2.07348275185
6163.557372 2.08782871564
6173.259235 2.07536967595
6182.869115 2.08302108447
6192.342308 2.07458003362
6201.685613 2.07643198967
6211.412718 2.08146595955
6220.816846 2.08201599121
6230.230246 2.0860730807
6239.717324 2.07469288508
6249.501119 2.07539200783
6259.021817 2.07854501406
6268.480564 2.08203530312
6277.877052 2.07302769025
6287.601843 2.0821557045
6297.398243 2.07980036736
6306.968427 2.07889668147
6316.523477 2.07703701655
6326.075311 2.08424743017
6335.601462 2.08776903152
6345.06829 2.09362737338
6354.567232 2.0813917319
6364.132725 2.08125599225
6373.438375 2.07806372643
6382.790799 2.07554133733
6392.18356 2.07910100619
6401.869383 2.09982212385
6411.199525 2.07455039024
6420.669246 2.07686869303
6430.139039 2.08440327644
6439.930698 2.08885192871
6449.225607 2.0777563254
6458.611975 2.07454601924
6468.081289 2.08593964577
6477.693056 2.07709932327
6487.202881 2.08699138959
6496.656676 2.0810192426
6506.088157 2.07529266675
6515.96242 2.08863695463
6525.419102 2.08673199018
6534.850253 2.07933942477
6544.38981 2.08217295011
6554.01066 2.07494266828
6563.355403 2.08067901929
6572.778717 2.07895437876
6582.199225 2.08168927828
6591.798766 2.07715527217
6601.166652 2.08272520701
6610.65383 2.0790716807
6620.638613 2.07931129138
6630.406316 2.07599186897
6640.660616 2.08352375031
6650.012703 2.07802597682
6659.450066 2.08350340525
6669.064364 2.08477107684
6678.656804 2.08669567108
6688.357545 2.09253962835
6697.96371 2.07966828346
6708.094353 2.07976579666
6717.438432 2.07898060481
6726.976317 2.0748600165
6737.129066 2.0717493693
6746.72178 2.07874798775
6756.765368 2.08827439944
6766.173596 2.0745947361
6775.644532 2.08159065247
6785.972615 2.08801102638
6795.369508 2.07898799578
6805.274337 2.08297801018
6814.583601 2.08395036062
6824.626498 2.07762734095
6833.994347 2.07271504402
6843.493805 2.0739689668
6852.88095 2.08823800087
6862.580341 2.08235565821
6872.682298 2.08193635941
6882.022295 2.07793609301
6892.167266 2.07225894928
6901.868774 2.08287199338
6911.347885 2.07678135236
6920.77961 2.07413395246
6930.209067 2.07635633151
6940.326207 2.07983533541
6949.782525 2.07510145505
6959.238671 2.08025376002
6968.697231 2.08576933543
6978.242807 2.07976675034
6987.644269 2.07667104403
6997.039364 2.09164826075
7006.520425 2.08190600077
7016.181509 2.09006023407
7025.543128 2.07320308685
7034.947226 2.07919859886
7044.271802 2.07554030418
7054.100793 2.07538970311
7063.489369 2.07959032059
7072.956074 2.07792790731
7082.379911 2.07413228353
7092.279932 2.08567802111
7102.049701 2.08157889048
7111.401892 2.07847332954
7121.456595 2.08423471451
7131.108682 2.08149695396
7140.442633 2.07587726911
7149.866939 2.08400273323
7159.257192 2.09081133207
7169.016324 2.08056799571
7178.505669 2.07642936707
7188.048372 2.08093905449
7197.467743 2.08205135663
7207.280694 2.08121172587
