0.111186981201
0.114259004593
0.115970849991
0.111139059067
0.117146015167
0.111457824707
0.109972953796
0.113767147064
0.109434843063
0.118021011353
0.111649990082
0.116376876831
0.11027097702
0.117398023605
0.114614009857
0.115642786026
0.115774869919
0.112695932388
0.115131139755
0.112591981888
0.113255023956
0.116497993469
0.117188930511
0.113550186157
0.113281965256
0.110984802246
0.116888999939
0.116791009903
0.113647937775
0.115104198456
0.112155914307
0.115839004517
0.110251903534
0.118300199509
0.114422082901
0.11027598381
0.11342382431
0.115554094315
0.109884023666
0.115449905396
