6.805844 1.42474667231
13.508608 1.41914900144
20.24608 1.43638690313
27.033847 1.43714261055
33.708487 1.41062029203
40.442803 1.4191596508
47.11482 1.40021800995
53.784727 1.40543365479
60.522975 1.436008056
67.145695 1.41238967578
73.951043 1.42423741023
80.486718 1.38509003321
87.107147 1.40202228228
93.661216 1.39577436447
100.215645 1.39054099719
106.937764 1.40014139811
113.608908 1.42819364866
120.279705 1.41906738281
126.902108 1.4057050546
133.504946 1.39889033635
140.27612 1.42463127772
146.879984 1.39168596268
153.535042 1.42421332995
160.242439 1.41653140386
166.860535 1.3950223128
173.514738 1.39238635699
180.152066 1.41001741091
186.772778 1.39216860135
193.461779 1.4135816892
200.182454 1.42783959707
206.954159 1.42008129756
213.591104 1.40086396535
220.311822 1.41595069567
226.900457 1.39830962817
233.504895 1.40587631861
240.125887 1.38731773694
246.729398 1.40492653847
253.368248 1.4108402729
259.972101 1.40440297127
266.542784 1.39774425824
273.264642 1.40575035413
279.918576 1.41956559817
286.524291 1.40583610535
293.147235 1.40214665731
299.79798 1.41452066104
306.46911 1.39175081253
313.039804 1.38934739431
319.694067 1.41961757342
326.448531 1.43456403414
333.003923 1.38476538658
339.707932 1.39192692439
346.379805 1.43368228277
352.933153 1.38917271296
359.47164 1.3825173378
366.058793 1.39232333501
372.696414 1.3825006485
379.283893 1.38845761617
385.938919 1.41628440221
392.509281 1.39811690648
399.063613 1.39818469683
405.785118 1.40337403615
412.35596 1.40137132009
418.993339 1.42572132746
425.565368 1.40194066366
432.236501 1.43041507403
438.95859 1.42174196243
445.644847 1.42145633698
452.232197 1.40401156743
458.853454 1.4006327788
465.423863 1.39462057749
472.128699 1.39736612638
478.716986 1.40472070376
485.337228 1.40641172727
491.975033 1.40657869975
498.583085 1.39227032661
505.217361 1.38641905785
511.871775 1.40015610059
518.41056 1.3815073967
524.947673 1.3847870032
531.434604 1.37360278765
538.139014 1.38377602895
544.727635 1.39046327273
551.332415 1.40197340647
557.901746 1.39193399747
564.490152 1.39130663872
571.227985 1.40991695722
577.865976 1.41196695964
584.42004 1.39590668678
591.01122 1.3939743042
597.762447 1.43457007408
604.432928 1.38870557149
610.971307 1.38908362389
617.607708 1.4057589372
624.163655 1.38988733292
630.733984 1.39083838463
637.454563 1.3899017175
643.942689 1.36833572388
650.567378 1.39767599106
657.151806 1.39568360647
663.673604 1.37514535586
670.426938 1.40686504046
676.94804 1.38635993004
683.573225 1.40056268374
690.122458 1.39749677976
696.661255 1.39083623886
703.365165 1.39019473394
709.886305 1.38028494517
716.474864 1.39681593577
723.045515 1.38748168945
729.682764 1.40956370036
736.454234 1.40327239037
743.024167 1.40151071548
749.595951 1.39194059372
756.166719 1.38957444827
762.840618 1.40287407239
769.593309 1.40412902832
776.16333 1.38238112132
782.718522 1.39406363169
789.288641 1.38444805145
795.909584 1.42080235481
802.631101 1.37498966853
809.202958 1.39983558655
815.80643 1.38987557093
822.430922 1.40360935529
828.981171 1.39307411512
835.76912 1.41128516197
842.307671 1.39116136233
848.928521 1.40064589183
855.515756 1.39224696159
862.13659 1.40026362737
868.858036 1.38312633832
875.479239 1.40194837252
882.100472 1.41252764066
888.604235 1.39083425204
895.225661 1.40426357587
901.929802 1.4042245547
908.518043 1.39973775546
915.190442 1.43252166112
921.776534 1.40061299006
928.314124 1.39895407359
935.05178 1.39574392637
941.65591 1.40525166194
948.277443 1.38913170497
954.831169 1.40089162191
961.385732 1.39156627655
968.05657 1.38333630562
974.664224 1.39269797007
981.234631 1.38457592328
987.787054 1.39154394468
994.341469 1.39283967018
1001.128919 1.4086672465
1007.688652 1.40060162544
1014.204616 1.37472605705
1020.808582 1.41074903806
1027.430099 1.40474494298
1034.13386 1.38293965658
1040.721622 1.38812232018
1047.260976 1.39906009038
1053.830805 1.39728124936
1060.43526 1.40610766411
1067.306642 1.40579803785
1073.910151 1.39655478795
1080.567118 1.41155362129
1087.135449 1.39802527428
1093.673698 1.37967077891
1100.461698 1.39935127894
1107.016693 1.39444629351
1113.639956 1.4103465875
1120.17484 1.38804205259
1126.713642 1.38596343994
1133.437103 1.38322790464
1139.987871 1.38953304291
1146.511574 1.3865190347
1153.129204 1.40741666158
1159.685334 1.39749145508
1166.455412 1.40749327342
1172.975785 1.38132039706
1179.496761 1.38072578112
1186.101388 1.40883572896
1192.672657 1.39410066605
1199.443713 1.39181931814
1206.030966 1.40103340149
1212.652123 1.4107363224
1219.189828 1.38189498583
1225.761986 1.37986254692
1232.44827 1.38049570719
1239.05336 1.40252868334
1245.641114 1.39167141914
1252.312875 1.43091789881
1258.850287 1.38679933548
1265.675038 1.4241584142
1272.275038 1.40138037999
1278.91356 1.41184528669
1285.503461 1.41035628319
1292.121961 1.4010070165
1298.843153 1.37992135684
1305.513635 1.40226562818
1312.06879 1.37896927198
1318.622169 1.38818629583
1325.210223 1.39747627576
1331.998285 1.41238943736
1338.619082 1.38578335444
1345.190543 1.38982661565
1351.745131 1.39068659147
1358.282654 1.38529841105
1364.970459 1.3890829881
1371.523994 1.38417196274
1378.114933 1.38722372055
1384.749521 1.39366030693
1391.439751 1.43289764722
1398.124756 1.36938770612
1404.814169 1.42139363289
1411.384873 1.37510474523
1417.887816 1.37662394842
1424.459728 1.38440529505
1431.114487 1.37640698751
1437.734235 1.40230377515
1444.375494 1.3958483537
1450.94345 1.40082859993
1457.481458 1.39408397675
1464.235826 1.39161761602
1470.910331 1.42161369324
1477.57794 1.40989232063
1484.164884 1.40555739403
1490.787023 1.40953461329
1497.492739 1.39117868741
1504.098392 1.40158263842
1510.649352 1.39309167862
1517.221178 1.39988032977
1523.708814 1.37527036667
1530.496085 1.39846841494
1537.067456 1.37879633904
1543.604619 1.38773234685
1550.212476 1.40454133352
1556.798278 1.40871596336
1563.468136 1.3782649835
1570.088655 1.41357604663
1576.677454 1.39089369774
1583.264545 1.40189329783
1589.836065 1.39060894648
1596.673332 1.41783769925
1603.260904 1.39882222811
1609.781827 1.38513000806
1616.303251 1.38471873601
1622.991666 1.42931071917
1629.695909 1.38207999865
1636.349449 1.42174371084
1642.995852 1.40915711721
1649.642109 1.42974702517
1656.132107 1.37287894885
1662.968144 1.3946758906
1669.587961 1.41460204124
1676.192302 1.39309430122
1682.763685 1.39490501086
1689.384987 1.41659625371
1696.171797 1.40320301056
1702.65993 1.36767466863
1709.198031 1.3999136289
1715.685226 1.37037332853
1722.206374 1.38563036919
1729.010522 1.41275072098
1735.582375 1.40002568563
1742.170387 1.3973912398
1748.674129 1.37940088908
1755.294452 1.40868369738
1762.031902 1.3833390077
1768.738565 1.43309092522
1775.257581 1.38629802068
1781.813135 1.39342276255
1788.401421 1.39919964472
1795.224302 1.4172205925
1801.72614 1.3773179849
1808.297485 1.40174810092
1814.850943 1.38748796781
1821.372085 1.37361764908
1828.092783 1.39489237467
1834.714703 1.40066234271
1841.335485 1.42224272092
1847.839618 1.37254063288
1854.5278 1.42907865842
1861.381476 1.41498438517
1867.952447 1.40138236682
1874.490018 1.39813494682
1881.061837 1.39125037193
1887.599403 1.39019711812
1894.320513 1.38997777303
1900.940972 1.40080634753
1907.445498 1.3744190534
1914.099691 1.41272695859
1920.588309 1.37205402056
1927.39217 1.38154506683
1933.980088 1.38906200727
1940.517199 1.39545234044
1947.07164 1.39147106806
1953.692504 1.40498971939
1960.447841 1.39890940984
1967.08462 1.4094877243
1973.639904 1.4001707236
1980.276819 1.40595062574
1986.902503 1.40313434601
1993.718963 1.395718654
2000.339985 1.40778032939
2006.895975 1.38899072011
2013.365237 1.36894671122
2019.889627 1.37889997164
2026.624822 1.39752030373
2033.182351 1.37887231509
2039.766061 1.40317773819
2046.354859 1.40091665586
2052.924832 1.39995201429
2059.713503 1.39616394043
2066.202788 1.3711930116
2072.822124 1.39239994685
2079.443079 1.41128412882
2085.964717 1.37724192937
2092.701675 1.39684828122
2099.238763 1.38234098752
2105.843612 1.40929635366
2112.464595 1.4159479936
2119.086459 1.4151939551
2125.85819 1.38904444377
2132.495369 1.40874099731
2139.099071 1.40935762723
2145.686257 1.39344469706
2152.223779 1.39054536819
2158.945829 1.39270472527
2165.519382 1.39412792524
2172.105893 1.39252360662
2178.607821 1.38081232707
2185.163181 1.39145096143
2191.985156 1.39102689425
2198.604844 1.41632795334
2205.192404 1.38003834089
2211.730291 1.38304336866
2218.335474 1.39899802208
2225.123388 1.38648104668
2231.710191 1.40196935336
2238.26728 1.38615266482
2244.88608 1.40658227603
2251.439764 1.38897164663
2258.311498 1.41016721725
2264.848733 1.38553738594
2271.370146 1.38111440341
2277.940503 1.39642763138
2284.462677 1.38037268321
2291.285214 1.41760627429
2297.971215 1.39255666733
2304.542461 1.41029699643
2311.100297 1.39297938347
2317.620608 1.37836535772
2324.388929 1.37872274717
2330.959936 1.39671166738
2337.630201 1.42221872012
2344.268095 1.40998196602
2350.839072 1.40642563502
2357.644017 1.40548356374
2364.165635 1.38222058614
2370.76937 1.40252796809
2377.355946 1.40131235123
2383.931447 1.40392835935
2390.732776 1.3746240139
2397.220648 1.38215390841
2403.840403 1.41392032305
2410.445013 1.4056382974
2417.082855 1.4057709376
2423.840402 1.38358004888
2430.376141 1.39479096731
2436.962732 1.3914000988
2443.517095 1.39158431689
2450.158782 1.41525371869
2457.026346 1.40626899401
2463.580656 1.38844497999
2470.118059 1.38477214177
2476.689825 1.38506301244
2483.310819 1.40424370766
2490.114312 1.40369192759
2496.685802 1.40435671806
2503.273035 1.4009522597
2509.827889 1.39369471868
2516.398626 1.40257056554
2523.22011 1.38137865067
2529.858353 1.41648197174
2536.398542 1.38467772802
2542.934444 1.37666702271
2549.62115 1.41993165016
2556.441942 1.39630667369
2562.996813 1.39513325691
2569.684734 1.43099236488
2576.239121 1.39175073306
2582.80902 1.40276201566
2589.664045 1.39012861252
2596.254007 1.41535226504
2602.839359 1.37547938029
2609.326478 1.37660972277
2615.93163 1.40274898211
2622.819359 1.40558624268
2629.589932 1.38600707054
2636.111465 1.38615433375
2642.64863 1.38901034991
2649.253095 1.39716696739
2656.057489 1.38575196266
2662.679814 1.41101336479
2669.267151 1.41094175975
2675.871177 1.42275603612
2682.476599 1.40450175603
2689.280166 1.39627504349
2695.869132 1.39790638288
2702.387946 1.37962468465
2708.9779 1.40206662814
2715.580583 1.40081326167
2722.385703 1.38811969757
2728.856818 1.37352561951
2735.494516 1.40222096443
2742.065085 1.41113026937
2748.68643 1.4060716629
2755.523768 1.40924199422
2762.060873 1.38428060214
2768.600227 1.39440600077
2775.103643 1.37050922712
2781.70768 1.4048409462
2788.645001 1.40456970533
2795.199889 1.39701104164
2801.805015 1.40317463875
2808.342996 1.38744425774
2814.862826 1.38604132334
2821.700596 1.39300791423
2828.239118 1.37831004461
2835.026429 1.45927770933
2841.530451 1.37225238482
2848.155891 1.40974171956
2855.006573 1.3955570062
2861.51188 1.38137658437
2868.09811 1.39832131068
2874.68656 1.40908654531
2881.240916 1.39471530914
2887.995612 1.39751323064
2894.549065 1.38271999359
2901.052848 1.3684129715
2907.674205 1.40206201871
2914.230938 1.3948126634
2921.000599 1.37976757685
2927.591016 1.39716037114
2934.191441 1.40044037501
2940.798898 1.39845760663
2947.45085 1.40204763412
2954.190964 1.38608503342
2960.792665 1.40526032448
2967.348083 1.39303835233
2973.885102 1.37358101209
2980.355901 1.37071577708
2987.130167 1.37847701708
2993.714894 1.39009960492
3000.355049 1.40081803004
3006.956745 1.39175502459
3013.511151 1.39798601468
3020.182448 1.37234123548
3026.837316 1.39714137713
3033.424945 1.40007400513
3040.012716 1.38146177928
3046.635491 1.40900731087
3053.420763 1.38426566124
3059.959112 1.39161300659
3066.498289 1.38731304804
3073.017331 1.38808902105
3079.654942 1.39973600705
3086.409333 1.39891163508
3092.946943 1.38359061877
3099.485236 1.38056564331
3106.156041 1.42184273402
3112.811225 1.4168129762
3119.735499 1.40528957049
3126.255313 1.38941502571
3132.910812 1.42855072021
3139.544024 1.41994492213
3146.082874 1.38541897138
3152.920452 1.41177169482
3159.540778 1.4000120163
3166.146164 1.39986896515
3172.749633 1.40406362216
3179.27111 1.38455065091
3186.059371 1.38163367907
3192.564191 1.38461367289
3199.133526 1.40323662758
3205.65451 1.38014960289
3212.263296 1.40733369191
3219.030721 1.39507897695
3225.551159 1.37568298976
3232.139477 1.38777263959
3238.726512 1.38873577118
3245.314374 1.40010563533
3252.251828 1.40874401728
3258.756521 1.38214468956
3265.394594 1.42245634397
3271.982944 1.40640465418
3278.636846 1.40758363406
3285.475054 1.37474441528
3292.062367 1.38327511152
3298.616407 1.3876183033
3305.320868 1.43173734347
3311.875961 1.38389333089
3318.729494 1.39357829094
3325.333843 1.40922864278
3331.905135 1.39281551043
3338.50979 1.4073925813
3345.131145 1.41330313683
3352.085618 1.42462062836
3358.706699 1.40404558182
3365.294784 1.3982381026
3371.814733 1.38143404325
3378.336391 1.38230967522
3385.160199 1.38937306404
3391.695085 1.39666628838
3398.349849 1.40887324015
3404.970112 1.40747102102
3411.444586 1.37427592278
3418.27928 1.3876396815
3424.819713 1.38587673505
3431.43792 1.40606840452
3437.992956 1.39247139295
3444.530324 1.39278070132
3451.502313 1.41876029968
3458.072907 1.3873389562
3464.710081 1.39880863825
3471.280819 1.39830303192
3477.91934 1.40807525317
3484.706847 1.38150731723
3491.260769 1.38885800044
3497.882367 1.40433994929
3504.536418 1.40446996689
3511.211265 1.41201059024
3518.027876 1.38108770053
3524.582526 1.4007803599
3531.123042 1.39084275564
3537.675278 1.40260418256
3544.329618 1.41897900899
3551.220219 1.40029859543
3557.73829 1.3797446092
3564.358861 1.41572968165
3570.913154 1.39411473274
3577.551384 1.4213543733
3584.459475 1.39553602537
3591.076641 1.41647632917
3597.616156 1.38734658559
3604.218567 1.3978296121
