8.942481 2.12841796875
17.598693 2.07074507078
27.505976 2.50331568718
36.078486 2.07350341479
44.918611 2.11531257629
53.759963 2.12858756383
62.567013 2.12387164434
72.371921 2.47260435422
89.686222 4.92685262362
98.475873 2.10325463613
107.235616 2.11122759183
116.156094 2.1206099987
124.745146 2.05972242355
134.536208 2.47106194496
144.393353 2.49141637484
154.501624 2.50473395983
164.391272 2.48944195112
174.182159 2.46561272939
182.776218 2.0552286307
191.49511 2.05692076683
200.118511 2.05546800296
208.775082 2.08803764979
217.347931 2.05373994509
226.055016 2.05822436015
235.931084 2.47970668475
244.541619 2.05659365654
253.211125 2.08512036006
261.847958 2.03837569555
270.388113 2.04673695564
279.127314 2.1137213707
287.750866 2.07233039538
296.546122 2.07488663991
306.465608 2.48313132922
315.073961 2.04512023926
323.711361 2.06472833951
332.520545 2.08139959971
341.190888 2.07846101125
349.816763 2.06316129367
358.554781 2.09468968709
367.367234 2.06583428383
375.903808 2.03863032659
385.877272 2.50843040148
395.814889 2.50039966901
404.638725 2.06687323252
413.211226 2.05208563805
421.901172 2.09114638964
430.458961 2.05610640844
439.264925 2.06926298141
447.887335 2.05862410863
456.460202 2.05313833555
473.60671 4.90771730741
482.329838 2.04005304972
490.93886 2.06495507558
499.410662 2.03206197421
507.999164 2.05959399541
516.739015 2.04621426264
525.362635 2.05916364988
533.955539 2.05498067538
543.926512 2.50691580772
552.699501 2.05904976527
561.242053 2.03449368477
569.813709 2.04618302981
578.41343 2.04842225711
587.195786 2.07418306669
595.748433 2.04885999362
604.371395 2.04658460617
614.163008 2.45422434807
622.968712 2.06661566099
632.826589 2.47502756119
641.401741 2.05370124181
649.98966 2.0506263574
658.746232 2.04196405411
667.302522 2.04207730293
677.226812 2.50333722432
685.799577 2.05484859149
694.52336 2.05503773689
703.062201 2.03635493914
711.702687 2.06117169062
720.275354 2.05058479309
729.035026 2.05213491122
737.687768 2.07017230988
754.834285 4.91158739726
763.640799 2.06437603633
772.281001 2.07045396169
780.855192 2.03977068265
789.479826 2.06264925003
806.773852 4.8907186985
815.41637 2.0560113589
823.969591 2.0420059363
832.709324 2.04815371831
841.396807 2.08350936572
858.546793 4.89621170362
867.286409 2.04736336072
875.825219 2.03962095579
884.698448 2.13479892413
894.575354 2.49320467313
903.412229 2.06590239207
912.0022 2.05398964882
929.151517 4.89638296763
939.338566 2.50105396907
947.965755 2.06103372574
956.602647 2.06158232689
965.208079 2.06519293785
973.998388 2.06674631437
991.246043 4.92285497983
999.81671 2.05824303627
1008.640639 2.07351462046
1025.823027 4.91072599093
1034.393179 2.04700732231
1043.134541 2.05672311783
1051.672694 2.04279677073
1060.412392 2.10263562202
1070.306409 2.48405432701
1079.063926 2.05325539907
1087.632653 2.04469601313
1096.391828 2.11172493299
1104.980155 2.03632966677
1113.719174 2.06167427699
1122.491982 2.09412574768
1132.382859 2.48452806473
1140.974991 2.05482427279
1149.781722 2.05469806989
1158.50575 2.04141990344
1167.008523 2.03379797935
1184.021037 4.86579966545
1192.847528 2.05491805077
1201.467305 2.05444733302
1210.34385 2.13274868329
1218.913491 2.05036568642
1227.840634 2.10140633583
1236.41003 2.0499013265
1245.066394 2.06865668297
1253.80703 2.09599534671
1262.682589 2.06583309174
1271.269297 2.04464499156
1279.826458 2.0441985925
1296.904783 4.88250207901
1305.728827 2.05264234543
1314.451841 2.10002001127
1323.39206 2.15624801318
1340.48807 4.88894295692
1349.478301 2.10451030731
1366.624418 4.9101266861
1375.314929 2.08895874023
1384.05504 2.04366827011
1394.027813 2.49213767052
1402.567984 2.03578233719
1412.461401 2.47804792722
1421.281132 2.03891571363
1431.206539 2.48153336843
1439.881649 2.07293693225
1448.535486 2.07594648997
1465.931112 4.89199169477
1475.90637 2.47943592072
1484.678147 2.105291605
1493.605225 2.06947875023
1510.781295 4.89732503891
1519.438444 2.04569538434
1528.179891 2.03954291344
1536.787121 2.04919393857
1545.540688 2.10620538394
1554.180358 2.06539972623
1562.971751 2.04560875893
1580.166611 4.90239111582
1588.824123 2.06654644012
1597.79748 2.10649299622
1607.754665 2.49726271629
1616.410586 2.06016461054
1625.086929 2.07716202736
1642.47942 4.89140375455
1659.610033 4.87476595243
1668.468955 2.05076336861
1677.059491 2.05574099223
1694.285089 4.91907302539
1703.174719 2.07132927577
1713.048864 2.47913161914
1723.023441 2.49434606234
1732.981731 2.50176525116
1750.443292 4.91281906764
1760.351181 2.48118631045
1768.95855 2.05883765221
1777.797957 2.04093535741
1786.453814 2.06787403425
1803.683091 4.90964659055
1812.556976 2.0446703434
1829.702985 4.89068071047
1838.308728 2.04637757937
1847.099221 2.06523068746
1855.862624 2.09920867284
1864.646294 2.11620235443
1873.419329 2.10136437416
1882.241952 2.04697235425
1890.952025 2.07758800189
1899.771322 2.11258641879
1908.360848 2.03981765111
1917.4171 2.15130329132
1926.02525 2.03686300913
1934.763962 2.10410491625
1951.827371 4.88268597921
1962.019214 2.49537769953
1970.607634 2.03910001119
1979.382407 2.11363108953
1989.288015 2.48344771067
1998.128743 2.06168437004
2006.737565 2.04951699575
2015.391585 2.07752943039
2024.298524 2.13036195437
2041.683552 4.88858874639
2050.401326 2.08684094747
2067.596996 4.90652831395
2076.470734 2.05372842153
2085.32885 2.13295729955
2093.952518 2.04853733381
2102.734859 2.11205196381
2120.153527 4.89067395528
2128.829345 2.0638405482
2138.719687 2.49249505997
2147.774039 2.10399198532
2156.399841 2.06811141968
2164.935752 2.0420059363
2173.726193 2.11714863777
2182.499711 2.04523499807
2191.139077 2.05996195475
2208.371825 4.91602269808
2217.224944 2.03921135267
2225.799453 2.04609306653
2234.590539 2.09231432279
2243.147885 2.04913075765
2253.268712 2.48324592908
2270.531918 4.93488764763
2280.471676 2.48759770393
2289.545177 2.1116305987
2298.202762 2.05677103996
2307.062124 2.1353802681
2315.651444 2.05399266879
2325.855593 2.47055737178
2334.445195 2.03408972422
2344.4063 2.5045636495
2353.227318 2.10488796234
2362.067001 2.05810976028
2370.690765 2.0600194931
2387.868953 4.90753205617
2396.709001 2.03479639689
2405.31572 2.06551527977
2415.288792 2.49817371368
2425.114188 2.46664381027
2433.970253 2.0565106074
2451.050112 4.88807360331
2459.790258 2.09007271131
2468.632514 2.04624462128
2485.825475 4.90776435534
2503.008334 4.90052231153
2512.081694 2.10759798686
2520.683905 2.05085206032
2529.323941 2.05816499392
2538.131171 2.13202897708
2547.082882 2.06188766162
2555.597171 2.03623429934
2572.840194 4.92629226049
2581.729618 2.05606333415
2590.489964 2.11193799973
2607.600162 4.88996823629
2616.389526 2.03791236877
2625.048947 2.07171297073
2633.787055 2.09275531769
2642.359076 2.03688240051
2651.368025 2.09234166145
2659.955375 2.04918527603
2668.528435 2.04592633247
2677.068433 2.03178127607
2694.531043 4.87704936663
2703.287328 2.09798232714
2712.06197 2.10388159752
2721.268085 2.11943332354
2738.463496 4.9094303449
2747.389668 2.11579465866
2756.496716 2.11385806402
2765.083743 2.03365461032
2773.839361 2.10550634066
2782.56317 2.08820366859
2800.07904 4.90815917651
2808.852672 2.09786367416
2817.522689 2.06421637535
2826.462846 2.04104630152
2835.286695 2.11036888758
2845.143505 2.46373271942
2853.95044 2.11149438222
2862.876368 2.04673528671
2871.700284 2.11832992236
2881.603732 2.48403366407
2890.376698 2.1149272124
2899.517974 2.1092813015
2916.67983 4.8980263869
2925.336314 2.06440599759
2934.409481 2.10743459066
2944.437648 2.50618656476
2953.262469 2.1023581028
2961.864408 2.05309200287
2970.922892 2.09393469493
2979.563079 2.05083791415
2988.367144 2.11203773816
2997.072668 2.08740003904
3006.099571 2.06238540014
3023.276184 4.90626700719
3032.121838 2.12555360794
3041.042053 2.04381171862
3049.862401 2.11502567927
3058.68845 2.11944357554
3068.659526 2.50147668521
3077.550748 2.03367797534
3087.576859 2.50663137436
3096.333329 2.09647623698
3105.153116 2.11079764366
3115.362681 2.4666993618
3124.1869 2.12387768428
3134.04307 2.45983203252
3144.06548 2.51809120178
3153.077741 2.06809727351
3161.695213 2.05194004377
3170.354755 2.05518333117
3187.451541 4.89925630887
3196.472015 2.0637383461
3213.651814 4.89423569043
3222.257394 2.04829009374
3231.417986 2.1249200503
3241.355523 2.48472499847
3250.212274 2.12538441022
3267.32428 4.89972527822
3276.482127 2.11433593432
3285.088572 2.04487800598
3293.911312 2.10281634331
3302.66724 2.09197537104
3311.690916 2.07338007291
3321.598662 2.49404144287
3338.777663 4.89970636368
3347.818585 2.07390856743
3357.675375 2.46677494049
3366.384754 2.06654731433
3375.191696 2.11926198006
3384.244819 2.06842899323
3394.186941 2.49622972806
3411.281317 4.87628539403
3420.28842 2.04561869303
3428.878613 2.04869786898
3446.007561 4.87481466929
3456.299123 2.46507167816
3466.189768 2.47385001183
3474.962341 2.10128466288
3483.520736 2.04163527489
3492.626355 2.12652262052
3501.200023 2.03200491269
3509.956044 2.10229365031
3518.579187 2.04917836189
3527.722165 2.05185397466
3536.524575 2.10684641202
3553.638131 4.88461295764
3562.579324 2.05852977435
3571.188032 2.05282402039
3579.794005 2.04934501648
3588.349934 2.04851094882
3597.422074 2.11642471949
3606.196476 2.10633786519
3614.817318 2.05223401388
3624.714576 2.47169836362
3633.597515 2.03743195534
3642.424788 2.11063798269
3659.633524 4.91473062833
3668.574012 2.05394697189
3677.147178 2.04969390233
3685.939141 2.10145823161
3694.542825 2.04571938515
3711.972528 4.8992219766
3720.795688 2.10844413439
3729.418585 2.0457786719
3738.308937 2.05278507868
3748.175372 2.45923630397
3765.404341 4.91075030963
3774.469174 2.09405732155
3783.10885 2.07220331828
3791.915054 2.11390034358
3800.488227 2.04581141472
3811.030633 2.50621294975
3819.770505 2.08425672849
3828.309384 2.03613893191
3836.915636 2.04432964325
3845.822891 2.03305967649
3854.448601 2.0504989624
3863.184609 2.0985909303
3871.977388 2.10250592232
3880.914963 2.05973124504
3889.588272 2.06710529327
3898.297557 2.09622057279
3915.474803 4.90525643031
3924.330724 2.03791236877
3932.97039 2.05339630445
3941.627236 2.05777390798
3950.183314 2.04057327906
3959.274946 2.12335737546
3967.899802 2.05455025037
3976.470112 2.0339679718
3985.043477 2.04238073031
3994.183242 2.11982170741
4011.27458 4.87852589289
4019.918556 2.0573173364
4028.942226 2.07689666748
4037.785239 2.11628762881
4046.53891 2.1070813338
4055.17858 2.04975740115
4064.202164 2.09826938311
4072.811528 2.04216098785
4081.515121 2.09107875824
4091.425008 2.4751513799
4101.563496 2.49898036321
4110.239221 2.06028731664
4118.826908 2.04889678955
4127.63206 2.10497570038
4136.656407 2.09299468994
4145.34582 2.07072091103
4153.920278 2.03828938802
4162.57488 2.05571905772
4171.398956 2.03924036026
4180.171267 2.10190924009
4190.028438 2.47107092539
4198.852001 2.10803039869
4207.895312 2.13052535057
4216.53329 2.04645999273
4226.439886 2.48080738386
4243.702614 4.93962001801
4252.643421 2.05726424853
4261.232613 2.04894304276
4278.379758 4.88769133886
4287.284814 2.0515730381
4295.99138 2.07236003876
4305.8837 2.47324689229
4315.788807 2.48456827799
4333.419179 4.90562105179
4343.410266 2.49506266912
4352.000215 2.04984076818
4361.091444 2.08493606249
4369.929994 2.1203306516
4378.719695 2.10664200783
4387.525713 2.11925268173
4396.599265 2.09745621681
4405.222784 2.04959066709
4413.846234 2.04929733276
4423.757092 2.48978702227
4441.182694 4.88782366117
4449.739578 2.03456807137
4458.550707 2.11536471049
4467.470205 2.05240035057
4477.392518 2.49709097544
4487.396908 2.50145395597
4496.02369 2.05076328913
4505.11439 2.12172698975
4513.753801 2.05922269821
4522.560737 2.10780827204
4539.724386 4.8998696804
4548.664268 2.0444556872
4557.253008 2.04962539673
4574.401679 4.9034362634
4591.878408 4.88786935806
4600.719062 2.10687669118
4609.575888 2.12882534663
4627.071199 4.89863260587
4635.87802 2.11603164673
4644.484431 2.04547540347
4653.62439 2.10945622126
4663.566311 2.49130034447
4672.189445 2.03798572222
4680.71108 2.03118062019
4689.805576 2.10793415705
4698.441105 2.07040564219
4707.097382 2.04710570971
4715.871813 2.10627047221
4733.394218 4.92093610764
4741.94367 2.03656339645
4750.51394 2.03275926908
4759.43997 2.04339361191
4768.046804 2.04380226135
4785.241332 4.91100168228
4794.179608 2.04421059291
4802.721704 2.04301174482
4811.312589 2.0505759716
4821.132587 2.46033008893
4830.022948 2.04592561722
4847.1197 4.88305664062
4855.758795 2.05640061696
4864.585482 2.03743338585
4873.288177 2.0878106753
4881.914367 2.05601557096
4890.501959 2.04876271884
4900.67911 2.4845152696
4917.859348 4.90443436305
4926.562066 2.060734272
4935.383994 2.04023210208
4952.530387 4.89637637138
4961.187602 2.06521908442
4970.060489 2.0654908816
4987.206379 4.89640974998
4995.779322 2.04222623507
5004.669986 2.09212994576
5013.243042 2.03648233414
5022.099402 2.13236101468
5030.739547 2.05406236649
5039.682588 2.09123539925
5048.371693 2.07140731812
5056.925187 2.03411634763
5065.465522 2.02969296773
5074.288637 2.05627838771
5091.435373 4.89721473058
5100.057449 2.05260396004
5108.880335 2.03929432233
5117.687173 2.10069998105
5134.817241 4.88538034757
5143.756495 2.05209859212
5152.348149 2.04184858004
5160.986252 2.04444853465
5169.709051 2.10281674067
5187.173141 4.88583771388
5204.318422 4.89877406756
5213.195834 2.0422753493
5230.391619 4.90808097521
5247.500863 4.88756434123
5256.474896 2.0577082634
5273.596076 4.88426923752
5282.162581 2.0367295742
5291.203064 2.10156639417
5299.772726 2.02467298508
5308.330614 2.03574363391
5317.119303 2.10228951772
5325.975606 2.04607566198
5343.128464 4.8984746933
5351.747859 2.05344263713
5360.619259 2.05583628019
5369.291186 2.05668560664
5378.081242 2.12859535217
5386.639305 2.03704325358
5395.511177 2.04899668694
5404.301337 2.09683465958
5413.074626 2.10335667928
5421.947836 2.13486202558
5439.530097 4.90128159523
5448.167259 2.05297438304
5458.057645 2.47486631076
5475.520783 4.8798772494
5492.716926 4.89768536886
5510.176763 4.87608838081
5518.752712 2.03620155652
5535.850166 4.87899867694
5544.906167 2.09671060244
5553.47927 2.04069598516
5562.235513 2.10713394483
5579.364624 4.89094901085
5596.829328 4.90307799975
5614.010259 4.89736533165
5622.947717 2.03337097168
5631.587782 2.06183258692
5640.41123 2.11705064774
5649.083604 2.08149488767
5666.679695 4.9179986318
5675.286643 2.04115533829
5683.909535 2.03794972102
5692.999326 2.09452096621
5710.179558 4.91073664029
5718.769561 2.05442476273
5727.592267 2.05289697647
5744.738139 4.89676165581
5754.662097 2.48311654727
5763.585713 2.05605427424
5772.276096 2.08141565323
5781.032504 2.09618099531
5798.19533 4.90066599846
5807.101493 2.05594007174
5815.692175 2.04661663373
5832.921315 4.91592868169
5843.128522 2.46606095632
5851.901628 2.09448838234
5860.691942 2.11298195521
5869.364578 2.05405966441
5878.454664 2.11578830083
5887.131229 2.06052692731
5895.751263 2.04481204351
5912.897304 4.89122637113
5921.836679 2.054794391
5938.949793 4.8875310421
5948.857738 2.47957404455
5957.730605 2.04390764236
5966.369994 2.04834540685
5975.180173 2.11759630839
5992.372513 4.89907964071
6001.38128 2.05600436529
6018.508906 4.86788495382
6027.365768 2.11811900139
6037.506959 2.4773525397
6046.113454 2.04215105375
6054.70317 2.05049292247
6063.276403 2.04347070058
6080.739368 4.88978862762
6089.365455 2.04761036237
6098.002965 2.05311306318
6115.481175 4.89401102066
6124.22215 2.07881538073
6132.828931 2.06011009216
6150.25743 4.88312999407
6159.114973 2.12101157506
6167.690188 2.04104336103
6185.167081 4.89106376966
6202.299629 4.88541332881
6219.79281 4.88880634308
6228.386073 2.0379310449
6237.190474 2.10456093152
6246.179007 2.04754670461
6254.753818 2.0455669562
6271.948255 4.91443967819
6281.054772 2.07741506894
6289.611682 2.03699207306
6298.284867 2.05968395869
6306.891252 2.04799564679
6315.831319 2.05251304309
6324.57093 2.09196925163
6333.211122 2.05095434189
6350.323364 4.87305998802
6367.853013 4.92068998019
6385.05056 4.89181764921
6394.105833 2.09399199486
6402.716595 2.04765065511
6411.302097 2.04344328245
6421.192598 2.47406768799
6430.15289 2.05616275469
6447.351664 4.90566070875
6456.136316 2.10590195656
6473.581987 4.91048272451
6482.238796 2.05379724503
6490.828395 2.04529897372
6508.293324 4.8871216774
6525.437318 4.87955713272
6535.644484 2.48129876455
6544.217762 2.04010438919
6552.95856 2.09671974182
6562.801733 2.46059465408
6571.58841 2.03046305974
6580.231016 2.04609274864
6588.919819 2.09401170413
6597.611751 2.06158065796
6606.517717 2.05207602183
6615.287635 2.1035703818
6623.964278 2.0570795536
6632.5848 2.05209064484
6650.013574 4.9121336937
6659.904182 2.45939366023
6668.58063 2.06861503919
6677.567616 2.04895361265
6686.209483 2.05521949132
6703.4401 4.91572872798
6712.444459 2.05769395828
6721.050834 2.03796037038
6729.674518 2.0424691836
6739.564096 2.48190331459
6748.620802 2.06955536207
6757.410912 2.11061533292
6766.034755 2.05040327708
6774.642309 2.046636343
6783.6801 2.06030996641
6792.336849 2.05492329597
6802.226982 2.47367874781
6810.816574 2.03331096967
6819.807346 2.05624961853
6828.432466 2.05114690463
6838.287449 2.46751228968
6847.044221 2.09764075279
6855.986969 2.03751166662
6864.610572 2.04523674647
6881.869715 4.92136208216
6899.400463 4.89654374123
6908.041842 2.05058558782
6916.645839 2.05693999926
6925.623429 2.05911366145
6934.225684 2.04825965563
6942.868545 2.04973308245
6959.978702 4.88541205724
6969.035197 2.08831699689
6986.198774 4.89069906871
6995.004409 2.10779333115
7003.861061 2.05503257116
7021.040335 4.90570640564
7029.865327 2.12637670835
7047.345211 4.91425363223
7055.932912 2.05383435885
7064.539319 2.0518459479
7073.697774 2.11188856761
7082.405685 2.08355267843
7091.259776 2.11448335648
7099.848797 2.0514597098
7117.312931 4.88158663114
7126.135012 2.11168766022
7134.7426 2.04995171229
7143.768547 2.06033666929
7160.911603 4.89046597481
7178.141097 4.91913763682
7187.198518 2.07153932254
7204.38014 4.89385668437
