7.53631 0.791994730632
14.945571 0.797265688578
22.180384 0.758900721868
29.684153 0.806016206741
37.073824 0.789872010549
44.610887 0.773026069005
51.882643 0.766256252925
59.404512 0.796508630117
66.629365 0.719610611598
73.950384 0.745511134466
81.502096 0.740992943446
88.823706 0.74463502566
96.145951 0.747094313304
103.383263 0.731232961019
110.672694 0.741420984268
118.14311 0.761175394058
125.498406 0.732535282771
132.870823 0.76947259903
140.442106 0.800059080124
147.763501 0.760605653127
155.235949 0.722904920578
162.722712 0.796374320984
169.994572 0.731625080109
177.366373 0.764671325684
184.637791 0.730050643285
192.109417 0.757735649745
199.563842 0.746570984523
207.018959 0.753832737605
214.273915 0.740118424098
220.266345 9999.0
227.94911 0.783197641373
235.47055 0.793053706487
242.958614 0.780976772308
250.347777 0.748755931854
257.802045 0.74986298879
265.193493 0.754471302032
272.595015 0.752945343653
279.984835 0.755636692047
285.98016 9999.0
293.426529 0.734106699626
300.731394 0.733635743459
308.135909 0.747895320257
314.059211 9999
321.345401 0.721028725306
328.784713 0.733625253042
336.037764 0.710278352102
343.458461 0.760822296143
350.797584 0.744356393814
358.201782 0.750551303228
365.690038 0.743294715881
372.928821 0.717422246933
380.233333 0.72988375028
387.688987 0.773116429647
395.127394 0.758781035741
402.71434 0.74473230044
410.069499 0.741585334142
417.424075 0.751626014709
424.645921 0.72713971138
431.967235 0.721717357635
439.458469 0.737172285716
446.794346 0.741388638814
454.067824 0.726690928141
461.321161 0.703716198603
468.625335 0.730214039485
476.163437 0.735602060954
483.452265 0.72537501653
490.94036 0.75640296936
497.010915 9999
504.39832 0.742890993754
511.820849 0.735583702723
519.059616 0.713481426239
526.397131 0.738632599513
533.785555 0.744896650314
541.073179 0.743256648382
548.511181 0.729563792547
555.882916 0.742123365402
563.204305 0.745333512624
570.525499 0.744410355886
577.847593 0.741151094437
585.268835 0.728701670965
591.220334 9999
598.544302 0.727544705073
605.782365 0.72757824262
613.172852 0.738914012909
620.675228 0.735646009445
627.965487 0.713611284892
635.353794 0.765270233154
642.708961 0.745623668035
650.079368 0.748092333476
657.437171 0.714810291926
664.788968 0.733081976573
672.259971 0.771421670914
679.614729 0.736690362295
686.852444 0.715990622838
694.358367 0.738009691238
701.780093 0.774217367172
709.084679 0.731426000595
716.405312 0.749852339427
723.860644 0.787532409032
731.265076 0.737608353297
738.770031 0.766623576482
746.075101 0.731703996658
753.43051 0.729482650757
759.425777 9999.0
766.922107 0.726627031962
774.244367 0.730495611827
781.598729 0.721005678177
787.547381 9999
794.924821 0.723311662674
802.479198 0.753762722015
809.921162 0.755877017975
817.372961 0.761327266693
824.694474 0.724029064178
832.132827 0.771013100942
839.653527 0.754094998042
847.075954 0.757383902868
854.481225 0.768230994542
860.501597 9999
868.022532 0.752209981283
875.494605 0.749022801717
882.800252 0.736581484477
890.220458 0.762621005376
897.742129 0.790177663167
905.14692 0.740121682485
912.586238 0.725663979848
919.926723 0.737784226735
927.245152 0.751539707184
934.649859 0.731240034103
942.004604 0.735726594925
949.576792 0.760258038839
956.981616 0.771716276805
964.32184 0.725149393082
970.255032 9999
977.545332 0.710296392441
983.736087 9999
991.170309 0.741538921992
998.542733 0.738281726837
1005.896725 0.743649641673
1013.202147 0.740464448929
1020.540979 0.707705418269
1027.828755 0.735053062439
1035.150333 0.736982425054
1042.43779 0.73618110021
1049.826528 0.734894037247
1057.447488 0.750221649806
1064.769784 0.72264345487
1072.107248 0.724707365036
1079.529698 0.753998676936
1086.850923 0.733180443446
1094.438685 0.751786629359
1101.794477 0.75647632281
1109.165298 0.732191244761
1116.520526 0.75807706515
1123.859703 0.721736351649
1131.48117 0.763337294261
1138.886265 0.744587024053
1146.374047 0.755915323893
1153.711131 0.732425292333
1161.099717 0.732489744822
1168.672045 0.741031249364
1176.076411 0.727955420812
1183.381758 0.722907384237
1190.785777 0.738656997681
1198.074662 0.727868398031
1205.69603 0.739713907242
1213.034328 0.738639990489
1220.489473 0.773409287135
1227.760994 0.74111866951
1235.115796 0.732308705648
1242.487528 0.712231953939
1249.80914 0.714541991552
1255.78764 9999
1263.117934 0.724129756292
1270.522901 0.738060951233
1278.197285 0.76566529274
1285.532827 0.726873000463
1292.837117 0.720592021942
1300.292174 0.745323022207
1307.713589 0.728584289551
1315.185711 0.7478342851
1322.406318 0.715877374013
1328.415537 9999
1335.9331 0.771145900091
1343.320955 0.72912867864
1351.008883 0.760596990585
1358.213612 0.71004764239
1365.6512 0.765097697576
1372.989895 0.749479611715
1378.929777 9999.0
1386.486559 0.767450888952
1393.821577 0.717363278071
1401.092345 0.737564325333
1408.446147 0.757643699646
1415.802582 0.738164742788
1423.407115 0.729204416275
1430.645632 0.736377716064
1436.721197 9999
1442.656636 9999
1450.224256 0.784927368164
1457.746712 0.733170747757
1465.068826 0.736789385478
1472.472827 0.76832207044
1479.977787 0.772033691406
1485.868719 9999.0
1493.453112 0.733487606049
1500.908588 0.739460070928
1508.248511 0.736067295074
1515.58594 0.723076740901
1521.510536 9999.0
1529.043954 0.73304828008
1536.415149 0.733062267303
1543.81907 0.743228594462
1551.208811 0.757803281148
1558.412443 0.723621765773
1566.034857 0.734220981598
1573.389596 0.749930063883
1580.694198 0.712020953496
1587.983116 0.726808706919
1595.370069 0.743264277776
1602.791844 0.721584399541
1610.097966 0.730539004008
1617.303473 0.717715024948
1624.673467 0.73406569163
1631.997587 0.735794703166
1639.516676 0.727052291234
1646.90473 0.750562985738
1654.308998 0.745593388875
1661.731606 0.743907213211
1669.219224 0.785441319148
1676.778044 0.736478249232
1683.995688 0.720792929331
1691.350801 0.716953754425
1698.822284 0.74501713117
1706.143549 0.75910337766
1713.831889 0.718708753586
1721.221505 0.743951320648
1728.658853 0.747567653656
1735.980104 0.743279695511
1741.944517 9999.0
1749.772569 0.797813018163
1757.061476 0.747522989909
1764.415017 0.739854892095
1771.603263 0.704450368881
1778.997609 0.765305757523
1786.49682 0.723181645075
1793.88718 0.746136665344
1801.273877 0.763235966365
1807.151354 9999
1814.548581 0.740014950434
1822.289295 0.772577365239
1829.641613 0.729913949966
1835.607985 9999
1843.034074 0.733129024506
1850.456585 0.749763011932
1856.713132 9999
1864.131023 0.751051743825
1871.420682 0.736345370611
1878.824801 0.761452674866
1886.213326 0.730836311976
1893.652369 0.72660501798
1900.958953 0.740306933721
1908.27716 0.751406908035
1915.565242 0.745450655619
1922.953778 0.749501625697
1930.542644 0.74906206131
1937.930065 0.76330169042
1945.468306 0.776232322057
1952.790478 0.741578737895
1960.019673 0.716090043386
1967.599674 0.751214663188
1974.954309 0.737089633942
1982.360292 0.733906269073
1989.698736 0.749624252319
1997.152613 0.764327287674
2004.709117 0.745254039764
2012.079826 0.748152335485
2019.418393 0.750831365585
2026.709004 0.730926672618
2034.0277 0.723867416382
2041.649158 0.762337287267
2048.973518 0.727860689163
2056.325445 0.737797339757
2063.71722 0.750112851461
2071.019053 0.729834874471
2078.857413 0.768254995346
2086.195375 0.73926504453
2093.499828 0.730649312337
2100.83844 0.729576349258
2108.193871 0.725053628286
2115.765556 0.740869045258
2121.739689 9999
2129.010263 0.724971930186
2134.957068 9999
2142.366415 0.737384001414
2149.887658 0.731631040573
2157.192813 0.725195725759
2164.530723 0.747154633204
2171.884954 0.736494700114
2179.224745 0.746184666951
2186.744919 0.721784671148
2194.13372 0.743651390076
2200.125715 9999
2207.409636 0.732210000356
2214.83037 0.732117255529
2222.369162 0.723575671514
2229.62337 0.73175295194
2236.896108 0.72171664238
2244.334285 0.739260752996
2251.77115 0.731950044632
2258.053469 9999
2265.447805 0.762415250142
2272.818752 0.742520729701
2280.173627 0.735842784246
2287.578615 0.723893006643
2295.267109 0.745220184326
2302.571326 0.719141483307
2309.942545 0.751725355784
2317.398775 0.733636617661
2324.736471 0.734428564707
2332.32497 0.756071726481
2339.729699 0.741171280543
2346.935005 0.740289290746
2354.306214 0.735486110051
2361.627332 0.729925394058
2369.366092 0.767822027206
2376.720817 0.722870349884
2384.175593 0.74541870753
2391.530124 0.731110970179
2398.76929 0.720454613368
2406.357823 0.72808210055
2413.678934 0.729754686356
2421.053196 0.762415965398
2428.405361 0.712858994802
2435.842998 0.73792775472
2443.564483 0.72362502416
2450.986941 0.740173578262
2458.375358 0.733489672343
2465.762236 0.731047312419
2473.101597 0.738947073619
2480.639264 0.730954408646
2487.878011 0.721584002177
2495.299005 0.743125359217
2502.555625 0.730849583944
2509.942627 0.727018674215
2517.597825 0.743764956792
2525.035308 0.751690387726
2532.307963 0.725550015767
2538.282385 9999
2545.682675 0.738183657328
2553.321056 0.723156372706
2560.693553 0.751474618912
2566.700223 9999
2574.085624 0.754633585612
2581.472546 0.742089430491
2589.161156 0.73462899526
2596.516705 0.721892913183
2604.054395 0.759090979894
2611.375269 0.724135319392
2618.681009 0.736707369486
2626.31838 0.757036209106
2632.292992 9999
2639.627929 0.734906037649
2646.967044 0.731559673945
2654.353832 0.721884330114
2662.076343 0.765820582708
2669.381628 0.712596893311
2675.438267 9999
2682.7567 0.71489906311
2690.127446 0.734024047852
2697.71645 0.73442363739
2704.970919 0.721194267273
2712.393108 0.73438167572
2719.833451 0.738352457682
2727.16884 0.732225259145
2734.723769 0.725369373957
2742.062158 0.73387336731
2749.384273 0.724949677785
2756.889701 0.738995313644
2764.210265 0.720127820969
2771.832386 0.74138601621
2779.220849 0.739150444667
2786.591297 0.736903985341
2793.880239 0.730058987935
2801.201258 0.729950586955
2808.826393 0.721721967061
2816.196799 0.734966595968
2823.699528 0.752475341161
2831.004579 0.727683385213
2838.292482 0.722868442535
2845.830831 0.724773963292
2853.236226 0.743741035461
2860.591104 0.731172084808
2867.912329 0.736460049947
2875.234201 0.722584009171
2882.93941 0.740940411886
2890.360239 0.738813400269
2897.598737 0.711091597875
2904.903104 0.723540306091
2912.375323 0.749292612076
2918.547459 9999
2925.917487 0.743579705556
2933.406441 0.730752786001
2940.66124 0.724932750066
2948.065819 0.755431334178
2955.819965 0.733443339666
2963.192423 0.738777001699
2970.563292 0.736639976501
2977.885251 0.74277528127
2985.307699 0.764535029729
2992.928989 0.722596327464
3000.216276 0.703533013662
3007.504593 0.723281701406
3014.876261 0.740657965342
3022.264553 0.735217412313
3030.003121 0.765133698781
3037.341459 0.713461319606
3044.765483 0.739991346995
3052.000598 0.728661298752
3059.339196 0.713288704554
3066.893511 0.739721695582
3074.349206 0.750931660334
3081.553248 0.718529303869
3088.925459 0.752289930979
3094.810438 9999.0
3102.501738 0.751907428106
3109.855691 0.742239634196
3117.197453 0.74197991689
3124.665863 0.757829666138
3132.070573 0.727611700694
3139.609466 0.71485265096
3146.9487 0.742371082306
3154.351377 0.744922558467
3161.689348 0.728744665782
3168.981645 0.742336750031
3176.683743 0.753331740697
3183.922327 0.729580402374
3191.32651 0.731891711553
3198.663691 0.754280010859
3206.035644 0.747154633204
3213.774522 0.799603621165
3221.181161 0.733999013901
3228.484177 0.732856432597
3235.788248 0.732284704844
3241.864373 9999.0
3249.547918 0.741175731023
3256.836349 0.724593003591
3264.258245 0.736460049947
3271.646131 0.736503918966
3277.570238 9999.0
3285.324883 0.770250320435
3292.793839 0.76921359698
3299.98178 0.712221066157
3307.303631 0.727772633235
3314.807845 0.774834632874
3322.446402 0.728756984075
3329.751645 0.735355695089
3337.091578 0.734346628189
3344.37764 0.746089935303
3351.749201 0.728681325912
3359.379111 0.745524724325
3366.828931 0.736817757289
3374.181023 0.732121944427
3381.619216 0.742053031921
3388.990625 0.724247058233
3396.580336 0.724862575531
3403.91749 0.749116738637
3411.271536 0.734400987625
3418.643127 0.744760274887
3425.898464 0.71669737498
3433.519742 0.750687360764
3440.825015 0.729262034098
3448.11332 0.739712794622
3455.534158 0.735181013743
3462.890187 0.750617742538
3470.610213 0.744075934092
3477.949632 0.755248467127
3485.288165 0.737088600794
3492.543873 0.731247266134
3498.551191 9999.0
3506.318423 0.738537867864
3513.572753 0.721791982651
3520.927788 0.74539399147
3528.299308 0.73059129715
3535.604248 0.735740264257
3543.260172 0.746270974477
3550.563814 0.729625066121
3557.869423 0.751257340113
3565.141106 0.719873666763
3572.496423 0.729759295781
3580.133136 0.739197731018
3587.371871 0.708419720332
3594.659735 0.72225467364
3600.668983 9999
3608.105041 0.762325366338
3615.858448 0.759402036667
3623.145957 0.733270009359
3630.466429 0.723963340123
3637.854732 0.741663297017
3645.210722 0.769754012426
3652.933078 0.738787968953
3660.269542 0.740995963415
3667.575723 0.731242656708
3674.933074 0.744336605072
3682.301222 0.746412277222
3689.973358 0.766675074895
3697.361506 0.738441705704
3704.816452 0.765633026759
3712.172017 0.743384758631
3719.54364 0.771396080653
3727.130703 0.73752729098
3734.521573 0.753853956858
3741.874107 0.755932331085
3749.312093 0.745184977849
3756.667136 0.734241644541
3764.374306 0.752739985784
3771.576444 0.721578359604
3778.864967 0.718187650045
3786.136843 0.732479333878
3793.60802 0.757775386175
3801.212952 0.731973648071
3808.567221 0.7420946757
3815.890377 0.736680110296
3823.264507 0.736420313517
3830.449851 0.71576333046
3838.320619 0.766373713811
3845.644953 0.747391621272
3852.950335 0.716840982437
3860.285818 0.742713928223
3867.640465 0.739800214767
3875.362416 0.737875620524
3882.633949 0.727481683095
3889.906177 0.717457294464
3897.196936 0.740462382634
3904.581205 0.730105320613
3912.336146 0.759815295537
3918.246119 9999
3924.308025 9999
3931.598789 0.736733357112
3939.071459 0.753674030304
3946.675537 0.749009052912
3954.09767 0.749071041743
3961.369325 0.743690649668
3968.874498 0.77020629247
3976.195796 0.733045736949
3983.900831 0.739435593287
3991.188799 0.741297324498
3998.477182 0.71979991595
4005.764158 0.717222293218
4013.056234 0.738464991252
4020.893416 0.792821645737
4028.281135 0.731326341629
4035.584357 0.734412034353
4042.938848 0.74022102356
4050.262674 0.763795296351
4058.066098 0.748407681783
4064.041736 9999
4071.408274 0.729457298915
4078.746385 0.746987899144
4086.08498 0.740710020065
4092.357869 9999
4099.660691 0.722194035848
4107.115012 0.766466379166
4114.403945 0.754359324773
4121.858183 0.775378704071
4129.630459 0.739565690358
4136.93476 0.729735056559
4144.323367 0.715470314026
4151.64435 0.720878680547
4159.066353 0.76230597496
4166.771474 0.722173213959
4174.144785 0.72510433197
4181.447549 0.721259752909
4188.852955 0.759550889333
4196.223874 0.741769313812
4203.846489 0.719086408615
4211.170427 0.728084961573
4218.572413 0.742169698079
4225.793374 0.733476320903
4233.082767 0.732864936193
4240.706861 0.748309691747
4247.991365 0.729880332947
4255.396854 0.742626110713
4262.702246 0.738857110341
4270.022711 0.751079082489
4277.728383 0.755903402964
4285.033304 0.733501036962
4292.421228 0.764686981837
4299.643104 0.723005692164
4306.931376 0.717226584752
4314.569601 0.742742061615
4321.974333 0.746808369954
4329.428551 0.747807661692
4336.733941 0.746536016464
4344.125389 0.742577632268
4351.914387 0.748768011729
4359.232418 0.741767009099
4366.720709 0.741385936737
4372.697285 9999
4380.029281 0.735775311788
4387.650665 0.739327351252
4394.838646 0.698366721471
4402.360515 0.752162456512
4409.783071 0.754804054896
4417.15479 0.733414570491
4424.778274 0.730230013529
4430.832401 9999
4438.084611 0.715995629628
4445.423015 0.719268401464
4452.744765 0.736178954442
4459.05304 9999
4466.370232 0.724683602651
4473.641028 0.735935926437
4481.145893 0.77960006396
4488.484586 0.750266631444
4496.223872 0.736267010371
4503.377846 0.702378034592
4510.682045 0.730460643768
4518.053885 0.739632924398
4525.441851 0.73846634229
4533.130321 0.748108307521
4540.422416 0.728704373042
4547.657099 0.735603570938
4554.813254 0.717773119609
4562.182643 0.725027879079
4569.83771 0.750404834747
4575.825439 9999
4583.380642 0.765641053518
4590.702344 0.723178386688
4598.273915 0.776081959407
4605.86179 0.757060925166
4613.134384 0.719859520594
4620.354625 0.716740687688
4627.676798 0.7452100118
4635.147342 0.738393465678
4643.019308 0.776881297429
4650.425152 0.724037249883
4656.399477 9999
4663.616378 0.728789726893
4671.038793 0.73650153478
4678.760194 0.749400059382
4686.117555 0.74909734726
4693.436148 0.747668902079
4700.842045 0.740215301514
4708.096261 0.72860900561
4715.801212 0.711944659551
4723.172892 0.742780288061
4730.546641 0.738197247187
4737.799057 0.732727368673
4745.270938 0.771959622701
4753.009121 0.745849927266
4760.33214 0.76287094752
4767.518467 0.709167321523
4774.973602 0.756204922994
4782.362464 0.744336684545
4789.950896 0.727866649628
4797.322676 0.747530301412
4804.843493 0.769793430964
4812.198994 0.749609390895
4819.570358 0.727889299393
4827.141758 0.71985967954
4834.346346 0.711057027181
4841.63461 0.720052321752
4848.989763 0.737054427465
4856.330213 0.725608984629
4864.082495 0.735243956248
4871.271028 0.72298002243
4878.592874 0.730502049128
4885.930977 0.744439999262
4893.318285 0.729022979736
4901.123563 0.744001070658
4908.512044 0.757136742274
4915.968517 0.740472714106
4923.304959 0.768039385478
4930.643263 0.725556373596
4938.331501 0.736907879512
4945.652818 0.73767264684
4952.99119 0.742326974869
4960.279228 0.740749994914
4967.567812 0.721248308818
4973.859733 9999
4981.329177 0.751075029373
4988.798711 0.760941028595
4996.20283 0.726319710414
5002.164831 9999.0
5008.536817 9999
5015.849926 0.732183615367
5023.224477 0.729683717092
5030.693091 0.781038284302
5036.752487 9999.0
5044.685008 0.761631091436
5052.157341 0.744952360789
5059.445741 0.717545906703
5066.766389 0.735792636871
5074.288034 0.720346689224
5081.680045 0.762095689774
5088.915205 0.714914004008
5096.304195 0.738092343012
5103.625546 0.726147333781
5111.413257 0.73837240537
5118.767217 0.741849342982
5126.009421 0.719322363536
5133.344492 0.739317417145
5140.76508 0.734865427017
5148.420878 0.759292602539
5155.842799 0.741142988205
5163.231494 0.746408224106
5170.6519 0.765344063441
5177.976842 0.737515370051
5185.712715 0.745977401733
5193.166835 0.765201091766
5200.539527 0.751886685689
5207.99392 0.73243133227
5215.631759 0.765478690465
5223.088565 0.75034236908
5230.524185 0.750123580297
5237.850599 0.747633298238
5245.351857 0.780134042104
5253.023949 0.741174697876
5260.311062 0.739767948786
5267.599114 0.734931945801
5274.954324 0.749087254206
5282.243808 0.75990096728
5289.847658 0.738848368327
5297.269586 0.748893419902
5304.607458 0.733351707458
5312.029912 0.713668664296
5319.534089 0.739254077276
5327.372773 0.786156733831
5334.726863 0.737915277481
5341.915099 0.714328606923
5349.257227 0.725262403488
5356.641866 0.732621351878
5364.380616 0.744657357534
5371.651211 0.728727022807
5378.941968 0.737370014191
5386.295679 0.746088027954
5393.499161 0.730115652084
5401.356876 0.79259967804
5408.777184 0.776086250941
5416.181269 0.76445945104
5423.553027 0.760707616806
5431.458349 0.784083286921
5438.713411 0.729835987091
5446.000562 0.732814868291
5453.322004 0.736577669779
5460.727648 0.736576716105
5468.648931 0.780384381612
5475.987096 0.743208885193
5483.359879 0.732860644658
5490.863871 0.769302606583
5498.735787 0.767932653427
5506.060918 0.724622805913
5513.53033 0.769282341003
5520.883427 0.760718584061
5528.371755 0.752363284429
5536.093379 0.768005609512
5543.565797 0.769400993983
5550.953797 0.742348035177
5557.079238 9999
5564.445756 0.721969604492
5572.317357 0.758526802063
5579.789898 0.74664123853
5587.448599 0.797358036041
5594.850346 0.741201639175
5601.283677 9999
5608.742128 0.761799256007
5615.996314 0.732753674189
5623.401208 0.724951028824
5630.757107 0.71287560463
5638.661271 0.795101722082
5646.052922 0.747689008713
5653.404868 0.754014650981
5660.729807 0.730939626694
5667.998286 0.711539665858
5675.772734 0.715392669042
5683.158233 0.727523326874
5690.545855 0.746351321538
5697.818414 0.714613596598
5705.306599 0.74601872762
5713.094935 0.7414727211
5720.465286 0.715946992238
5727.888078 0.741722345352
5735.242688 0.720733642578
5742.663408 0.742495377858
5750.585492 0.7689092954
5757.923801 0.737137715022
5765.245482 0.741233666738
5772.604062 0.736999670664
5779.989013 0.742959340413
5787.710864 0.748398939768
5793.785375 9999
5801.221804 0.753568649292
5808.574659 0.73463733991
5815.913905 0.72548532486
5823.718046 0.7354063193
5831.105624 0.769311348597
5838.460166 0.747121572495
5846.002316 0.769061009089
5853.757426 0.770524740219
5861.092978 0.716853618622
5868.463428 0.734840631485
5875.852382 0.726960261663
5881.861232 9999.0
5889.578273 0.763017733892
5897.050071 0.766183058421
5904.350746 0.747529665629
5911.708782 0.747066338857
5918.997946 0.748928467433
5926.618495 0.717863082886
5933.873286 0.731820424398
5941.265138 0.742004156113
5948.600587 0.722966035207
5955.871184 0.719550689061
5963.310206 0.704436699549
5969.39795 9999
5976.937204 0.780587911606
5982.851945 9999
5990.193933 0.741845369339
5998.050123 0.764131069183
6005.337788 0.717262665431
6012.593147 0.716699282328
6019.946855 0.734243075053
6027.218851 0.732445319494
6034.789918 0.725210666656
6042.162684 0.764406442642
6049.432919 0.715492645899
6056.873123 0.75696627299
6064.344711 0.751368284225
6072.082108 0.761920293172
6079.503478 0.753294467926
6086.876334 0.768477042516
6094.279461 0.728410085042
6101.71781 0.738910754522
6109.57328 0.740494410197
6116.897324 0.743734280268
6124.169783 0.737041870753
6131.421785 0.738419055939
6138.675592 0.727968295415
6146.397063 0.730595270793
6153.872848 0.776805400848
6161.292184 0.755564689636
6168.561899 0.725965738297
6176.033377 0.755084276199
6183.856135 0.767090559006
6191.276862 0.760080973307
6198.532143 0.716195980708
6205.83777 0.726726929347
6213.280084 0.746078650157
6221.046216 0.755594650904
6228.31825 0.722054481506
6235.67421 0.746299028397
6243.111288 0.75134062767
6249.219817 9999.0
6257.172686 0.817243973414
6264.525968 0.737673918406
6271.863694 0.736182053884
6279.169598 0.725621064504
6286.477153 0.719131310781
6294.195023 0.737415234248
6301.566328 0.741374413172
6308.905587 0.744041363398
6316.259876 0.736824591955
6323.530968 0.720752716064
6331.419353 0.747143030167
6338.725286 0.739458004634
6346.130169 0.758386294047
6353.417745 0.758214553197
6360.873278 0.773350000381
6368.661024 0.738060951233
6376.049799 0.747720082601
6383.454509 0.741049766541
6390.775608 0.752611001333
6398.214722 0.739985624949
6406.052628 0.766350030899
6413.290758 0.751455704371
6420.596064 0.735083262126
6427.984102 0.760723352432
6435.371681 0.709839344025
6442.960794 0.71900399526
6450.38171 0.757628758748
6457.721465 0.723997036616
6465.042171 0.737243334452
6470.983704 9999.0
6478.617436 0.706918716431
6486.00516 0.727212031682
6493.326868 0.739428599675
6500.765053 0.765565951665
6508.090136 0.734836657842
6516.041938 0.758179664612
6523.263496 0.7200319767
6530.534521 0.71932665507
6537.773927 0.732105652491
6545.177568 0.756667375565
6552.982422 0.732741912206
6560.370852 0.746940294902
6567.643507 0.71823032697
6574.951326 0.719015280406
6582.352381 0.755837599436
6588.761029 9999
6596.24616 0.763877073924
6603.551471 0.719508568446
6609.474766 9999
6616.892584 0.753871043523
6624.513486 0.749655326207
6631.951993 0.76173098882
6639.243774 0.727360566457
6646.628917 0.769280354182
6653.849713 0.714165290197
6660.227759 9999
6667.558622 0.741828759511
6673.507033 9999
6680.704235 0.715200662613
6688.123146 0.761576255163
6695.944774 0.744647661845
6703.299452 0.763082265854
6710.705 0.766780614853
6718.075736 0.745460351308
6725.43075 0.750692367554
6733.270132 0.74412560463
6740.626477 0.72772971789
6746.599466 9999
6754.016476 0.756579955419
6761.32068 0.72074007988
6769.060189 0.725650628408
6776.414716 0.75083565712
6783.722252 0.734943389893
6789.737341 9999
6797.128443 0.734840393066
6804.920338 0.744644641876
6812.225001 0.756374279658
6819.542189 0.726676066717
6826.88147 0.767977317174
6834.15343 0.726937770844
6841.87433 0.721096038818
6849.246272 0.724832932154
6856.600064 0.73598130544
6864.006067 0.755779743195
6871.410953 0.75660832723
6879.198527 0.749126672745
6886.603257 0.742980321248
6893.942962 0.727265278498
6901.363418 0.762957572937
6908.702379 0.756143649419
6916.456237 0.734302043915
6922.508308 9999
6929.950707 0.752195040385
6937.287917 0.741698741913
6944.691646 0.747294743856
6952.398155 0.717572609584
6959.701753 0.750967899958
6967.206541 0.75332069397
6974.629177 0.763201236725
6980.627466 9999.0
6988.33811 0.738108634949
6995.643327 0.749935626984
7003.097824 0.756029367447
7010.435855 0.728049278259
7017.857917 0.743381579717
7025.596176 0.73911857605
7032.783829 0.722788969676
7040.155581 0.757717291514
7047.410886 0.724433024724
7054.898306 0.770456631978
7062.720267 0.746214310328
7070.109136 0.725096940994
7077.563291 0.761090278625
7084.884992 0.72699769338
7092.223916 0.733243068059
7100.028993 0.742978731791
7107.299256 0.735659360886
7114.738217 0.7674797376
7122.126465 0.738218069077
7129.481165 0.749545574188
7137.269401 0.738753000895
7144.560899 0.764443715413
7151.913053 0.748680671056
7159.167115 0.724528312683
7166.588449 0.73798473676
7174.411649 0.729814370473
7181.632732 0.719456354777
7189.057203 0.729884386063
7196.293026 0.738668044408
7203.834145 0.76496831576
