13.029155 2.37156867981
26.777278 2.3793396155
39.216613 2.43083794912
47.615391 9999
56.118156 9999
70.677962 2.45371802648
83.203416 2.38324276606
90.25517 9999
97.182365 9999
110.20037 2.41378092766
122.654555 2.37851126989
135.614303 2.42163602511
148.081034 2.37189062436
160.892045 2.30756338437
167.781525 9999
175.285804 9999
189.558317 2.31467700005
202.835657 2.3066213131
217.45052 2.35500558217
233.335097 3.10555505753
249.854608 3.49169389407
262.645769 2.45502130191
273.617516 9999.0
288.811558 2.83401568731
301.285494 2.30377666155
317.855187 3.54954735438
331.678073 2.7624686559
346.12717 2.89259592692
357.78158 2.37467455864
366.004688 9999
382.716908 3.7262310187
389.259203 9999.0
404.073648 2.94868008296
413.453128 9999
427.244537 2.96061905225
440.041637 2.3699836731
452.50534 2.37429197629
459.565927 9999.0
472.70791 2.31014537811
487.102089 2.35651270549
499.590204 2.37361979485
515.939739 3.10657493273
528.776803 2.57807167371
541.140909 2.30520041784
554.48009 2.3820596536
566.996893 2.36934757233
573.696848 9999.0
589.365998 3.15377569199
601.742097 2.37149540583
615.899782 2.31434861819
623.105473 9999
636.990121 2.94947663943
652.774051 3.34026996295
661.76151 9999
673.605604 2.44741169612
685.918266 2.37011464437
699.507319 2.57442180316
711.993069 2.30927268664
719.304804 9999.0
734.736964 2.31275335948
747.305708 2.37179533641
758.057148 9999.0
774.119766 3.15916609764
786.906631 2.36584297816
799.825639 2.44954236348
814.976484 2.38432733218
825.874112 9999
838.343223 2.30434370041
854.554228 3.10715802511
861.601748 9999
873.730016 2.37544393539
886.621715 2.36487293243
899.626191 2.31473461787
912.929807 2.38437740008
926.099949 2.37444527944
938.439472 2.36864995956
951.381829 2.30770341555
967.018167 2.88347959518
979.727573 2.36709753672
996.326633 3.42857058843
1004.450937 9999
1017.327836 2.57977843285
1029.665924 2.30503503482
1042.524937 2.36917932828
1054.668153 2.37650593122
1067.136307 2.31248736382
1082.242158 3.07237434387
1097.272701 3.06664299965
1112.875359 3.21888995171
1121.655156 9999
1136.339797 2.8750530084
1152.251658 3.33760269483
1163.460702 9999
1176.179538 2.46339392662
1188.781357 2.30859033267
1197.842392 9999
1212.355945 2.51327308019
1225.162412 2.30605371793
1237.414473 2.37384796143
1243.979321 9999
1256.023871 2.37018831571
1268.927136 2.36816732089
1281.708538 2.31277132034
1290.266703 9999.0
1305.285287 2.87950070699
1317.923274 2.41495728493
1324.869136 9999.0
1338.093749 2.57587536176
1350.910213 2.30848900477
1363.733395 2.31238166491
1381.263644 3.28690862656
1393.715589 2.30469226837
1406.896217 2.36103264491
1419.786323 2.31125688553
1435.44294 2.87612565358
1447.758366 2.37526067098
1460.335675 2.30546236038
1473.238196 2.69807298978
1485.571675 2.37533934911
1498.376002 2.3753135999
1504.707307 9999
1512.346918 9999
1525.094251 2.3107316494
1537.715106 2.31373778979
1550.047393 2.31382664045
1558.774725 9999.0
1571.777228 2.46264441808
1584.406588 2.46398671468
1597.464085 3.05647961299
1609.82771 9999
1617.315777 9999
1632.509468 3.33344928424
1645.037417 2.30713669459
1659.239688 2.3172056675
1666.916176 9999.0
1681.838967 2.37074708939
1694.326897 2.30608669917
1706.620678 2.3696513176
1720.365014 2.35857200623
1733.124342 2.36620100339
1748.082223 3.10886160533
1760.716714 2.30457536379
1777.325855 3.24238761266
1789.87386 2.30851840973
1802.407606 2.31283108393
1817.056171 2.38075168928
1829.415165 2.30799070994
1842.107176 2.30913631121
1855.40177 2.58077478409
1867.786417 2.30609798431
1879.157868 9999
1893.168958 2.88725574811
1905.328538 2.37572058042
1913.617899 9999
1925.95238 2.30511418978
1938.695914 2.88412793477
1951.605822 2.31298494339
1964.063653 2.30664396286
1976.645518 2.36703499158
1990.797771 2.38995830218
2007.23184 3.15974164009
2020.455035 2.58105262121
2033.599471 9999
2046.60999 2.38313357035
2061.619966 2.98834943771
2068.490857 9999
2083.37882 3.04271300634
2096.257823 2.32693823179
2110.660347 2.37134035428
2123.73355 2.30521996816
2136.768069 2.30527488391
2148.257383 2.36041704814
2161.299654 2.32413037618
2173.837609 2.36529827118
2186.627651 2.30749932925
2201.120183 2.88050222397
2210.622557 9999
2223.148696 2.30570228895
2236.025088 2.57619333267
2249.478736 2.4704656601
2262.345154 2.30987874667
2270.109184 9999.0
2285.628837 3.12502598763
2298.547095 2.30535364151
2310.975038 2.36290001869
2327.068632 2.87584559123
2341.149018 2.36128497124
2353.556922 2.30596208572
2366.865844 2.38413087527
2379.358458 2.3059275945
2392.208652 2.3099796772
2400.204294 9999
2406.203802 9999
2414.110776 9999
2427.017466 2.58169873556
2439.609478 2.37355732918
2448.205975 9999
2459.152865 9999.0
2475.139738 3.31489022573
2488.096675 2.57947190603
2503.258779 3.15523171425
2515.322136 2.44086805979
2527.823161 2.30728141467
2536.251053 9999.0
2544.190976 9999
2557.309927 2.36874906222
2572.379793 2.8575656414
2585.087279 2.37090492249
2593.300814 9999
2602.915788 9999.0
2619.631089 3.04596296946
2634.588403 2.35411397616
2647.888783 2.30587736766
2663.656561 2.94505167007
2676.053114 2.37691458066
2693.382804 3.50058897336
2705.567296 2.36693636576
2718.143361 2.80081176758
2727.79923 9999
2741.161727 2.57468342781
2756.061327 2.98537302017
2768.838545 2.3058087031
2781.634379 2.66793004672
2794.029664 2.30816102028
2806.565511 2.3795859019
2818.957705 2.30926465988
2831.895016 2.31130083402
2844.590492 2.30913170179
2857.095225 2.30390493075
2872.365009 3.32874878248
2885.649043 2.38708662987
2892.526994 9999
2905.438654 2.36911288897
2918.510464 2.86190533638
2931.459767 2.30408732096
2938.320945 9999.0
2947.082406 9999
2959.44368 2.37135227521
2973.646217 2.37530533473
2989.852528 3.4036184152
3005.707387 3.40292755763
3018.615162 2.37345933914
3031.327247 2.37209502856
3040.948992 9999.0
3049.052895 9999
3056.084236 9999
3068.385191 2.3718410333
3082.594383 3.04901925723
3097.701611 2.77952567736
3111.713876 2.41623004278
3127.037807 3.15576497714
3139.418233 2.37303066254
3153.84467 2.30848431587
3166.496003 2.30509869258
3179.04838 2.30541801453
3193.435346 2.35894322395
3205.873231 2.30542969704
3219.070702 3.01920231183
3232.446527 2.36256901423
3245.183405 2.31660636266
3257.796009 2.36837728818
3270.875947 2.38334194819
3283.643416 2.30647643407
3296.360696 2.30531263351
3302.805868 9999
3311.341309 9999
3323.93075 2.36233965556
3336.78572 2.4640853405
3342.781017 9999
3358.343091 3.22523371379
3371.010437 2.37360032399
3378.670111 9999
3386.382423 9999
3399.431839 2.31961854299
3411.401498 2.4278670152
3424.707837 2.57326324781
3432.023253 9999.0
3444.566339 2.37161366145
3458.874039 2.87770668666
3474.623021 3.15392565727
3487.277804 2.30865605672
3499.729424 2.30548667908
3514.737058 2.87934994698
3524.342155 9999
3536.811254 2.3208398819
3551.775882 3.18959037463
3564.872147 2.3063223362
3579.798678 2.94853107135
3592.707871 2.30892070134
3605.370713 2.36921358109
