3.461969 9999
6.781091 9999
10.203813 9999
26.660573 4.64508692424
42.753434 4.51530663172
59.27916 4.61516976357
62.740104 9999
79.228441 4.63830900192
95.840029 4.62532528241
111.982475 4.54149691264
128.528156 4.61483097076
144.786011 4.55308095614
161.329581 4.62334227562
196.186748 10.7489109834
212.600112 4.60710867246
228.69439 4.51722566287
232.180854 9999
248.506087 4.5807150205
264.731546 4.55671842893
268.353724 9999
284.61458 4.5430457592
300.755831 4.52998232841
304.362227 9999
307.746861 9999
323.887565 4.53013936679
327.375573 9999
343.900742 4.64114411672
360.214379 4.54794096947
376.407182 4.54346871376
392.819245 4.54837059975
409.060158 4.55007767677
425.337857 4.54457394282
441.568377 4.53269426028
458.126087 4.62215900421
474.370493 4.53977235158
490.664311 4.53946963946
506.874927 4.54369664192
523.102539 4.51676869392
539.279702 4.54478200277
574.786293 10.937186718
591.130831 4.54329633713
607.344159 4.53440332413
623.838609 4.61028798421
639.999096 4.52651818593
656.340535 4.52977903684
659.747856 9999
675.92043 4.53944198291
692.300559 4.54967872302
708.558029 4.54749266307
724.885833 4.53729438782
741.116445 4.55714138349
757.591488 4.59491197268
773.786184 4.54524159431
790.147678 4.55571007729
825.302942 10.8413055738
841.579375 4.54020301501
857.740162 4.5334807237
892.947746 10.8267629941
909.210304 4.52886192004
925.484883 4.55719804764
941.745946 4.52969296773
957.990736 4.53854695956
974.43429 4.56612896919
990.611743 4.52226750056
1006.88978 4.52275514603
1023.099967 4.54476396243
1039.426753 4.53041640917
1055.724133 4.56297532717
1071.998792 4.53538099925
1088.444109 4.62314065297
1104.706465 4.53202994665
1120.914079 4.55088337262
1156.040563 10.8088399569
1172.248856 4.53601805369
1188.392413 4.53805613518
1204.987653 4.63181765874
1221.180788 4.52494994799
1237.744648 4.63095712662
1253.902384 4.53255589803
1270.212822 4.53267836571
1286.32687 4.52760060628
1302.754677 4.55324172974
1306.20784 9999
1309.626091 9999
1325.783176 4.53245234489
1342.113161 4.53720903397
1358.554632 4.59404150645
1374.768404 4.50552495321
1390.928098 4.52667331696
1407.138296 4.50955398877
1423.214422 4.51093403498
1439.559126 4.54184420904
1455.73542 4.53586896261
1472.096254 4.52600860596
1488.29056 4.53321464856
1504.553026 4.53094792366
1539.42431 10.773876667
1555.804175 4.54628507296
1559.258869 9999
1575.431625 4.54167668025
1591.976367 4.61111569405
1608.136225 4.53423897425
1624.465339 4.53477875392
1640.507779 4.5069129467
1656.818503 4.54111504555
1672.965566 4.52724862099
1689.607396 4.64076264699
1706.018321 4.61740398407
1722.648355 4.62090754509
1739.039902 4.60690665245
1755.667606 4.61869168282
1759.143527 9999
1762.525183 9999
1778.66842 4.53314002355
1813.83839 10.7971463203
1830.051202 4.51491069794
1846.243567 4.52545166016
1862.554319 4.52337257067
1878.648436 4.52996699015
1894.976323 4.53239202499
1911.555774 4.6533926328
1927.914304 4.53851803144
1944.391984 4.63894240061
1960.755645 4.56017573675
1977.099287 4.59328397115
1993.473988 4.52775724729
2009.968657 4.61628365517
2026.582237 4.61872339249
2042.72623 4.55024806658
2046.364181 9999
2062.836901 4.63855465253
2079.047475 4.54264505704
2095.327823 4.5193485419
2111.819499 4.6212729613
2115.442741 9999
2131.79982 4.55031832059
2147.943431 4.53576533
2164.5243 4.62843966484
2167.943279 9999
2184.350651 4.58506774902
2200.695111 4.54995004336
2204.118727 9999
2220.391321 4.58889603615
2236.935201 4.59675375621
2253.41586 4.62805366516
2269.760362 4.53900535901
2285.934736 4.52123761177
2302.615534 4.64172228177
2319.039532 4.6132850647
2335.366799 4.54371937116
2351.580957 4.53632426262
2367.955115 4.53439807892
2384.217296 4.54654828707
2400.579654 4.52389438947
2416.804446 4.54854663213
2433.168571 4.55334409078
2449.692505 4.64512936274
2466.122744 4.55900216103
2482.348138 4.52504205704
2498.743796 4.52017656962
2514.952537 4.54080001513
2531.446609 4.57035136223
2547.890701 4.62978672981
2564.518241 4.60782599449
2580.730483 4.54105043411
2597.376718 4.64126157761
2600.830418 9999
2617.25618 4.62388467789
2633.582758 4.53480736415
2649.808785 4.56419165929
2666.188483 4.52735463778
2701.311453 10.853165706
2717.556336 4.51940441132
2752.578437 10.8212390741
2769.189086 4.61673474312
2785.401695 4.54717326164
2789.022911 9999
2805.177915 4.53489502271
2821.472046 4.5369164149
2837.865862 4.53266437848
2872.872271 10.7965863546
2889.183201 4.52495797475
2905.380106 4.54540038109
2921.722849 4.5132226944
2937.848933 4.52148040136
2954.395831 4.54860464732
2970.906902 4.64863840739
3006.09662 10.7950336138
3022.5563 4.55363734563
3038.749589 4.52334372203
3055.425917 4.54429968198
3071.587171 4.5278374354
3087.964894 4.53323960304
3104.145012 4.54024672508
3139.318272 10.7993073463
3155.87904 4.59691659609
3190.866222 10.8077500661
3207.461815 4.6228749752
3210.932842 9999
3227.040196 4.52744269371
3243.352211 4.5256280899
3246.839487 9999
3263.16351 4.5825270017
3279.443892 4.52358698845
3295.605271 4.53271102905
3311.864112 4.50560466448
3328.106825 4.53160095215
3344.803911 4.62217911084
3361.281271 4.6136654218
3377.872859 4.61996539434
3394.33712 4.62503838539
3410.664749 4.53537432353
3427.021857 4.60894370079
3443.682949 4.61972006162
3460.227249 4.62729509672
3476.688222 4.55764563878
3492.851836 4.52224993706
3528.139974 10.8101317088
3563.244887 10.7671943506
3579.658827 4.52661275864
3595.850172 4.54652070999
3612.24746 4.52471597989
3628.638802 4.61027399699
3645.366576 4.64126141866
3661.827358 4.62242031097
3678.487863 4.61336795489
3694.715413 4.54174272219
3711.077815 4.53066643079
3727.287348 4.5375597477
3743.967417 4.62795996666
3760.411895 4.62602996826
3795.568599 10.7910470168
3799.12243 9999
3815.349026 4.54494468371
3831.575874 4.55407261848
3847.966474 4.53258768717
3864.363523 4.6035686334
3881.024957 4.61135737101
3897.233126 4.5380654335
3932.491849 10.8276406924
3936.162759 9999
3952.289065 4.54623532295
3955.724773 9999
3971.985934 4.56458743413
3988.459746 4.55891172091
3991.949192 9999
4008.122629 4.54974039396
4024.800553 4.60595393181
4041.264034 4.61507431666
4057.774712 4.55850235621
4074.016743 4.5438173612
4090.226527 4.50299525261
4106.387948 4.53711366653
4141.494147 10.7825734615
4157.838299 4.53851135572
4174.031878 4.53871822357
4190.460479 4.55783557892
4225.335564 10.773727258
4241.796937 4.53409163157
4258.024276 4.53982798258
4261.630465 9999
4296.646687 10.8169690768
4312.97593 4.53138740857
4329.135413 4.53476730982
4345.479198 4.50671466192
4361.692619 4.53921898206
4377.987195 4.52118166288
4394.164072 4.5316889286
4410.638634 4.56372332573
4427.085879 4.60957169533
4444.09706 4.61197868983
4460.50685 4.60128331184
4476.899328 4.54813798269
4493.10971 4.53562831879
4496.733348 9999
4512.906252 4.54134448369
4529.086768 4.52747162183
4545.577746 4.52152093252
4561.705161 4.51743761698
4565.445247 9999
4581.618764 4.52696895599
4598.062468 4.61757763227
4633.472126 10.8594283263
4649.882854 4.55917191505
4666.077623 4.54158703486
4682.435473 4.52102192243
4699.262809 4.73210803668
4715.609922 4.51453502973
4732.085568 4.63082202276
4748.495464 4.53482468923
4765.125782 4.67254416148
4782.484392 4.58421293894
4798.662064 4.54575872421
4815.360343 4.62603203456
4831.635118 4.55728141467
4847.964095 4.52689703306
4864.174621 4.51847203573
4880.635706 4.5585723718
4896.79613 4.53940033913
4913.205018 4.55512571335
4929.384771 4.51833597819
4945.911705 4.58275167147
4962.102989 4.52624901136
4978.464178 4.54134941101
4994.808582 4.57761335373
5011.936923 4.58390331268
5028.280925 4.58850566546
5063.420438 10.7806942463
5080.065093 4.61690163612
5096.625123 4.64694166183
5113.289287 4.63493307432
5116.710396 9999
5132.833012 4.51479164759
5149.310142 4.5163667202
5165.454589 4.52865974108
5181.965784 4.55432899793
5185.404978 9999
5201.761971 4.60730099678
5218.223167 4.55102443695
5234.400295 4.50946362813
5250.863002 4.53018967311
5285.867468 10.7886765798
5302.661129 4.63511689504
5318.838977 4.53046536446
5335.317045 4.55506761869
5351.460659 4.52806472778
5367.97136 4.54260961215
5384.118977 4.53148595492
5387.722523 9999
5403.879049 4.52658732732
5420.055968 4.52308591207
5436.518647 4.52967206637
5471.423122 10.7882004579
5487.85039 4.53950238228
5504.278119 4.62944277128
5521.073167 4.66212940216
5537.383647 4.55270536741
5553.860962 4.52146164576
5569.971485 4.50644167264
5586.533051 4.5601533254
5603.046562 4.63945833842
5619.504947 4.53176132838
5635.698501 4.5459189415
5652.07609 4.52609801292
5655.615965 9999
5672.058626 4.60609674454
5707.532059 10.8873573939
5724.123217 4.54197414716
5740.518095 4.630717357
5756.947908 4.52641145388
5773.157521 4.54012767474
5789.567394 4.52194364866
5805.980562 4.60684831937
5822.472637 4.54815737406
5838.698957 4.55475139618
5855.18043 4.5592323939
5871.423967 4.55495293935
5887.848594 4.54843203227
5922.821472 10.7916519642
5939.30227 4.55415391922
5955.462581 4.52564160029
5972.140815 4.63353061676
5988.59875 4.61757802963
6005.242431 4.620200634
6021.58738 4.60135769844
6038.114116 4.55520399412
6054.327347 4.55481473605
6071.019488 4.61418032646
6087.200093 4.53888734182
6103.774255 4.55929199855
6120.185087 4.62908577919
6136.929788 4.63542922338
6153.527925 4.63744831085
6170.051588 4.55469640096
6204.958141 10.7779219945
6221.718872 4.62884100278
6237.915854 4.52681271235
6254.591155 4.60790522893
6289.530653 10.7825596333
6305.89156 4.51985311508
6322.135816 4.54679735502
6357.209266 10.7712359428
6360.882547 9999
6377.088067 4.55459245046
6393.282271 4.55269344648
6410.060786 4.63243492444
6426.271204 4.53141069412
6442.815983 4.55181701978
6459.626368 4.74031440417
6476.070104 4.53461503983
6511.11319 10.8281449477
6527.637784 4.53161533674
6544.148959 4.63992071152
6560.479492 4.53520735105
6576.686824 4.53606033325
6593.180812 4.54455494881
6609.628614 4.61358435949
6626.086421 4.53548399607
6642.280764 4.53268861771
6658.760931 4.53530899684
6674.921454 4.52802737554
6691.697232 4.64153305689
6707.908596 4.52927629153
6711.597299 9999
6727.756841 4.53788193067
6731.159083 9999
6747.31612 4.51604239146
6782.856979 10.896431605
6799.434288 4.60294135412
6815.564563 4.52093736331
6832.055821 4.53814498583
6848.483104 4.60871473948
6865.280595 4.6293129921
6881.422087 4.52395431201
6898.169031 4.64935032527
6914.643657 4.63109532992
6931.354577 4.61828064919
6947.782932 4.59032328924
6964.426424 4.60548996925
6980.590628 4.53618899981
6997.131765 4.52796300252
7013.626391 4.63580036163
7029.989104 4.50844391187
7046.16404 4.53094935417
7062.91012 4.60974001884
7079.386059 4.63009929657
7083.177063 9999
7086.585349 9999
7102.870198 4.5762283802
7119.298235 4.61453040441
7135.823243 4.56007297834
7152.119085 4.55015357335
7168.531663 4.54008134206
7184.741934 4.54489167531
7201.28292 4.53894710541
