22.440396 0.997713685036
44.89292 1.00768114328
48.462859 9999
70.778678 1.00108001232
74.234134 9999
96.711198 1.00959068537
119.295504 1.00808101892
141.795131 1.01008141041
164.412371 1.00955576897
187.445933 1.03699860573
210.130089 1.01276438236
232.545587 1.00511635542
236.03744 9999
258.533227 1.00903154612
281.349128 1.02582720518
303.918819 1.00882209539
307.407763 9999
329.919038 1.01104215384
352.869174 1.02665379047
375.336094 1.00540138483
378.927036 9999
401.542762 1.01491408348
405.027825 9999
427.658159 1.01683897972
431.246952 9999
453.761545 1.01071047783
457.235526 9999
479.814607 1.01344249249
502.368343 1.00609371662
524.847802 1.00907936096
547.516793 1.00877463818
570.181839 1.01724745035
592.766177 1.00870137215
615.398981 1.01377526522
637.932081 1.00503031015
660.581942 1.01670763493
683.266493 1.01373101473
705.835658 1.01219332218
728.466625 1.00698583126
750.966683 1.01075247526
754.558285 9999
777.069766 1.01027348042
799.570341 1.00924379826
822.3408 1.01200226545
844.8037 1.00746020079
848.365849 9999
870.924102 1.01350601912
893.473778 1.01271243095
916.173657 1.01396896839
938.609918 1.00526826382
961.211154 1.00934231281
983.694002 1.009672153
1006.407767 1.01418882608
1028.894681 1.00890843868
1051.527612 1.01082543135
1074.124822 1.01343399286
1077.698831 9999
1081.166263 9999
1103.533051 1.0045753479
1125.98138 1.00734183788
1148.583813 1.00670683384
1171.131692 1.01190700531
1193.666897 1.00597504377
1216.198487 1.01104316711
1238.731246 1.00646244287
1261.31844 1.0131295681
1283.898327 1.00837179422
1306.416506 1.01062687635
1309.993259 9999
1333.01812 1.03553922176
1355.602045 1.01303274632
1378.202377 1.00983431339
1401.18596 1.03357982635
1423.857163 1.01198956966
1446.323403 1.00875353813
1468.957519 1.01055488586
1491.503429 1.01117616892
1514.137122 1.0105928421
1536.587028 1.00750399828
1559.205465 1.00995050669
1581.65472 1.00833326578
1604.371097 1.01305903196
1627.021402 1.01604683399
1649.725692 1.01410474777
1672.171477 1.0073780179
1694.73912 1.0072811842
1717.276764 1.01043380499
1739.925823 1.00992428064
1743.399712 9999
1746.865746 9999
1769.361337 1.009902215
1792.061769 1.011719203
1814.578762 1.01043105125
1837.178447 1.00719492435
1859.64952 1.00685753822
1882.299602 1.0112447381
1904.898648 1.01433777809
1927.600543 1.01213905811
1950.316591 1.01948153973
1972.963017 1.00940130949
1995.480931 1.0097922802
2018.148975 1.01016904116
2040.73316 1.01380827427
2044.372051 9999
2066.937274 1.01244448423
2070.389795 9999
2092.938333 1.01208930016
2115.606027 1.01204164028
2138.108402 1.00980499983
2160.804483 1.01125017405
2183.324052 1.0117847681
2206.10518 1.01504650116
2228.654586 1.01130701303
2251.423293 1.01428674459
2273.938331 1.01133993864
2296.673148 1.01289693117
2319.242856 1.01266820431
2341.857278 1.00815420151
2364.943721 1.03843430281
2387.610502 1.01099529266
2410.224574 1.01564081907
2432.910345 1.01043810844
2455.474931 1.01272768974
2478.077552 1.00592000484
2481.498486 9999
2504.043459 1.01191046238
2526.781309 1.01261239052
2549.645718 1.02678996325
2572.361534 1.01076825857
2594.962097 1.01468333006
2617.515853 1.00331612825
2640.079018 1.01299461126
2643.736805 9999
2666.182063 1.00677412748
2688.664923 1.00931134224
2711.298683 1.00728305578
2733.935772 1.01659545898
2756.48274 1.00490000248
2759.956327 9999
2782.455333 1.00921875238
2805.252202 1.01400154829
2827.785798 1.01069147587
2850.43881 1.00948805809
2853.927452 9999
2876.489644 1.01350903511
2899.073612 1.00668781996
2921.676518 1.01407440901
2944.30639 1.00796248913
2966.709596 1.00519976616
2989.490194 1.0119353056
3011.973963 1.0082996726
3034.723243 1.01440297365
3057.207145 1.00870250463
3079.941759 1.01292257309
3102.474324 1.0115175128
3125.158467 1.00887656212
3147.65841 1.00931732655
3170.47547 1.01595549583
3192.97563 1.00943074226
3215.561772 1.00591495037
3219.016758 9999
3222.450416 9999
3244.968087 1.0105638504
3267.614475 1.00868872404
3290.034295 1.00613616705
3312.681408 1.00741027594
3335.218927 1.01180459261
3338.872328 9999
3361.334349 1.00821369886
3364.78998 9999
3387.27407 1.00976266861
3410.054534 1.01418968439
3432.475101 1.00595647097
3455.1916 1.01099028587
3458.643959 9999
3481.59469 1.03300317526
3504.328319 1.01173583269
3526.891639 1.01297084093
3530.56642 9999
3553.078233 1.01096553802
3575.578886 1.00871864557
3598.745316 1.0322290659
3621.34578 1.01564930677
