6.082103 9999
12.898652 1.26872634888
19.336757 1.12810134888
23.876677 9999
30.246379 1.13060331345
37.900767 1.50605130196
44.356283 1.15013432503
51.978545 1.55702503522
58.566587 1.17301193873
65.024574 1.15445566177
71.726451 1.16076501211
79.41509 1.56120975812
84.593789 9999
91.140924 1.17122673988
97.645085 1.1579755942
102.806362 9999
109.307163 1.14726201693
116.193893 1.27842998505
122.666441 1.13967402776
129.152757 1.14627798398
133.863373 9999
138.546614 9999
145.181374 1.16542696953
151.786602 1.15811959902
158.624688 1.26575565338
165.346178 1.18582328161
172.256334 1.26361362139
178.788931 1.14967830976
185.531931 1.19222124418
193.284782 1.57342990239
200.13916 1.25565131505
207.127379 1.20217927297
213.635556 1.14176130295
220.236865 1.17699829737
227.692431 1.47232055664
234.464816 1.20240362485
241.105861 1.16103665034
247.590739 1.13566629092
254.148427 1.16166901588
260.884397 1.19396408399
268.573193 1.53927477201
275.879534 1.33846656481
282.50112 1.17160534859
290.038834 1.48931582769
296.580611 1.1588768959
303.182514 1.17993966738
309.954561 1.19774492582
314.646197 9999
321.195924 1.15913470586
327.850938 1.19037095706
335.041875 1.326445659
341.694803 1.14205026627
348.537409 1.20540936788
355.039193 1.14140931765
361.593459 1.16477394104
368.533954 1.26246364911
375.422875 1.15630602837
383.058587 1.50297935804
393.63398 2.41034436226
400.204443 1.14954312642
406.961305 1.16453568141
413.551571 1.16668073336
420.203546 1.16237068176
425.598623 9999
432.162331 1.14275137583
446.606368 3.74698225657
456.546982 2.27292529742
463.168511 1.17158635457
469.873937 1.16058659554
476.021107 9999
482.584498 1.15523576736
489.154941 1.16018327077
495.793581 1.17383511861
502.79909 1.25726167361
509.387395 1.15684906642
516.012236 1.17636434237
527.385464 2.76749531428
532.4432 9999
543.462366 2.64048798879
551.221304 1.52273567518
558.172941 1.26376303037
564.945965 1.17146897316
572.618036 1.53187537193
579.206113 1.14213967323
589.59694 2.44088991483
594.522098 9999
602.257392 1.54786260923
608.878484 1.16513339678
614.067919 9999
620.603643 1.15200630824
631.662393 2.61804366112
638.583838 1.25987529755
643.506097 9999
651.275961 1.55990791321
662.719291 2.72292399406
669.406844 1.18030055364
676.328541 1.26041960716
682.950552 1.16160003344
687.958227 9999
697.145018 2.02598802249
702.405555 9999
710.205588 1.57042225202
716.762432 1.15312226613
723.798731 1.26161805789
730.355356 1.15164128939
738.192181 1.57740807533
745.897449 1.54140965144
752.819534 1.2477183342
761.709645 1.87557768822
769.614864 1.58940958977
779.956268 2.35964433352
786.677941 1.17608062426
793.767706 1.27247730891
805.1085 2.73769299189
811.831188 1.16680733363
818.686822 1.24277726809
825.507006 1.17319337527
832.062225 1.1383257707
838.602509 1.14664546649
845.106639 1.13961307208
851.677279 1.15618435542
859.201829 1.33785629272
869.439994 2.35765401522
874.414407 9999
881.065019 1.18039234479
888.024258 1.25126401583
895.092362 1.26720730464
901.680554 1.15287264188
908.202492 1.14034994443
914.857398 1.17996160189
922.583127 1.54566836357
929.768762 1.27169330915
936.456559 1.15586972237
944.232601 1.56057532628
949.122154 9999
955.771711 1.17440565427
962.860353 1.21898444494
969.498656 1.14421598117
976.370413 1.16806904475
983.00831 1.16371496518
997.402733 3.76640462875
1005.459273 1.56994167964
1019.485753 3.64759675662
1026.074722 1.15712809563
1032.662418 1.16783102353
1039.417285 1.15535370509
1051.109949 2.87266333898
1057.981419 1.25443768501
1064.856291 1.23565475146
1071.624973 1.15066774686
1079.233515 1.50212883949
1086.920111 1.4956556956
1093.611267 1.15785988172
1100.196016 1.15707564354
1105.087102 9999
1111.688228 1.15427899361
1118.210107 1.13872504234
1125.883114 1.51859466235
1133.638403 1.55210518837
1138.710933 9999
1143.403103 9999
1150.018909 1.1709403197
1158.773669 1.87080955505
1165.345345 1.1502114137
1172.103081 1.16776235898
1178.688113 1.16766730944
1185.326251 1.14902361234
1196.368642 2.63472803434
1203.173707 1.16714843114
1209.778698 1.16554530462
1216.94992 1.26144035657
1225.123659 1.66975196203
1232.96529 1.57995963097
1240.886115 1.53793327014
1247.57715 1.16523067156
1255.362271 1.56050133705
1262.066921 1.16320355733
1268.956379 1.26455696424
1275.995243 1.24706029892
1282.598951 1.1652970314
1289.221902 1.17231194178
1296.111401 1.25646742185
1302.697626 1.15264344215
1309.836721 1.28621236483
1316.442281 1.15371743838
1326.836117 2.43563508987
1333.454086 1.16865936915
1338.478861 9999
1346.28016 1.51601958275
1352.886282 1.15938067436
1363.994426 2.65922466914
1371.099921 1.26297632853
1377.972163 1.23418060939
1384.563464 1.16123731931
1391.181801 1.17390529315
1397.756561 1.14361826579
1404.50788 1.15652863185
1415.282141 2.44745373726
1421.970491 1.18080107371
1428.541975 1.16050895055
1435.334474 1.17393803596
1441.955361 1.17197227478
1451.080095 2.00578530629
1457.649446 1.15731541316
1464.618867 1.25907262166
1471.408003 1.16500163078
1477.979024 1.15592400233
1484.603981 1.14188694954
1491.556388 1.27024062475
1498.44619 1.23118837674
1505.235052 1.16671705246
1512.142462 1.2668077151
1518.779256 1.16780670484
1525.782325 1.25621930758
1532.420375 1.17580334345
1539.792605 1.33325163523
1546.397693 1.16292667389
1552.935637 1.14557433128
1558.51252 9999
1565.094248 1.15371465683
1570.202202 9999
1580.189648 2.29093829791
1586.944197 1.17935903867
1593.565969 1.17691397667
1600.171039 1.16962901751
1606.926355 1.16306463877
1613.698135 1.19000299772
1620.552213 1.25379991531
1630.630579 2.32547426224
1638.533214 1.49730062485
1648.760917 2.34778459867
1655.349454 1.15457471212
1662.951322 1.50356030464
1670.057726 1.26850493749
1676.678588 1.16428176562
1684.500277 1.57290673256
1691.509105 1.26744508743
1699.344747 1.55863428116
1706.40074 1.25851225853
1713.055729 1.14717030525
1718.017471 9999
1725.217439 1.26415530841
1731.869476 1.18072970708
1739.042517 1.26796102524
1745.980469 1.28008794785
1752.589034 1.16532063484
1763.043408 2.45128234227
1770.26485 1.27749737104
1776.820764 1.15219521523
1783.375139 1.15571133296
1790.063151 1.19557460149
1796.61776 1.14657370249
1803.690253 1.24372498194
1810.295298 1.14343905449
1815.103242 9999
1825.323399 2.35727095604
1831.92797 1.15650407473
1843.06945 2.63833530744
1850.758028 1.47165091832
1858.581736 1.55151669184
1866.372305 1.56247893969
1873.441939 1.25250037511
1880.046982 1.16693528493
1886.668661 1.17385530472
1893.290437 1.15161101023
1899.86164 1.15104675293
1906.984723 1.25179537137
1914.372269 1.34118437767
1921.027796 1.15153829257
1928.018248 1.25864203771
1934.591176 1.15395172437
1941.627285 1.25792074203
1949.31564 1.53173033396
1958.472013 2.00608102481
1965.161105 1.1859424909
1972.400962 1.27902809779
1980.323457 1.60001031558
1987.027216 1.16821336746
1993.616018 1.15498375893
2003.840254 2.35272963842
2011.863222 1.55680863063
2018.434787 1.1550839742
2026.176571 1.54642264048
2032.77815 1.16574772199
2040.233772 1.44363371531
2047.038734 1.155037721
2057.596519 2.47470140457
2064.168373 1.15580511093
2070.789829 1.14115198453
2080.04784 1.96955839793
2086.57159 1.13498171171
2093.223894 1.1761709849
2100.181786 1.26606027285
2107.100753 1.23133722941
2114.189125 1.25349736214
2124.480632 2.38284937541
2131.668755 1.33024565379
2138.243772 1.15870904922
2145.333187 1.25510199865
2152.851259 1.47248101234
2157.846412 9999
2165.460886 1.50204467773
2172.399849 1.2633023262
2180.422046 1.55964565277
2191.500706 2.6485470136
2198.102342 1.15035390854
2204.657283 1.15697868665
2211.415584 1.15443603198
2219.151383 1.55921761195
2233.600655 3.7442390124
2241.484959 1.57669297854
2248.677299 1.28060468038
2255.295109 1.16649405162
2261.832481 1.14786632856
2268.625221 1.23784470558
2275.213532 1.1622077624
2283.299524 1.5774166584
2289.924383 1.16762932142
2296.642445 1.18889633814
2304.198513 1.4976533254
2314.889825 2.49157238007
2321.79769 1.17075800896
2329.049866 1.3774356842
2336.021933 1.29067730904
2342.544203 1.14201831818
2350.234155 1.53466637929
2355.193035 9999
2366.927975 2.87078928947
2373.701826 1.20023965836
2380.588798 1.25322389603
2387.444127 1.16209125519
2394.035376 1.15648039182
2400.670933 1.17985693614
2407.575252 1.25921710332
2416.017368 1.77880064646
2426.390988 2.36947131157
2433.378714 1.27326631546
2439.986365 1.16832462947
2446.921855 1.24909671148
2453.977904 1.20593969027
2460.951904 1.27568840981
2467.904262 1.18700536092
2478.148293 2.36534365018
2483.203601 9999
2490.221057 1.20141824087
2496.809095 1.14967258771
2503.765453 1.28515529633
2510.352351 1.15665427844
2518.391458 1.5765782992
2525.279972 1.25932574272
2535.30657 2.30256096522
2542.00963 1.15378046036
2550.769281 1.76219797134
2557.454846 1.17178845406
2565.244047 1.53318603834
2572.216108 1.2705813249
2579.838152 1.40928824743
2586.476896 1.1676363945
2593.047743 1.158563296
2600.806531 1.55698911349
2607.675354 1.25323780378
2614.564426 1.16852235794
2622.920147 1.74326292674
2631.927641 1.87339003881
2638.548278 1.16537928581
2648.606831 2.21324404081
2655.194399 1.15878494581
2661.836633 1.15483562152
2668.554558 1.17675367991
2676.494208 1.56488935153
2683.215172 1.17755961418
2690.387918 1.27068169912
2696.992576 1.17318908374
2704.782728 1.56739727656
2711.703748 1.17518663406
2718.645416 1.26770091057
2725.551039 1.26845860481
2732.169048 1.1718823115
2739.927756 1.55864079793
2746.679725 1.14061101278
2753.584885 1.26007405917
2761.124133 1.48203667005
2768.946939 1.57496802012
2776.635823 1.50976999601
2783.510821 1.16501013438
2790.129551 1.17144799232
2796.68512 1.15341583888
2804.209326 1.47729937236
2814.197354 2.29958168666
2819.373577 9999
2827.189986 1.582152764
2834.099415 1.26101533572
2841.017266 1.25568731626
2847.839439 1.20015835762
2855.077705 1.28542971611
2862.720091 1.51205770175
2869.308327 1.16766532262
2875.943501 1.16836969058
2882.447957 1.13846898079
2889.287081 1.15439891815
2895.944649 1.1826163133
2902.863695 1.25967701276
2909.4717 1.14629077911
2916.074498 1.16151666641
2922.998701 1.20096961657
2930.668176 1.49727567037
2937.275852 1.17089692752
2943.862334 1.17429534594
2950.382848 1.14194631577
2962.377086 2.87035560608
2969.9823 1.47770667076
2976.601915 1.1733063062
2984.441455 1.48874664307
2991.397606 1.18423136075
2998.23516 1.20659375191
3004.939851 1.17591365178
3012.762619 1.57652568817
3020.604569 1.57209904989
3027.47358 1.15836906433
3034.095476 1.17447400093
3039.45504 9999
3047.171708 1.54700398445
3054.810891 1.50245141983
3062.953278 1.50567070643
3070.789059 1.57452734311
3078.54509 1.55882700284
3085.484117 1.26332322756
3093.374087 1.50813897451
3100.297651 1.26773794492
3108.151254 1.56204064687
3115.359467 1.34522239367
3122.044137 1.16026854515
3132.552245 2.3990213871
3140.574854 1.59051767985
3147.12983 1.15193502108
3154.052462 1.25710638364
3162.174736 1.58378426234
3168.829201 1.15837430954
3175.351347 1.1426311334
3183.040572 1.53729470571
3193.549011 2.45958002408
3200.403465 1.16542903582
3211.981739 2.73043441772
3218.984312 1.28359468778
3226.673227 1.53202207883
3233.595082 1.18480761846
3241.384399 1.55917668343
3248.055113 1.18967334429
3254.713936 1.16457653046
3261.582053 1.24592971802
3269.388388 1.48258733749
3276.026878 1.17199929555
3282.614636 1.16244037946
3290.35339 1.51979454358
3298.160341 1.57185165087
3310.102574 2.86939438184
3317.974947 1.55900359154
3322.884239 9999
3329.419798 1.13783836365
3336.52276 1.23886195819
3344.360929 1.57939624786
3350.915925 1.14807923635
3357.655445 1.19296503067
3364.276012 1.17592104276
3372.351596 1.56465133031
3379.441615 1.28945398331
3386.025376 1.16217398643
3392.630599 1.14116597176
3399.652907 1.30142299334
3406.524224 1.16447083155
3414.516733 1.52516643206
3421.385169 1.24849263827
3433.130556 2.87304544449
3441.134626 1.54843139648
3447.757756 1.14887102445
3454.611424 1.19907530149
3461.182258 1.1550869147
3467.869877 1.16105731328
3475.926341 1.56421367327
3486.16741 2.33900634448
3492.805125 1.16236170133
3499.327439 1.14239454269
3506.454376 1.24943995476
3514.088047 1.51074536641
3521.060285 1.27834932009
3529.06819 1.60416674614
3536.855296 1.56025767326
3543.629613 1.16306797663
3550.598585 1.26835139592
3558.488345 1.57249061267
3566.29432 1.56191396713
3573.532269 1.34115155538
3583.923419 2.3376874129
3591.729889 1.56305932999
3598.334417 1.16972732544
3606.040876 1.53880031904
