8.705249 6.66867685318
16.944489 6.15311694145
25.841195 6.80142807961
35.466456 7.48639297485
44.761464 9999
53.413732 6.56322193146
62.198604 6.66540002823
70.807374 6.49716901779
80.031894 7.00652909279
89.086754 6.97116303444
97.94453 6.74587011337
107.364727 7.32351708412
116.089752 6.50511908531
125.423347 7.22393989563
133.570462 6.06944298744
142.788218 7.08691120148
151.999667 7.01204013824
161.062637 6.94496703148
169.778676 6.6462931633
178.852967 6.99041390419
187.750174 6.66658496857
196.013611 6.16971707344
205.207478 7.09831809998
214.456802 7.13734793663
223.537378 6.84962797165
232.581929 6.97285795212
240.834966 6.15527105331
249.120481 6.21053099632
257.937523 6.56246089935
266.98016 6.96200108528
275.260257 6.21214604378
284.474081 7.13569808006
293.29599 6.56008481979
302.508947 7.12611699104
311.605092 7.02028799057
319.862944 6.17477178574
328.851362 6.74597001076
337.536489 6.59450793266
346.697766 7.07577705383
355.874925 7.0457971096
364.773207 6.67585802078
373.627817 9999
383.203612 9999
392.384712 7.06897997856
401.231332 6.62053394318
410.271915 6.96087813377
419.025577 6.66440796852
428.398551 7.24792981148
437.186668 6.56847310066
446.256692 6.97485804558
454.487197 6.11353993416
463.278679 6.69115805626
471.910045 9999
480.946168 6.9600880146
490.279224 9999
499.435088 7.07453179359
508.803412 7.14120912552
517.860629 6.96728014946
526.835282 6.88153195381
535.197861 9999.0
544.573863 7.15968203545
552.764376 6.10657596588
561.622078 6.77057814598
570.053385 9999.0
579.030893 9999
588.166957 7.0714969635
596.173372 5.92795109749
604.850495 6.60616779327
613.140961 6.08012413979
621.834907 6.59983587265
630.923832 6.98276495934
639.654983 9999.0
649.596638 7.7278740406
657.877027 6.19637989998
666.697212 9999
675.345056 6.55951285362
684.179625 6.59365987778
692.805317 6.54972195625
701.628301 6.72143006325
710.439467 6.73015785217
719.228699 6.5474960804
727.667154 9999
736.341033 6.57659602165
745.019159 6.60198998451
753.852307 6.61560702324
763.094916 7.1832549572
771.462139 6.27126717567
780.515747 6.96488809586
789.397431 6.64450502396
798.124474 6.64472794533
806.998172 6.77309179306
815.896948 6.80670404434
825.50922 7.38496994972
833.464615 5.8709089756
842.493235 6.93587899208
851.566982 6.97392916679
860.555437 6.66544699669
869.283699 6.62201404572
878.486532 7.10583591461
887.829505 7.23904800415
896.642224 6.58817982674
905.453789 6.7009909153
913.899688 9999
922.789545 6.78407001495
932.042112 7.00162100792
940.696158 6.55544996262
949.456083 6.6707611084
958.190962 9999.0
967.240897 9999
976.76884 7.43328690529
986.153218 9999
995.24841 6.9885828495
1004.558249 7.06062793732
1013.227831 6.54469299316
1022.713466 7.36699414253
1031.333713 6.51415514946
1040.136923 6.58686709404
1048.373619 6.12465620041
1057.008047 6.53473591805
1066.147407 7.03975296021
1075.108011 6.7403409481
1084.001039 6.78954291344
1092.430064 6.30090618134
1100.78314 6.25463318825
1109.726901 6.72010111809
1119.253133 7.42041802406
1128.324292 6.95611000061
1136.473542 6.08202910423
1144.852928 6.10930991173
1153.691949 6.75438499451
1161.951248 6.18069720268
1170.363707 6.32307195663
1179.598684 6.98609185219
1188.71359 6.99691820145
1197.152439 6.34985494614
1206.444308 7.19521284103
1215.430687 6.62511181831
1224.531912 7.02609086037
1233.225538 6.59337091446
1242.301726 6.97431302071
1251.441722 6.92277812958
1259.694781 6.16106700897
1268.87743 7.1127409935
1277.290198 6.29871296883
1285.788269 6.26197314262
1294.80209 6.91718888283
1303.980706 7.06752300262
1312.298454 6.2405860424
1321.094208 6.55594086647
1329.29102 6.0930659771
1337.658179 9999
1347.110088 7.34563803673
1356.158117 6.7003929615
1365.144172 6.87323713303
1373.846828 6.61053085327
1382.745011 9999.0
1392.089265 7.10114502907
1400.808634 6.59922814369
1409.517823 9999
1418.120117 6.50202298164
1427.006384 6.64505910873
1435.925198 6.81137299538
1444.63509 6.58600306511
1453.780647 7.02690291405
1462.761412 6.64803099632
1471.502978 6.62683701515
1480.981753 7.37339901924
1490.066338 6.99588179588
1499.176929 6.74095797539
1507.984999 6.71135091782
1516.653446 6.55546212196
1525.320622 6.56532788277
1534.309305 6.75373315811
1543.468069 7.06047391891
1552.165504 6.62964892387
1561.338691 7.07541894913
1569.68054 6.08806800842
1578.3246 6.55311894417
1587.265922 9999
1596.586014 7.21592497826
1605.440185 6.58987092972
1614.282896 9999
1623.480615 7.07755303383
1632.23047 6.58136200905
1641.51072 7.06233000755
1650.404979 6.79978299141
1658.851384 9999
1667.151075 6.19523692131
1676.51689 7.08911585808
1684.691083 6.09221982956
1694.227158 9999
1702.558234 6.23787307739
1711.717505 6.9152970314
1720.4495 6.63043117523
1729.27354 6.71263098717
1738.561173 7.18846106529
1747.527253 9999
1756.218162 6.58918905258
1765.389556 7.08985710144
1774.241141 6.7714548111
1783.494008 6.99355602264
1792.18482 6.59346795082
1801.505838 9999
1810.575433 6.95761609077
1818.978493 6.15792798996
1827.288986 6.21151804924
1835.779016 6.39216089249
1844.063293 6.18029689789
1853.55119 7.26006102562
1862.688645 7.03563117981
1871.745991 6.9716668129
1880.038251 6.18372321129
1888.981282 9999
1898.138373 7.05819201469
1906.878038 6.6331050396
1915.741146 6.76429796219
1924.246031 6.28650999069
1932.932628 6.58957409859
1941.663426 6.60523200035
1950.329686 6.54685211182
1959.773175 7.15124487877
1968.047898 6.19576597214
1976.880239 6.74343490601
1985.065387 6.07087898254
1994.229043 6.9079220295
2003.02228 6.71740603447
2012.177811 7.05933904648
2020.974338 6.67866206169
2029.85523 6.6268799305
2038.933729 9999
2048.084643 7.0587220192
2056.514589 9999.0
2065.321896 6.54673314095
2074.322121 9999
2083.112388 6.63754081726
2091.993252 6.79927301407
2100.773126 6.54472208023
2109.441729 6.56881117821
2117.330471 5.78279304504
2126.416014 6.98737502098
2135.135684 6.4844930172
2143.873763 6.67202305794
2152.557178 6.58986711502
2160.754223 6.09523487091
2169.548892 6.6160569191
2177.858164 6.19643712044
2186.741067 9999
2195.775127 6.93333911896
2204.541738 6.5172021389
2213.36829 6.73790788651
2221.569353 6.08733797073
2230.253704 6.58372998238
2238.805867 6.29385304451
2247.099254 6.21091294289
2255.281504 6.08830308914
2264.378377 6.98123693466
2273.224951 6.57648086548
2281.960384 6.65188097954
2291.15194 9999
2299.930576 6.67361497879
2309.271475 7.05382299423
2317.511883 6.13534116745
2326.649731 7.0539290905
2335.418111 6.67289710045
2344.973763 7.28923892975
2353.611746 6.56758213043
2362.40222 6.68549394608
2370.709648 6.18680095673
2379.75837 6.6693418026
2388.517088 6.68422794342
2397.20511 6.59649395943
2405.386448 6.07159686089
2413.796406 6.15302395821
2423.222722 7.34022092819
2432.123958 6.79667115211
2441.209982 6.97819709778
2450.087981 6.53079485893
2458.926575 9999
2467.641961 6.61913013458
2476.382888 6.62571310997
2485.962269 7.18233013153
2495.146154 7.08287191391
2503.934563 6.67047309875
2512.480224 6.43640494347
2521.319686 6.54668211937
2530.104832 6.66894483566
2538.705768 6.48435497284
2546.868935 6.06204199791
2555.651375 6.61881303787
2564.769612 7.01539993286
2573.175332 6.28212285042
2581.852959 6.57708787918
2591.58669 7.36845302582
2600.410602 6.74324584007
2609.271744 9999
2617.980953 6.6059319973
2626.392202 6.17736196518
2634.956123 6.45997810364
2644.394204 7.35175681114
2652.770025 6.26355600357
2662.527626 7.48009490967
2671.171465 6.55142188072
2679.814578 6.53490900993
2688.265 9999.0
2697.086592 6.56957006454
2706.197554 7.03090882301
2715.337819 7.02753996849
2724.123222 6.68802809715
2732.998125 6.58238792419
2741.219856 6.11608195305
2749.939099 6.62442612648
2758.52329 6.48919987679
2767.810585 7.00642204285
2776.96999 7.04747486115
2785.7347 6.66173601151
2794.514494 6.67427921295
2803.250094 9999
2811.966611 6.61669611931
2820.607709 6.55559515953
2828.865335 6.18111205101
2837.360442 6.23521184921
2846.364807 9999
2854.956375 6.49586510658
2863.689433 6.61530900002
2872.656319 6.69931411743
2881.723327 9999
2890.57646 9999
2900.054041 7.37917494774
2908.433715 6.11989784241
2917.583287 7.05468201637
2926.747198 7.05046701431
2935.15344 6.29035806656
2944.521726 7.09600806236
2953.103811 6.5674598217
2961.871146 6.66136193275
2970.614812 6.66343402863
2978.805752 5.82275605202
2987.532135 6.61225914955
2996.469217 6.81601285934
3005.283566 6.71876001358
3014.294513 6.60947299004
3023.763024 7.36127090454
3032.899723 6.99069881439
3041.794717 6.77878808975
3051.008591 6.94162893295
3059.76139 6.65398311615
3068.763247 6.92532300949
3077.920332 7.05511403084
3086.84127 6.65377306938
3095.160559 6.21364784241
3103.826526 6.56475496292
3113.300532 7.38903212547
3122.605633 7.07454800606
3131.025468 9999
3139.895628 6.78042292595
3148.555019 6.54988694191
3157.498701 6.68203496933
3166.222632 6.62228822708
3175.77511 9999
3185.055255 9999.0
3193.465499 6.15918803215
3201.923555 9999
3211.004218 6.97305798531
3219.664178 6.57579612732
3228.555364 6.58115696907
3236.784879 6.11543989182
3245.55108 6.65634799004
3254.853821 9999.0
3263.74626 6.60955309868
3272.6439 6.79520702362
3281.801398 7.01538705826
3290.59106 6.68801093102
3299.687438 6.72173309326
3308.786393 7.02907586098
3317.901042 7.00542402267
3326.550035 6.5427339077
3335.871888 7.06507110596
3344.102094 6.13469696045
3352.897591 6.68560791016
3361.692506 9999.0
3370.045381 6.09618592262
3378.387422 6.21461677551
3387.222441 6.7297308445
3396.330016 7.02682995796
3405.106982 6.48870515823
3413.799023 6.6106710434
3422.482115 6.56582784653
3431.111707 6.5186920166
3440.19583 6.90292000771
3449.560771 7.26944494247
3458.381698 9999
3467.164139 6.69819402695
3476.065015 6.54600310326
3485.250593 7.10359406471
3493.584494 6.23045492172
3502.780074 9999.0
3511.343761 6.29740095139
3520.391415 6.93825292587
3529.403343 9999
3538.551067 7.036632061
3548.53412 9999
3557.629935 6.96243190765
3566.787796 7.05608201027
3575.859384 6.96820688248
3585.143181 7.04704284668
3593.871148 6.61600208282
3602.546561 9999
