46.688077 2.20942957401
93.419201 2.21463588476
142.456166 2.32965450287
189.224158 2.21549830437
237.960515 2.31536921263
284.5461 2.20524941683
330.430618 2.17168734074
377.098723 2.21036227942
426.000905 2.32320305109
472.820106 2.21778692007
518.540145 2.16284458637
565.438549 2.22190141678
612.723929 2.24218584299
659.996012 2.24018934965
707.278157 2.24073011875
756.698243 2.34810758829
803.884958 2.23564691544
851.251395 2.24509732723
898.704032 2.24978203773
945.872184 2.2346752286
992.073116 2.18662039042
1038.325693 2.18877316713
1084.50953 2.18595622778
1131.794863 2.24084348679
1178.862971 2.23105015755
1228.217002 2.34518489838
1274.400909 2.1852746129
1320.585759 2.1860886097
1367.79048 2.23312690258
1413.954977 2.18469427824
1460.090117 2.18401883841
1507.308991 2.23740105629
1554.593797 2.23569905758
1601.044918 2.1998047471
1648.230852 2.23138682842
1697.483542 2.33963397741
1744.786141 2.24154105186
1793.972896 2.33657013178
1840.077056 2.1813587904
1886.323997 2.18909249306
1935.528312 2.33292460442
1982.71372 2.23555027246
2028.897556 2.18556082249
2075.886154 2.22104427814
2124.986345 2.33247793913
2170.805094 2.16801763773
2217.721908 2.22213485241
2264.44018 2.2083902359
2310.141414 2.16088470221
2355.812177 2.1603998065
2401.37668 2.15504825115
2446.993511 2.15807284117
2492.611531 2.15809860229
2538.17853 2.15550464392
2583.862586 2.16073509455
2629.529817 2.16040588617
2675.300137 2.16560200453
2721.19866 2.17292212248
2767.28293 2.18068047762
2813.383202 2.18288986683
2859.518479 2.18421392441
2906.754129 2.23926993608
2952.908174 2.18480193615
2999.039566 2.18325787783
3045.257181 2.1877920866
3091.375132 2.18260053396
3138.593599 2.23718216419
3188.148954 2.35502556562
3235.365448 2.23525315523
3281.849793 2.20077594519
3327.954034 2.18206031322
3374.205404 2.18783380985
3420.286627 2.18113441467
3467.538812 2.23962374926
3513.639902 2.18171924353
3562.893155 2.33955971003
3612.230965 2.34065458775
