2.821392 9999
5.42384 0.862969875336
8.056575 0.839912176132
10.689047 0.859021186829
13.293692 0.861262083054
15.891647 0.866286993027
18.479169 0.849559783936
21.105853 0.835026025772
23.715522 0.864573001862
26.318051 0.850025177002
28.922462 0.86289191246
31.622334 0.942693948746
34.427707 0.848793029785
37.021853 0.839476823807
39.637981 0.864837169647
42.214325 0.847752094269
44.846714 0.865713119507
47.522309 0.929915904999
50.123902 0.861805915833
52.726475 0.843652009964
55.322443 0.840877056122
57.933198 0.855489015579
60.540533 0.862073898315
63.146046 0.871544837952
65.89744 0.843400001526
68.48793 0.831613063812
71.08869 0.838147878647
73.691345 0.850275993347
76.306829 0.849421977997
78.923135 0.849890947342
81.606482 0.928419113159
84.232395 0.850630998611
86.846222 0.852483987808
89.439322 0.832311153412
92.041815 0.85209107399
94.643064 0.834780931473
97.453783 0.851428985596
100.026615 0.832523107529
102.756732 0.94274687767
105.364039 0.877856969833
107.986954 0.857614040375
110.572438 0.842464208603
113.209477 0.850026130676
115.821768 0.849385023117
118.439392 0.862342119217
121.126919 0.83806180954
123.71861 0.848761796951
126.370429 0.923751115799
129.193645 0.911976099014
131.773117 0.838661909103
134.376003 0.834678888321
136.955401 0.84534406662
139.548506 0.849503993988
142.139324 0.847929954529
144.754664 0.855862855911
147.361098 0.863739013672
149.975119 0.849175930023
152.590104 0.855991125107
155.20882 0.850684165955
157.806141 0.831013917923
160.614495 0.853720903397
163.221197 0.856407165527
165.813833 0.846404075623
168.417425 0.870236873627
171.025418 0.850196838379
173.627184 0.847591161728
176.212222 0.844837903976
178.861762 0.840931892395
181.487253 0.861176013947
184.091832 0.859981060028
186.722124 0.875248908997
189.349223 0.863332033157
192.087238 0.837939023972
194.678927 0.840581893921
197.256161 0.836780071259
199.860524 0.85147690773
202.486192 0.848286151886
205.106973 0.866808176041
207.843755 0.948856115341
210.503157 0.917778015137
213.120207 0.853128910065
215.737896 0.84987282753
218.375669 0.849236011505
220.970643 0.837291955948
223.822831 0.866937160492
226.422751 0.845471143723
229.006062 0.841929912567
231.673871 0.923332929611
234.253992 0.838360071182
236.855649 0.847638130188
239.474337 0.863181114197
242.052947 0.835690975189
244.636373 0.853981018066
247.238954 0.838146924973
249.820888 0.831065893173
252.411281 0.852125167847
255.205404 0.850071191788
257.821217 0.862954139709
260.444486 0.87056016922
263.055472 0.864945888519
265.663118 0.855930089951
268.272888 0.85137796402
270.95294 0.918805837631
273.555387 0.862760066986
276.167635 0.848424911499
278.809294 0.872294187546
281.424791 0.865931987762
284.072065 0.86625289917
286.925693 0.866293907166
289.526797 0.845973014832
292.143283 0.850525856018
294.74099 0.85843205452
297.335071 0.840673923492
299.919556 0.840481996536
302.510079 0.839818000793
305.127743 0.877058982849
307.719671 0.852524995804
310.254808 0.831830024719
312.876987 0.87335395813
315.576505 0.952511072159
318.35304 0.829591035843
321.054989 0.940231084824
323.693196 0.867798089981
326.290313 0.861751079559
328.919418 0.861961126328
331.570308 0.860172986984
334.188274 0.862215042114
336.801681 0.858825922012
339.476315 0.929461956024
342.10689 0.869297981262
344.701671 0.850090026855
347.388143 0.946979999542
350.15262 0.855818986893
352.751357 0.847593069077
355.368865 0.849009037018
358.059611 0.928671121597
360.677877 0.851792097092
363.276677 0.875781059265
365.891363 0.857366800308
368.495212 0.859631061554
371.109435 0.839182138443
373.736907 0.860557079315
376.334768 0.838973999023
378.935563 0.860846042633
381.753611 0.845404863358
384.384762 0.87162399292
386.969629 0.854519128799
389.592256 0.858028888702
392.21968 0.862258911133
394.8252 0.873204946518
397.45222 0.86048579216
400.076711 0.86692404747
402.701429 0.855937957764
405.290641 0.839866161346
407.919384 0.841032981873
410.517808 0.834316968918
413.369329 0.830946922302
415.968134 0.838049888611
418.584404 0.84671998024
421.185655 0.84700512886
423.784614 0.841225147247
426.420279 0.871528863907
429.071977 0.847479104996
431.771218 0.932526111603
434.435739 0.855815887451
437.018709 0.854711055756
439.618001 0.834987163544
442.202209 0.828443050385
445.017423 0.869333028793
447.622693 0.85981798172
450.240571 0.858653068542
452.835191 0.851433992386
455.437004 0.849175930023
458.040403 0.84553694725
460.668617 0.847726106644
463.236858 0.838356971741
465.853005 0.84232711792
468.399567 0.828472137451
470.988734 0.859208106995
473.570348 0.851408004761
476.422309 0.873167991638
479.01899 0.83745098114
481.717787 0.937644004822
484.320232 0.848310947418
486.951466 0.876518011093
489.649527 0.942593097687
492.350564 0.944092988968
495.051364 0.932244777679
497.654422 0.84091091156
500.266901 0.847625017166
502.834808 0.832666158676
505.406737 0.840072870255
508.21581 0.842958211899
510.804259 0.847645044327
513.430955 0.849332094193
516.049698 0.851501941681
518.750382 0.93026804924
521.349895 0.856528043747
523.968665 0.871501922607
526.573181 0.850178003311
529.209891 0.868285894394
531.849249 0.867352962494
534.453401 0.859073162079
537.034501 0.846853017807
539.848839 0.852786064148
542.48322 0.847373008728
545.066527 0.840913057327
547.670326 0.839285135269
550.319935 0.876903057098
552.914973 0.840912103653
555.569427 0.841701030731
558.159539 0.842955112457
560.74879 0.84734582901
563.315606 0.848676204681
565.983518 0.913738965988
568.571066 0.8487200737
571.382384 0.828598022461
573.984293 0.857283115387
576.636194 0.861572027206
579.243423 0.865216970444
581.82666 0.847095012665
584.414663 0.840424060822
587.00459 0.839663028717
589.641739 0.847609996796
592.273884 0.848509788513
594.899023 0.858162164688
597.5603 0.872758865356
600.149395 0.828057050705
602.931861 0.829513072968
605.518475 0.84877705574
608.088724 0.837638139725
610.66703 0.839239120483
613.325138 0.865556001663
615.904836 0.842888116837
618.520551 0.863591909409
621.133526 0.841152906418
623.783669 0.858684062958
626.39739 0.872742176056
629.051593 0.860636949539
631.639491 0.855661153793
634.49179 0.841733932495
637.107682 0.861595153809
639.817723 0.921155929565
642.400363 0.836552858353
645.013881 0.848665952682
647.615639 0.849241018295
650.182427 0.835159063339
652.791025 0.851229906082
655.369128 0.824263811111
657.948797 0.849344015121
660.591033 0.865297079086
663.203405 0.860905170441
666.087003 0.839447975159
668.697723 0.840134859085
671.392806 0.92884516716
674.008903 0.862792015076
676.631535 0.836184024811
679.285133 0.89716386795
681.887738 0.846591949463
684.517391 0.866751909256
687.131467 0.849626064301
689.750945 0.863873958588
692.434742 0.936027050018
695.114387 0.930214881897
697.982342 0.841895103455
700.597754 0.85157418251
703.205392 0.849658966064
705.808172 0.864705085754
708.516807 0.923816919327
711.131291 0.860412120819
713.764211 0.840445995331
716.355731 0.852092981339
718.948344 0.830828905106
721.648743 0.94543504715
724.214889 0.840748071671
726.86411 0.859467983246
729.682953 0.836032867432
732.298726 0.848744869232
734.908738 0.864856004715
737.524619 0.867784023285
740.133053 0.833735942841
742.839798 0.936797857285
745.481685 0.866275072098
748.079114 0.847643136978
750.724654 0.856971979141
753.346466 0.845330953598
755.931676 0.855820894241
758.517835 0.835389852524
761.464003 0.950923919678
764.048451 0.847902774811
766.668188 0.861255168915
769.237581 0.838289022446
771.912914 0.894684076309
774.621865 0.93491101265
777.297793 0.938163995743
779.880579 0.842237949371
782.497493 0.841753005981
785.113004 0.851013183594
787.732331 0.84010887146
790.32997 0.847388982773
793.082531 0.841373920441
795.690468 0.866814136505
798.347375 0.86020898819
800.979892 0.853825092316
803.680009 0.924901008606
806.295591 0.849526882172
808.905797 0.871022939682
811.479676 0.827879190445
814.180672 0.939327955246
816.766147 0.833512067795
819.430343 0.931715965271
822.028877 0.855824947357
824.963932 0.933270931244
827.651136 0.944006919861
830.24723 0.843096971512
832.8295 0.832400083542
835.463654 0.85835814476
838.096519 0.856393098831
840.73613 0.853399991989
843.362737 0.854641914368
846.003683 0.849812984467
848.596644 0.83970785141
851.212426 0.854464054108
853.846908 0.849220991135
856.613087 0.831493854523
859.220115 0.847057104111
861.864333 0.850725889206
864.464591 0.845706224442
867.086465 0.850001811981
869.714753 0.852235794067
872.363998 0.860925912857
875.052644 0.921717166901
877.680086 0.848948955536
880.330116 0.868389844894
882.955672 0.857119083405
885.554435 0.849753856659
888.411653 0.852921962738
891.013006 0.851676940918
893.729058 0.941159963608
896.33002 0.853749036789
898.91186 0.853627920151
901.511772 0.885416984558
904.131511 0.840871095657
906.81342 0.936279058456
909.528434 0.922334909439
912.112311 0.864620923996
914.751293 0.853541851044
917.361263 0.862715005875
920.14749 0.856366872787
922.764332 0.849724054337
925.371837 0.86612200737
927.983448 0.850291013718
930.578439 0.827050924301
933.169012 0.850042104721
935.796597 0.859444141388
938.399875 0.848144054413
941.096512 0.923758029938
943.694535 0.839145898819
946.351509 0.86841917038
948.929326 0.853949069977
951.781503 0.8617208004
954.395373 0.860331058502
957.096464 0.953342199326
959.711223 0.865568876266
962.345631 0.86679983139
964.960882 0.84277510643
967.565395 0.858436822891
970.178538 0.838447093964
972.820205 0.854012012482
975.388154 0.840862989426
977.944922 0.829397201538
980.615404 0.938127040863
983.427488 0.82946896553
986.014521 0.859489917755
988.635345 0.864076137543
991.254349 0.847906112671
993.976923 0.974781036377
996.627765 0.914040803909
999.213065 0.846641778946
1001.796145 0.859224081039
1004.412148 0.847390174866
1007.014244 0.859607934952
1009.593797 0.858906030655
1012.177938 0.834384918213
1014.997843 0.849879980087
1017.600804 0.838758230209
1020.2166 0.846187114716
1022.811275 0.851432085037
1025.510397 0.932829141617
1028.111773 0.839200019836
1030.716072 0.838066101074
1033.333363 0.849632978439
1035.9633 0.8656270504
1038.544516 0.833450078964
1041.133546 0.852468013763
1043.760208 0.857213973999
1046.6424 0.83828997612
1049.280329 0.862253189087
1051.869076 0.858565807343
1054.501357 0.864988088608
1057.129153 0.838707923889
1059.749803 0.858578920364
1062.393468 0.857191085815
1065.01458 0.863941907883
1067.64481 0.851171970367
1070.245584 0.859647989273
1072.899028 0.863849163055
1075.527698 0.839187860489
1078.428806 0.850681066513
1081.033109 0.863550901413
1083.677009 0.842978000641
1086.283105 0.860391139984
1088.902483 0.859989881516
1091.615297 0.956293106079
1094.259465 0.864322185516
1096.861694 0.839943885803
1099.527685 0.864592790604
1102.143142 0.853055000305
1104.760133 0.842056035995
1107.399377 0.86457490921
1110.261686 0.863439083099
1112.963968 0.944313049316
1115.580923 0.858368873596
1118.210414 0.877635002136
1120.810058 0.847865819931
1123.380087 0.836749076843
1125.977021 0.841943979263
1128.574719 0.84903216362
1131.202144 0.868654966354
1133.814816 0.845052957535
1136.449182 0.865849018097
1139.064399 0.849189996719
1141.94456 0.848713874817
1144.548824 0.850065946579
1147.142752 0.839496850967
1149.734622 0.839435100555
1152.396534 0.872665166855
1155.027042 0.84245800972
1157.643561 0.838948011398
1160.242396 0.844874858856
1162.850558 0.837542057037
1165.443509 0.840951919556
1168.079727 0.863675832748
1170.779544 0.951623916626
1173.695441 0.869152069092
1176.27614 0.838994979858
1178.887119 0.853099107742
1181.507239 0.859282016754
1184.174928 0.863977193832
1186.763441 0.835496902466
1189.4922 0.933180093765
1192.098098 0.855053901672
1194.758862 0.863466978073
1197.344294 0.854806900024
1199.943867 0.850630044937
1202.543547 0.849563837051
1205.3915 0.841942071915
1208.011082 0.862567186356
1210.700326 0.917214155197
1213.308853 0.830807924271
1215.925683 0.837284088135
1218.52676 0.846884965897
1221.232453 0.932171821594
1223.834052 0.843235015869
1226.475454 0.854257106781
1229.159539 0.922054052353
1231.861618 0.93545293808
1234.493081 0.866199016571
1237.359529 0.911978006363
1239.963051 0.84068107605
1242.575489 0.843152999878
1245.184146 0.866979122162
1247.845382 0.862560033798
1250.497572 0.845699071884
1253.127222 0.852426052094
1255.841103 0.944948911667
1258.477751 0.860104084015
1261.101878 0.87069106102
1263.743378 0.873269081116
1266.459042 0.964482069016
1269.27616 0.875390052795
1271.908701 0.863741874695
1274.523372 0.853093862534
1277.143084 0.868036031723
1279.81474 0.863889932632
1282.407937 0.852417945862
1284.973683 0.822290897369
1287.576442 0.863160133362
1290.206694 0.82720708847
1292.846982 0.873977899551
1295.474647 0.863337039948
1298.089611 0.849734067917
1300.906942 0.861869096756
1303.514534 0.860450983047
1306.108203 0.840739011765
1308.723472 0.867850065231
1311.366002 0.854601860046
1314.075385 0.941217184067
1316.675538 0.864538908005
1319.33295 0.891644954681
1321.958807 0.863937139511
1324.566355 0.855125904083
1327.189533 0.876038074493
1329.805615 0.866047143936
1332.679226 0.857094049454
1335.267306 0.850834846497
1337.894832 0.860128879547
1340.523258 0.861294984818
1343.201712 0.893321990967
1345.858727 0.906471967697
1348.479409 0.852654933929
1351.091368 0.857307910919
1353.708843 0.837470054626
1356.323281 0.860394954681
1358.906484 0.824965000153
1361.607448 0.936738014221
1364.496206 0.935199022293
1367.091267 0.851803064346
1369.742323 0.852587223053
1372.321912 0.840633869171
1374.891345 0.828988075256
1377.477826 0.844215869904
1380.123332 0.855268001556
1382.724611 0.861307144165
1385.440966 0.92707490921
1388.027405 0.861357927322
1390.645792 0.851377010345
1393.239261 0.84002494812
1396.188849 0.911441087723
1398.773904 0.83224105835
1401.39698 0.862890958786
1404.022772 0.873064041138
1406.74111 0.86484503746
1409.330895 0.8606300354
1411.957085 0.847793102264
1414.538819 0.828373908997
1417.212996 0.907179117203
1419.86558 0.922919988632
1422.456854 0.848873138428
1425.039408 0.841123104095
1427.929801 0.850409984589
1430.557423 0.850453138351
1433.212475 0.864561796188
1435.923263 0.938787937164
1438.563317 0.854511976242
1441.140238 0.847105979919
1443.87404 0.951783895493
1446.472406 0.8410820961
1449.04058 0.854187965393
1451.632558 0.853167057037
1454.271554 0.851746082306
1456.882544 0.868556022644
1459.690939 0.83812212944
1462.28967 0.831843852997
1464.875859 0.8485019207
1467.495837 0.863104104996
1470.110541 0.852261066437
1472.724231 0.861645936966
1475.307522 0.834113836288
1477.907868 0.836853981018
1480.654966 0.962233066559
1483.261323 0.851061105728
1485.842383 0.838733911514
1488.471887 0.865352153778
1491.358683 0.860155105591
1493.955489 0.853522062302
1496.607185 0.858690977097
1499.238518 0.855815887451
1501.838562 0.861394882202
1504.427037 0.837144136429
1507.027801 0.845160961151
1509.62318 0.837848901749
1512.280781 0.877318143845
1514.905058 0.85831785202
1517.510954 0.864424943924
1520.161614 0.892735958099
1523.048061 0.847003936768
1525.655872 0.848776102066
1528.309839 0.868726968765
1530.930322 0.867050886154
1533.55515 0.864108085632
1536.245064 0.933995962143
1538.854789 0.860499858856
1541.461719 0.852084875107
1544.079678 0.864501953125
1546.691604 0.849907159805
1549.287188 0.828293085098
1551.937621 0.856328964233
1554.844352 0.865629911423
1557.456098 0.862669944763
1560.105475 0.861928939819
1562.730768 0.868305206299
1565.462677 0.931932926178
1568.054273 0.838711977005
1570.670795 0.841313123703
1573.272537 0.849000930786
1575.889763 0.874871969223
1578.471237 0.851830005646
1581.08643 0.830211162567
1583.772398 0.921758174896
1586.606532 0.851907014847
1589.225505 0.854146003723
1591.888115 0.858008861542
1594.460989 0.832561016083
1597.141535 0.899515867233
1599.709035 0.838957071304
1602.287485 0.830591917038
1604.870676 0.847567081451
1607.488284 0.853471040726
1610.103601 0.853167057037
1612.70588 0.851078987122
1615.3633 0.93022108078
1618.174405 0.835035085678
1620.792824 0.845235109329
1623.446737 0.863971948624
1626.087248 0.85248708725
1628.738613 0.863206863403
1631.352891 0.857529163361
1633.956327 0.850714921951
1636.559148 0.848242998123
1639.239827 0.913729906082
1641.843178 0.849537849426
1644.504104 0.871250867844
1647.118645 0.848484992981
1650.024726 0.898610830307
1652.618281 0.840063095093
1655.218738 0.836147069931
1657.861175 0.886062145233
1660.502758 0.852377891541
1663.120006 0.846397161484
1665.860125 0.943712949753
1668.469225 0.838227987289
1671.1098 0.868366003036
1673.789082 0.92863702774
1676.422099 0.845052957535
1678.993549 0.848451137543
1681.907119 0.860810041428
1684.491495 0.841334104538
1687.119631 0.85177898407
1689.735179 0.849815130234
1692.370319 0.847831964493
1694.974991 0.842413902283
1697.593033 0.836052894592
1700.186539 0.839756965637
1702.803096 0.849478960037
1705.38515 0.833310842514
1708.008453 0.849181890488
1710.6018 0.851091146469
1713.47666 0.858506917953
1716.109498 0.85088801384
1718.751524 0.859931945801
1721.354047 0.840869188309
1724.019087 0.910180807114
1726.635499 0.846175193787
1729.219029 0.831471204758
1731.803826 0.85073018074
1734.407994 0.83772611618
1737.037382 0.87442111969
1739.659569 0.858803987503
1742.25402 0.847002983093
1745.051922 0.846590042114
1747.669806 0.854290962219
1750.32139 0.849695205688
1752.935818 0.843183994293
1755.585098 0.859622955322
1758.185541 0.854001045227
1760.818608 0.856228113174
1763.447684 0.860595941544
1766.090865 0.85618686676
1768.701748 0.858502149582
1771.357666 0.926280975342
1773.984903 0.847338914871
1776.839602 0.851445913315
1779.485109 0.86599612236
1782.181028 0.92290186882
1784.769643 0.837866783142
1787.403025 0.852283000946
1790.003128 0.863883972168
1792.602665 0.843491077423
1795.201008 0.850574016571
1797.818658 0.864186048508
1800.426263 0.843025922775
1803.0244 0.863512039185
1805.702072 0.941411018372
1808.569481 0.864237070084
1811.174026 0.850543022156
1813.919454 0.945095062256
1816.468843 0.829093933105
1819.069542 0.837942838669
1821.651382 0.849171161652
1824.292942 0.854462862015
1826.904241 0.848368167877
1829.607499 0.929855108261
1832.184705 0.863698959351
1834.801366 0.838937044144
1837.419918 0.888561964035
1840.467321 0.828231096268
1843.034626 0.850773096085
1845.651268 0.840599060059
1848.237197 0.863066911697
1850.967058 0.942744970322
1853.583235 0.853335857391
1856.258027 0.919414997101
1858.850633 0.827211856842
1861.468733 0.841235876083
1864.057321 0.839229106903
1866.692858 0.871793031693
1869.303386 0.838238954544
1872.154038 0.867824077606
1874.844102 0.92197394371
1877.451209 0.836979866028
1880.102362 0.863273859024
1882.734021 0.846878051758
1885.419353 0.920259952545
1888.020799 0.850394964218
1890.641026 0.875375032425
1893.29136 0.865336894989
1895.907305 0.860748052597
1898.52314 0.852661848068
1901.137594 0.83985710144
1904.027376 0.874969005585
1906.620781 0.84624505043
1909.274802 0.863483905792
1911.916757 0.852354049683
1914.675088 0.963708877563
1917.384356 0.930890083313
1919.989834 0.839370965958
1922.667454 0.912134885788
1925.323944 0.856342077255
1927.921444 0.858103990555
1930.574474 0.853504896164
1933.283247 0.932265996933
1936.109587 0.843446016312
1938.733001 0.85250711441
1941.382286 0.850995063782
1943.950664 0.833919048309
1946.641039 0.909616947174
1949.234118 0.863495111465
1951.855359 0.880850076675
1954.449045 0.838001012802
1957.104948 0.85952091217
1959.818063 0.941992044449
1962.465478 0.851462841034
1965.072734 0.856019020081
1967.917514 0.848697900772
1970.534113 0.839359045029
1973.176357 0.841048955917
1975.773479 0.846117019653
1978.466107 0.923311948776
1981.058512 0.839596033096
1983.684964 0.861806154251
1986.401078 0.952090024948
1989.00226 0.837701797485
1991.651204 0.876123905182
1994.216073 0.833159923553
1996.856946 0.857831001282
1999.714456 0.85194683075
2002.339468 0.8843998909
2004.991317 0.844478130341
2007.642647 0.883292913437
2010.298444 0.8597240448
2012.907578 0.849848985672
2015.573454 0.878001213074
2018.185201 0.8410820961
2020.790481 0.848937988281
2023.417781 0.850713968277
2026.082844 0.875773906708
2028.699709 0.85252404213
2031.541387 0.85248708725
2034.177781 0.881157159805
2036.799364 0.852788925171
2039.436478 0.875096082687
2042.09107 0.854483127594
2044.731695 0.870574951172
2047.368926 0.857529163361
2049.965807 0.84124994278
2052.586953 0.838130950928
2055.190362 0.835821866989
2057.798735 0.851361036301
2060.414556 0.858238935471
2063.314707 0.932635068893
2065.902081 0.847223043442
2068.541031 0.853749990463
2071.131474 0.860972166061
2073.781441 0.862169981003
2076.33936 0.840527057648
2078.955656 0.866591930389
2081.568599 0.857671976089
2084.248143 0.886328935623
2086.882759 0.896404027939
2089.531363 0.860692977905
2092.130357 0.848289012909
2095.104096 0.914882898331
2097.702185 0.855761051178
2100.387984 0.929044961929
2102.990461 0.841606140137
2105.704628 0.943904876709
2108.402426 0.927326917648
2111.064137 0.86301612854
2113.666584 0.846317052841
2116.299267 0.8394510746
2118.891469 0.845086097717
2121.531412 0.862436056137
2124.165741 0.835602045059
2127.014661 0.867253065109
2129.604878 0.837401151657
2132.247649 0.839793920517
2134.976849 0.953848838806
2137.624531 0.847058057785
2140.21445 0.842772960663
2142.830468 0.839652061462
2145.447064 0.843254804611
2148.015613 0.8405148983
2150.699547 0.937276124954
2153.30516 0.859219074249
2155.947533 0.864145040512
2158.814437 0.840442895889
2161.430434 0.851679086685
2163.998317 0.839346885681
2166.579243 0.844890832901
2169.297055 0.925222873688
2171.87889 0.860164880753
2174.496952 0.837141036987
2177.100157 0.848820924759
2179.732442 0.841181993484
2182.335043 0.859984874725
2184.948919 0.873088121414
2187.532427 0.863727092743
2190.363781 0.829813957214
2192.952314 0.847630977631
2195.595919 0.856552839279
2198.163349 0.828115940094
2200.818532 0.864878177643
2203.422621 0.844460964203
2206.137612 0.863114118576
2208.77055 0.876189947128
2211.43222 0.872637033463
2214.01436 0.839421987534
2216.637621 0.845674037933
2219.24816 0.830742120743
2222.09759 0.834556102753
2224.696662 0.850569963455
2227.328735 0.85547208786
2229.914339 0.840312004089
2232.538761 0.835860967636
2235.147065 0.850644111633
2237.786145 0.854031085968
2240.380424 0.840830802917
2242.968811 0.838209152222
2245.585845 0.862874984741
2248.18032 0.834209918976
2250.794688 0.849216938019
2253.733127 0.86457490921
2256.357877 0.861669063568
2259.014316 0.86315703392
2261.618573 0.862885951996
2264.238365 0.855010032654
2266.848661 0.849909067154
2269.464249 0.848541021347
2272.179024 0.919730901718
2274.794944 0.855051994324
2277.472979 0.89853310585
2280.0137 0.842119932175
2282.613847 0.836587905884
2285.435674 0.837728023529
2288.079729 0.852386951447
2290.753666 0.863124132156
2293.370186 0.863039970398
2295.983468 0.848527193069
2298.579603 0.856597185135
2301.186947 0.844342947006
2303.796964 0.859817028046
2306.545729 0.954923152924
2309.111513 0.836110830307
2311.69426 0.840651988983
2314.295003 0.837375879288
2317.127731 0.861258029938
2319.769889 0.864578962326
2322.435429 0.861778974533
2325.054151 0.868564844131
2327.657342 0.854084968567
2330.363593 0.941745042801
2332.981308 0.856151103973
2335.582761 0.847561836243
2338.227944 0.828951120377
2340.947246 0.944288015366
2343.612311 0.84335398674
2346.265777 0.873107910156
2349.095634 0.838953018188
2351.70146 0.840130090714
2354.329803 0.847730875015
2356.9112 0.830101966858
2359.596751 0.909915924072
2362.311805 0.93745303154
2364.920849 0.845489025116
2367.527667 0.848651885986
2370.161961 0.834342002869
2372.761408 0.842114925385
2375.495582 0.953480005264
2378.098216 0.859786987305
2381.065461 0.943420171738
2383.695215 0.85030412674
2386.334357 0.847833871841
2388.950174 0.863182067871
2391.599875 0.862532138824
2394.215231 0.838027954102
2396.810773 0.853209018707
2399.401327 0.850377082825
2402.030886 0.836412906647
2404.631164 0.835904121399
2407.278216 0.856154918671
2409.902603 0.863535165787
2412.76079 0.856073856354
2415.32717 0.828006029129
2417.927056 0.844606876373
2420.495419 0.836369037628
2423.077443 0.817425012589
2425.660321 0.838355779648
2428.295781 0.86069893837
2430.91221 0.84651017189
2433.563668 0.870226144791
2436.185896 0.851655960083
2438.886537 0.941351890564
2441.593251 0.940449953079
2444.484338 0.849347829819
2447.176612 0.927221059799
2449.826739 0.864625930786
2452.417103 0.858164072037
2455.031458 0.837565898895
2457.693078 0.922646999359
2460.284888 0.859043121338
2462.895108 0.852162122726
2465.510231 0.836211919785
2468.077836 0.814418077469
2470.729883 0.863640069962
2473.343423 0.859305858612
2476.115892 0.85045003891
2478.793549 0.929141998291
2481.433118 0.8619120121
2484.026083 0.849061012268
2486.642541 0.848930120468
2489.244691 0.849407911301
2491.848774 0.862711906433
2494.5481 0.948274850845
2497.175686 0.864033937454
2499.783677 0.865161895752
2502.397654 0.852575063705
2505.008973 0.847023010254
2507.876866 0.85968208313
2510.502886 0.8614590168
2513.126918 0.850711107254
2515.744015 0.8542740345
2518.39477 0.863395929337
2520.976356 0.829309940338
2523.675946 0.941297054291
2526.270273 0.852609872818
2528.860511 0.843263864517
2531.46134 0.851274013519
2534.178779 0.94530916214
2536.776396 0.853937864304
2539.631536 0.860682010651
2542.226411 0.852373123169
2544.86369 0.87104177475
2547.494156 0.888554096222
2550.076396 0.84227013588
2552.67163 0.859366178513
2555.292573 0.837328910828
2557.876277 0.830242156982
2560.528155 0.854458093643
2563.12819 0.862164020538
2565.758903 0.849742889404
2568.35038 0.862879991531
2571.145203 0.838349819183
2573.846699 0.949934959412
2576.45946 0.846534967422
2579.06325 0.872680902481
2581.694112 0.854466915131
2584.300163 0.869484901428
2586.910163 0.882596969604
2589.480132 0.846606969833
2592.107825 0.846522808075
2594.674534 0.824826955795
2597.348295 0.906307935715
2599.943871 0.849808931351
2602.874856 0.852070093155
2605.463854 0.850537061691
2608.091558 0.861083984375
2610.744948 0.887881994247
2613.351989 0.84515786171
2615.94277 0.842304944992
2618.549706 0.853918075562
2621.158049 0.849499940872
2623.765669 0.852092981339
2626.356777 0.851459980011
2628.962783 0.864504098892
2631.568774 0.85357093811
2634.394586 0.844387054443
2636.975748 0.847109079361
2639.607948 0.842580080032
2642.209249 0.850263118744
2644.841333 0.859028100967
2647.575486 0.993649959564
2650.261356 0.862009048462
2652.874776 0.847691059113
2655.492461 0.837916851044
2658.099127 0.853075027466
2660.714759 0.841862201691
2663.307898 0.839108943939
2666.135103 0.848416090012
2668.74798 0.856602907181
2671.364324 0.869570970535
2673.995426 0.866274118423
2676.649513 0.863261938095
2679.280135 0.856559991837
2681.879017 0.84256696701
2684.473542 0.838984966278
2687.197343 0.959905147552
2689.780989 0.843389987946
2692.391116 0.83581495285
2695.007063 0.860203027725
2697.912207 0.860076904297
2700.507027 0.853696107864
2703.20851 0.925583839417
2705.793598 0.859795093536
2708.439197 0.866009950638
2711.030935 0.861175060272
2713.658561 0.850744009018
2716.259439 0.851920843124
2718.84092 0.838783025742
2721.446713 0.843477010727
2724.072842 0.850205183029
2726.693295 0.853616952896
2729.551844 0.845435142517
2732.173542 0.852449893951
2734.809851 0.849307060242
2737.392138 0.836390972137
2740.006923 0.851916074753
2742.613359 0.861997127533
2745.206072 0.840595006943
2747.891361 0.938928127289
2750.474171 0.839488983154
2753.056588 0.829641819
2755.643849 0.838783025742
2758.260318 0.85897898674
2761.06261 0.857776165009
2763.622936 0.835676908493
2766.28597 0.870919942856
2768.955559 0.897826910019
2771.595841 0.841868162155
2774.20885 0.864066839218
2776.826768 0.852810144424
2779.43329 0.866740942001
2782.024007 0.829059123993
2784.658079 0.867769956589
2787.286256 0.860336065292
2789.872726 0.829939126968
2792.775171 0.876448154449
2795.40599 0.853185892105
2797.992786 0.847012996674
2800.622331 0.865025997162
2803.280523 0.871845006943
2805.91107 0.848874807358
2808.539389 0.847764968872
2811.27332 0.940018892288
2813.906435 0.852467060089
2816.506771 0.848604917526
2819.122565 0.845721006393
2821.734201 0.845890045166
2824.623704 0.847790002823
2827.222348 0.862061977386
2829.939591 0.925565958023
2832.539013 0.836390972137
2835.145376 0.848418951035
2837.739371 0.852331876755
2840.373613 0.856574058533
2842.956758 0.841920137405
2845.576016 0.840340137482
2848.211326 0.860166072845
2850.830741 0.84898686409
2853.473707 0.871487855911
2856.276446 0.855783939362
2858.990451 0.928004026413
2861.604099 0.86125421524
2864.213835 0.858599901199
2866.839056 0.873338937759
2869.522191 0.919890165329
2872.156086 0.850500106812
2874.773642 0.840840101242
2877.406735 0.833287000656
2880.039551 0.856347084045
2882.739496 0.838322877884
2885.355124 0.852108001709
2888.189196 0.852698087692
2890.839175 0.917844057083
2893.53872 0.932735919952
2896.210719 0.91999912262
2898.855141 0.883043050766
2901.443769 0.849819898605
2904.039502 0.846158027649
2906.637015 0.843649864197
2909.237316 0.856118917465
2911.839729 0.856947898865
2914.428542 0.838413953781
2916.989482 0.830212116241
2919.91311 0.935823917389
2922.506159 0.850687026978
2925.138237 0.856024026871
2927.76382 0.856333971024
2930.414819 0.867928028107
2933.047728 0.869579076767
2935.622022 0.818873882294
2938.223427 0.856487989426
2940.905573 0.92324090004
2943.503767 0.848747014999
2946.11181 0.850609064102
2948.721963 0.861885786057
2951.640428 0.835395812988
2954.353311 0.935970067978
2956.97086 0.876116991043
2959.555923 0.831175088882
2962.286582 0.945146799088
2964.925065 0.847548961639
2967.592079 0.870640993118
2970.223783 0.868775844574
2972.820145 0.849295139313
2975.422349 0.852687835693
2978.079826 0.861977100372
2980.692841 0.85231590271
2983.572239 0.862733840942
2986.204493 0.864623785019
2988.820818 0.853932857513
2991.425243 0.85503411293
2994.052984 0.855508089066
2996.682534 0.867823123932
2999.320846 0.838934898376
3001.943206 0.871510028839
3004.536522 0.834959983826
3007.120023 0.838361024857
3009.770794 0.851659059525
3012.408093 0.846194028854
3015.170582 0.840469121933
3017.80354 0.855777025223
3020.430263 0.843088150024
3023.020517 0.841288089752
3025.659254 0.865522861481
3028.260372 0.846446990967
3030.886517 0.862197875977
3033.521425 0.850341081619
3036.137585 0.840397119522
3038.836734 0.916511058807
3041.476525 0.865751028061
3044.08793 0.838689088821
3046.936638 0.829640865326
3049.535571 0.851239919662
3052.176254 0.85004401207
3054.769074 0.849763870239
3057.411505 0.851938009262
3060.003971 0.832854986191
3062.670935 0.860370159149
3065.237698 0.831189870834
3067.851525 0.85308098793
3070.453689 0.847692966461
3073.070216 0.851860046387
3075.674603 0.859455108643
3078.544145 0.844120979309
3081.239328 0.949800014496
3083.854869 0.872575998306
3086.478601 0.856051921844
3089.092047 0.853494167328
3091.702993 0.857805967331
3094.309038 0.839034080505
3096.945431 0.869024038315
3099.551976 0.848722934723
3102.210239 0.879749059677
3104.819483 0.862285137177
3107.436649 0.871017932892
3110.353032 0.858816146851
3112.959423 0.864568948746
3115.606648 0.858643054962
3118.27046 0.92750120163
3120.891208 0.863841056824
3123.612782 0.95783495903
3126.218227 0.842446804047
3128.813575 0.864105939865
3131.451498 0.84149980545
3134.068366 0.83104300499
3136.804451 0.956717014313
3139.418435 0.866661787033
3142.368407 0.934410095215
3145.064499 0.929856061935
3147.669718 0.846715927124
3150.287369 0.848448038101
3152.912189 0.857430934906
3155.50734 0.849066972733
3158.170449 0.88418006897
3160.789488 0.861934900284
3163.452449 0.861428976059
3166.08516 0.856814861298
3168.768421 0.921752929688
3171.350869 0.823020935059
3174.19174 0.849020004272
3176.800964 0.855794906616
3179.405912 0.840667963028
3182.017549 0.858340978622
3184.637058 0.848546028137
3187.335799 0.92678809166
3189.935194 0.848731040955
3192.550873 0.861288070679
3195.171995 0.853322029114
3197.807129 0.872892856598
3200.410104 0.844150066376
3203.06873 0.852526903152
3205.902266 0.832938909531
3208.50145 0.850581169128
3211.118039 0.854296922684
3213.735601 0.852067947388
3216.336404 0.840229988098
3218.941252 0.847157001495
3221.535057 0.81879401207
3224.129147 0.843644142151
3226.76793 0.85236287117
3229.383229 0.851886987686
3231.970117 0.835504770279
3234.58799 0.853478908539
3237.45461 0.862063884735
3240.044541 0.84677696228
3242.750865 0.931903123856
3245.323715 0.845761060715
3247.933068 0.864726066589
3250.5212 0.847868919373
3253.149723 0.834991931915
3255.758115 0.864320993423
3258.40096 0.854784011841
3261.019118 0.845008134842
3263.650902 0.835694074631
3266.249705 0.828459024429
3269.090289 0.864515066147
3271.702185 0.859968900681
3274.300072 0.842930078506
3276.887933 0.845623970032
3279.566903 0.852182149887
3282.252801 0.928293228149
3284.858781 0.862809896469
3287.472984 0.849666833878
3290.200489 0.935137033463
3292.816585 0.840999126434
3295.453479 0.850357055664
3298.085349 0.862205982208
3300.982924 0.860375881195
3303.669659 0.919726848602
3306.306826 0.855862855911
3308.951642 0.868965864182
3311.567717 0.836422920227
3314.185628 0.839000940323
3316.799631 0.84707903862
3319.439346 0.860298871994
3322.066991 0.854851961136
3324.683771 0.860345840454
3327.340091 0.863569974899
3329.933761 0.830303907394
3332.883338 0.924155950546
3335.534658 0.863934993744
3338.171517 0.870580911636
3340.770916 0.844038009644
3343.416569 0.873339176178
3346.020724 0.849360227585
3348.671553 0.861493825912
3351.2995 0.860133886337
3353.999396 0.936461925507
3356.583367 0.838160991669
3359.20076 0.830555915833
3361.801128 0.838408946991
3364.678382 0.870800018311
3367.250877 0.828305006027
3369.849141 0.840200901031
3372.473449 0.844397068024
3375.081696 0.848117113113
3377.686125 0.846634149551
3380.389609 0.864135980606
3383.003328 0.848206996918
3385.667397 0.860861063004
3388.291564 0.868499040604
3390.916523 0.855139970779
3393.520457 0.8539249897
3396.433705 0.851078987122
3399.03977 0.852918148041
3401.693242 0.864087104797
3404.271159 0.84046292305
3406.897425 0.854187011719
3409.535242 0.894088029861
3412.1549 0.840382814407
3414.783349 0.851582050323
3417.398509 0.827900886536
3420.132494 0.954259872437
3422.772403 0.841305017471
3425.389496 0.856987953186
3428.222286 0.852504968643
3430.831686 0.834270954132
3433.467704 0.853188991547
3436.066581 0.835120201111
3438.689166 0.866539001465
3441.420109 0.947351932526
3444.099828 0.941361904144
3446.688175 0.834007978439
3449.331665 0.840175867081
3452.050325 0.949619054794
3454.648832 0.82941198349
3457.2745 0.857706069946
3460.131713 0.860873937607
3462.748859 0.854088068008
3465.404296 0.860992908478
3468.014935 0.851254940033
3470.653291 0.847832918167
3473.368889 0.928725004196
3475.980129 0.850259065628
3478.59832 0.861494064331
3481.214691 0.839808940887
3483.802425 0.854288101196
3486.473308 0.879098176956
3489.166999 0.938866853714
3492.088454 0.867065906525
3494.673464 0.847717046738
3497.282112 0.828038930893
3499.889668 0.866343975067
3502.538545 0.864104032516
3505.131417 0.83771109581
3507.768872 0.86150598526
3510.364381 0.856147050858
3512.981032 0.842991113663
3515.579274 0.860841989517
3518.305258 0.958091020584
3520.918157 0.845227003098
3523.799498 0.873427152634
3526.397709 0.854036092758
3529.021856 0.874776124954
3531.636709 0.852082014084
3534.321662 0.917994976044
3536.920672 0.843443155289
3539.615888 0.934219837189
3542.221786 0.873394012451
3544.864021 0.853651046753
3547.546984 0.946233034134
3550.188463 0.837970972061
3552.788953 0.871054887772
3555.662524 0.840636014938
3558.264773 0.864372014999
3560.871962 0.853944063187
3563.587294 0.930133104324
3566.230496 0.861253976822
3568.862849 0.908988952637
3571.523428 0.876646995544
3574.120103 0.853652000427
3576.731561 0.836123943329
3579.312505 0.837285995483
3581.880265 0.839958190918
3584.462299 0.852087974548
3587.375309 0.872894048691
3589.947266 0.829173088074
3592.562644 0.865425109863
3595.178609 0.865859031677
3597.814231 0.849170923233
3600.403424 0.845762968063
