2.511061 9999
4.637896 9999
6.796213 9999
8.925515 9999
11.04935 9999
13.196333 9999
15.336999 9999
17.477171 9999
19.617599 9999
21.759132 9999
23.904304 9999
26.037685 9999
28.182008 9999
30.316292 9999
32.452443 9999.0
34.725809 9999
36.861979 9999
39.017982 9999
41.140447 9999
43.279034 9999
45.414998 9999
47.550576 9999
49.684832 9999
51.846431 9999
53.995217 9999
56.157757 9999
58.281699 9999
60.417566 9999
62.547018 9999
64.863932 9999
67.005605 9999
69.139225 9999
71.26242 9999
73.411273 9999
75.55828 9999
77.700672 9999
79.840546 9999
81.975129 9999
84.112297 9999
86.23889 9999
88.398551 9999
90.56105 9999
92.686031 9999
94.817907 9999.0
97.086733 9999
99.219935 9999
101.357282 9999
103.482942 9999
105.61894 9999
107.762737 9999
109.889037 9999
112.03682 9999
114.176183 9999
116.31058 9999
118.434452 9999
120.580129 9999
122.706447 9999
124.829722 9999
126.954933 9999.0
129.234245 9999
131.347091 9999
133.482631 9999
135.597163 9999
137.74229 9999
139.835354 9999
141.968633 9999
144.0624 9999
146.174067 9999
148.291235 9999
150.411922 9999
152.549647 9999
154.647518 9999
156.750654 9999
158.865319 9999.0
161.223918 9999
163.36096 9999
165.462431 9999
167.571437 9999
169.68836 9999
171.78904 9999
173.933811 9999
176.070426 9999
178.186628 9999
180.315038 9999
182.441343 9999
184.591624 9999
186.705157 9999
188.860184 9999
190.994964 9999.0
193.326863 9999
195.429635 9999
197.550684 9999
199.696183 9999
201.810963 9999
203.934879 9999
206.062854 9999
208.18288 9999
210.307607 9999
212.418285 9999
214.552968 9999
216.669126 9999
218.802794 9999
220.928556 9999
223.05029 9999.0
225.356074 9999
227.477146 9999
229.561843 9999
231.653185 9999
233.77517 9999
235.902935 9999
238.017845 9999
240.137337 9999
242.262949 9999
244.377432 9999
246.519427 9999
248.643555 9999
250.746328 9999
252.849214 9999
254.974598 9999.0
257.477426 9999
259.603529 9999
261.705047 9999
263.827751 9999
265.949663 9999
268.065691 9999
270.189604 9999
272.321752 9999
274.431937 9999
276.55842 9999
278.667614 9999
280.84288 9999
282.963659 9999
285.126514 9999
287.229524 9999.0
289.557656 9999
291.727431 9999
293.876675 9999
296.022608 9999
298.171301 9999
300.367278 9999
302.52286 9999
304.686365 9999
306.812629 9999
308.946636 9999
311.071828 9999
313.20685 9999
315.352133 9999
317.488218 9999.0
319.795119 9999
321.944397 9999
324.081607 9999
326.247975 9999
328.399177 9999
330.536732 9999
332.679596 9999
334.830632 9999
337.075083 9999
339.220475 9999
341.358578 9999
343.52682 9999
345.687001 9999
347.828771 9999.0
350.167083 9999
352.341234 9999
354.487718 9999
356.620861 9999
358.792146 9999
360.943192 9999
363.106448 9999
365.250649 9999
367.408461 9999
369.570592 9999
371.717515 9999
373.830158 9999
375.963708 9999
378.116036 9999.0
380.407465 9999
382.550999 9999
384.697108 9999
386.838748 9999
388.984189 9999
391.121761 9999
393.280071 9999
395.409886 9999
397.606517 9999
399.750972 9999
401.92225 9999
404.059743 9999
406.195252 9999
408.353812 9999.0
410.646847 9999
412.793316 9999
414.918698 9999
417.034249 9999
419.164511 9999
421.31336 9999
423.452098 9999
425.584276 9999
427.733182 9999
429.869599 9999
432.039515 9999
434.188964 9999
436.3502 9999
438.489848 9999
440.817531 9999
442.95427 9999
445.07315 9999
447.198907 9999
449.337285 9999
451.593541 9999
453.71562 9999
455.852863 9999
458.097509 9999
460.243366 9999
462.37434 9999
464.488803 9999
466.606387 9999
468.715719 9999.0
471.030257 9999
473.174426 9999
475.325024 9999
477.439732 9999
479.563533 9999
481.702517 9999
483.822784 9999
485.950434 9999
488.106086 9999
490.244953 9999
492.417803 9999
494.550446 9999
496.711428 9999
498.868896 9999
501.183087 9999
503.332686 9999
505.472533 9999
507.619225 9999
509.76915 9999
511.904074 9999
514.041801 9999
516.222268 9999
518.37044 9999
520.520092 9999
522.651688 9999
524.788893 9999
526.93925 9999
529.078189 9999.0
531.393125 9999
533.512322 9999
535.626418 9999
537.774056 9999
539.898291 9999
542.034671 9999
544.168942 9999
546.286043 9999
548.405664 9999
550.54082 9999
552.677464 9999
554.806932 9999
556.926841 9999
559.066037 9999
561.208278 9999.0
563.49368 9999
565.627448 9999
567.757902 9999
569.88154 9999
572.02602 9999
574.293476 9999
576.43941 9999
578.595119 9999
580.757456 9999
582.90671 9999
585.042897 9999
587.187787 9999
589.33019 9999
591.474577 9999.0
593.742501 9999
595.876202 9999
598.012498 9999
600.151445 9999
602.273068 9999
604.470208 9999
606.580216 9999
608.731973 9999
610.86359 9999
612.989246 9999
615.105265 9999
617.247458 9999
619.398934 9999
621.523291 9999
623.660661 9999.0
625.996078 9999
628.10999 9999
630.255253 9999
632.358592 9999
634.493794 9999
636.628237 9999
638.742741 9999
640.878243 9999
643.034617 9999
645.165729 9999
647.308324 9999
649.435549 9999
651.581065 9999
653.718028 9999
655.829484 9999.0
658.146209 9999
660.317271 9999
662.454804 9999
664.581571 9999
666.713517 9999
668.871554 9999
671.019363 9999
673.159955 9999
675.296606 9999
677.430824 9999
679.59006 9999
681.725421 9999
683.856787 9999
685.988801 9999
688.352889 9999
690.507693 9999
692.653605 9999
694.761216 9999
696.894911 9999
699.03937 9999
701.191379 9999
703.330203 9999
705.451174 9999
707.574973 9999
709.673301 9999
711.833078 9999
713.944578 9999
716.062491 9999
718.185711 9999.0
720.521116 9999
722.645632 9999
724.794833 9999
726.942283 9999
729.08209 9999
731.212482 9999
733.364573 9999
735.532159 9999
737.670331 9999
739.831177 9999
741.988738 9999
744.115772 9999
746.20831 9999
748.302684 9999
750.404374 9999.0
752.751998 9999
754.925785 9999
757.071506 9999
759.223391 9999
761.354087 9999
763.496024 9999
765.664035 9999
767.812874 9999
770.002096 9999
772.144918 9999
774.291974 9999
776.454262 9999
778.603138 9999
780.727255 9999.0
783.079427 9999
785.190386 9999
787.341892 9999
789.485582 9999
791.622172 9999
793.767933 9999
795.905197 9999
798.054476 9999
800.202588 9999
802.376505 9999
804.511948 9999
806.643543 9999
808.772083 9999
810.885622 9999
813.039802 9999.0
815.361743 9999
817.521544 9999
819.650576 9999
821.806275 9999
823.938542 9999
826.047563 9999
828.147595 9999
830.32273 9999
832.455194 9999
834.581559 9999
836.711368 9999
838.825939 9999
840.938985 9999
843.090191 9999
845.238411 9999.0
847.569771 9999
849.717254 9999
851.886284 9999
854.037593 9999
856.172625 9999
858.315294 9999
860.502836 9999
862.641098 9999
864.760472 9999
866.901347 9999
869.037455 9999
871.169712 9999
873.330512 9999
875.48005 9999.0
877.782728 9999
879.945872 9999
882.103441 9999
884.24809 9999
886.411601 9999
888.569087 9999
890.746205 9999
892.8881 9999
895.038593 9999
897.178342 9999
899.31407 9999
901.459296 9999
903.60762 9999
905.752498 9999.0
908.073986 9999
910.184798 9999
912.308679 9999
914.453885 9999
916.56586 9999
918.678807 9999
920.823537 9999
922.98461 9999
925.122407 9999
927.280391 9999
929.427331 9999
931.578541 9999
933.733476 9999
935.898806 9999
938.037631 9999.0
940.335544 9999
942.501744 9999
944.634727 9999
946.784134 9999
948.909077 9999
951.042308 9999
953.176112 9999
955.316459 9999
957.453698 9999
959.607198 9999
961.773594 9999
963.915782 9999
966.058614 9999
968.201992 9999.0
970.529517 9999
972.678475 9999
974.826969 9999
976.935944 9999
979.076717 9999
981.256353 9999
983.395295 9999
985.544682 9999
987.678029 9999
989.829352 9999
992.001194 9999
994.144383 9999
996.292251 9999
998.426329 9999.0
1000.767979 9999
1002.929101 9999
1005.052382 9999
1007.212105 9999
1009.374214 9999
1011.512729 9999
1013.638227 9999
1015.783827 9999
1017.934151 9999
1020.07595 9999
1022.263363 9999
1024.411887 9999
1026.605997 9999
1028.752162 9999.0
1031.097555 9999
1033.257531 9999
1035.397401 9999
1037.514549 9999
1039.627073 9999
1041.96878 9999
1044.114387 9999
1046.28375 9999
1048.437796 9999
1050.604356 9999
1052.778533 9999
1054.938593 9999
1057.079308 9999
1059.234639 9999.0
1061.547955 9999
1063.689872 9999
1065.80217 9999
1067.921585 9999
1070.057039 9999
1072.180986 9999
1074.306129 9999
1076.442021 9999
1078.541799 9999
1080.663021 9999
1082.763618 9999
1084.899211 9999
1087.096526 9999
1089.236599 9999
1091.335272 9999.0
1093.687498 9999
1095.811058 9999
1097.950422 9999
1100.08553 9999
1102.210672 9999
1104.343543 9999
1106.454731 9999
1108.568653 9999
1110.725174 9999
1112.840902 9999
1114.965536 9999
1117.108253 9999
1119.270364 9999
1121.405219 9999
1123.549053 9999.0
1125.883572 9999
1128.054238 9999
1130.186457 9999
1132.335756 9999
1134.450639 9999
1136.574741 9999
1138.672731 9999
1140.832403 9999
1143.01593 9999
1145.140958 9999
1147.282619 9999
1149.435763 9999
1151.572551 9999
1153.69813 9999
1155.837686 9999.0
1158.139221 9999
1160.26472 9999
1162.386552 9999
1164.533696 9999
1166.671342 9999
1168.815533 9999
1170.939354 9999
1173.084371 9999
1175.204927 9999
1177.325276 9999
1179.478298 9999
1181.609232 9999
1183.745085 9999
1185.868982 9999
1187.958447 9999.0
1190.310606 9999
1192.408272 9999
1194.502603 9999
1196.626102 9999
1198.758219 9999
1200.891948 9999
1203.022645 9999
1205.143302 9999
1207.280152 9999
1209.399675 9999
1211.489731 9999
1213.614504 9999
1215.729381 9999
1217.865854 9999
1220.008053 9999.0
1222.37811 9999
1224.51046 9999
1226.64601 9999
1228.794861 9999
1230.93348 9999
1233.073538 9999
1235.218307 9999
1237.33006 9999
1239.450048 9999
1241.551655 9999
1243.674965 9999
1245.82009 9999
1247.961629 9999
1250.118027 9999
1252.275805 9999.0
1254.605875 9999
1256.770163 9999
1258.901404 9999
1261.02395 9999
1263.183702 9999
1265.345481 9999
1267.505807 9999
1269.656135 9999
1271.814997 9999
1273.973216 9999
1276.098753 9999
1278.232649 9999
1280.40742 9999
1282.567922 9999.0
1284.905325 9999
1287.035721 9999
1289.17561 9999
1291.293214 9999
1293.434934 9999
1295.562536 9999
1297.712331 9999
1299.845393 9999
1301.970769 9999
1304.097732 9999
1306.177329 9999
1308.305472 9999
1310.414616 9999
1312.548505 9999
1314.69118 9999.0
1317.076991 9999
1319.21547 9999
1321.312492 9999
1323.444859 9999
1325.565361 9999
1327.69525 9999
1329.84911 9999
1331.962645 9999
1334.118963 9999
1336.245537 9999
1338.369112 9999
1340.498917 9999
1342.61454 9999
1344.762283 9999
1346.888406 9999.0
1349.248884 9999
1351.387213 9999
1353.535793 9999
1355.647602 9999
1357.783065 9999
1359.91987 9999
1362.087646 9999
1364.2508 9999
1366.401651 9999
1368.559071 9999
1370.6981 9999
1372.841767 9999
1374.987865 9999
1377.124489 9999.0
1379.489994 9999
1381.635404 9999
1383.758135 9999
1385.863149 9999
1387.986211 9999
1390.147491 9999
1392.28264 9999
1394.420257 9999
1396.55533 9999
1398.701641 9999
1400.846191 9999
1402.965374 9999
1405.098816 9999
1407.222706 9999
1409.359172 9999.0
1411.757291 9999
1413.892001 9999
1416.009346 9999
1418.119697 9999
1420.241873 9999
1422.401658 9999
1424.565187 9999
1426.698631 9999
1428.831569 9999
1430.960373 9999
1433.120823 9999
1435.269381 9999
1437.415115 9999
1439.560461 9999
1441.69583 9999.0
1444.086834 9999
1446.223959 9999
1448.367669 9999
1450.49468 9999
1452.632133 9999
1454.751916 9999
1456.915929 9999
1459.060325 9999
1461.199321 9999
1463.32985 9999
1465.50694 9999
1467.640079 9999
1469.790721 9999
1471.949725 9999.0
1474.277926 9999
1476.406381 9999
1478.547069 9999
1480.68936 9999
1482.811621 9999
1484.922686 9999
1487.048326 9999
1489.167952 9999
1491.333685 9999
1493.493366 9999
1495.624315 9999
1497.751092 9999
1499.872986 9999
1502.007781 9999
1504.14796 9999.0
1506.532433 9999
1508.672426 9999
1510.792127 9999
1512.918623 9999
1515.062779 9999
1517.190981 9999
1519.320974 9999
1521.425112 9999
1523.542444 9999
1525.672374 9999
1527.796971 9999
1529.945233 9999
1532.083736 9999
1534.203159 9999
1536.357953 9999.0
1538.718615 9999
1540.890879 9999
1543.017425 9999
1545.162992 9999
1547.296783 9999
1549.425186 9999
1551.546904 9999
1553.689345 9999
1555.845304 9999
1558.004071 9999
1560.147371 9999
1562.311262 9999
1564.433871 9999
1566.58579 9999.0
1568.932735 9999
1571.080822 9999
1573.252903 9999
1575.387528 9999
1577.527596 9999
1579.66315 9999
1581.807391 9999
1583.924362 9999
1586.070409 9999
1588.230595 9999
1590.377853 9999
1592.513727 9999
1594.64979 9999
1596.774344 9999
1599.195236 9999
1601.342923 9999
1603.482229 9999
1605.640911 9999
1607.77932 9999
1609.911808 9999
1612.047824 9999
1614.17721 9999
1616.3208 9999
1618.463285 9999
1620.63147 9999
1622.788897 9999
1624.92618 9999
1627.050222 9999
1629.42339 9999
1631.561693 9999
1633.708261 9999
1635.810803 9999
1637.982884 9999
1640.275346 9999
1642.410809 9999
1644.569779 9999
1646.703621 9999
1648.856486 9999
1650.991041 9999
1653.150299 9999
1655.322897 9999
1657.46186 9999.0
1659.857854 9999
1662.018838 9999
1664.142552 9999
1666.286522 9999
1668.413674 9999
1670.528473 9999
1672.648221 9999
1674.797716 9999
1676.91127 9999
1679.058044 9999
1681.217252 9999
1683.342223 9999
1685.490576 9999
1687.639985 9999
1689.760274 9999.0
1692.099942 9999
1694.258469 9999
1696.410439 9999
1698.54749 9999
1700.68011 9999
1702.842714 9999
1704.993076 9999
1707.162461 9999
1709.29601 9999
1711.431714 9999
1713.567657 9999
1715.725277 9999
1717.842424 9999
1719.978835 9999.0
1722.332834 9999
1724.470047 9999
1726.613764 9999
1728.774298 9999
1730.91127 9999
1733.061806 9999
1735.221895 9999
1737.367215 9999
1739.515704 9999
1741.662176 9999
1743.834825 9999
1746.004391 9999
1748.132863 9999
1750.288362 9999.0
1752.640689 9999
1754.766439 9999
1756.892816 9999
1759.036232 9999
1761.186078 9999
1763.326241 9999
1765.493359 9999
1767.654519 9999
1769.827322 9999
1771.986715 9999
1774.134413 9999
1776.279878 9999
1778.443956 9999
1780.566178 9999.0
1782.937544 9999
1785.067731 9999
1787.20142 9999
1789.349275 9999
1791.478374 9999
1793.612539 9999
1795.781599 9999
1797.909185 9999
1800.016525 9999
1802.141924 9999
1804.288087 9999
1806.439435 9999
1808.575779 9999
1810.701318 9999
1812.821948 9999.0
1815.171213 9999
1817.336458 9999
1819.459936 9999
1821.584278 9999
1823.715297 9999
1825.862841 9999
1827.992892 9999
1830.1389 9999
1832.277568 9999
1834.422062 9999
1836.501501 9999
1838.632246 9999
1840.755876 9999
1842.882825 9999
1845.027541 9999.0
1847.540487 9999
1849.66335 9999
1851.854615 9999
1854.003254 9999
1856.150812 9999
1858.306355 9999
1860.437615 9999
1862.583934 9999
1864.743469 9999
1866.895383 9999
1869.03283 9999
1871.164357 9999
1873.3137 9999
1875.471742 9999.0
1877.801767 9999
1879.947603 9999
1882.083073 9999
1884.233308 9999
1886.382288 9999
1888.506552 9999
1890.642107 9999
1892.793239 9999
1894.950182 9999
1897.111906 9999
1899.235243 9999
1901.37844 9999
1903.528558 9999
1905.662267 9999.0
1908.020558 9999
1910.165488 9999
1912.305669 9999
1914.421031 9999
1916.552995 9999
1918.699514 9999
1920.840887 9999
1922.982186 9999
1925.121894 9999
1927.249195 9999
1929.354002 9999
1931.536413 9999
1933.658752 9999
1935.807565 9999
1937.955698 9999.0
1940.320075 9999
1942.482521 9999
1944.629898 9999
1946.787468 9999
1948.894626 9999
1951.00177 9999
1953.093324 9999
1955.205604 9999
1957.515578 9999
1959.617805 9999
1961.766091 9999
1963.900806 9999
1966.030678 9999
1968.13284 9999
1970.252591 9999.0
1972.637998 9999
1974.761834 9999
1976.898572 9999
1979.02186 9999
1981.171145 9999
1983.321741 9999
1985.455631 9999
1987.588152 9999
1989.669489 9999
1991.863418 9999
1994.002267 9999
1996.113482 9999
1998.24792 9999
2000.371035 9999
2002.49593 9999.0
2004.846177 9999
2007.002961 9999
2009.116514 9999
2011.27606 9999
2013.426497 9999
2015.553265 9999
2017.662391 9999
2019.780636 9999
2021.908114 9999
2024.001056 9999
2026.136945 9999
2028.262553 9999
2030.362019 9999
2032.486425 9999
2034.6195 9999.0
2036.95856 9999
2039.080923 9999
2041.246547 9999
2043.38819 9999
2045.547148 9999
2047.711579 9999
2049.861643 9999
2052.065015 9999
2054.202278 9999
2056.338743 9999
2058.453592 9999
2060.59688 9999
2062.710185 9999
2064.837725 9999.0
2067.225344 9999
2069.371048 9999
2071.527752 9999
2073.658839 9999
2075.804789 9999
2077.926182 9999
2080.041815 9999
2082.152564 9999
2084.28725 9999
2086.39801 9999
2088.509634 9999
2090.61931 9999
2092.794133 9999
2094.910093 9999
2097.027534 9999.0
2099.370003 9999
2101.497506 9999
2103.655287 9999
2105.793124 9999
2107.923231 9999
2110.064129 9999
2112.206979 9999
2114.307141 9999
2116.423183 9999
2118.56122 9999
2120.694961 9999
2122.857834 9999
2124.988531 9999
2127.111541 9999
2129.261706 9999.0
2131.613999 9999
2133.785516 9999
2135.931873 9999
2138.069231 9999
2140.203708 9999
2142.401661 9999
2144.550146 9999
2146.657341 9999
2148.807524 9999
2150.931293 9999
2153.102581 9999
2155.233217 9999
2157.397179 9999
2159.577505 9999.0
2161.974227 9999
2164.136026 9999
2166.279096 9999
2168.41009 9999
2170.554657 9999
2172.706137 9999
2174.864289 9999
2177.034957 9999
2179.183937 9999
2181.301964 9999
2183.421348 9999
2185.612433 9999
2187.811323 9999
2189.957961 9999.0
2192.324955 9999
2194.48313 9999
2196.629434 9999
2198.741772 9999
2200.865859 9999
2202.990253 9999
2205.093908 9999
2207.218536 9999
2209.339603 9999
2211.478464 9999
2213.623805 9999
2215.766796 9999
2217.910012 9999
2220.042672 9999
2222.188423 9999.0
2224.538784 9999
2226.69804 9999
2228.820325 9999
2230.973973 9999
2233.125795 9999
2235.28297 9999
2237.439187 9999
2239.581661 9999
2241.73993 9999
2243.886157 9999
2246.012966 9999
2248.169219 9999
2250.305863 9999
2252.440921 9999.0
2254.927079 9999
2257.075934 9999
2259.223714 9999
2261.342961 9999
2263.484299 9999
2265.61768 9999
2267.743122 9999
2269.878608 9999
2272.003176 9999
2274.135672 9999
2276.288739 9999
2278.431685 9999
2280.592553 9999
2282.753035 9999
2284.900741 9999.0
2287.251946 9999
2289.390778 9999
2291.529645 9999
2293.697625 9999
2295.835125 9999
2297.982771 9999
2300.134116 9999
2302.255013 9999
2304.5251 9999
2306.691747 9999
2308.833296 9999
2310.976542 9999
2313.094534 9999
2315.238245 9999.0
2317.589428 9999
2319.753516 9999
2321.889907 9999
2324.022755 9999
2326.144203 9999
2328.269299 9999
2330.398203 9999
2332.554256 9999
2334.693819 9999
2336.838254 9999
2338.997556 9999
2341.119136 9999
2343.282136 9999
2345.382797 9999
2347.517155 9999.0
2349.87082 9999
2352.06974 9999
2354.216309 9999
2356.362742 9999
2358.500699 9999
2360.649909 9999
2362.831248 9999
2364.952816 9999
2367.103557 9999
2369.246839 9999
2371.412829 9999
2373.579463 9999
2375.727909 9999
2377.889992 9999.0
2380.262923 9999
2382.39037 9999
2384.777567 9999
2386.911484 9999
2389.082417 9999
2391.213524 9999
2393.358126 9999
2395.507958 9999
2397.667372 9999
2399.823316 9999
2401.939375 9999
2404.112225 9999
2406.25514 9999
2408.429102 9999.0
2410.790042 9999
2412.944656 9999
2415.087077 9999
2417.241924 9999
2419.386007 9999
2421.537016 9999
2423.704497 9999
2425.846029 9999
2427.990207 9999
2430.126997 9999
2432.259326 9999
2434.411251 9999
2436.546558 9999
2438.709056 9999.0
2441.058204 9999
2443.194645 9999
2445.338402 9999
2447.487384 9999
2449.617708 9999
2451.762542 9999
2453.909411 9999
2456.046106 9999
2458.185578 9999
2460.304767 9999
2462.443964 9999
2464.574749 9999
2466.711699 9999
2468.838186 9999
2470.962398 9999.0
2473.336786 9999
2475.484398 9999
2477.620949 9999
2479.770014 9999
2481.917336 9999
2484.088269 9999
2486.23724 9999
2488.362025 9999
2490.545079 9999
2492.672519 9999
2494.825844 9999
2496.967611 9999
2499.103652 9999
2501.247936 9999.0
2503.649695 9999
2505.800074 9999
2507.970956 9999
2510.121737 9999
2512.291602 9999
2514.439543 9999
2516.577912 9999
2518.713645 9999
2520.956231 9999
2523.106196 9999
2525.251653 9999
2527.443829 9999
2529.595268 9999
2531.732478 9999.0
2534.126819 9999
2536.279426 9999
2538.42585 9999
2540.573661 9999
2542.702416 9999
2544.835943 9999
2546.959996 9999
2549.070092 9999
2551.121534 9999
2553.243446 9999
2555.381115 9999
2557.494799 9999
2559.611144 9999
2561.757657 9999
2563.868718 9999.0
2566.218908 9999
2568.338393 9999
2570.442415 9999
2572.577476 9999
2574.710919 9999
2576.896211 9999
2579.034334 9999
2581.193775 9999
2583.317797 9999
2585.475397 9999
2587.588986 9999
2589.728915 9999
2591.874249 9999
2594.001682 9999
2596.145651 9999.0
2598.548639 9999
2600.682535 9999
2602.817493 9999
2604.939111 9999
2607.078135 9999
2609.213361 9999
2611.347059 9999
2613.474428 9999
2615.634005 9999
2617.743964 9999
2619.917603 9999
2622.075986 9999
2624.213218 9999
2626.349076 9999
2628.516567 9999.0
2630.908629 9999
2633.058929 9999
2635.218191 9999
2637.398833 9999
2639.517162 9999
2641.661483 9999
2643.806665 9999
2645.933692 9999
2648.083928 9999
2650.229549 9999
2652.391681 9999
2654.536172 9999
2656.676839 9999
2658.835126 9999.0
2661.209448 9999
2663.335288 9999
2665.470651 9999
2667.582713 9999
2669.718538 9999
2671.879491 9999
2674.018142 9999
2676.151593 9999
2678.307719 9999
2680.43495 9999
2682.586302 9999
2684.741991 9999
2686.891497 9999
2689.028949 9999
2691.165286 9999.0
2693.540391 9999
2695.688186 9999
2697.797592 9999
2699.946787 9999
2702.084789 9999
2704.216732 9999
2706.334084 9999
2708.475642 9999
2710.599746 9999
2712.747766 9999
2714.878497 9999
2717.033285 9999
2719.155633 9999
2721.25717 9999
2723.379019 9999.0
2725.806291 9999
2727.941557 9999
2730.088468 9999
2732.238816 9999
2734.39664 9999
2736.533189 9999
2738.68224 9999
2740.821771 9999
2742.966914 9999
2745.135641 9999
2747.282048 9999
2749.432697 9999
2751.590756 9999
2753.703466 9999.0
2756.069935 9999
2758.226961 9999
2760.39264 9999
2762.53678 9999
2764.701193 9999
2766.833518 9999
2768.947435 9999
2771.08218 9999
2773.228168 9999
2775.354341 9999
2777.487223 9999
2779.637675 9999
2781.762484 9999
2783.908456 9999
2786.32574 9999
2788.470517 9999
2790.622295 9999
2792.754094 9999
2794.882276 9999
2797.002497 9999
2799.176547 9999
2801.289225 9999
2803.422423 9999
2805.555161 9999
2807.66994 9999
2809.804101 9999
2811.932144 9999
2814.077724 9999
2816.201679 9999.0
2818.590399 9999
2820.726321 9999
2822.901665 9999
2825.033718 9999
2827.167121 9999
2829.296979 9999
2831.427723 9999
2833.543682 9999
2835.677152 9999
2837.803661 9999
2839.962426 9999
2842.082511 9999
2844.22361 9999
2846.33223 9999
2848.472738 9999.0
2850.859023 9999
2853.017411 9999
2855.145946 9999
2857.290249 9999
2859.416518 9999
2861.550546 9999
2863.678086 9999
2865.822459 9999
2867.94795 9999
2870.083186 9999
2872.218616 9999
2874.351378 9999
2876.487484 9999
2878.647688 9999
2880.811067 9999.0
2883.231602 9999
2885.358049 9999
2887.512643 9999
2889.65314 9999
2891.785317 9999
2893.913638 9999
2896.059392 9999
2898.185361 9999
2900.322553 9999
2902.466457 9999
2904.6271 9999
2906.787967 9999
2908.910855 9999
2911.029253 9999
2913.160313 9999.0
2915.538581 9999
2917.69868 9999
2919.836167 9999
2921.990531 9999
2924.142779 9999
2926.267355 9999
2928.388653 9999
2930.536171 9999
2932.672403 9999
2934.823395 9999
2936.967887 9999
2939.107657 9999
2941.254852 9999
2943.367043 9999
2945.500307 9999.0
2947.902547 9999
2950.036091 9999
2952.159407 9999
2954.299694 9999
2956.440447 9999
2958.580801 9999
2960.739443 9999
2962.856811 9999
2965.027915 9999
2967.156119 9999
2969.27579 9999
2971.389109 9999
2973.510864 9999
2975.670114 9999
2977.794866 9999.0
2980.145086 9999
2982.305527 9999
2984.47603 9999
2986.641513 9999
2988.786202 9999
2990.946493 9999
2993.070855 9999
2995.210173 9999
2997.378099 9999
2999.517649 9999
3001.653157 9999
3003.796531 9999
3005.912586 9999
3008.079212 9999.0
3010.458563 9999
3012.603942 9999
3014.740645 9999
3016.888669 9999
3019.026379 9999
3021.195497 9999
3023.337251 9999
3025.470973 9999
3027.617908 9999
3029.780908 9999
3031.926955 9999
3034.054049 9999
3036.223542 9999
3038.391967 9999.0
3040.84897 9999
3042.999454 9999
3045.129194 9999
3047.24956 9999
3049.374468 9999
3051.532815 9999
3053.693748 9999
3055.838641 9999
3057.978064 9999
3060.111869 9999
3062.244827 9999
3064.364918 9999
3066.498635 9999
3068.64618 9999
3070.792112 9999.0
3073.240821 9999
3075.391653 9999
3077.551174 9999
3079.695236 9999
3081.837571 9999
3083.980769 9999
3086.117673 9999
3088.263486 9999
3090.414085 9999
3092.547522 9999
3094.68927 9999
3096.834054 9999
3098.984243 9999
3101.110193 9999.0
3103.507087 9999
3105.63977 9999
3107.774483 9999
3109.918418 9999
3112.062739 9999
3114.190631 9999
3116.307586 9999
3118.447864 9999
3120.584026 9999
3122.729454 9999
3124.85601 9999
3127.00034 9999
3129.127088 9999
3131.24974 9999
3133.347118 9999.0
3135.769734 9999
3137.911442 9999
3140.034511 9999
3142.154696 9999
3144.28982 9999
3146.432473 9999
3148.57593 9999
3150.697995 9999
3152.858469 9999
3154.987106 9999
3157.120984 9999
3159.256825 9999
3161.370551 9999
3163.50209 9999
3165.631464 9999.0
3167.993596 9999
3170.14409 9999
3172.293379 9999
3174.434972 9999
3176.586005 9999
3178.711805 9999
3180.845801 9999
3182.979184 9999
3185.155426 9999
3187.301737 9999
3189.422586 9999
3191.586514 9999
3193.744397 9999
3195.906093 9999.0
3198.27883 9999
3200.442709 9999
3202.603312 9999
3204.748259 9999
3206.875545 9999
3209.019916 9999
3211.147923 9999
3213.306831 9999
3215.475956 9999
3217.623802 9999
3219.808504 9999
3221.960369 9999
3224.119008 9999
3226.264963 9999.0
3228.656878 9999
3230.80521 9999
3232.941682 9999
3235.101138 9999
3237.270552 9999
3239.397875 9999
3241.565684 9999
3243.702764 9999
3245.854145 9999
3248.000974 9999
3250.14502 9999
3252.2832 9999
3254.405975 9999
3256.554919 9999.0
3258.951691 9999
3261.104537 9999
3263.251113 9999
3265.420486 9999
3267.570046 9999
3269.706176 9999
3271.844323 9999
3273.997522 9999
3276.173177 9999
3278.297298 9999
3280.413296 9999
3282.543492 9999
3284.655465 9999
3286.813974 9999.0
3289.202153 9999
3291.366572 9999
3293.498493 9999
3295.635607 9999
3297.787677 9999
3299.911089 9999
3302.04733 9999
3304.20602 9999
3306.355076 9999
3308.486313 9999
3310.64135 9999
3312.740979 9999
3314.876724 9999
3317.012957 9999
3319.401068 9999
3321.561902 9999
3323.69576 9999
3325.876506 9999
3328.035677 9999
3330.210897 9999
3332.381235 9999
3334.496859 9999
3336.63007 9999
3338.7574 9999
3340.902086 9999
3343.041142 9999
3345.174086 9999
3347.301003 9999.0
3349.675108 9999
3351.832941 9999
3353.98324 9999
3356.126008 9999
3358.252633 9999
3360.363568 9999
3362.505141 9999
3364.655542 9999
3366.769002 9999
3368.899653 9999
3371.055055 9999
3373.197511 9999
3375.369721 9999
3377.49445 9999
3379.879233 9999
3382.024168 9999
3384.159658 9999
3386.320446 9999
3388.455709 9999
3390.604426 9999
3392.767109 9999
3394.899218 9999
3397.048377 9999
3399.197572 9999
3401.337341 9999
3403.494984 9999
3405.521558 9999
3407.704899 9999
3409.867691 9999.0
3412.261237 9999
3414.427682 9999
3416.566246 9999
3418.719574 9999
3420.854453 9999
3422.992074 9999
3425.117075 9999
3427.242931 9999
3429.393955 9999
3431.533789 9999
3433.67167 9999
3435.802261 9999
3437.914056 9999
3440.057164 9999
3442.190993 9999.0
3444.580898 9999
3446.706753 9999
3448.833891 9999
3450.975324 9999
3453.134831 9999
3455.250653 9999
3457.37712 9999
3459.50952 9999
3461.645586 9999
3463.766886 9999
3465.891438 9999
3467.996838 9999
3470.102547 9999
3472.25636 9999
3474.376305 9999.0
3476.789151 9999
3478.931983 9999
3481.049295 9999
3483.172648 9999
3485.28578 9999
3487.394328 9999
3489.522493 9999
3491.620581 9999
3493.769622 9999
3495.908825 9999
3498.045958 9999
3500.189439 9999
3502.323786 9999
3504.441555 9999
3506.549779 9999.0
3508.95059 9999
3511.098913 9999
3513.232159 9999
3515.38424 9999
3517.527667 9999
3519.678043 9999
3521.830071 9999
3523.941966 9999
3526.098412 9999
3528.255793 9999
3530.394258 9999
3532.577725 9999
3534.740501 9999
3536.877332 9999.0
3539.246209 9999
3541.387416 9999
3543.545142 9999
3545.694984 9999
3547.84278 9999
3550.000124 9999
3552.149889 9999
3554.274625 9999
3556.433293 9999
3558.583076 9999
3560.734493 9999
3562.878286 9999
3565.037392 9999
3567.160067 9999.0
3569.599021 9999
3571.747478 9999
3573.916033 9999
3576.064104 9999
3578.224336 9999
3580.386092 9999
3582.522011 9999
3584.682454 9999
3586.831616 9999
3588.976869 9999
3591.141837 9999
3593.265613 9999
3595.420633 9999
3597.570979 9999.0
3599.969644 9999
3602.094385 9999
