5.541259 9999
11.143807 9999
17.2107 0.898048321406
23.285161 0.908341964086
29.219365 0.88498878479
36.663372 9999.0
42.87804 0.883289893468
48.948621 0.899272680283
55.053402 0.929698944092
61.073966 0.896214326223
67.9165 9999.0
74.18479 0.922965447108
85.041828 9999
98.13365 3.20037968953
104.335924 0.91907898585
117.234934 9999
130.13638 3.16678667068
136.456953 0.931159893672
142.627239 0.927426338196
148.714094 0.920054912567
154.818491 0.918879350026
167.827188 3.19275474548
174.048092 0.896876970927
180.068829 0.878636757533
186.155753 0.903385241826
192.160574 0.882663647334
198.280862 0.9356396993
204.601726 0.933409611384
210.555446 0.897946357727
221.512672 9999
227.600493 0.894015550613
233.770788 0.911913394928
246.913375 3.20192273458
253.067178 0.930624087652
258.073559 9999
268.931336 9999.0
293.944433 7.21334393819
299.997964 0.889550765355
306.08598 0.90944369634
312.28996 0.918970664342
318.310821 0.899104356766
324.397825 0.903130928675
330.434726 0.933265686035
341.196773 9999
353.826514 9999
359.972866 0.939297596614
366.059866 0.921374956767
376.752983 9999
389.607454 3.17669939995
400.601885 9999.0
406.785503 0.895782709122
412.597449 9999
418.809819 0.937386433283
443.875893 7.22588062286
454.958481 9999
460.955078 0.877688884735
467.074998 0.911418994268
473.146199 0.917031049728
485.469587 9999.0
510.803956 7.29885093371
516.891055 0.916101694107
542.212461 7.22867202759
548.263375 0.888114134471
561.272011 3.1354478995
567.424674 0.918461640676
573.462464 0.916287342707
579.633258 0.928035497665
585.836869 0.933371305466
591.958113 0.911815404892
597.89499 0.88504298528
603.965944 0.90687028567
629.200733 7.24835650126
642.067339 9999
672.744829 9.05497392019
702.981173 8.89922658602
709.152354 0.877345005671
715.290879 0.903546651204
721.346534 0.896895726522
727.450165 0.911511023839
733.517945 0.913105090459
739.822486 0.929183324178
745.926912 0.907602230708
751.979831 0.923012097677
758.085335 0.923170010249
764.125703 9999.0
770.327269 0.891297340393
776.463126 0.912375370661
782.450754 0.899741252263
788.520644 0.912768761317
794.560247 0.920367320379
800.678803 0.900714079539
810.653479 2.16260194778
816.773096 0.925993680954
824.327523 1.3837916851
829.550354 9999.0
835.872647 0.91247399648
850.678645 3.73726503054
856.83421 0.904214302699
862.871591 0.901168028514
888.137062 7.26338895162
893.391502 9999.0
903.52981 2.17875862122
928.830269 7.23561827342
935.134897 0.906289339066
944.440774 1.98058803876
950.54576 0.901504357656
956.254356 9999
961.337989 9999.0
967.558601 0.917233387629
973.179961 9999
979.28102 0.943023045858
985.400786 0.915977954865
991.405093 0.882616281509
997.609144 0.916601578395
1005.132081 1.37200927734
1011.201926 0.903494993846
1016.37922 9999
1021.562857 9999.0
1027.747843 0.904487212499
1033.783507 0.903999328613
1038.889566 9999
1044.856951 0.890046358109
1069.140158 6.97974967957
1078.563193 1.9509926637
1084.633952 0.887805064519
1090.637592 0.892452319463
1098.042689 1.35480070114
1104.196139 0.936918973923
1109.948961 9999
1115.937522 0.899916013082
1122.044954 0.908759196599
1151.493661 8.70194300016
1157.832037 0.915431976318
1163.818578 0.885193745295
1189.153106 7.24108433723
1195.407814 0.888298670451
1200.831141 9999
1206.931848 0.919064044952
1216.259414 9999
1222.324707 0.897489706675
1228.595121 0.916866699855
1237.400812 1.83636228244
1243.421726 0.922975699107
1249.089216 9999
1255.212629 0.904319763184
1261.516865 0.91943804423
1291.821184 8.96496136983
1298.091013 0.924359401067
1304.028982 0.887167374293
1310.016133 0.893366018931
1317.404285 1.35043112437
1323.560683 0.86759964625
1329.66338 0.887996991475
1335.583249 0.892781019211
1341.586279 0.923117637634
1347.211666 9999
1352.915013 9999
1358.931362 0.891286452611
1365.335853 0.903011719386
1371.223276 0.871913671494
1377.24374 0.914315621058
1383.215706 0.919057051341
1389.235841 0.903857866923
1395.439262 0.904071966807
1420.472106 7.24976261457
1426.643161 0.899023930232
1432.746913 0.921533028285
1438.70105 0.900349934896
1444.754879 0.898020664851
1452.110324 1.35607028008
1458.230047 0.884500980377
1464.218267 0.888733704885
1471.656598 1.37375799815
1477.726895 0.926311890284
1483.781646 0.942097584407
1493.604416 2.10055859884
1499.74167 0.919758717219
1505.795689 0.907095988592
1511.93295 0.903277715047
1536.332624 7.056595246
1542.636324 0.924891312917
1550.374662 1.4039487044
1556.361805 0.8874279658
1562.415703 0.916774749756
1568.386375 0.900483290354
1574.557236 0.900391260783
1580.596829 0.911088705063
1586.682727 0.901060342789
1591.70779 9999
1598.006657 0.927323659261
1603.579471 9999.0
1628.860534 7.25573531787
1634.948253 0.905366897583
1643.052697 1.40868075689
1649.22314 0.922051270803
1655.361472 0.928358634313
1661.231754 0.889880021413
1667.169227 0.901725212733
1673.356385 0.897899707158
1678.966239 9999
1684.879832 0.894356012344
1693.986818 1.96441292763
1700.107379 0.929766575495
1710.852159 9999
1716.951316 0.917791287104
1722.972708 0.907226641973
1729.042547 0.912977695465
1734.94674 0.889698425929
1765.601076 9.00499105453
1771.176879 9999
1777.158268 0.910320043564
1784.6469 1.36895195643
1790.553037 9999
1798.072239 1.37308303515
1808.34529 2.21220294635
1814.350344 0.897981643677
1844.919293 9.07182971636
1851.241035 0.915729602178
1857.261564 0.909863630931
1881.428122 6.95639896393
1889.565705 1.4157397747
1899.472837 2.19482692083
1905.442881 0.894671201706
1912.99738 1.39282663663
1922.787839 2.00866572062
1928.791625 0.88107864062
1936.312773 1.36871131261
1942.434234 0.929625590642
1948.438083 0.910855054855
1955.893419 1.33636236191
1965.332437 2.03594994545
1971.337128 0.889757633209
1977.324452 0.909295399984
1986.830128 2.08309570948
1993.135036 0.902404228846
2002.582698 1.96826267242
2008.594765 0.890268564224
2014.718655 0.91575495402
2022.137173 1.35381364822
2028.357591 0.905413627625
2034.51237 0.92210372289
2040.565873 0.910976966222
2046.653752 0.925653457642
2056.592638 2.18269205093
2064.399075 1.35900894801
2073.471227 1.94065459569
2080.975861 1.36313668887
2090.215073 1.98849399885
2096.269873 0.888546069463
2102.407106 0.895881652832
2109.878197 1.35856405894
2115.932512 0.884014924367
2141.185141 7.24252200127
2147.386813 0.918652296066
2172.620497 7.28799565633
2178.907535 0.894857327143
2184.844018 0.901182572047
2190.897966 0.917905330658
2196.919614 0.913258393606
2202.107733 9999
2208.092816 0.907504320145
2228.74043 5.67631936073
2253.973288 7.26424431801
2260.394652 0.920401970545
2269.48433 1.92230232557
2275.571354 0.938473304113
2281.658407 0.914329369863
2287.746359 0.923306385676
2295.233734 1.35067303975
2320.501086 7.2826089859
2327.005209 0.953189611435
2351.204869 6.90867710114
2357.491728 0.883558352788
2363.563367 0.919936577479
2369.48642 0.885250886281
2375.437563 0.905686378479
2384.679242 1.9746816953
2394.566921 2.07035835584
2400.603286 0.903963963191
2406.658281 0.89524435997
2414.480061 1.41566403707
2420.533884 0.90024193128
2446.002639 7.26353263855
2452.104176 0.899287700653
2458.358828 0.889840364456
2465.847724 1.36912425359
2490.980515 7.27921541532
2497.284959 0.90415596962
2502.926669 9999
2510.576386 1.34697763125
2518.214742 1.39999071757
2543.364635 7.26341795921
2567.686454 6.90241630872
2573.443531 9999.0
2581.256239 1.36673672994
2587.511604 0.900787035624
2595.031898 1.391431729
2620.365687 7.32656065623
2631.344852 9999
2637.360446 0.899538675944
2643.297841 0.89527797699
2649.351728 0.921531995138
2656.906577 1.37510204315
2663.311837 0.910808006922
2669.297868 0.905151287715
2676.886752 1.3881260554
2682.924053 0.896961371104
2688.960786 0.920715967814
2696.732801 1.396296978
2702.439524 9999
2712.34413 2.18891565005
2718.066791 9999
2724.101538 0.887102603912
2733.957002 2.06082868576
2759.160393 7.27211332321
2765.395461 0.88126262029
2771.432538 0.897269328435
2796.498741 7.22751704852
2804.22043 1.35929099719
2810.175785 0.874365329742
2839.727849 8.71406459808
2864.293974 6.95471135775
2870.264598 0.900891462962
2878.153216 1.407700936
2884.20671 0.90804028511
2890.244767 0.913885672887
2897.848924 1.39278435707
2903.852768 0.921765645345
2910.191038 0.913114627202
2916.178245 0.886728922526
2922.249167 0.912968715032
2928.286178 0.916606585185
2953.486953 7.26115369797
2979.103032 7.2676246961
2985.256648 0.909461021423
3010.674192 7.24772230784
3016.913825 0.917998949687
3023.183762 0.888664245605
3032.904787 2.07887069384
3040.760433 1.39932076136
3046.947417 0.910580873489
3071.765065 7.06799093882
3097.047473 7.2709180514
3103.136724 9999
3128.411279 7.27256862322
3134.822564 0.928204298019
3144.112016 1.98193407059
3150.269097 0.916275660197
3159.706349 2.02897969882
3184.371646 6.95785840352
3190.545287 0.912548303604
3196.963572 0.929030100505
3222.06342 7.23085363706
3228.08984 9999
3237.793531 2.1205616792
3245.529525 1.37090436618
3251.682756 0.910115718842
3257.971445 0.979200283686
3265.662047 1.37683574359
3275.715204 2.22856458028
3301.200113 7.317025582
3311.256596 2.08180737495
3317.310165 0.915766954422
3323.434171 0.908286094666
3330.921491 1.38143070539
3356.070193 7.25370001793
3362.523631 0.921221733093
3393.160355 9.03574434916
3400.932408 1.37931100527
3407.086187 0.947289705276
3414.574096 1.37566932042
3444.978563 9.03051805496
3451.498942 0.917791048686
3482.187151 9.04448270798
3491.708282 1.94916701317
3497.795859 0.914381345113
3505.384371 1.39472436905
3512.88927 1.3453707695
3543.777477 9.03509203593
3551.631642 1.38660152753
3557.652116 0.900330622991
3563.723138 0.885564406713
3572.995821 1.9417479833
3579.032803 0.882457653681
3585.520574 0.917994260788
3591.440752 0.878336429596
3597.645306 0.934733311335
3605.134076 1.3696706295
3611.20732 0.894450982412
3617.560858 0.904482603073
3623.62884 0.904235760371
3629.603306 0.890686035156
3637.124734 1.38010064761
3643.359564 0.92516597112
3649.613283 0.891491333644
3673.896488 6.96892134349
3680.182695 0.903809388479
3686.220586 0.90224035581
3692.291356 0.911042292913
3716.641276 6.9934249719
3722.911337 0.889432350794
3729.032461 0.939741611481
3754.135176 7.21741930644
3778.782762 6.95500389735
3784.921972 0.924985726674
3815.289554 8.91821336746
3821.67629 0.902963002523
3830.716073 1.86266938845
3836.819737 0.92441534996
3844.342203 1.36892461777
3850.496278 0.911230961482
3875.212664 6.98561461767
3881.399799 0.910140434901
3887.870908 0.940893332163
3893.957678 0.905094305674
3901.363113 1.36139829954
3915.989915 3.76358366013
3923.828197 1.36544926961
3931.333277 1.3864719073
3937.453551 0.900052626928
3943.507577 0.904006958008
3949.594727 0.901186307271
3974.028139 6.91625992457
3980.198679 0.921797355016
3986.302102 0.869898637136
3993.840176 1.36196597417
4003.097238 1.96773910522
4013.420304 2.33141668638
4019.876159 0.912057002385
4044.007042 6.91696405411
4050.578518 0.921574989955
4075.911015 7.28030522664
4100.462223 6.93807665507
4106.53143 0.888863325119
4130.81498 6.86738729477
4138.469442 1.36264268557
4151.811448 3.18291330338
4157.998944 0.933194637299
4165.453735 1.34164810181
4174.994136 2.02589265505
4184.568115 1.97837424278
4194.540362 2.18841465314
4200.697984 0.925179560979
4208.298765 1.39148306847
4214.569511 0.88641667366
4225.483026 9999
4249.777118 6.93427228928
4256.147482 0.900523662567
4263.78613 1.40233167013
4269.889338 0.898251612981
4277.328765 1.36509903272
4283.532598 0.915954113007
4289.904484 0.906942288081
4296.023588 0.936041355133
4320.106537 6.91610527039
4326.577231 0.910985628764
4332.647715 0.880591948827
4356.964414 6.93094301224
4377.693791 5.66032640139
4383.815179 0.901645978292
4392.720929 1.86028734843
4400.526875 1.36501820882
4406.630139 0.899430672328
4414.238274 1.40348974864
4420.356296 0.89843638738
4429.628726 1.97975230217
4439.618758 2.06854470571
4445.755918 0.901508331299
4451.743579 0.898923953374
4459.247996 1.35073558489
4465.318244 0.912416696548
4489.735827 6.88719320297
4514.018247 6.94678370158
4520.688353 0.918148676554
4526.842494 0.937765995661
4534.334217 1.35355377197
4558.563967 6.94164625804
4565.018893 0.892634948095
4577.944086 3.15180571874
4585.349513 1.35570947329
4591.435882 0.88388133049
4599.290333 1.40929404895
4605.495006 0.936283985774
4618.553459 3.18722097079
4644.104862 7.27495702108
4652.059005 1.38452172279
4658.096327 0.893169720968
4665.818169 1.40567763646
4673.323014 1.36855840683
4698.539206 7.29828333855
4708.09623 1.96145606041
4714.200725 0.904999653498
4720.421235 0.907288869222
4726.474717 0.927601019541
4731.650814 9999.0
4737.999282 0.898824373881
4744.120495 0.924869616826
4750.207632 0.923014640808
4775.340957 7.2772919337
4800.875624 7.27613997459
4826.073986 7.25737158457
4832.394501 0.902871608734
4838.500503 0.929500659307
4844.653594 0.927456696828
4850.656954 0.901560624441
4856.793832 0.889096021652
4863.249385 0.928743918737
4869.386233 0.923638979594
4893.651834 6.95057972272
4900.208298 0.925454298655
4906.377556 0.924773931503
4919.685957 3.19421068827
4927.124796 1.36246005694
4951.974121 7.05981008212
4958.111547 0.907049020131
4964.516125 0.920118967692
4972.471409 1.40264177322
4978.52597 0.901192267736
4998.871308 5.64691638947
5008.211436 1.85041928291
5013.805939 9999
5021.670858 1.3826880455
5027.757866 0.911998669306
5033.795017 0.898887316386
5041.549857 1.3761853377
5051.156439 2.07681743304
5058.695138 1.33741680781
5064.267555 9999.0
5095.220933 9.03149700165
5119.769579 6.90149402618
5125.906373 0.909325281779
5132.426197 0.925979296366
5139.965883 1.3852660656
5147.43882 1.38131626447
5153.59438 0.921903689702
5159.661275 0.912698666255
5190.215741 8.94794535637
5216.032246 7.2807264328
5223.619548 1.37413271268
5254.658249 9.0323492686
5264.46389 1.99088732402
5271.986015 1.34781599045
5278.125698 0.914737621943
5284.227344 0.919294675191
5293.53334 1.96928461393
5299.954971 0.897132953008
5306.091198 0.915720065435
5315.380844 1.9686507384
5322.935877 1.37433362007
5329.12444 0.912356297175
5335.495462 0.906841993332
5341.547678 0.903086423874
5349.269711 1.38802274068
5358.810143 2.07073235512
5364.997428 0.943947315216
5371.401679 0.903503338496
5377.555411 0.921585321426
5383.709817 0.930981636047
5389.782978 0.91016793251
5395.735068 0.891270399094
5402.13875 0.911902666092
5408.275321 0.92729528745
5433.509392 7.28767999013
5439.997146 0.893093665441
5465.180276 7.27933597565
5471.88432 0.91256070137
5479.405937 1.37611508369
5488.562143 1.96060299873
5494.633209 0.923494974772
5502.5558 1.41322429975
5508.808891 0.877175966899
5518.698386 2.18397029241
5524.819392 0.90777460734
5550.02314 7.28083872795
5556.507381 0.926083723704
5562.611187 0.918727954229
5570.517327 1.42681288719
5576.553402 0.890781958898
5601.670562 7.26035936673
5608.358068 0.938370625178
5633.761545 7.29540634155
5641.663426 1.39714296659
5647.767775 0.915990670522
5672.037042 6.94155462583
5681.873241 2.0122543176
5687.944558 0.885803620021
5713.313946 7.26107327143
5722.951481 1.95632259051
5732.272838 1.9697915713
5738.497834 0.938927014669
5744.648046 0.91116865476
5750.96951 0.881937026978
5760.514215 2.04336770376
5766.612887 0.897962649663
5790.979232 6.98428972562
5821.661879 8.96574091911
5828.07004 0.897293011347
5837.158813 1.88958970706
5843.197251 0.884712298711
5852.669202 1.99896613757
5877.588965 7.01234594981
5901.851752 6.94613631566
5916.929806 3.72366960843
5931.524842 3.74786233902
5937.709518 0.888318856557
5944.214308 0.920186281204
5953.436127 1.93257570267
5959.773537 0.947998285294
5965.927426 0.940004587173
5971.94799 0.899980942408
5979.986501 1.38652261098
5986.090579 0.909866968791
5995.39714 1.97268390656
6004.586368 1.96151328087
6029.119973 6.90420055389
6036.708767 1.36271293958
6042.433934 9999
6051.803556 1.98162134488
6057.989679 0.920692602793
6065.343206 1.324710687
6089.575571 6.95059601466
6096.147212 0.921414295832
6102.218055 0.907235304515
6108.323091 0.926014900208
6114.309715 0.915467023849
6120.480274 0.928340673447
6146.031584 7.27289565404
6176.717411 9.03784298897
6186.307486 1.95469745
6217.027282 9.03221909205
6223.598602 0.905292272568
6238.257906 3.7619946003
6245.713905 1.34475072225
6251.833676 0.907405614853
6259.752001 1.38370434443
6274.399069 3.74113138517
6281.986683 1.39913129807
6291.492649 1.95554931959
6297.650274 0.922898610433
6303.751533 0.920652389526
6334.137819 8.98992904027
6358.454663 6.8810347716
6364.55888 0.912366310755
6374.297762 1.97999803225
6384.02496 2.0864640077
6391.476445 1.34434175491
6397.596015 0.935575326284
6404.034242 0.912499348323
6410.188894 0.900635639826
6416.226141 0.90057905515
6422.212684 0.895179669062
6428.401243 0.931756019592
6436.256144 1.33483799299
6442.342109 0.914038658142
6448.496354 0.899064699809
6454.600893 0.917047421137
6460.688173 0.919724623362
6467.193725 0.917382399241
6474.848158 1.3993853728
6480.951238 0.919307947159
6486.972474 0.90708231926
6496.262176 1.96775865555
6502.89932 0.924239317576
6510.571359 1.34772030512
6518.160117 1.37803928057
6524.230916 0.912219285965
6529.939316 9999.0
6555.534766 7.22462503115
6561.872115 0.955104986827
6576.647626 3.73566492399
6586.037513 1.97395801544
6592.176388 0.906151374181
6613.005843 5.70927166939
6620.843622 1.382223924
6626.881446 0.878138621648
6633.470016 0.898093700409
6658.602736 7.2805797259
6664.728744 9999
6672.728004 1.52006904284
6680.534008 1.50603397687
6686.705143 0.925199667613
6692.958965 0.928274393082
6699.396118 0.931778351466
6705.466511 0.941474596659
6729.54973 6.91155664126
6736.086627 0.912102301915
6746.00663 2.0164197286
6752.063846 0.89800898234
6759.702934 1.35734542211
6766.490607 0.907079378764
6774.462943 1.46392933528
6780.533342 0.893239339193
6786.637656 0.915601015091
6792.707713 0.917495012283
6817.357991 6.908365647
6823.72864 0.919410308202
6832.033744 1.41808636983
6845.391923 3.25399478277
6853.297968 1.36993908882
6861.069062 1.39893062909
6871.262344 2.08899140358
6880.615547 1.97664864858
6887.003037 0.961558659871
6893.441577 0.915590922038
6900.312809 0.96732489268
6909.601489 1.99921957652
6915.955496 0.964670022329
6922.076387 0.934751272202
6928.001577 9999.0
6953.633317 7.29385701815
6966.456407 3.14380701383
6981.767302 3.73944099744
6991.496501 2.0846306483
6997.976992 0.884672323863
7004.565103 0.911697308222
7010.688524 0.930371363958
7018.391463 1.38522227605
7024.560823 0.894043366114
7030.631755 0.876081625621
7061.869508 9.08418337504
7068.289826 0.911017338435
7074.444189 0.938325325648
7084.000508 2.04704173406
7108.332872 6.97094368935
7134.050746 7.26722828547
7140.187982 0.918657779694
7154.363267 3.28339997927
7161.135409 0.968033393224
7168.991773 1.39044396083
7175.277806 0.917131662369
7200.227741 7.09982140859
