8.572282 6.58950901031
17.61085 6.93957710266
26.764697 7.04008889198
35.076023 6.15955400467
44.777802 7.50688886642
53.353847 6.47910404205
62.670873 9999
71.476073 6.67974901199
80.201708 6.50380110741
89.663329 7.36653590202
98.291146 6.53919196129
107.476551 7.0956389904
116.307278 6.6220331192
124.58864 6.19343495369
133.270985 6.57570314407
141.879482 6.51779603958
151.094589 6.99613308907
159.297685 6.09363889694
168.041741 6.63490796089
177.10027 6.93556284904
185.966682 6.70936799049
194.318653 6.21965003014
203.319534 6.92230796814
212.364885 6.94258403778
221.197074 6.5911488533
230.314099 6.99901914597
240.062261 7.61864113808
248.357448 6.18216919899
256.721777 6.23402190208
265.801827 6.97574877739
274.40218 6.46440291405
283.019732 6.51020097733
291.864695 6.60329508781
300.52864 6.55212712288
310.286566 7.65225505829
319.372246 6.97797489166
328.366373 6.72036194801
336.970429 6.48061704636
346.049368 6.96553111076
354.479795 6.33841609955
364.019033 7.32427000999
372.74744 6.64065289497
381.488749 6.63334202766
390.046483 6.41366004944
398.556163 6.25099992752
407.633856 6.96560811996
415.893534 6.12857818604
424.290568 6.28705692291
433.505819 9999
442.541064 6.94435691833
451.585622 6.94878101349
459.940724 6.20819401741
469.510357 7.346585989
478.666259 7.03796505928
487.793619 6.9856569767
496.49405 6.60097813606
505.790959 9999
513.66061 5.76478099823
523.194659 7.40780496597
532.252272 6.98197603226
541.068377 6.59693002701
549.848627 9999
558.884564 6.93434906006
567.152844 6.1674349308
575.880832 6.49325418472
585.177971 9999
594.460059 9999
603.833368 9999.0
612.688542 6.64056706429
621.426433 6.64101290703
630.497072 6.97725915909
639.384784 6.79905390739
648.116093 6.51583099365
656.792657 6.57580399513
666.024191 7.12045311928
674.717517 6.56674599648
684.172503 7.23582601547
692.671697 9999
701.812393 7.01526880264
710.206361 6.2855079174
718.93703 6.4957139492
727.987305 6.94251418114
736.678893 6.59195208549
745.397103 6.57757806778
754.660481 7.01509690285
763.905901 9999
773.176363 9999
781.479478 6.19187998772
790.229937 6.50227808952
798.49893 6.16625404358
807.287634 6.67516493797
815.999962 6.62328696251
824.938648 6.65485286713
833.169331 6.1465280056
841.969051 6.68944787979
851.033873 6.96377301216
859.420291 6.11722302437
868.021398 6.50343680382
876.197188 6.0674290657
884.908162 6.57581496239
893.780386 6.71221804619
902.857753 6.93812799454
911.953751 6.95953798294
921.372681 7.30602407455
929.927815 9999
938.984566 6.94307208061
948.082293 6.94115900993
956.865316 9999.0
965.743187 6.62055420876
974.932728 7.0818400383
983.960439 6.91537284851
992.71407 6.63380789757
1002.338708 7.36772799492
1011.537571 7.02689909935
1020.496647 9999
1029.888466 7.27334499359
1038.287853 6.17114901543
1047.410101 7.00886487961
1056.04273 6.53708195686
1064.78589 6.66904401779
1073.196446 6.17912817001
1082.285345 6.99952507019
1091.572592 9999
1100.723602 7.06118297577
1109.541426 6.58140897751
1118.397502 6.74207401276
1127.441051 6.93803691864
1136.204009 6.65967702866
1144.779118 9999
1154.358202 7.45398879051
1162.617705 6.14018702507
1172.011172 7.27925205231
1181.31919 7.11473083496
1190.069609 6.63557600975
1198.792911 6.60524511337
1209.008993 8.10881996155
1218.229056 7.06367206573
1226.824246 6.49448609352
1236.073076 9999
1244.771459 6.59375405312
1254.042458 7.07477092743
1262.902569 6.72121810913
1271.632474 6.60408592224
1280.254476 6.49158215523
1289.004195 6.51432299614
1298.357488 7.25013995171
1307.780823 7.32106089592
1316.830129 6.95902991295
1326.007084 6.9509370327
1335.102752 6.98028707504
1344.48882 7.29392790794
1353.645401 7.03112101555
1362.828734 6.91591191292
1371.077269 6.11314702034
1380.170645 6.97837209702
1388.822093 6.50524997711
1398.124688 7.01890611649
1407.082284 9999
1416.157323 6.93186783791
1424.937813 6.65764212608
1433.705716 6.52396988869
1442.815958 6.99745297432
1451.19581 6.26597499847
1460.015195 6.71704816818
1469.175305 6.91191697121
1478.232654 6.9572160244
1486.975648 6.6045820713
1495.457277 6.37844586372
1504.645921 6.94690990448
1513.727783 9999
1523.309275 7.4716629982
1532.418284 6.99000692368
1541.284311 6.62333893776
1550.199463 9999
1559.040154 6.70683908463
1568.107025 6.93271994591
1577.697722 7.35878300667
1586.453403 6.61051702499
1594.846324 6.25907516479
1603.937439 6.94944691658
1612.681407 6.47779297829
1621.76204 6.95368885994
1630.702883 9999
1639.782465 6.97352910042
1649.319072 7.29577898979
1658.34047 6.89390397072
1666.860956 9999
1675.745069 9999.0
1684.400848 9999
1693.160929 6.66253709793
1702.389836 9999
1711.433055 6.94812893867
1720.814638 7.13270401955
1729.890049 6.96003103256
1738.098507 6.07944703102
1746.767648 6.59507703781
1755.394376 6.46212601662
1764.436537 6.91716694832
1773.088519 6.5395898819
1781.929401 6.71209192276
1791.125436 6.9466509819
1800.153353 6.91390109062
1808.953965 9999
1818.186753 7.10961103439
1826.736718 6.26216983795
1835.753589 6.89478182793
1844.502224 6.61622095108
1853.393781 6.78120112419
1863.013247 7.35881304741
1872.206239 9999
1881.109203 9999
1889.831384 6.58750104904
1899.308705 7.22132492065
1908.430474 6.99274492264
1917.112648 6.53909993172
1926.771015 7.5491809845
1935.399556 6.46164393425
1944.439672 6.93868303299
1953.060375 6.49255990982
1962.133483 6.97155284882
1970.547985 6.14889502525
1979.181015 6.51546692848
1987.9275 6.61332201958
1996.651234 6.60410380363
2005.667053 6.76540803909
2015.446938 7.68720006943
2024.100429 6.54573011398
2033.118146 6.90137004852
2041.877315 6.50307703018
2051.403658 7.42662811279
2060.07734 6.53019189835
2068.826022 6.62330985069
2078.498735 7.4314930439
2087.279302 6.64582705498
2095.571684 6.18226504326
2104.252193 6.58859300613
2112.608609 6.14115285873
2121.732422 6.98222184181
2130.839951 6.97720980644
2139.937093 6.98620009422
2148.980776 6.76705098152
2157.325978 6.23169708252
2166.227237 9999
2175.029789 6.68532991409
2184.266256 6.98299598694
2192.863145 6.49037599564
2202.080565 9999
2211.054285 6.86819410324
2219.667958 6.46427416801
2228.841954 7.04421496391
2237.928162 6.97235894203
2246.890159 6.84732198715
2255.544053 6.41853713989
2264.668122 7.02518105507
2273.426584 6.63439798355
2282.633283 7.05579900742
2291.568439 6.66864299774
2300.651924 6.96842813492
2309.565449 9999
2318.372421 6.69527983665
2327.148245 6.53899097443
2336.760755 7.51238799095
2346.24802 7.34386897087
2355.808861 7.45433592796
2365.445211 7.3934648037
2374.956422 7.38905405998
2383.88434 6.81719994545
2392.675121 6.6724998951
2402.18478 9999
2410.523093 6.20140600204
2419.725162 7.0470020771
2428.472485 6.61863994598
2437.724764 6.98378515244
2446.439784 6.59547305107
2455.484194 6.94053602219
2464.158852 6.57558512688
2473.898088 9999
2483.235362 7.21085906029
2492.330594 6.95808601379
2501.707333 9999.0
2510.571902 6.61600899696
2520.275905 9999
2528.502708 6.09683394432
2537.147468 6.53291392326
2545.686348 6.27110099792
2554.292773 6.47626399994
2562.721302 6.32139992714
2571.654705 6.86841011047
2580.985274 9999
2589.793935 6.69706606865
2598.55456 6.65102601051
2607.128921 6.47684001923
2616.024741 6.62766885757
2625.234512 9999
2634.463032 7.12881803513
2642.646147 6.14675998688
2651.487197 6.5834710598
2659.730244 6.11410689354
2669.244767 7.41253185272
2678.327482 6.96211695671
2687.828708 7.24771809578
2695.792927 5.87009000778
2704.067047 6.15413594246
2712.62959 6.46345210075
2721.380442 6.46978902817
2730.868994 7.37413096428
2739.692475 6.7015209198
2748.396162 6.56717300415
2758.012731 7.35663604736
2766.916465 9999
2776.495142 7.43549084663
2785.144231 6.549492836
2793.654488 6.25771784782
2802.801083 7.04026985168
2811.40703 6.48183178902
2820.494469 6.95559000969
2829.257127 6.50529193878
2838.423354 7.0410759449
2847.466501 6.93300700188
2856.152202 6.56409811974
2865.058745 6.62413096428
2874.172657 9999
2883.566063 9999
2892.397713 6.72617006302
2901.653524 6.98118185997
2910.339835 6.58154892921
2919.787586 7.32879590988
2928.891372 7.00067901611
2938.138172 6.98596096039
2947.574212 7.32651805878
2957.104186 7.39036989212
2966.189204 6.97677612305
2974.604433 6.1532740593
2983.142724 6.44367098808
2991.383409 6.07577800751
3000.407492 6.91906094551
3008.890464 6.19459986687
3017.573309 6.56418204308
3026.683681 6.99592685699
3035.782026 6.98132610321
3045.457217 7.49646687508
3054.688475 7.11117196083
3063.423028 9999
3071.960589 6.43409085274
3081.304745 7.06303906441
3090.778345 7.36273694038
3099.884777 6.9839618206
3108.752308 6.77366995811
3118.149498 7.12940406799
3126.347181 6.06429696083
3135.504729 7.05549907684
3144.321324 6.68870210648
3154.236799 7.69023799896
3163.317547 6.97336506844
3172.482612 7.06331396103
3181.096457 6.49335312843
3189.43902 6.15041303635
3198.178928 6.62965297699
3206.413645 6.12517285347
3215.556551 7.05407714844
3224.248809 6.5145919323
3232.653193 6.28770899773
3241.300243 6.52943611145
3250.031227 6.59168291092
3259.217987 6.94764709473
3268.438277 7.07959008217
3277.514035 6.96388578415
3286.59589 6.97410297394
3295.84389 6.95116996765
3304.897572 6.92731881142
3314.632081 7.6132850647
3323.35751 6.61343097687
3332.607314 6.9730079174
3341.685985 6.96705007553
3350.596349 9999
3359.466302 6.76327610016
3368.704726 6.96220397949
3377.838847 7.02514100075
3386.597461 6.64940500259
3395.836948 7.10363698006
3405.46662 7.37841200829
3414.081981 6.51053190231
3423.002034 6.78184008598
3432.073073 6.90720701218
3442.184386 9999
3450.850087 6.55187296867
3459.967087 7.01718997955
3468.167495 6.08721804619
3476.57478 6.18544697762
3485.644091 6.95187997818
3494.441159 9999
3503.702531 9999.0
3512.516442 6.54847407341
3521.572815 6.96658205986
3530.668801 6.95957493782
3539.848071 7.06107711792
3548.306872 6.18970680237
3557.083142 6.67568302155
3566.556484 7.35040402412
3575.058001 6.37455391884
3584.77241 7.47004985809
3593.817657 6.92488503456
3602.881737 6.95614981651
