7.516967 1.6477162838
14.693358 1.62354620298
21.995452 1.62978204091
29.236348 1.64490930239
36.57218 1.66702357928
43.927608 1.62267367045
51.200223 1.63613669078
58.455657 1.64283831914
65.710937 1.63519867261
72.902977 1.62158735593
80.288002 1.61968406041
87.526492 1.63601700465
94.850075 1.65928999583
102.077242 1.63367629051
109.343648 1.63751967748
116.732393 1.62841598193
124.087687 1.64941040675
131.30958 1.62692157427
138.632521 1.65979798635
145.85396 1.62742741903
153.259621 1.62406126658
160.515022 1.64287265142
167.738004 1.63234504064
174.995124 1.6354833444
182.280711 1.63608360291
189.686839 1.63169368108
196.975633 1.64394434293
204.314283 1.65752108892
211.553661 1.6416126887
218.791517 1.64267992973
226.21414 1.62803236643
233.420375 1.62089109421
240.79223 1.66018287341
248.063859 1.65480327606
255.353264 1.65560468038
262.825848 1.65345223745
270.049507 1.62145161629
277.35592 1.64030003548
284.640934 1.65720232328
291.880428 1.63998230298
299.318311 1.63739403089
306.623889 1.64204088847
313.929598 1.64263868332
321.18529 1.65460856756
328.390067 1.63026189804
335.746443 1.62262535095
343.102984 1.65091538429
350.407129 1.64909633001
357.645707 1.65010603269
364.918239 1.65340407689
372.357318 1.62791895866
379.678852 1.64832997322
386.950466 1.64816800753
394.172163 1.63108237584
401.511172 1.66382169724
409.001354 1.63804213206
416.2727 1.63878440857
423.510973 1.64688706398
430.716648 1.62137269974
437.991828 1.65597136815
445.513932 1.62453468641
452.800923 1.65418958664
460.106044 1.64732662837
467.360573 1.6489973863
474.650229 1.64072561264
482.091897 1.65110230446
489.376829 1.64972837766
496.716252 1.66315261523
503.972291 1.64284729958
511.311038 1.67330066363
518.815865 1.65977271398
526.137862 1.64395395915
533.379964 1.63395833969
540.666147 1.6519250075
548.054894 1.67223405838
555.510439 1.64638574918
562.750071 1.64032165209
569.970961 1.63466533025
577.359323 1.64339971542
584.606497 1.63455033302
592.037994 1.63026126226
599.343112 1.64363272985
606.700698 1.66024764379
614.170874 1.6487309138
621.409675 1.64176869392
628.780867 1.62621641159
636.086457 1.65567104022
643.309977 1.62791196505
650.583986 1.64021134377
657.871123 1.65183266004
665.325366 1.62887525558
672.58123 1.63612723351
679.869626 1.64092342059
687.191966 1.67157594363
694.480146 1.65317432086
701.952293 1.65125934283
709.257994 1.64331571261
716.514372 1.64722458522
723.853532 1.65485731761
731.075238 1.62877337138
738.52995 1.64153027534
745.869817 1.66128802299
753.144435 1.64483737946
760.363249 1.63244732221
767.685494 1.65741499265
775.157366 1.65787831942
782.479715 1.65514095624
789.821861 1.67082834244
797.073977 1.64159758886
804.365036 1.65102235476
811.868483 1.65411369006
819.190526 1.65023326874
826.497733 1.65160171191
833.787519 1.64294632276
841.177108 1.69213310877
848.582381 1.62304703395
855.901404 1.65153034528
863.126876 1.63496033351
870.428622 1.6530547142
877.667531 1.62891403834
885.106326 1.64309167862
892.362008 1.63699499766
899.71828 1.66534940402
906.989246 1.65049807231
914.29482 1.65391802788
921.750426 1.63593681653
929.008925 1.6304046313
936.244129 1.62921229998
943.583272 1.65689865748
950.825361 1.63625041644
958.294684 1.63272301356
965.56674 1.64053066572
972.88984 1.66022801399
980.161151 1.64077599843
987.417105 1.63341363271
994.875022 1.64582975705
1002.143702 1.64125657082
1009.483469 1.66093405088
1016.807657 1.65151103338
1024.027488 1.62779076894
1031.432242 1.62139836947
1038.70452 1.64287964503
1045.962674 1.63581879934
1053.249609 1.64303787549
1060.541012 1.6458067894
1068.049774 1.64803902308
1075.398644 1.66101368268
1082.770926 1.66911609968
1090.063033 1.64243539174
1097.314674 1.64364703496
1104.890784 1.6617983977
1112.143296 1.643277963
1119.431372 1.64088129997
1126.670083 1.63191072146
1133.92972 1.63962904612
1141.481385 1.65978868802
1148.753602 1.63669395447
1155.976472 1.62900765737
1163.247158 1.63871955872
1170.506272 1.64449095726
1177.991802 1.63986603419
1185.314751 1.65913796425
1192.672574 1.66619761785
1199.958381 1.65370726585
1207.230553 1.63947868347
1214.752859 1.64481274287
1222.024449 1.64228622119
1229.314212 1.64179801941
1236.619235 1.64976533254
1243.857756 1.63475195567
1251.363375 1.64061832428
1258.65494 1.64851307869
1265.942014 1.63689470291
1273.213053 1.64807097117
1280.534865 1.65872120857
1287.957163 1.64370640119
1295.246633 1.64771604538
1302.502265 1.64080166817
1309.828768 1.65225760142
1317.079075 1.6403602759
1324.554799 1.63118298848
1331.789977 1.62951803207
1339.049532 1.63442667325
1346.301478 1.63214031855
1353.556263 1.635572354
1361.028923 1.63586266836
1368.300825 1.63794501623
1375.540232 1.63766098022
1382.811437 1.63915840785
1389.99973 1.62442700068
1397.455674 1.64547030131
1404.680852 1.63088599841
1411.966945 1.64734196663
1419.273135 1.64362835884
1426.511537 1.63192645709
1433.949804 1.63572001457
1441.305955 1.65755033493
1448.577736 1.63592505455
1455.832108 1.63352402051
1463.088468 1.6339849631
1470.543996 1.62553405762
1477.849658 1.65061195691
1485.125043 1.63317465782
1492.396903 1.64319936434
1499.66634 1.62829573949
1507.121538 1.630108277
1514.427074 1.64196499189
1521.715998 1.64333923658
1529.0211 1.64247926076
1536.277279 1.63972608248
1543.816228 1.64266403516
1551.138857 1.65072433154
1558.476234 1.65614835421
1565.754717 1.64068841934
1573.037125 1.6475909551
1580.513324 1.64114999771
1587.814904 1.63932768504
1595.054997 1.63853096962
1602.309947 1.63367803891
1609.597872 1.65369025866
1617.154848 1.64500490824
1624.428874 1.64052065214
1631.682019 1.63461756706
1638.906486 1.63430897395
1646.22506 1.65335496267
1653.68138 1.63666168849
1660.95281 1.63172070185
1668.228579 1.6385653019
1675.480542 1.63642239571
1682.802243 1.65385993322
1690.34104 1.62321297328
1697.679938 1.66633105278
1704.93868 1.63901527723
1712.190839 1.64045031865
1719.53015 1.66071462631
1727.055761 1.64953223864
1734.342197 1.64077337583
1741.681399 1.66030271848
1748.968939 1.64467136065
1756.274308 1.65147256851
1763.746416 1.62538099289
1771.037072 1.65021363894
1778.326967 1.64830668767
1785.613973 1.64952834447
1792.903147 1.65015530586
1800.34027 1.63486091296
1807.56352 1.62852931023
1814.921362 1.65620835622
1822.158007 1.63073261579
1829.445514 1.64921736717
1837.001234 1.63315836589
1844.259719 1.64112138748
1851.562149 1.64491470655
1858.85088 1.65669035912
1866.173909 1.64408898354
1873.662404 1.64825495084
1881.001697 1.65124471982
1888.306347 1.64865366618
1895.612035 1.65487599373
1902.85042 1.62970590591
1910.440451 1.65352328618
1917.711212 1.63821903865
1925.000856 1.64464155833
1932.390312 1.67365225156
1939.694987 1.6556309859
1947.23298 1.64407769839
1954.45862 1.62523341179
1961.710738 1.62780833244
1968.934428 1.62912535667
1976.155153 1.62803665797
1983.660601 1.63683899244
1990.96637 1.6496629715
1998.238135 1.6396566232
2005.460569 1.62892421087
2012.801583 1.65499806404
2020.355057 1.65891226133
2027.626941 1.63474663099
2034.884407 1.64046359062
2042.174819 1.64179094632
2049.413857 1.63404838244
2056.91527 1.64346599579
2064.18771 1.63715140025
2071.510409 1.65300798416
2078.798258 1.65220522881
2086.070514 1.63793039322
2093.596799 1.63932665189
2100.86856 1.62736431758
2108.104229 1.63502168655
2115.408785 1.6469010512
2122.631012 1.63075669607
2130.203919 1.64396866163
2137.478852 1.64162659645
2144.797872 1.65340296427
2152.070118 1.63917120298
2159.409884 1.66473595301
2166.880756 1.63478295008
2174.170263 1.63333098094
2181.509758 1.67054613431
2188.850941 1.66261855761
2196.153292 1.64893404643
2203.692441 1.64549708366
2210.966883 1.63408970833
2218.271203 1.64906398455
2225.509412 1.63873664538
2232.867303 1.66161545118
2240.355698 1.64893301328
2247.591233 1.63081439336
2254.816186 1.63243317604
2262.156008 1.65621328354
2269.424677 1.64646267891
2276.984451 1.65032307307
2284.218993 1.63045676549
2291.527858 1.65613031387
2298.783375 1.64503026009
2305.986095 1.62159291903
2313.440794 1.64592703183
2320.796052 1.65996940931
2328.118546 1.6651113828
2335.44369 1.65947341919
2342.662579 1.63344804446
2350.184892 1.64130576452
2357.456323 1.63189276059
2364.778928 1.64958731333
2372.051049 1.64562169711
2379.306319 1.62383635839
2386.879121 1.654910326
2394.084077 1.61802371343
2401.273543 1.62146099408
2408.511158 1.63911159833
2415.750358 1.64402071635
2423.222861 1.64665389061
2430.477602 1.64092954
2437.767002 1.65636205673
2444.955777 1.62147140503
2452.262742 1.66021641095
2459.704353 1.63240464528
2466.941679 1.63022828102
2474.161724 1.62415337563
2481.417065 1.63759104411
2488.687658 1.64673900604
2496.176905 1.64423664411
2503.466376 1.64821402232
2510.738535 1.64939769109
2517.943465 1.63303931554
2525.165686 1.62782891591
2532.687929 1.66505861282
2539.976689 1.65279126167
2547.314797 1.6611893177
2554.521709 1.62527831395
2561.793893 1.65266768138
2569.300299 1.63922802607
2576.503707 1.6330212752
2583.793469 1.64787801107
2591.06625 1.6404252847
2598.337679 1.64512825012
2605.826076 1.6454269886
2613.098165 1.64230767886
2620.390122 1.65495443344
2627.678606 1.659075737
2634.898173 1.63401603699
2642.370422 1.63063732783
2649.625497 1.64645632108
2656.914084 1.65100709597
2664.136264 1.63786101341
2671.325126 1.62250701586
2678.763812 1.63757801056
2686.0525 1.6445924441
2693.274464 1.63110001882
2700.498257 1.63378532728
2707.805137 1.65405297279
2715.291315 1.62714370092
2722.566441 1.65271361669
2729.802004 1.63115302722
2737.00752 1.63240901629
2744.215876 1.62460891406
2751.605252 1.62232637405
2758.823893 1.62833865484
2766.095451 1.64553332329
2773.334732 1.63291970889
2780.524029 1.62102985382
2788.029562 1.63766702016
2795.234679 1.63161595662
2802.459709 1.63145462672
2809.694862 1.62973364194
2816.918268 1.6343635718
2824.355945 1.63623539607
2831.578359 1.62419144313
2838.784409 1.62592029572
2846.072253 1.65071892738
2853.363826 1.65998633703
2860.936444 1.65314459801
2868.154945 1.63431135813
2875.343988 1.61900862058
2882.649508 1.65552091599
2889.989371 1.65639162064
2897.527208 1.66910727819
2904.766856 1.63965201378
2912.004079 1.64386169116
2919.260362 1.64001862208
2926.468524 1.63713701566
2933.921695 1.61982591947
2941.159464 1.63545799255
2948.46513 1.65546965599
2955.654796 1.61999138196
2962.925708 1.64464203517
2970.398711 1.63705738386
2977.637567 1.63432097435
2984.875866 1.63501008352
2992.098087 1.63121906916
2999.337902 1.63884607951
3006.845216 1.63011431694
3014.06726 1.62414367994
3021.286278 1.62401588758
3028.558311 1.64829031626
3035.850068 1.65893673897
3043.239044 1.61702545484
3050.525153 1.64076026281
3057.783616 1.6411430041
3065.052224 1.6349922816
3072.290757 1.63450304667
3079.766385 1.62871233622
3087.002205 1.63760058085
3094.225128 1.63007299105
3101.5299 1.65395665169
3108.802631 1.65184696515
3116.274286 1.65115698179
3123.581554 1.649330616
3130.817977 1.63941637675
3138.090199 1.64574837685
3145.396112 1.66001470884
3152.885457 1.63388093313
3160.143005 1.64920536677
3167.395783 1.63026793798
3174.633809 1.63974332809
3181.806674 1.62010304133
3189.261935 1.64273405075
3196.58443 1.66092761358
3203.822866 1.63738910357
3211.028219 1.62736296654
3218.289554 1.64628561338
3225.809435 1.64589166641
3233.094709 1.65062268575
3240.383753 1.64991505941
3247.638745 1.63373200099
3254.827584 1.62680196762
3262.249612 1.62244232496
3269.474737 1.63700032234
3276.677262 1.62925553322
3283.899065 1.62854401271
3291.121668 1.63348770142
3298.627852 1.62793731689
3305.982056 1.66413791974
3313.22181 1.63700429598
3320.493953 1.6543349425
3327.731968 1.63964772224
3335.103788 1.61656037966
3342.292404 1.61401605606
3349.515081 1.63691568375
3356.804212 1.64961314201
3364.044641 1.64291373889
3371.614603 1.6331662337
3378.819965 1.62461527189
3386.076261 1.64531795184
3393.33119 1.63823501269
3400.652775 1.66272640228
3408.159197 1.64823095004
3415.381226 1.62977902095
3422.636832 1.6474416256
3429.85908 1.63379136721
3437.064304 1.62590432167
3444.570561 1.63877367973
3451.811758 1.64224640528
3459.046981 1.63973466555
3466.336355 1.64899635315
3473.608739 1.65002528826
3481.132317 1.6542669932
3488.355177 1.61871894201
3495.610143 1.65097554525
3502.81603 1.6227107048
3510.085747 1.64518721898
3517.590634 1.63006059329
3524.862849 1.64886196454
3532.034978 1.6194756031
3539.222939 1.62553604444
3546.586057 1.67815057437
3554.067491 1.63141401609
3561.289944 1.62250065804
3568.612311 1.66293692589
3575.850722 1.63745601972
3583.089628 1.63800676664
3590.612088 1.63936630885
3597.817584 1.6263516744
3605.072584 1.64291524887
