42.034655 2.0167470932
83.676783 2.01782106161
125.346086 2.01835837364
166.992326 2.01841052771
208.582207 2.01230791807
250.304648 2.01883813143
291.949668 2.01453914642
333.568684 2.01491858959
375.113886 2.01407541037
416.675412 2.01423900127
458.414764 2.01673278809
500.044357 2.01745817661
541.634922 2.01257762909
544.994027 9999
586.448123 2.01541837454
628.028954 2.0150424242
669.546671 2.01240582466
711.205266 2.01823917627
752.804827 2.01743149757
794.48594 2.01638013124
836.115323 2.01599855423
877.761081 2.01448104382
881.158272 9999
884.330946 9999
925.737634 2.01450060606
929.093581 9999
970.518575 2.01481487751
1012.125441 2.01490185261
1053.700244 2.01315609217
1095.431367 2.01922873259
1098.843238 9999
1140.220148 2.01196250916
1181.832788 2.01662139893
1223.490403 2.01537460089
1265.059933 2.01125106812
1306.62222 2.01381562948
1348.245372 2.01430792809
1389.866749 2.01781028509
1431.512106 2.01607452631
1473.104436 2.01524794102
1514.732166 2.01525119543
1556.434746 2.01500332355
1598.133204 2.01850104332
1639.768914 2.01437487602
1681.42432 2.01544111967
1723.016924 2.01523952484
1726.366798 9999
1767.849888 2.01836270094
1809.431506 2.01447179317
1851.088414 2.01616700888
1892.776319 2.01563813686
1896.182875 9999
1937.634768 2.01538897753
1979.26483 2.01424490213
2020.960099 2.01927427053
2062.603553 2.01512875557
2104.171309 2.01305611134
2107.562032 9999
2149.071936 2.01839616299
2190.57353 2.01295372248
2232.16584 2.01296399832
2273.75013 2.01434420347
2277.124005 9999
2318.492984 2.01308680773
2360.09802 2.01616045237
2401.618583 2.01433645487
2443.231991 2.01299179792
2484.834761 2.0158388257
2526.394471 2.01530765295
2568.092973 2.01849702597
2609.68529 2.01553715467
2651.379828 2.02013721466
2693.056853 2.01733632088
2734.622473 2.01513539553
2776.338149 2.01837105751
2817.959429 2.01366459131
2859.614856 2.01738140583
2901.313336 2.01934314966
2942.986133 2.01796940565
2984.6746 2.01474106312
3026.398678 2.0192135334
3068.051407 2.01661866903
3109.736459 2.01830031872
3151.345244 2.01270897388
3192.999963 2.01640217304
3196.393189 9999
3237.816154 2.01292203665
3279.401505 2.01556848288
3321.066093 2.01686046124
3362.662463 2.01418374777
3404.354693 2.0176046133
3446.005104 2.01513344049
3449.46161 9999
3490.950864 2.018866992
3494.359887 9999
3535.726041 2.01292532682
3577.346082 2.01701020002
3619.012967 2.01683901548
