7.608489 9999
15.104793 9999
22.641297 9999
37.3503 2.38297176361
52.064478 2.3399040699
66.588979 2.31913669904
81.232885 2.36880691846
96.080798 2.39460889498
105.973144 9999
120.629576 2.37399864197
135.427492 2.38288442294
150.10175 2.3754448096
159.94675 9999.0
174.569851 2.33458161354
189.280273 2.38055531184
196.866545 9999.0
211.697856 2.38139764468
226.325877 2.36112062136
233.871153 9999.0
248.674115 2.38423323631
256.201356 9999
263.775406 9999
278.467377 2.38378032049
288.496143 9999
298.365242 9999
305.981894 9999
313.562231 9999.0
321.232011 9999
335.973899 2.39102665583
350.735849 2.39483229319
358.500445 9999
373.234116 2.38162970543
387.931366 2.37828532855
402.7231 2.37642796834
410.341333 9999
425.059082 2.39247226715
439.905643 2.39110326767
454.562019 2.37178564072
462.13574 9999.0
469.805286 9999
477.465561 9999
492.006251 2.3349583149
499.553678 9999.0
514.290586 2.3573243618
521.890432 9999
536.556356 2.36865210533
544.263581 9999
558.990975 2.37869437536
566.62343 9999.0
576.659001 9999
591.38359 2.38474734624
606.158556 2.38297263781
613.809099 9999
623.740188 9999
631.395758 9999
646.087374 2.37554637591
660.916502 2.37217887243
675.610476 2.3806385994
685.505211 9999.0
700.344943 2.39198803902
710.258017 9999
724.996568 2.38927292824
739.824399 2.37018299103
754.502785 2.38242324193
769.197041 2.38331397374
783.97421 2.37597902616
798.68635 2.37561599414
813.429619 2.38560366631
821.124778 9999
835.847055 2.3890469869
843.405691 9999
858.08181 2.37935606639
872.874046 2.36825537682
887.402204 2.32820765177
894.992166 9999.0
909.801619 2.36550998688
924.379344 2.33736697833
939.127041 2.3882013162
946.820246 9999
961.539895 2.37736034393
976.23418 2.38727164268
991.099157 2.38151892026
1005.774436 2.374522686
1020.468097 2.37366668383
1035.361456 2.39376831055
1050.059149 2.36681270599
1064.66729 2.32986370722
1079.529247 2.3710056146
1087.120069 9999
1101.82801 2.37324937185
1116.639881 2.37210901578
1131.283188 2.36743927002
1141.19374 9999.0
1155.955252 2.36647899946
1170.646787 2.37407533328
1178.267519 9999.0
1193.099262 2.40166767438
1207.741556 2.363555034
1222.435321 2.38031307856
1237.262371 2.3849337101
1251.94322 2.37367630005
1266.667811 2.37903531392
1274.486241 9999
1289.151429 2.3704375426
1303.846476 2.37661298116
1311.608977 9999
1321.528857 9999
1329.162478 9999
1343.91033 2.39098699888
1358.771035 2.38586099943
1373.465827 2.37436000506
1381.066275 9999.0
1388.780782 9999
1396.431864 9999
1411.129477 2.38939770063
1418.887373 9999
1433.563034 2.37799135844
1448.321434 2.39508541425
1456.06889 9999
1463.674111 9999
1471.322205 9999
1486.049196 2.37298893929
1500.961764 2.37379225095
1515.689627 2.3825562795
1525.600037 9999.0
1533.350891 9999
1543.247591 9999
1557.921134 2.36316728592
1572.847095 2.38277498881
1580.403044 9999
1595.030467 2.35057560603
1602.790288 9999
1617.346165 2.33062601089
1632.062353 2.3939259847
1639.92369 9999
1654.541665 2.36850102743
1662.152021 9999.0
1669.916461 9999
1684.680446 2.38784360886
1692.228644 9999.0
1707.148457 2.39942264557
1721.808208 2.38160991669
1736.502022 2.38380996386
1746.581514 9999
1761.320541 2.38137276967
1771.19823 9999.0
1786.007717 2.373417298
1795.920883 9999
1810.677721 2.37796966235
1825.519297 2.37090961138
1833.107076 9999
1847.702476 2.34661030769
1855.477704 9999
1870.168952 2.39043394725
1884.86256 2.37922827403
1899.726759 2.37525836627
1914.518399 2.40260362625
1929.230117 2.38206823667
1944.157415 2.38960997264
1958.935201 2.39560866356
1973.617936 2.37119666735
1981.390321 9999
1988.974196 9999
2003.701768 2.37494333585
2018.647001 2.38866114616
2033.307608 2.37505332629
2040.922391 9999.0
2055.774616 2.3680340449
2065.719261 9999
2080.462659 2.3909722964
2095.353876 2.38710602125
2110.065815 2.38449962934
2124.729668 2.37617468834
2139.554119 2.37463466326
2154.24987 2.38010128339
2168.912393 2.37562076251
2183.786579 2.37271261215
2198.530985 2.38141298294
2213.226242 2.37777733803
2228.137247 2.38289435705
2238.090164 9999
2252.757809 2.3787056605
2267.699344 2.38235767682
2282.527141 2.40028127035
2297.238582 2.38452839851
2305.018793 9999
2319.721406 2.38919138908
2334.418587 2.37149230639
2349.295716 2.37197160721
2364.038189 2.38443199793
2378.749388 2.3695016702
2386.617131 9999
2401.299523 2.37204702695
2415.926762 2.36444632212
2430.88799 2.39024869601
2445.615944 2.38958160082
2455.543687 9999.0
2470.485493 2.39978742599
2478.078077 9999
2492.783914 2.3852464358
2507.67846 2.36743370692
2522.408605 2.38865590096
2529.994879 9999.0
2544.909752 2.37598292033
2559.5503 2.36839731534
2567.12504 9999.0
2582.068566 2.38670436541
2596.749138 2.37590376536
2611.473819 2.38410838445
2626.367242 2.38109429677
2633.988006 9999
2648.650491 2.36968366305
2663.515264 2.36575373014
2671.093995 9999
2685.777954 2.37834302584
2700.690721 2.38456702232
2715.383597 2.36391671499
2725.33141 9999.0
2740.186215 2.38312705358
2754.762651 2.34672141075
2769.474627 2.37333504359
2784.36881 2.38375798861
2791.920085 9999
2806.618025 2.37356257439
2816.728478 9999
2831.487254 2.38219078382
2839.033972 9999.0
2853.937473 2.37200673421
2868.714884 2.39334972699
2876.278603 9999.0
2891.181592 2.3835867246
2905.859082 2.37396248182
2920.55747 2.37761036555
2935.484534 2.38542524974
2950.212441 2.38925425212
2964.954467 2.38007100423
2979.915658 2.37954171499
2994.542479 2.35882528623
3002.136273 9999.0
3017.0126 2.36192901929
3031.689338 2.37757102648
3046.381204 2.38211894035
3061.276081 2.37347070376
3075.971839 2.3726143837
3090.680648 2.38772098223
3105.574892 2.37246664365
3113.19011 9999
3127.774878 2.34205842018
3142.652661 2.37048975627
3150.223588 9999
3164.937547 2.38660128911
3179.830458 2.38042370478
3194.508003 2.36981431643
3209.220309 2.37821944555
3224.083907 2.37522975604
3238.791527 2.37565469742
3253.451959 2.36771734556
3263.607606 9999
3278.33977 2.37992882729
3293.067244 2.39953406652
3307.993182 2.38502597809
3322.603342 2.33695562681
3337.131124 2.3205019633
3344.92209 9999
3352.524394 9999
3360.1342 9999
3374.759983 2.36570207278
3389.738633 2.39434568087
3404.415499 2.38256208102
3412.029703 9999.0
3426.94878 2.36514870326
3441.647579 2.37889726957
3456.370501 2.37925593058
3471.315341 2.38708670934
3486.077552 2.38508288066
3500.670077 2.36848640442
3515.598372 2.37882335981
3530.314757 2.38665898641
3545.053529 2.3732000192
3559.915037 2.37624200185
3574.575902 2.36127734184
3582.156927 9999.0
3589.917898 9999
3604.631568 2.37266906102
