7.894237 2.10540358226
15.652474 2.11203344663
23.445633 2.10568173726
31.176297 2.09761675199
39.175679 2.13889169693
46.956008 2.10602474213
54.720538 2.09824840228
62.479179 2.10395264626
70.340853 2.09842268626
78.100537 2.11432830493
85.892031 2.10807434718
93.628982 2.09797898928
101.603442 2.12686832746
109.31284 2.10101064046
117.103971 2.11088395119
124.843863 2.09602673848
132.761051 2.10078199704
140.512275 2.1018606027
148.24165 2.10278407733
155.975124 2.09351563454
163.941115 2.10257204374
171.664779 2.10152538617
179.455382 2.11192059517
187.190492 2.09207606316
195.182924 2.10196042061
202.91588 2.09966206551
210.668145 2.09955525398
218.375525 2.0998237133
226.307601 2.09903303782
234.050265 2.09179441134
241.75022 2.09587089221
249.460143 2.10157402356
257.360941 2.10164737701
265.060907 2.09808635712
272.840365 2.10897858938
280.546713 2.10197130839
288.427603 2.09620587031
296.185145 2.09395496051
303.896452 2.09667889277
311.640812 2.09728606542
319.567343 2.09760475159
327.329325 2.10279305776
335.093114 2.10033893585
342.847694 2.10199864705
350.747986 2.1000606219
358.435515 2.09418408076
366.205226 2.10199840864
373.984063 2.11008667946
381.865762 2.09172431628
389.606688 2.09738262494
397.387784 2.10949937503
405.07982 2.09530504545
412.954689 2.10387897491
420.650532 2.09428699811
428.42364 2.10327498118
436.2056 2.11404188474
444.177662 2.12975907326
451.92019 2.09952306747
459.76615 2.12395532926
467.496199 2.09940266609
475.413611 2.09697000186
483.132804 2.09632054965
490.896707 2.10002191861
498.653446 2.11006037394
506.526629 2.09885803858
514.279828 2.09629933039
522.074292 2.11281991005
529.833354 2.10355496407
537.753607 2.10479736328
545.496757 2.09863932927
553.257087 2.11439792315
561.035073 2.10935672124
569.070393 2.13946135839
576.7915 2.09614475568
584.541192 2.11166032155
592.255732 2.10093998909
600.196616 2.10246570905
607.941252 2.10561188062
615.636998 2.09404993057
623.424515 2.11371056239
631.323379 2.09473276138
639.015721 2.09695323308
646.78647 2.11112165451
654.508959 2.09942038854
662.400426 2.09528867404
670.132602 2.10628795624
677.883599 2.10409124692
685.586852 2.09282930692
693.48275 2.09419401487
701.307372 2.11946527163
709.049132 2.09805432955
716.761056 2.09816288948
724.65185 2.09437076251
732.42822 2.10774167379
740.191977 2.10272932053
748.008944 2.13696773847
755.908174 2.10603022575
763.616934 2.09921598434
771.370644 2.10881058375
779.093375 2.09061694145
787.005397 2.10438601176
794.76133 2.10477503141
802.532402 2.11503100395
810.298593 2.10383502642
818.140664 2.0952779452
825.850295 2.1020257473
833.658434 2.13275535901
841.425971 2.1113960743
849.281183 2.09273997943
857.045722 2.10179273287
864.8161 2.11891341209
872.515902 2.09706091881
880.545644 2.14260713259
888.28189 2.09650333722
895.991654 2.0971596241
903.702513 2.09965888659
911.661691 2.10641074181
919.379433 2.09775471687
927.175449 2.12040336927
934.931913 2.10461934408
942.867553 2.09687797228
950.733985 2.14947541555
958.583849 2.14114896456
966.286399 2.10150059064
974.247843 2.13332255681
981.975186 2.09970037142
989.674451 2.10072342555
997.389695 2.09922798475
1005.286106 2.10679237048
1013.001125 2.09789466858
1020.761858 2.10556737582
1028.573548 2.13259641329
1036.48643 2.09703445435
1044.21158 2.09436766307
1051.951228 2.09496204058
1059.716956 2.10252571106
1067.66331 2.10622032483
1075.402031 2.09764854113
1083.154294 2.09692104657
1090.901194 2.10071444511
1098.864873 2.12917900085
1106.585071 2.09588797887
1114.394369 2.12372700373
1122.155091 2.1013832887
1130.084539 2.09655213356
1137.896264 2.13469831149
1145.636267 2.09875265757
1153.388688 2.11174074809
1161.255108 2.09547193845
1169.120058 2.13746388753
1176.869882 2.10859131813
1184.588654 2.09694774946
1192.460257 2.09651525815
1200.300199 2.13975135485
1208.055599 2.10046696663
1215.819619 2.10646533966
1223.757693 2.09932295481
1231.600848 2.14163923264
1239.324081 2.10279130936
1247.048201 2.0951110522
1254.951939 2.09925699234
1262.792522 2.13265498479
1270.555861 2.1021639506
1278.273315 2.09997463226
1286.181784 2.10340460141
1293.928163 2.10843801498
1301.710423 2.11943999926
1309.48569 2.10688400269
1317.370922 2.09428707759
1325.074657 2.09415189425
1332.789926 2.10195573171
1340.555082 2.09806362788
1348.469918 2.09457802773
1356.216373 2.10032169024
1363.954405 2.10124397278
1371.690366 2.09870274862
1379.603314 2.09372997284
1387.416824 2.11360128721
1395.161114 2.10916137695
1402.910173 2.10664494832
1410.811372 2.09908127785
1418.661842 2.13972059886
1426.511604 2.13398369153
1434.277997 2.10806504885
1442.187765 2.09399588903
1449.91177 2.09857829412
1457.680859 2.10372900963
1465.475368 2.10798899333
1473.39433 2.09657923381
1481.211325 2.11720140775
1488.931095 2.09852703412
1496.644017 2.09977118174
1504.539817 2.09917561213
1512.261455 2.09780565898
1520.07166 2.13044198354
1527.83936 2.10590736071
1535.83637 2.13383022944
1543.58658 2.09891899427
1551.303098 2.09461808205
1559.03726 2.10346968969
1566.917984 2.09231392543
1574.663859 2.09773333867
1582.428132 2.0975086689
1590.137859 2.09563938777
1598.176016 2.14800508817
1605.924147 2.09772570928
1613.698496 2.1054567496
1621.47381 2.10938469569
1629.526277 2.14148195585
1637.260926 2.108457009
1645.073422 2.10723662376
1652.815834 2.10587072372
1660.720111 2.09825325012
1668.43783 2.10116632779
1676.173421 2.1009320418
1683.936606 2.10973564784
1691.879693 2.09235954285
1699.584285 2.09631903966
1707.424004 2.13680521647
1715.186071 2.09706171354
1723.129165 2.09409928322
1730.866046 2.09726301829
1738.606309 2.1043082873
1746.476385 2.13957897822
1754.481549 2.13126540184
1762.218406 2.09914588928
1769.96811 2.09708698591
1777.688218 2.0989669164
1785.624788 2.10577273369
1793.36626 2.10416253408
1801.14349 2.10304562251
1808.884051 2.10886303584
1816.785609 2.09546375275
1824.492069 2.10035967827
1832.260787 2.11103526751
1840.137517 2.13558657964
1848.015556 2.09891072909
1855.739593 2.09698470434
1863.55974 2.132553339
1871.361087 2.11172278722
1879.271942 2.09650373459
1887.038574 2.1034014225
1894.819285 2.10345395406
1902.543245 2.1009982427
1910.443395 2.09862788518
1918.150325 2.09924976031
1925.860511 2.09769717852
1933.703139 2.14326492945
1941.61908 2.09591666857
1949.374819 2.10493532817
1957.080859 2.09611399968
1964.959713 2.1402832667
1972.811409 2.1007343928
1980.543676 2.09980003039
1988.254331 2.09459908803
1996.123788 2.13621433576
2004.039668 2.09722105662
2011.780761 2.10520203908
2019.525814 2.1117913723
2027.278068 2.09896437327
2035.228814 2.09935522079
2042.961467 2.09917330742
2050.835841 2.13914601008
2058.691227 2.13305155436
2066.671278 2.11936529477
2074.551677 2.14260435104
2082.347309 2.1120950381
2090.085456 2.09603563944
2098.049749 2.10348272324
2105.773535 2.10155804952
2113.561144 2.11258363724
2121.272298 2.10149343808
2129.240935 2.10868533452
2136.96456 2.09756302834
2144.689796 2.10314400991
2152.447267 2.10241738955
2160.379656 2.10670034091
2168.133844 2.10096096992
2175.969244 2.13307627042
2183.679033 2.09058268865
2191.75919 2.09967366854
2199.473736 2.10239799817
2207.212436 2.09778134028
2214.998173 2.11896634102
2222.99373 2.11025635401
2230.724128 2.10271628698
2238.442791 2.10193832715
2246.19502 2.09732961655
2254.109733 2.10383494695
2261.840334 2.10886772474
2269.606197 2.10444029172
2277.345042 2.10876234372
2285.267901 2.09634637833
2293.00549 2.1082517306
2300.791884 2.10679125786
2308.554714 2.10305738449
2316.507285 2.09398937225
2324.262599 2.09840337435
2332.008516 2.09726802508
2339.767625 2.10706003507
2347.710485 2.10158602397
2355.468284 2.100949049
2363.210432 2.10283104579
2370.962745 2.09540398916
2378.914851 2.10548003515
2386.697215 2.1012143294
2394.46615 2.10818139712
2402.254396 2.10618829727
2410.176529 2.10033607483
2417.971181 2.12226160367
2425.695092 2.09512670835
2433.387623 2.09677664439
2441.310401 2.09510405858
2449.038083 2.10754442215
2456.770452 2.10390941302
2464.560081 2.10409696897
2472.528895 2.10525735219
2480.261402 2.10560655594
2488.054603 2.1195760568
2495.773799 2.09199770292
2503.721247 2.09630513191
2511.430204 2.0995212396
2519.152456 2.10235929489
2526.862324 2.09712934494
2534.831845 2.10950867335
2542.605096 2.10412597656
2550.358475 2.10942792892
2558.113692 2.10080305735
2566.13915 2.11576461792
2573.878799 2.0913169384
2581.61626 2.10538872083
2589.458779 2.14079499245
2597.383978 2.10549004873
2605.108549 2.09592223167
2612.872372 2.11956326167
2620.557206 2.09379426638
2628.479999 2.09550364812
2636.242034 2.10600407918
2643.986959 2.11201643944
2651.732618 2.10477463404
2659.67575 2.10693526268
2667.389667 2.09976530075
2675.128988 2.1059366862
2682.865617 2.10537560781
2690.829213 2.10077190399
2698.599284 2.10105164846
2706.372921 2.11267105738
2714.23804 2.13873926799
2722.199717 2.10211205482
2729.954154 2.1047920386
2737.666692 2.0959426562
2745.472702 2.11661163966
2753.444245 2.10871728261
2761.20905 2.11743195852
2768.981779 2.10598174731
2776.830443 2.13513271014
2784.730709 2.10330295563
2792.471074 2.09737102191
2800.217527 2.09890619914
2807.957277 2.09884635607
2815.962521 2.10461823146
2823.67225 2.10225041707
2831.48571 2.11005965869
2839.215515 2.10055534045
2847.1713 2.10363602638
2854.917667 2.10184629758
2862.642179 2.0980070432
2870.383652 2.10335834821
2878.284155 2.0944267114
2886.038958 2.09864139557
2893.769545 2.09440700213
2901.499508 2.10491744677
2909.427371 2.10334134102
2917.128564 2.0993112723
2924.889154 2.10770074526
2932.655516 2.10427435239
2940.612917 2.10179797808
2948.477625 2.14553268751
2956.187943 2.09829616547
2963.943632 2.10671337446
2971.848122 2.09678006172
2979.631343 2.12231572469
2987.369527 2.09808135033
2995.099264 2.1045794487
3003.057724 2.09707641602
3010.767079 2.09484799703
3018.545535 2.1076473395
3026.252725 2.09458740552
3034.254003 2.13336801529
3041.951255 2.09551207225
3049.700234 2.09930666288
3057.442571 2.09846226374
3065.384293 2.10815993945
3073.083655 2.09840758642
3080.812635 2.10303258896
3088.539126 2.09604128202
3096.499492 2.10464628537
3104.22742 2.09984604518
3111.972408 2.09444300334
3119.808301 2.13237611453
3127.681563 2.09794727961
3135.427521 2.10688495636
3143.183884 2.1000260512
3151.068395 2.13921960195
3159.040531 2.10627134641
3166.789853 2.10236986478
3174.536135 2.10158530871
3182.268947 2.09227426847
3190.221123 2.09914199511
3197.984 2.11542336146
3205.725288 2.10487071673
3213.491025 2.11586872737
3221.360909 2.09404571851
3229.095362 2.10632761319
3236.87282 2.10349694888
3244.671531 2.10785563787
3252.631527 2.1139318943
3260.392405 2.09772340457
3268.103179 2.09716908137
3275.871598 2.11025969187
3283.804432 2.10489392281
3291.525092 2.10077023506
3299.273026 2.09552701314
3307.04116 2.10354034106
3315.031119 2.1029891173
3322.880438 2.14049466451
3330.613202 2.10234673818
3338.35515 2.10113040606
3346.251328 2.09816439946
3354.009276 2.11073533694
3362.056008 2.13584343592
3369.790509 2.10800735156
3377.686224 2.10000022252
3385.49331 2.11573227247
3393.25439 2.10269474983
3401.043561 2.11361543338
3409.076291 2.10938970248
3416.813042 2.09812362989
3424.541107 2.0941576163
3432.280128 2.09417637189
3440.217433 2.09708094597
3447.935993 2.10024658839
3455.660276 2.09722828865
3463.41041 2.10462625821
3471.364157 2.10322165489
3479.113279 2.09842061996
3486.843031 2.09421555201
3494.592131 2.09472926458
3502.750173 2.09943302472
3510.460138 2.09557898839
3518.202752 2.09789896011
3525.907745 2.09985224406
3533.820138 2.10063997904
3541.581561 2.10114264488
3549.309584 2.0996020635
3557.027114 2.10068567594
3564.960888 2.10381031036
3572.733755 2.10687367121
3580.543043 2.1168662707
3588.283031 2.10312461853
3596.288121 2.11869796117
3604.018365 2.09951893489
3611.793738 2.11848870913
3619.552797 2.11197066307
3627.433221 2.09357102712
3635.139012 2.09315268199
3642.876956 2.0981109937
3650.609088 2.09348503749
3658.607471 2.12338272731
3666.327796 2.09306780497
3674.153607 2.12790592511
3681.9291 2.09841140111
3689.864295 2.11240696907
3697.603082 2.11013070742
3705.334477 2.09973573685
3713.08592 2.10500367483
3721.047335 2.11381530762
3728.803804 2.11364173889
3736.620086 2.12068637212
3744.364863 2.10354129473
3752.310596 2.10313868523
3760.072195 2.09542600314
3767.811634 2.10098528862
3775.548627 2.09966437022
3783.506097 2.1078042984
3791.235848 2.09492643674
3798.926133 2.09164492289
3806.802985 2.14394100507
3814.688237 2.09285394351
3822.414763 2.09793368975
3830.169784 2.10087831815
3837.891054 2.10430534681
3845.881465 2.10237995783
3853.671908 2.11090596517
3861.374483 2.09554831187
3869.084678 2.09350935618
3877.026772 2.10543036461
3884.799552 2.11903556188
3892.54083 2.09612369537
3900.261681 2.09731435776
3908.15314 2.10281999906
3915.909391 2.10791333516
3923.626485 2.09449863434
3931.383776 2.09994792938
3939.265711 2.09605169296
3946.972252 2.09761357307
3954.749031 2.10388239225
3962.555361 2.10199991862
3970.501208 2.10137661298
3978.223432 2.09621397654
3985.966465 2.10299563408
3993.855839 2.14491828283
4001.798644 2.10083444913
4009.533011 2.09907674789
4017.313486 2.09971968333
4025.065924 2.10140005747
4033.04955 2.11179860433
4040.80908 2.10215163231
4048.556803 2.10104767481
4056.295791 2.10689202944
4064.219268 2.10146776835
4072.013727 2.11812170347
4079.776092 2.10300866763
4087.563522 2.1046889623
4095.466679 2.10213891665
4103.247402 2.10547828674
4110.985968 2.1053703626
4118.741552 2.10005307198
4126.676553 2.09928266207
4134.430357 2.09666538239
4142.226873 2.11492578189
4149.967584 2.10054127375
4157.875655 2.09876823425
4165.623029 2.10293579102
4173.366325 2.10222355525
4181.109037 2.09626269341
4189.054608 2.09525219599
4196.831781 2.11153300603
4204.588242 2.10329771042
4212.397249 2.10073272387
4220.347816 2.10268266996
4228.158908 2.12234671911
4235.910273 2.10699160894
4243.643815 2.10082801183
4251.546733 2.09569176038
4259.32769 2.10402488708
4267.043258 2.09438562393
4274.777057 2.10178478559
4282.706305 2.10258833567
4290.437481 2.09397530556
4298.164287 2.09781392415
4305.959745 2.11262488365
4313.902894 2.09969862302
4321.62093 2.09660069148
4329.438828 2.10816756884
4337.167944 2.0956457456
4345.453638 2.11874834696
4353.160526 2.09236001968
4360.992551 2.13109532992
4368.707152 2.0928560098
4376.650177 2.10111832619
4384.38393 2.10696164767
4392.119029 2.09558526675
4399.858769 2.11097931862
4407.774826 2.09758496284
4415.522977 2.10691523552
4423.269642 2.10651961962
4430.999995 2.10248907407
4438.908762 2.09479236603
4446.756948 2.13878464699
4454.469971 2.0943655173
4462.311836 2.14107465744
4470.169908 2.09667301178
4477.957218 2.11486768723
4485.689673 2.09228340785
4493.429146 2.0994404157
4501.467133 2.11135204633
4509.22185 2.10426227252
4517.026062 2.11456632614
4524.772512 2.11404585838
4532.646916 2.09667126338
4540.407615 2.10174806913
4548.231419 2.13220206896
4555.967113 2.1021686395
4563.846478 2.09604612986
4571.565235 2.09752353032
4579.30118 2.09316809972
4587.036463 2.10785778364
4594.937501 2.09955771764
4602.657676 2.09775837262
4610.395956 2.10117944082
4618.123741 2.09789792697
4626.126982 2.10549902916
4633.870636 2.10842212041
4641.582444 2.09638134638
4649.331471 2.09959904353
4657.247963 2.11328601837
4665.019507 2.10299634933
4672.775404 2.1087120374
4680.524898 2.1032936573
4688.425399 2.09646574656
4696.163912 2.10057759285
4703.910653 2.10442694028
4711.662496 2.10273400942
4719.618364 2.1098224322
4727.373837 2.10221457481
4735.100611 2.10418732961
4742.850592 2.1031200091
4750.772901 2.1006406943
4758.507124 2.09675240517
4766.248534 2.10198100408
4773.99278 2.09440167745
4781.962872 2.10024658839
4789.68147 2.09603293737
4797.437784 2.1109872659
4805.213186 2.10958361626
4813.245544 2.10463213921
4820.965858 2.10103273392
4828.750862 2.10507035255
4836.524927 2.11200634638
4844.475559 2.10170125961
4852.159863 2.0942337513
4859.913132 2.09673094749
4867.619673 2.0936656793
4875.555918 2.10314591726
4883.311368 2.10257164637
4891.054451 2.10095135371
4898.815913 2.11229928335
4906.78551 2.10505930583
4914.531201 2.10594439507
4922.278668 2.10555068652
4930.064396 2.11202764511
4938.032864 2.1099507014
4945.800183 2.11195206642
4953.616185 2.12211465836
4961.347777 2.09897494316
4969.315474 2.09959228834
4977.088182 2.1126584212
4984.855796 2.10665933291
4992.622501 2.10905965169
5000.536421 2.09824029605
5008.294675 2.10606908798
5016.149588 2.13801058133
5023.896225 2.09583520889
5031.767711 2.09872070948
5039.523257 2.10388668378
5047.246667 2.09840138753
5054.99598 2.10267066956
5062.896174 2.09198641777
5070.622687 2.10296638807
5078.357987 2.10620729129
5086.072879 2.09397975604
5093.971614 2.09969059626
5101.738022 2.09596339862
5109.471962 2.10004178683
5117.193707 2.10348264376
5125.122726 2.10398634275
5132.837813 2.0959165891
5140.644401 2.12090071042
5148.407937 2.11920229594
5156.310646 2.0906106631
5164.062215 2.09735576312
5171.819631 2.10458294551
5179.588271 2.10092838605
5187.516878 2.09850557645
5195.289744 2.11981829007
5203.089818 2.11579767863
5210.920794 2.13437668482
5218.785668 2.09327872594
5226.503294 2.0959259669
5234.263916 2.10390671094
5242.012147 2.10814364751
5250.089192 2.12355144819
5257.823358 2.10020939509
5265.56568 2.09829600652
5273.314531 2.1039083004
5281.218007 2.10806473096
5288.979847 2.10144440333
5296.701578 2.09788632393
5304.455105 2.09568134944
5312.369519 2.09367036819
5320.098992 2.09844366709
5327.881163 2.10749840736
5335.66261 2.12370570501
5343.596173 2.09896890322
5351.324489 2.09799559911
5359.054552 2.09208226204
5366.785024 2.10050431887
5374.72869 2.09848801295
5382.494599 2.1063990593
5390.279154 2.11224738757
5398.019473 2.10102891922
5405.897207 2.09966874123
5413.700909 2.0972673893
5421.433022 2.10279472669
5429.191919 2.10348359744
5437.122998 2.09601521492
5444.871691 2.10729066531
5452.589919 2.09550825755
5460.307208 2.10193173091
5468.382105 2.13801868757
5476.128404 2.11200062434
5483.896458 2.09933757782
5491.592358 2.09271272024
5499.510892 2.10315100352
5507.257621 2.10455226898
5514.958781 2.09246238073
5522.683817 2.09818967183
5530.5956 2.09719435374
5538.371727 2.10594598452
5546.115139 2.10072294871
5553.857497 2.09361068408
5561.789548 2.09635766347
5569.495998 2.09786375364
5577.209285 2.10120868683
5584.951883 2.11147896449
5592.844093 2.09812672933
5600.615523 2.11763366063
5608.350669 2.10704827309
5616.130012 2.10924569766
5624.085128 2.09466203054
5631.814699 2.10072692235
5639.561138 2.10553725561
5647.328465 2.11546643575
5655.255201 2.09802476565
5663.001936 2.10142453512
5670.737614 2.1059513092
5678.511708 2.11283532778
5686.41402 2.09800624847
5694.207653 2.11528627078
5701.952455 2.10266002019
5709.683077 2.100735267
5717.592492 2.09392444293
5725.309249 2.09755690893
5733.080489 2.11255160968
5740.852686 2.12100299199
5748.760055 2.09948730469
5756.506508 2.09764655431
5764.266083 2.11002365748
5771.998154 2.09935005506
5779.939745 2.10305436452
5787.799666 2.14282933871
5795.548228 2.10362935066
5803.384215 2.13662425677
5811.329955 2.10498086611
5819.052959 2.09574834506
5826.832302 2.11020429929
5834.7038 2.13894470533
5842.663288 2.09721096357
5850.407021 2.10602657
5858.146468 2.10043875376
5865.892908 2.10418931643
5873.854061 2.10808261236
5881.559042 2.09631935755
5889.2898 2.10506264369
5896.987638 2.0942800045
5905.027233 2.10903739929
5912.736157 2.0945930481
5920.502298 2.10563238462
5928.209478 2.09698605537
5936.132759 2.09877061844
5943.833034 2.09536957741
5951.585513 2.09725642204
5959.343312 2.10972507795
5967.273154 2.09869527817
5974.992202 2.09796031316
5982.691831 2.09385164579
5990.456255 2.10422801971
5998.347106 2.09354599317
6006.073309 2.09169634183
6013.796752 2.09389328957
6021.543098 2.10048325857
6029.468783 2.09653735161
6037.20736 2.09644126892
6044.971224 2.1123363177
6052.727763 2.10514434179
6060.731013 2.13906264305
6068.61274 2.14167706172
6076.346325 2.10431043307
6084.093809 2.1035250028
6092.013031 2.10107636452
6099.719382 2.09456825256
6107.451971 2.09538030624
6115.163506 2.09857098262
6123.078473 2.09946068128
6130.804956 2.10123769442
6138.548746 2.09839471181
6146.281344 2.09344100952
6154.206206 2.11079510053
6161.927343 2.09972834587
6169.651923 2.10684045156
6177.332777 2.09303991
6185.301919 2.11843617757
6193.054433 2.10159802437
6200.780657 2.0970249176
6208.504001 2.10348860423
6216.431133 2.10912378629
6224.203758 2.1070116361
6231.942398 2.10303807259
6239.676984 2.10147031148
6247.630528 2.09822265307
6255.364115 2.10428738594
6263.126786 2.11567266782
6270.870719 2.09847044945
6278.817681 2.10758193334
6286.551015 2.09896969795
6294.331998 2.10770098368
6302.129254 2.12347825368
6310.110659 2.105666399
6317.808768 2.09346071879
6325.562194 2.10244496663
6333.308594 2.09389011065
6341.194414 2.09314338366
6348.953862 2.10191607475
6356.725908 2.11001006762
6364.482399 2.10600002607
6372.39579 2.10035904249
6380.169258 2.11165126165
6387.915766 2.10226368904
6395.614756 2.09730172157
6403.596093 2.11482747396
6411.332238 2.09353025754
6419.082004 2.0984445413
6426.805403 2.09847998619
6434.81489 2.13406236966
6442.570203 2.10786120097
6450.295753 2.10658637683
6458.046349 2.10125692685
6465.926593 2.10006443659
6473.627204 2.09093936284
6481.389795 2.100208203
6489.221673 2.13851435979
6497.127746 2.09969003995
6504.848532 2.09961509705
6512.698078 2.13344430923
6520.448533 2.09940210978
6528.405276 2.10753059387
6536.166991 2.11406532923
6543.903141 2.10203464826
6551.624177 2.09552462896
6559.500254 2.09148597717
6567.273637 2.10923099518
6575.041603 2.10799074173
6582.802339 2.11171325048
6590.716139 2.09341367086
6598.525423 2.12091247241
6606.238604 2.09548830986
6614.056619 2.11908173561
6621.949554 2.09136541684
6629.702394 2.10190025965
6637.415444 2.09578537941
6645.145522 2.0921643575
6653.054728 2.09736768405
6660.808959 2.10210506121
6668.530605 2.10413034757
6676.223759 2.09639692307
6684.15155 2.0943980217
6691.907749 2.09910368919
6699.644597 2.09874399503
6707.353616 2.09510906537
6715.27025 2.10011736552
6722.996149 2.10046799978
6730.725484 2.10517374674
6738.454169 2.09619537989
6746.380812 2.1004579862
6754.196157 2.11634000142
6761.9089 2.10245871544
6769.721602 2.11598499616
6777.628185 2.10092711449
6785.379251 2.10111721357
6793.197055 2.10730632146
6800.878884 2.09441844622
6808.756627 2.09370279312
6816.485996 2.09591333071
6824.255413 2.10817702611
6832.024405 2.11497227351
6839.995892 2.10024698575
6847.68867 2.09574699402
6855.439213 2.10008001328
6863.333843 2.1403280894
6871.248799 2.09875933329
6879.039677 2.11513328552
6886.845679 2.12435269356
6894.563444 2.10018070539
6902.533322 2.09339205424
6910.240724 2.09260400136
6918.016955 2.12105544408
6925.807846 2.11088832219
6933.685095 2.09079964956
6941.473948 2.10828471184
6949.191654 2.09560163816
6956.934793 2.09679261843
6964.908873 2.10011609395
6972.634118 2.09459137917
6980.426183 2.10069203377
6988.174635 2.10323635737
6996.159553 2.10543592771
7003.966487 2.11801036199
7011.785771 2.10783569018
7019.578037 2.10668992996
7027.515058 2.09206271172
7035.24504 2.09937135379
7042.983693 2.10753472646
7050.734491 2.10155065854
7058.714083 2.09609595935
7066.482427 2.10313693682
7074.256551 2.11542590459
7081.98134 2.10123960177
7090.034236 2.13717635473
7097.878211 2.13982995351
7105.643244 2.1018242836
7113.434709 2.11258411407
7121.395611 2.10705828667
7129.191778 2.12379900614
7136.937721 2.10286037127
7144.649629 2.10057036082
7152.543935 2.10022759438
7160.300041 2.09899536769
7168.051777 2.10770312945
7175.866231 2.12990872065
7183.939801 2.13439933459
7191.715612 2.10838739077
7199.453294 2.09934266408
7207.160915 2.09401130676
