46.119257 2.17868825197
92.59967 2.19035708904
139.347616 2.20327733755
411.894283 13.4933209538
458.558133 2.2017873764
505.10535 2.19111595154
551.452702 2.18276566267
580.422221 1.31663925648
609.158147 1.30825624466
638.043292 1.31631422043
666.445546 1.29656360149
717.212457 2.4088218689
745.93141 1.30167514086
774.517525 1.30515629053
803.119754 1.30089529753
831.638687 1.3027925849
860.374043 1.30594981909
888.909924 1.30286688805
917.347895 1.29387078285
945.580382 1.28878039122
974.116042 1.29788938761
1020.546808 2.19722055197
1049.232444 1.30554028749
1077.517338 1.29176001549
1105.869824 1.29059551954
1156.586275 2.41118172407
1185.089316 1.29483749866
1213.75803 1.31029399633
1260.355592 2.1996091485
1289.024512 1.30277181864
1339.841099 2.41973507404
1386.589388 2.20451709032
1659.269449 13.502968061
1705.751118 2.18663533926
1752.398036 2.20005688667
1781.337185 1.3128467679
1809.820018 1.30070842505
1838.672222 1.30812584162
1867.256845 1.30628255606
1895.758936 1.29206385612
2168.155661 13.4902396202
2197.008355 1.31026514769
2225.560717 1.30190681219
2254.430928 1.30930478573
2305.013952 2.40443015099
2351.194502 2.17696454525
2397.80908 2.19282035828
2426.611671 1.30804116726
2473.074759 2.19955506325
2502.011364 1.31688909531
2530.662573 1.30821197033
2559.266169 1.29943352938
2605.829666 2.20255153179
2634.381866 1.29604361057
2684.981324 2.40741909742
2713.737613 1.30470372438
2742.404109 1.3080676198
2788.986237 2.19347593784
3061.580751 13.4960558772
3112.514732 2.40925505161
3141.351475 1.30940840244
3170.052985 1.30903174877
3198.838443 1.31049376726
3245.035615 2.18274896145
3291.799887 2.19812340736
3320.619055 1.30625588894
3349.370597 1.31008343697
3377.99061 1.3000728488
3406.375382 1.29420604706
3453.0069 2.19219667912
3481.675131 1.30032104254
3510.161365 1.29635605812
3538.779801 1.30048676729
3584.945396 2.18454840183
3613.846896 1.30871702433
